3 25 2 942
DEPOT 188 307
PERIOD 0
CUSTOMERS
1 374 351 112 0 56 56
2 296 139 88 0 88 0
3 332 126 39 0 39 0
4 432 79 41 0 41 0
5 488 442 196 98 98 196
6 46 341 118 0 59 59
7 302 147 53 0 53 0
8 23 181 59 0 59 0
9 22 127 91 0 91 0
10 81 497 32 0 32 0
11 95 442 94 0 47 47
12 433 165 126 0 63 63
13 469 31 42 0 21 21
14 330 255 23 0 23 0
15 453 66 74 0 37 37
16 238 455 91 0 91 0
17 368 229 154 0 77 77
18 3 60 24 0 12 12
19 420 207 44 0 22 22
20 385 346 34 34 34 34
21 69 76 36 0 18 18
22 148 186 88 0 44 44
23 322 339 45 45 45 45
24 204 436 164 0 82 82
25 250 391 50 0 25 25
ROUTES
0 5 20 23 0
END_ROUTES
PERIOD 1
CUSTOMERS
1 374 351 56 0 56 0
2 296 139 0 176 88 88
3 332 126 0 78 39 39
4 432 79 0 82 41 41
5 488 442 196 0 98 98
6 46 341 59 59 59 59
7 302 147 0 106 53 53
8 23 181 0 118 59 59
9 22 127 0 91 91 0
10 81 497 0 64 32 32
11 95 442 47 47 47 47
12 433 165 63 63 63 63
13 469 31 21 21 21 21
14 330 255 0 46 23 23
15 453 66 37 37 37 37
16 238 455 0 182 91 91
17 368 229 77 154 77 154
18 3 60 12 0 12 0
19 420 207 22 22 22 22
20 385 346 34 0 34 0
21 69 76 18 0 18 0
22 148 186 44 0 44 0
23 322 339 45 0 45 0
24 204 436 82 82 82 82
25 250 391 25 25 25 25
ROUTES
0 7 2 3 4 13 15 12 19 17 14 0
0 25 16 24 10 11 6 8 9 0
END_ROUTES
PERIOD 2
CUSTOMERS
1 374 351 0 168 56 112
2 296 139 88 0 88 0
3 332 126 39 0 39 0
4 432 79 41 0 41 0
5 488 442 98 0 98 0
6 46 341 59 0 59 0
7 302 147 53 0 53 0
8 23 181 59 0 59 0
9 22 127 0 182 91 91
10 81 497 32 0 32 0
11 95 442 47 0 47 0
12 433 165 63 0 63 0
13 469 31 21 0 21 0
14 330 255 23 0 23 0
15 453 66 37 0 37 0
16 238 455 91 0 91 0
17 368 229 154 0 77 77
18 3 60 0 12 12 0
19 420 207 22 0 22 0
20 385 346 0 68 34 34
21 69 76 0 18 18 0
22 148 186 0 44 44 0
23 322 339 0 90 45 45
24 204 436 82 0 82 0
25 250 391 25 0 25 0
ROUTES
0 23 1 20 22 21 18 9 0
END_ROUTES
