nVehicles:  27
nDepots:     1
nCustomers: 50
nPeriods:    9
VEHICLE_TYPE	FLEET_SIZE	CAPACITY
           2	        27	      18	
DEPOT   	X  	Y  	INV_COST	INITIAL_INV 	MIN_LEVEL_INV 	MAX_LEVEL_INV	PRODUCTION_0	PRODUCTION_1	PRODUCTION_2	PRODUCTION_3	PRODUCTION_4	PRODUCTION_5	PRODUCTION_6	PRODUCTION_7	PRODUCTION_8
       0	400	232	       0	        262	            0	         3006	         336	         336	         336	         336	         336	         336	         336	         336	         336	
CUSTOMER	X  	Y  	INV_COST	INITIAL_INV	MIN_LEVEL_INV 	MAX_LEVEL_INV	DEMAND_0	DEMAND_1	DEMAND_2	DEMAND_3	DEMAND_4	DEMAND_5	DEMAND_6	DEMAND_7	DEMAND_8
       1	381	 77	     0.3	         12	            0	           81	       8	       8	      12	      12	       9	       7	       8	      10	      13
       2	379	 79	    0.02	          2	            0	           33	       5	       7	      12	      10	      10	       6	       7	       8	      12
       3	389	 90	    0.26	          8	            0	           23	       4	       4	       5	       5	       6	       4	       3	       3	       4
       4	399	104	    0.17	          6	            0	           36	       3	       4	       5	       6	       5	       3	       3	       4	       5
       5	379	 74	    0.09	          9	            0	           18	       5	       6	       8	       9	       6	       5	       5	       7	       9
       6	368	 92	    0.02	          6	            0	           46	       4	       5	       8	       8	       5	       4	       6	       6	       6
       7	378	 93	    0.08	          1	            0	           68	       6	       7	       9	      11	      10	      13	       8	       8	       8
       8	367	 72	    0.07	          6	            0	           34	       3	       4	       6	       6	       4	       3	       4	       5	       5
       9	368	 75	    0.17	          8	            0	           76	       7	       6	       9	      11	      10	       7	       8	       9	      12
      10	379	 86	    0.07	          6	            0	           38	       5	       6	       7	      10	       9	       6	       5	       7	       8
      11	384	 71	    0.17	         14	            0	           27	       8	       9	      13	      13	      11	       8	       8	       9	      11
      12	338	 28	     0.1	          5	            0	           22	       6	       6	       8	       9	       9	       6	       5	       7	       7
      13	361	 81	    0.15	          1	            0	           70	       6	       7	      11	       8	       7	       6	      10	      13	      11
      14	379	 84	    0.23	          3	            0	           32	       3	       3	       5	       6	       5	       5	       3	       4	       4
      15	385	 82	    0.09	          4	            0	           16	       3	       4	       7	       8	       6	       5	       3	       5	       7
      16	384	 85	    0.07	          6	            0	           29	       4	       4	       5	       6	       4	       3	       5	       6	       6
      17	468	151	    0.04	          1	            0	           28	       7	       7	      10	      11	      10	      11	       9	       7	       9
      18	452	140	     0.3	          1	            0	           60	       5	       5	       8	       8	       7	       5	       6	       8	       8
      19	464	132	    0.14	          6	            0	           53	       7	       8	      11	      13	      10	      11	       7	       8	      10
      20	458	129	    0.01	          2	            0	           30	       3	       4	       5	       6	       6	       4	       3	       3	       4
      21	442	154	    0.13	          8	            0	           45	       5	       4	       6	       7	       7	       7	       5	       4	       3
      22	473	109	    0.29	          2	            0	           74	       5	       8	      12	       9	      10	       7	       6	       8	      11
      23	473	134	    0.19	          3	            0	           75	       6	       9	      13	      13	      10	       6	       9	      12	      13
      24	481	157	    0.19	          4	            0	           19	       7	       9	      10	       9	       7	       5	       7	      12	      12
      25	457	107	    0.26	         13	            0	           26	       5	       8	      12	      11	       9	       6	       7	       9	      12
      26	482	121	    0.16	          4	            0	           15	       4	       3	       5	       6	       6	       5	       4	       3	       4
      27	495	130	    0.21	          3	            0	           18	       5	       7	       7	       9	       9	       8	       6	       6	       7
      28	465	120	     0.1	          7	            0	           60	       5	       6	       8	       8	       6	       5	       7	       8	       7
      29	471	114	    0.29	          8	            0	           29	       4	       4	       6	       7	       6	       7	       5	       4	       4
      30	451	 48	    0.26	          4	            0	           29	       3	       4	       5	       5	       5	       4	       4	       4	       5
      31	470	170	    0.29	          9	            0	           34	       4	       5	       7	       6	       6	       4	       5	       7	       7
      32	441	130	    0.17	          7	            0	           40	       5	       6	       7	       8	       8	       6	       4	       5	       6
      33	 89	278	    0.14	          6	            0	           39	       4	       4	       4	       5	       5	       5	       4	       4	       4
      34	 81	275	     0.1	          5	            0	           32	       3	       4	       5	       5	       7	       5	       5	       3	       4
      35	111	328	     0.2	          1	            0	            9	       4	       4	       6	       5	       4	       3	       4	       6	       5
      36	123	299	     0.2	          7	            0	           23	       4	       4	       4	       6	       6	       4	       3	       4	       5
      37	 88	276	    0.26	         11	            0	           16	       7	       6	      10	      10	      12	      10	       6	       6	       8
      38	 87	282	    0.03	          6	            0	           46	       5	       4	       6	       6	       7	       6	       5	       4	       4
      39	114	282	    0.11	          1	            0	           21	       4	       6	       8	       7	       8	       4	       4	       7	       9
      40	 65	302	    0.07	          6	            0	           17	       4	       4	       6	       6	       6	       5	       4	       6	       7
      41	 65	227	     0.1	         10	            0	           38	       6	       8	      12	      14	      10	       6	       8	      12	      13
      42	 25	240	     0.2	         10	            0	           54	       7	      10	      13	      10	       7	       6	       9	      14	      11
      43	 66	253	    0.13	         11	            0	           61	       5	       7	       9	      10	       6	       6	       6	       7	       8
      44	 89	274	    0.02	          7	            0	           31	       4	       4	       5	       7	       6	       6	       4	       5	       5
      45	 99	257	    0.07	          3	            0	           37	       3	       3	       5	       7	       5	       5	       4	       3	       4
      46	107	254	       0	         12	            0	           62	       6	       6	      11	      10	      12	       9	       6	       7	      10
      47	 83	301	     0.2	         10	            0	           51	       4	       6	       8	       7	       6	       4	       5	       8	       9
      48	 89	283	    0.03	         11	            0	           14	       5	       6	       8	      10	       7	       5	       7	       9	       7
      49	  0	  0	    0.15	          2	            0	           44	       4	       4	       6	       9	       8	       7	       4	       5	       6
      50	  0	  0	    0.14	          6	            0	           66	       7	       8	      13	      11	       8	       7	      10	      10	      13
COST_MATRIX 
	  0	  1	  2	  3	  4	  5	  6	  7	  8	  9	 10	 11	 12	 13	 14	 15	 16	 17	 18	 19	 20	 21	 22	 23	 24	 25	 26	 27	 28	 29	 30	 31	 32	 33	 34	 35	 36	 37	 38	 39	 40	 41	 42	 43	 44	 45	 46	 47	 48	 49	 50
  0
  1	 79
  2	 78	  2
  3	 72	  8	  8
  4	 65	 17	 17	  9
  5	 80	  2	  3	 10	 19
  6	 72	 10	  9	 11	 17	 11
  7	 71	  9	  8	  6	 12	 10	  6
  8	 82	  8	  7	 15	 23	  7	 11	 12
  9	 81	  7	  6	 13	 22	  6	  9	 11	  2
 10	 74	  5	  4	  6	 14	  7	  7	  4	 10	  8
 11	 81	  4	  5	 10	 19	  3	 14	 12	  9	  9	  8
 12	107	 33	 33	 41	 49	 31	 36	 39	 27	 28	 36	 32
 13	 78	 11	 10	 15	 23	 10	  7	 11	  6	  5	 10	 13	 29
 14	 75	  4	  3	  6	 15	  6	  7	  5	  9	  8	  2	  7	 35	 10
 15	 76	  4	  4	  5	 14	  6	 10	  7	 11	 10	  4	  6	 36	 13	  4
 16	 74	  5	  4	  4	 13	  7	  9	  6	 11	 10	  3	  8	 37	 12	  3	  2
 17	 53	 58	 58	 50	 42	 59	 59	 54	 65	 63	 56	 59	 90	 64	 56	 54	 54
 18	 53	 48	 48	 41	 33	 50	 49	 44	 55	 54	 46	 49	 80	 55	 47	 45	 44	 10
 19	 60	 50	 51	 43	 36	 52	 53	 48	 58	 56	 49	 51	 82	 58	 49	 47	 47	 10	  8
 20	 60	 47	 47	 40	 33	 49	 49	 44	 54	 53	 45	 48	 79	 55	 46	 44	 44	 13	  7	  4
 21	 45	 50	 49	 42	 33	 51	 49	 45	 56	 55	 47	 51	 82	 55	 48	 46	 46	 14	  9	 16	 15
 22	 72	 49	 50	 44	 38	 51	 54	 49	 57	 56	 49	 49	 79	 58	 49	 47	 47	 22	 19	 13	 13	 28
 23	 62	 55	 55	 48	 40	 56	 57	 52	 62	 61	 53	 55	 86	 62	 54	 52	 51	  9	 11	  5	  8	 19	 13
 24	 56	 65	 65	 57	 49	 66	 66	 61	 72	 70	 63	 65	 97	 72	 63	 61	 61	  8	 17	 16	 19	 20	 25	 13
 25	 69	 41	 42	 36	 30	 43	 46	 41	 49	 48	 41	 41	 72	 50	 41	 39	 39	 23	 17	 13	 12	 25	  9	 16	 28
 26	 70	 56	 56	 50	 43	 57	 59	 54	 63	 62	 55	 56	 86	 64	 55	 53	 53	 17	 18	 11	 13	 26	  8	  8	 19	 15
 27	 70	 63	 64	 57	 50	 65	 67	 62	 71	 70	 63	 63	 94	 72	 63	 61	 60	 18	 23	 16	 19	 30	 16	 12	 16	 23	  8
 28	 65	 48	 48	 41	 34	 49	 51	 46	 55	 54	 47	 48	 79	 56	 47	 45	 45	 16	 12	  7	  6	 21	  7	  9	 21	  8	  9	 16
 29	 69	 49	 50	 43	 37	 51	 53	 48	 57	 56	 49	 49	 80	 58	 49	 46	 46	 19	 17	 10	 10	 25	  3	 11	 23	  8	  7	 15	  5
 30	 96	 38	 40	 38	 39	 39	 47	 43	 44	 44	 41	 36	 58	 48	 41	 38	 39	 53	 47	 43	 41	 54	 33	 45	 57	 30	 40	 47	 37	 35
 31	 47	 65	 65	 57	 49	 67	 65	 60	 72	 70	 62	 66	 97	 71	 63	 62	 61	 10	 18	 20	 22	 17	 31	 19	  9	 33	 26	 24	 26	 29	 62
 32	 55	 41	 41	 33	 25	 42	 42	 37	 48	 46	 39	 42	 73	 47	 39	 37	 37	 18	  8	 12	  9	 13	 20	 17	 25	 15	 21	 28	 14	 18	 42	 25
 33	158	178	176	178	178	178	168	172	174	173	174	181	177	168	175	178	177	200	195	202	199	188	210	206	206	203	212	217	204	208	215	199	191
 34	161	180	179	180	181	180	171	175	176	175	177	183	179	171	177	181	179	204	198	205	203	191	213	209	209	206	215	220	208	211	218	202	195	  5
 35	153	185	183	183	183	185	175	178	182	181	181	188	189	176	182	185	183	200	195	202	201	187	212	206	204	206	213	217	206	210	221	197	193	 28	 31
 36	143	171	169	170	169	171	161	164	167	166	167	174	173	162	168	171	169	188	183	190	188	176	200	194	193	193	201	205	194	198	207	186	181	 20	 25	 16
 37	158	178	176	177	178	178	168	172	173	173	174	181	177	168	175	178	177	201	195	202	200	188	210	206	206	203	212	217	205	208	215	199	192	  2	  4	 29	 21
 38	159	180	178	179	180	180	170	174	176	175	176	183	179	170	177	180	179	202	196	203	201	189	212	207	207	205	214	218	206	210	217	200	193	  3	  5	 26	 20	  4
 39	146	169	167	168	169	169	159	163	165	164	165	172	170	160	166	169	168	189	184	191	189	177	200	195	194	193	201	206	194	198	206	187	181	 13	 17	 24	 10	 14	 14
 40	172	194	193	194	195	195	185	189	190	190	191	197	194	185	192	195	193	216	210	217	215	203	226	221	221	219	228	232	220	224	232	213	207	 17	 16	 27	 30	 18	 15	 27
 41	168	175	174	176	178	175	166	171	170	170	173	178	169	166	173	176	175	206	199	206	203	193	213	210	211	205	216	221	208	211	213	205	195	 29	 26	 56	 47	 28	 30	 37	 38
 42	188	196	195	197	199	196	187	192	191	191	194	199	190	186	194	197	196	226	220	227	224	213	234	231	232	227	237	242	229	232	234	226	216	 38	 34	 62	 58	 37	 38	 50	 37	 22
 43	168	181	180	181	183	181	172	176	176	176	178	184	177	171	178	181	180	208	202	208	206	195	216	213	213	209	219	224	211	215	219	207	198	 17	 14	 44	 37	 16	 18	 29	 25	 14	 22
 44	157	177	175	176	177	177	167	171	172	172	173	180	176	167	174	177	176	200	194	201	199	187	209	205	205	203	211	216	204	208	214	198	191	  3	  5	 30	 22	  2	  5	 14	 19	 27	 37	 16
 45	152	168	166	168	169	168	158	162	163	163	165	171	166	158	165	168	167	192	186	193	191	180	202	197	198	195	204	208	196	200	205	191	183	 12	 13	 37	 25	 11	 14	 15	 29	 23	 38	 17	 10
 46	147	164	162	164	165	164	154	158	159	159	160	166	162	154	161	164	163	188	182	189	187	175	197	193	194	190	199	204	192	195	201	187	179	 16	 17	 38	 24	 15	 18	 15	 32	 25	 42	 21	 14	  5
 47	163	187	186	186	187	187	177	181	183	182	183	190	187	178	184	187	186	207	202	209	207	194	218	213	212	211	219	224	212	216	224	205	199	 12	 14	 20	 21	 13	 10	 19	 10	 39	 43	 26	 14	 24	 27
 48	158	179	178	179	179	179	170	173	175	175	176	182	179	170	176	179	178	201	196	203	200	188	211	206	206	204	213	217	205	209	216	199	192	  3	  6	 26	 19	  4	  2	 13	 16	 31	 39	 19	  5	 14	 18	 10
 49	232	195	194	200	207	194	190	195	187	188	195	196	170	185	195	197	197	246	237	242	238	235	243	246	253	235	249	256	241	243	227	250	230	146	144	174	162	145	148	153	155	119	121	131	145	138	138	157	149
 50	232	195	194	200	207	194	190	195	187	188	195	196	170	185	195	197	197	246	237	242	238	235	243	246	253	235	249	256	241	243	227	250	230	146	144	174	162	145	148	153	155	119	121	131	145	138	138	157	149	  1
