nVehicles:  24
nDepots:     1
nCustomers: 25
nPeriods:   12
VEHICLE_TYPE	FLEET_SIZE	CAPACITY
           1	        24	       8	
DEPOT   	X  	Y  	INV_COST	INITIAL_INV 	MIN_LEVEL_INV 	MAX_LEVEL_INV	PRODUCTION_0	PRODUCTION_1	PRODUCTION_2	PRODUCTION_3	PRODUCTION_4	PRODUCTION_5	PRODUCTION_6	PRODUCTION_7	PRODUCTION_8	PRODUCTION_9	PRODUCTION_10	PRODUCTION_11
       0	397	162	       0	        207	            0	         2104	         176	         176	         176	         176	         176	         176	         176	         176	         176	         176	          176	          176	
CUSTOMER	X  	Y  	INV_COST	INITIAL_INV	MIN_LEVEL_INV 	MAX_LEVEL_INV	DEMAND_0	DEMAND_1	DEMAND_2	DEMAND_3	DEMAND_4	DEMAND_5	DEMAND_6	DEMAND_7	DEMAND_8	DEMAND_9	DEMAND_10	DEMAND_11
       1	268	261	    0.14	         18	            0	           28	       7	      11	      11	      10	       7	       6	       6	       7	       9	      12	        9	        8
       2	248	328	    0.09	         12	            0	           33	       6	       9	       8	       9	       7	       5	       6	       9	       8	       7	        7	        6
       3	224	359	    0.14	          9	            0	           48	       6	       6	       6	       7	       6	       5	       4	       4	       5	       5	        7	        6
       4	254	327	    0.25	          9	            0	           62	       4	       6	       7	       6	       4	       5	       7	       6	       5	       4	        6	        7
       5	254	326	    0.07	         17	            0	           34	       6	       7	      11	      12	      10	       5	       6	       6	       6	       8	       11	       13
       6	260	342	    0.24	          2	            0	           40	       7	       7	       9	       9	       6	       6	       6	       4	       6	       7	       10	        8
       7	240	345	    0.26	         10	            0	           65	       9	      10	       9	      10	       8	       5	       5	       7	      10	      11	       10	       10
       8	260	321	    0.24	          3	            0	           36	       5	       5	       7	       6	       4	       3	       3	       4	       4	       5	        6	        6
       9	277	332	    0.21	         12	            0	           52	       7	       9	       9	       7	       5	       8	       9	      10	       8	       6	        8	        9
      10	249	333	       0	          7	            0	           39	       5	       8	       6	       6	       5	       4	       7	       8	       5	       5	        5	        6
      11	253	326	    0.04	         12	            0	           50	       6	      10	       9	       7	       5	       7	       8	       9	       6	       6	        8	        9
      12	324	356	    0.03	          8	            0	           41	       4	       5	       6	       6	       4	       3	       4	       4	       5	       5	        5	        4
      13	 59	150	    0.15	         17	            0	           71	       6	       6	       7	       9	       4	       5	       3	       4	       4	       9	       10	       10
      14	 59	175	    0.23	          5	            0	           38	       0	       2	       1	       0	       0	       1	       3	       5	       5	       5	        5	        8
      15	 22	192	    0.13	          9	            0	           54	       5	       7	       8	       8	       5	       4	       3	       5	       5	       9	        7	        6
      16	 94	177	    0.29	          1	            0	           27	       1	       2	       5	       5	       3	       2	       2	       4	       3	       6	        8	        6
      17	 57	167	       0	          8	            0	           55	       5	       7	       6	       7	       5	       4	       4	       7	       7	       5	        5	        5
      18	 60	153	    0.25	          8	            0	           18	       4	       6	       6	       5	       4	       4	       6	       6	       4	       4	        4	        5
      19	117	188	    0.03	          2	            0	           63	       5	       7	       7	       6	       5	       4	       5	       7	       6	       5	        4	        5
      20	 46	173	    0.06	          6	            0	           56	       0	       0	       0	       0	       0	       0	       2	       5	       5	       6	        6	        5
      21	 61	166	    0.25	          8	            0	           69	       8	       9	       9	       7	       5	       7	       7	       9	       8	       5	        5	        7
      22	 62	166	    0.08	         10	            0	           38	       4	       6	       7	       5	       3	       4	       4	       6	       6	       4	        4	        4
      23	 85	185	    0.22	          2	            0	           30	       5	       6	       6	       7	       5	       4	       4	       3	       6	       7	        7	        8
      24	 57	159	    0.21	         14	            0	           64	       0	       2	       2	       0	       0	       4	       5	       5	       3	       4	        9	       10
      25	  0	  0	    0.29	          5	            0	           46	       5	       6	       7	       8	       6	       6	       4	       4	       5	       7	        6	        6
COST_MATRIX 
	  0	  1	  2	  3	  4	  5	  6	  7	  8	  9	 10	 11	 12	 13	 14	 15	 16	 17	 18	 19	 20	 21	 22	 23	 24	 25
  0
  1	 82
  2	112	 35
  3	132	 54	 20
  4	110	 34	  4	 22
  5	109	 34	  4	 23	  1
  6	114	 41	 10	 20	  9	  9
  7	121	 45	 10	 11	 12	 12	 11
  8	105	 31	  7	 27	  5	  4	 11	 16
  9	105	 36	 15	 30	 12	 12	 10	 20	 11
 10	114	 38	  3	 19	  4	  5	  8	  8	  9	 15
 11	110	 34	  3	 22	  1	  1	  9	 12	  5	 13	  5
 12	104	 56	 41	 51	 38	 39	 33	 43	 37	 27	 40	 39
 13	170	119	130	134	132	132	139	134	132	142	132	131	168
 14	170	114	122	124	124	124	131	125	125	135	124	123	161	 13
 15	189	128	132	132	135	134	141	134	136	146	134	134	172	 28	 21
 16	152	 97	108	112	110	110	118	112	110	120	110	109	146	 23	 18	 37
 17	171	116	125	128	127	127	135	128	128	138	127	127	164	  9	  5	 22	 20
 18	169	118	129	132	131	130	138	132	131	141	131	130	167	  2	 12	 28	 21	  8
 19	141	 84	 96	101	 98	 98	106	100	 98	108	 99	 97	134	 35	 30	 48	 13	 32	 34
 20	176	120	128	129	130	130	137	130	131	141	130	129	167	 14	  7	 16	 25	  7	 13	 37
 21	169	114	124	127	126	126	133	127	127	137	126	125	163	  9	  5	 24	 18	  3	  7	 31	  9
 22	168	114	124	126	126	125	133	127	126	136	126	125	162	  9	  5	 24	 17	  3	  7	 30	  9	  1
 23	157	100	109	112	111	111	118	112	111	121	111	110	147	 22	 14	 32	  7	 17	 21	 17	 21	 16	 15
 24	171	118	128	131	130	130	137	131	130	140	130	129	166	  5	  9	 25	 21	  5	  4	 34	  9	  5	  5	 20
 25	215	188	206	212	208	207	215	211	207	217	208	207	241	 81	 93	 97	101	 89	 83	111	 90	 89	 89	102	 85
