nVehicles:   5
nDepots:     1
nCustomers: 25
nPeriods:   12
VEHICLE_TYPE	FLEET_SIZE	CAPACITY
           4	         5	      38	
DEPOT   	X  	Y  	INV_COST	INITIAL_INV 	MIN_LEVEL_INV 	MAX_LEVEL_INV	PRODUCTION_0	PRODUCTION_1	PRODUCTION_2	PRODUCTION_3	PRODUCTION_4	PRODUCTION_5	PRODUCTION_6	PRODUCTION_7	PRODUCTION_8	PRODUCTION_9	PRODUCTION_10	PRODUCTION_11
       0	115	287	       0	        235	            0	         1894	         161	         161	         161	         161	         161	         161	         161	         161	         161	         161	          161	          161	
CUSTOMER	X  	Y  	INV_COST	INITIAL_INV	MIN_LEVEL_INV 	MAX_LEVEL_INV	DEMAND_0	DEMAND_1	DEMAND_2	DEMAND_3	DEMAND_4	DEMAND_5	DEMAND_6	DEMAND_7	DEMAND_8	DEMAND_9	DEMAND_10	DEMAND_11
       1	420	123	    0.29	          4	            0	           32	      10	       6	       9	      13	       9	       8	       6	      11	      12	      10	        6	        8
       2	402	 94	    0.11	          5	            0	           46	       5	       5	       5	       7	       7	       9	       6	       6	       5	       5	        8	        9
       3	412	103	    0.08	          6	            0	           49	       5	       4	       4	       4	       6	       7	       5	       6	       5	       4	        4	        6
       4	412	117	    0.17	          1	            0	           50	       6	       4	       5	       6	       7	       6	       6	       5	       5	       5	        7	        8
       5	424	131	     0.1	          9	            0	           48	       6	       5	       4	       5	       6	       9	       8	       6	       7	       5	        4	        4
       6	373	124	    0.27	          7	            0	           28	       6	       4	       5	       5	       6	       8	       7	       6	       6	       5	        4	        5
       7	419	120	    0.01	         16	            0	           80	       9	       8	       6	       9	       9	      11	      10	      11	       8	       8	        8	        7
       8	437	162	    0.05	          2	            0	           46	       8	       7	       9	      12	      13	       8	       6	       7	      13	      14	        9	        6
       9	428	135	    0.07	          5	            0	           31	       5	       4	       5	       8	       7	       6	       4	       5	       7	       7	        5	        4
      10	433	126	    0.17	          4	            0	           34	       4	       3	       4	       4	       5	       6	       6	       5	       3	       4	        5	        6
      11	448	109	    0.07	         10	            0	           89	       6	       7	       6	       6	       9	      11	      13	      10	       9	       7	        7	        7
      12	430	132	    0.13	          5	            0	           41	       4	       3	       4	       4	       5	       7	       6	       4	       3	       3	        4	        5
      13	 30	207	     0.1	          4	            0	           23	       4	       3	       4	       6	       5	       4	       4	       5	       6	       6	        4	        4
      14	 33	196	    0.06	          3	            0	           25	       6	       5	       6	       7	       9	       5	       5	       5	       9	       7	        6	        5
      15	 39	195	    0.29	         10	            0	           77	       9	       6	       7	      11	      12	      11	       7	       5	       9	       9	       10	        9
      16	  7	218	    0.21	          1	            0	           48	       5	       3	       4	       5	       5	       5	       5	       4	       3	       5	        5	        7
      17	 38	180	    0.12	          5	            0	           28	       4	       3	       4	       6	       7	       8	       6	       5	       4	       4	        4	        5
      18	  8	192	    0.19	          3	            0	           28	       5	       4	       4	       5	       7	       6	       6	       5	       4	       5	        7	        7
      19	 10	217	    0.16	          4	            0	           67	       7	       5	       6	       5	       9	      10	       8	       7	       7	       6	        5	        7
      20	 37	202	    0.24	          2	            0	           62	       6	       7	       6	       6	      10	      10	       9	       5	       6	       6	        7	        9
      21	 46	215	    0.24	          3	            0	           58	       7	       6	       4	       5	       6	       9	      10	       9	       5	       6	        5	        6
      22	 40	196	    0.02	          6	            0	           74	       8	       7	       7	       9	      12	      10	      11	      10	       9	       7	        8	       10
      23	 36	161	    0.29	         10	            0	           31	       5	       5	       4	       6	       6	       6	       7	       5	       4	       4	        4	        7
      24	 39	196	    0.02	          8	            0	           50	       5	       4	       4	       6	       6	       4	       5	       6	       8	       6	        5	        4
      25	  0	  0	    0.04	         12	            0	           51	       7	       5	       6	       9	      11	       9	       7	       6	       6	       7	       10	        9
COST_MATRIX 
	  0	  1	  2	  3	  4	  5	  6	  7	  8	  9	 10	 11	 12	 13	 14	 15	 16	 17	 18	 19	 20	 21	 22	 23	 24	 25
  0
  1	174
  2	173	 18
  3	175	 11	  7
  4	172	  6	 13	  8
  5	174	  5	 22	 16	 10
  6	153	 24	 21	 23	 20	 26
  7	174	  2	 16	 10	  4	  7	 24
  8	173	 22	 39	 33	 26	 17	 38	 23
  9	174	  8	 25	 18	 13	  3	 29	  9	 15
 10	179	  7	 23	 16	 12	  6	 31	  8	 19	  6
 11	189	 16	 25	 19	 19	 17	 39	 16	 28	 17	 12
 12	176	  7	 24	 18	 12	  4	 29	  9	 16	  2	  4	 15
 13	 59	200	195	198	197	201	177	200	205	203	206	215	204
 14	 62	197	192	196	194	199	174	197	203	200	204	213	202	  6
 15	 60	194	189	193	191	196	171	194	200	197	200	209	199	  8	  4
 16	 65	212	208	211	209	213	189	212	217	215	218	228	216	 13	 18	 20
 17	 66	194	188	191	190	195	170	193	200	197	200	209	198	 15	  9	  8	 25
 18	 72	209	204	207	206	211	186	209	216	212	216	224	214	 14	 13	 16	 14	 17
 19	 64	211	206	209	208	212	188	211	216	213	217	226	215	 12	 16	 19	  2	 24	 13
 20	 58	196	191	194	193	197	173	196	201	199	202	211	200	  5	  4	  4	 18	 12	 16	 16
 21	 50	193	189	192	190	194	170	193	198	196	199	208	197	  9	 12	 11	 20	 18	 23	 19	  8
 22	 59	194	189	192	191	195	171	194	200	197	200	209	198	  8	  4	  1	 20	  9	 17	 19	  4	 10
 23	 75	193	187	191	190	195	170	193	201	197	200	208	198	 24	 18	 18	 32	 10	 21	 31	 21	 28	 18
 24	 60	194	189	193	191	196	171	194	200	197	201	210	199	  8	  4	  1	 20	  9	 16	 18	  4	 11	  1	 18
 25	155	219	207	213	215	222	197	218	234	225	226	231	225	105	100	100	110	 92	 97	109	103	110	101	 83	100
