nVehicles:  23
nDepots:     1
nCustomers: 25
nPeriods:    9
VEHICLE_TYPE	FLEET_SIZE	CAPACITY
           1	        23	       8	
DEPOT   	X  	Y  	INV_COST	INITIAL_INV 	MIN_LEVEL_INV 	MAX_LEVEL_INV	PRODUCTION_0	PRODUCTION_1	PRODUCTION_2	PRODUCTION_3	PRODUCTION_4	PRODUCTION_5	PRODUCTION_6	PRODUCTION_7	PRODUCTION_8
       0	285	481	       0	        225	            0	         1468	         164	         164	         164	         164	         164	         164	         164	         164	         164	
CUSTOMER	X  	Y  	INV_COST	INITIAL_INV	MIN_LEVEL_INV 	MAX_LEVEL_INV	DEMAND_0	DEMAND_1	DEMAND_2	DEMAND_3	DEMAND_4	DEMAND_5	DEMAND_6	DEMAND_7	DEMAND_8
       1	129	458	     0.2	          3	            0	           23	       5	       3	       4	       5	       6	       6	       6	       5	       4
       2	126	449	    0.01	          7	            0	           35	       5	       4	       5	       6	       8	       7	       7	       5	       5
       3	144	485	    0.22	          2	            0	           59	       6	       4	       6	       9	       9	       5	       5	       7	       9
       4	136	466	    0.02	          7	            0	           16	       4	       3	       3	       4	       6	       5	       5	       4	       3
       5	145	448	    0.25	          1	            0	           15	       6	       5	       5	       7	       8	       7	       6	       5	       5
       6	136	468	    0.19	          6	            0	            8	       4	       3	       3	       4	       4	       5	       7	       5	       4
       7	134	457	    0.26	          4	            0	           13	       4	       5	       5	       8	       7	       5	       5	       6	       7
       8	142	459	    0.01	          8	            0	           25	       8	       6	       8	      12	      11	       7	       6	       6	      10
       9	137	466	    0.23	         11	            0	           73	       8	       7	       6	      10	      12	       9	       7	       6	       8
      10	 92	474	    0.26	          4	            0	           59	       8	       5	       6	       9	       8	       6	       5	       6	       9
      11	133	465	    0.19	          8	            0	            9	       5	       4	       4	       4	       6	       5	       4	       3	       5
      12	150	448	    0.08	         13	            0	           58	       9	       6	       6	       9	       9	      10	       9	       6	       7
      13	 38	288	    0.28	          7	            0	           49	       6	       3	       2	       3	       5	       8	       9	       8	       7
      14	 10	329	    0.04	          7	            0	           32	       5	       4	       4	       4	       6	       7	       6	       7	       5
      15	 38	343	    0.29	          1	            0	           26	       2	       1	       1	       3	       5	       5	       7	       5	       5
      16	 32	315	    0.12	          5	            0	           28	       2	       0	       1	       4	       4	       6	       9	       7	       6
      17	 38	304	    0.16	          3	            0	           31	       6	       5	       6	       9	       8	       6	       5	       5	       7
      18	 52	303	    0.04	          2	            0	           34	       6	       5	       7	       9	       8	       5	       5	       8	       8
      19	 18	335	    0.29	          6	            0	           28	       6	       4	       6	       9	       9	       4	       4	       6	       9
      20	 19	313	    0.07	          7	            0	           16	       4	       4	       3	       4	       6	       6	       5	       4	       4
      21	 30	344	    0.16	          3	            0	           75	       3	       0	       1	       1	       5	       8	       4	       5	       7
      22	 39	296	    0.14	          7	            0	           36	       5	       4	       4	       6	       8	       8	       5	       7	       7
      23	 36	316	    0.21	          3	            0	           32	       7	       5	       6	       8	       7	       9	       6	       6	       6
      24	 32	317	     0.2	          1	            0	           50	       5	       4	       6	       6	       9	       8	       6	       4	       7
      25	  0	  0	    0.04	          5	            0	           25	       5	       4	       5	       7	       8	       6	       5	       4	       6
COST_MATRIX 
	  0	  1	  2	  3	  4	  5	  6	  7	  8	  9	 10	 11	 12	 13	 14	 15	 16	 17	 18	 19	 20	 21	 22	 23	 24	 25
  0
  1	 79
  2	 82	  5
  3	 71	 16	 21
  4	 75	  6	 10	 11
  5	 72	 10	 10	 19	 11
  6	 75	  7	 11	 10	  2	 11
  7	 77	  3	  6	 15	  5	  8	  6
  8	 73	  7	 10	 14	  5	  6	  6	  5
  9	 75	  6	 11	 11	  1	 10	  2	  5	  5
 10	 97	 21	 22	 27	 23	 30	 23	 23	 27	 23
 11	 77	  5	  9	 12	  2	 11	  3	  5	  6	  3	 21
 12	 70	 12	 13	 19	 12	  3	 13	 10	  7	 12	 32	 13
 13	157	 97	 92	112	102	 97	103	 98	101	102	 97	101	 98
 14	158	 88	 84	103	 94	 90	 94	 90	 93	 94	 84	 92	 92	 25
 15	142	 74	 69	 89	 79	 75	 80	 75	 78	 79	 71	 78	 77	 28	 16
 16	152	 87	 82	102	 92	 88	 93	 88	 91	 92	 85	 91	 89	 14	 14	 15
 17	152	 90	 85	105	 95	 90	 96	 91	 94	 95	 90	 94	 92	  9	 19	 20	  7
 18	147	 87	 82	102	 92	 87	 93	 88	 91	 92	 88	 91	 88	 11	 25	 22	 12	  8
 19	153	 83	 79	 98	 89	 85	 89	 85	 88	 89	 79	 87	 87	 26	  6	 11	 13	 19	 24
 20	158	 92	 87	107	 97	 93	 98	 93	 96	 97	 89	 96	 95	 16	 10	 18	  7	 11	 18	 12
 21	145	 76	 72	 91	 81	 78	 82	 77	 81	 82	 73	 80	 80	 29	 13	  5	 15	 21	 24	  8	 17
 22	154	 93	 89	109	 98	 93	 99	 94	 97	 99	 93	 97	 95	  5	 22	 24	 11	  5	  8	 23	 14	 25
 23	150	 85	 81	101	 91	 86	 91	 86	 90	 91	 84	 89	 88	 15	 15	 14	  3	  7	 11	 14	  9	 15	 11
 24	151	 86	 82	101	 91	 87	 92	 87	 90	 92	 85	 90	 89	 15	 13	 14	  2	  8	 13	 12	  7	 14	 12	  3
 25	280	238	234	253	243	236	244	239	241	243	242	242	237	146	165	173	159	154	154	168	157	173	150	160	160
