nVehicles:  10
nDepots:     1
nCustomers: 25
nPeriods:    9
VEHICLE_TYPE	FLEET_SIZE	CAPACITY
           2	        10	      18	
DEPOT   	X  	Y  	INV_COST	INITIAL_INV 	MIN_LEVEL_INV 	MAX_LEVEL_INV	PRODUCTION_0	PRODUCTION_1	PRODUCTION_2	PRODUCTION_3	PRODUCTION_4	PRODUCTION_5	PRODUCTION_6	PRODUCTION_7	PRODUCTION_8
       0	 97	176	       0	        232	            0	         1458	         164	         164	         164	         164	         164	         164	         164	         164	         164	
CUSTOMER	X  	Y  	INV_COST	INITIAL_INV	MIN_LEVEL_INV 	MAX_LEVEL_INV	DEMAND_0	DEMAND_1	DEMAND_2	DEMAND_3	DEMAND_4	DEMAND_5	DEMAND_6	DEMAND_7	DEMAND_8
       1	294	 67	    0.11	          2	            0	           47	       5	       4	       6	       7	       7	       4	       3	       4	       7
       2	307	 31	    0.18	          6	            0	           61	       8	       7	       8	      10	      12	      11	      13	      10	      10
       3	339	 76	    0.27	          6	            0	           43	       5	       6	       6	       8	       7	       7	       5	       6	       8
       4	304	  4	    0.06	          7	            0	           19	       4	       3	       3	       4	       5	       5	       5	       4	       3
       5	317	 28	    0.18	          1	            0	           48	       5	       5	       7	       8	       7	       5	       6	       9	       9
       6	323	  7	    0.23	          9	            0	           37	       6	       5	       7	       7	       9	       7	       5	       6	       7
       7	280	 17	    0.24	          2	            0	           31	       4	       4	       5	       7	       7	       7	       5	       5	       4
       8	309	 23	    0.17	          4	            0	           24	       4	       3	       4	       6	       5	       5	       4	       3	       3
       9	313	 56	     0.3	          7	            0	           29	       4	       3	       3	       6	       6	       6	       6	       4	       3
      10	311	 21	    0.03	          2	            0	           25	       4	       3	       4	       5	       6	       5	       4	       4	       4
      11	318	 11	    0.24	          7	            0	           41	       4	       4	       5	       5	       6	       6	       5	       4	       5
      12	326	 51	    0.24	         13	            0	           38	       8	       8	      10	      13	      13	       8	       8	       8	      11
      13	319	302	    0.06	          5	            0	           51	       7	       5	       7	      10	      11	       8	       6	       5	       6
      14	350	348	    0.16	         12	            0	           38	       7	       8	      10	      13	      12	      12	       7	       8	       8
      15	326	284	    0.09	         13	            0	           71	       7	       8	       8	      14	      12	      11	       6	       7	       9
      16	357	289	    0.03	          2	            0	           10	       5	       4	       5	       7	       7	       6	       6	       4	       5
      17	330	301	    0.19	          1	            0	           43	       5	       5	       5	       6	       7	       6	       5	       6	       7
      18	327	278	    0.07	          6	            0	           38	       5	       4	       6	       9	       7	       5	       5	       6	       9
      19	313	290	    0.16	          4	            0	           20	       8	       6	       9	      14	      11	       8	       8	       9	      12
      20	343	270	    0.12	          4	            0	           60	       5	       6	       6	       7	      11	       8	       8	       5	       6
      21	332	288	    0.14	          3	            0	           20	       3	       3	       3	       5	       5	       6	       6	       4	       3
      22	343	273	    0.07	         10	            0	           25	       5	       5	       6	       9	       6	       7	       4	       7	       8
      23	330	283	    0.22	          2	            0	           24	       8	       6	      12	      13	       9	       8	       7	      11	      12
      24	290	233	    0.25	          3	            0	           51	       5	       4	       4	       6	       7	       8	       6	       7	       6
      25	  0	  0	    0.01	         11	            0	           22	       6	       5	       7	       8	       7	       5	       5	       8	       9
COST_MATRIX 
	  0	  1	  2	  3	  4	  5	  6	  7	  8	  9	 10	 11	 12	 13	 14	 15	 16	 17	 18	 19	 20	 21	 22	 23	 24	 25
  0
  1	113
  2	128	 20
  3	131	 23	 28
  4	135	 32	 14	 41
  5	133	 23	  6	 27	 14
  6	142	 34	 15	 36	 10	 11
  7	122	 26	 16	 42	 14	 20	 23
  8	131	 24	  5	 31	 10	  5	 11	 15
  9	124	 11	 13	 17	 27	 15	 26	 26	 17
 10	133	 25	  6	 31	 10	  5	 10	 16	  2	 18
 11	138	 31	 12	 35	  8	  9	  4	 20	  8	 23	  7
 12	131	 18	 14	 15	 26	 13	 23	 29	 17	  7	 17	 21
 13	128	119	136	114	150	138	148	144	140	124	141	146	126
 14	153	144	160	137	174	161	172	170	164	148	165	170	149	 28
 15	127	110	127	105	141	129	139	136	131	115	132	137	117	 10	 35
 16	142	116	132	107	145	133	143	142	136	119	136	141	121	 21	 30	 16
 17	133	119	136	113	150	137	148	145	140	123	141	146	126	  6	 26	  9	 15
 18	126	107	124	102	138	126	136	133	128	112	129	134	114	 13	 37	  4	 16	 12
 19	123	112	130	108	144	132	142	138	134	118	135	140	120	  7	 35	  8	 23	 11	 10
 20	132	105	121	 98	135	122	132	131	125	109	126	131	110	 21	 40	 12	 12	 17	  9	 19
 21	131	113	130	107	143	131	141	138	133	117	134	139	119	 10	 32	  4	 13	  7	  6	 10	 11
 22	133	106	123	 99	136	124	134	132	127	110	128	132	112	 19	 38	 11	 11	 16	  9	 18	  2	 10
 23	129	110	127	104	141	128	139	136	131	114	132	137	117	 11	 35	  3	 14	 10	  3	 10	 10	  3	  9
 24	101	 84	102	 83	115	104	115	109	106	 90	107	112	 93	 38	 65	 32	 44	 40	 30	 31	 33	 35	 34	 33
 25	101	151	155	174	153	160	162	141	155	159	156	160	165	220	247	217	230	224	215	214	219	220	220	218	187
