nVehicles:  49
nDepots:     1
nCustomers: 50
nPeriods:   12
VEHICLE_TYPE	FLEET_SIZE	CAPACITY
           1	        49	       8	
DEPOT   	X  	Y  	INV_COST	INITIAL_INV 	MIN_LEVEL_INV 	MAX_LEVEL_INV	PRODUCTION_0	PRODUCTION_1	PRODUCTION_2	PRODUCTION_3	PRODUCTION_4	PRODUCTION_5	PRODUCTION_6	PRODUCTION_7	PRODUCTION_8	PRODUCTION_9	PRODUCTION_10	PRODUCTION_11
       0	374	 61	       0	        413	            0	         4216	         352	         352	         352	         352	         352	         352	         352	         352	         352	         352	          352	          352	
CUSTOMER	X  	Y  	INV_COST	INITIAL_INV	MIN_LEVEL_INV 	MAX_LEVEL_INV	DEMAND_0	DEMAND_1	DEMAND_2	DEMAND_3	DEMAND_4	DEMAND_5	DEMAND_6	DEMAND_7	DEMAND_8	DEMAND_9	DEMAND_10	DEMAND_11
       1	224	446	    0.19	          1	            0	           24	       6	       5	       7	       7	       8	       8	       8	       7	       7	       5	        7	        7
       2	261	426	    0.19	          8	            0	           47	       4	       4	       5	       7	       7	       6	       5	       4	       5	       6	        5	        4
       3	244	438	    0.03	         10	            0	           57	       6	       6	       6	       8	      11	       8	       7	       5	       5	       6	        9	       10
       4	193	467	    0.04	          4	            0	           27	       5	       4	       6	       7	       7	       5	       4	       5	       6	       6	        7	        5
       5	235	452	    0.01	         12	            0	           30	       7	       6	       8	       9	      11	       9	       7	       6	       6	      11	       11	       10
       6	230	454	    0.05	          8	            0	           49	       6	       4	       6	       9	       9	       8	       7	       6	       4	       5	        7	        6
       7	172	459	    0.22	          3	            0	           57	       4	       4	       9	       8	       7	       4	       6	       8	       8	       6	        5	        6
       8	234	447	    0.03	          7	            0	           68	       5	       4	       7	       7	       8	       8	       5	       5	       6	       7	        8	        8
       9	225	414	    0.23	          1	            0	           57	       4	       5	       6	       6	       6	       6	       6	       4	       5	       5	        7	        6
      10	226	447	    0.01	          4	            0	           44	       6	       6	       7	      11	      10	       9	       7	       6	       6	       6	        8	       10
      11	228	459	    0.08	          4	            0	           46	       3	       3	       5	       4	       6	       5	       5	       4	       3	       3	        3	        4
      12	233	448	    0.17	          8	            0	          101	       1	       0	       5	       6	       3	       0	       3	       6	       7	       8	        6	        5
      13	221	437	    0.18	          4	            0	           52	       3	       3	       5	       6	       5	       4	       3	       4	       6	       7	        5	        3
      14	246	448	    0.22	          4	            0	           77	       6	       6	       7	      11	       7	       5	       6	       9	       9	       7	        5	        8
      15	238	454	    0.22	          4	            0	           74	       0	       0	       0	       1	       0	       0	       0	       1	       2	       8	        6	        6
      16	221	457	    0.11	          3	            0	           59	       5	       5	       8	       9	       8	       5	       6	       8	      11	       7	        6	        7
      17	477	223	    0.13	         10	            0	           66	       7	       7	      11	      11	       8	       6	       8	      12	      11	       8	        6	       10
      18	446	209	    0.21	          6	            0	           58	       4	       4	       5	       6	       7	       7	       6	       6	       5	       5	        5	        6
      19	481	215	    0.26	          4	            0	           63	       4	       4	       7	       6	       7	       4	       4	       5	       6	       7	        6	        5
      20	448	222	    0.23	          1	            0	           20	       4	       4	       6	       8	      10	       8	       5	       5	       5	       6	        8	        7
      21	481	222	    0.03	          3	            0	           87	       5	       4	       7	       7	       7	       8	       6	       5	       5	       6	        7	        8
      22	479	215	    0.04	         11	            0	           85	       2	       1	       2	       4	       7	       6	       7	       2	       3	       4	        7	        8
      23	457	201	    0.14	          1	            0	           61	       5	       4	       6	       8	       7	       5	       5	       8	       9	       7	        5	        6
      24	479	222	    0.25	         13	            0	           39	       1	       4	       7	       7	       4	       3	       2	       5	       9	       9	        6	        6
      25	485	203	    0.18	          5	            0	           42	       4	       5	       6	       8	       8	       6	       5	       5	       7	       8	        8	        7
      26	480	226	    0.12	          1	            0	           22	       4	       5	       6	       8	       8	       8	       7	       7	       5	       4	        6	        7
      27	465	211	    0.18	          4	            0	           75	       0	       0	       0	       5	       2	       4	       2	       2	       4	       9	        9	        8
      28	480	224	    0.07	          9	            0	           30	       7	       6	       7	      10	      10	       9	      10	       9	       6	       7	        7	        9
      29	491	224	    0.21	          3	            0	           49	       5	       4	       6	       7	       6	       4	       4	       6	       6	       7	        4	        4
      30	494	209	    0.02	          8	            0	           60	       6	       5	       7	       7	       9	      10	       8	       7	       5	       5	        8	        8
      31	478	240	    0.03	          2	            0	           54	       3	       3	       5	       7	       8	       4	       4	       5	       7	       6	        8	        5
      32	484	232	    0.06	          2	            0	           45	       4	       5	       7	       8	       6	       4	       3	       4	       8	       7	        7	        5
      33	168	381	    0.24	         10	            0	           28	       3	       3	       6	       7	       8	       9	       7	       7	       7	       6	        7	        8
      34	157	385	    0.05	          5	            0	           85	       0	       0	       0	       2	       5	       3	       3	       2	       3	       3	        5	        8
      35	146	393	    0.02	          6	            0	          114	       0	       0	       0	       1	       1	       0	       0	       0	       5	       8	        7	        6
      36	149	402	    0.08	          5	            0	           61	       4	       5	       6	       7	       7	       6	       4	       5	       6	       6	        7	        5
      37	140	333	    0.28	         13	            0	           83	       0	       0	       0	       0	       0	       0	       0	       1	       5	       6	        2	        6
      38	160	397	    0.12	          6	            0	           19	       3	       3	       6	       6	       5	       3	       4	       5	       7	       5	        3	        4
      39	130	410	    0.21	          5	            0	           56	       5	       4	       6	       8	       7	       6	       5	       4	       8	       8	        6	        5
      40	158	439	    0.07	          1	            0	           72	       5	       4	       6	       7	       8	       5	       4	       6	       6	       8	        7	        6
      41	160	403	     0.2	          3	            0	           30	       3	       4	       6	       5	       5	       4	       3	       4	       6	       6	        4	        4
      42	149	400	    0.01	         11	            0	           80	       0	       0	       0	       0	       3	       2	       1	       2	       4	       7	        8	        9
      43	 88	373	     0.2	          1	            0	           58	       1	       0	       2	       3	       3	       3	       2	       5	       6	       8	        5	        5
      44	177	382	    0.23	          2	            0	           68	       3	       2	       5	       7	       5	       4	       4	       6	       8	       7	        5	        7
      45	168	451	    0.21	          1	            0	           32	       1	       0	       1	       4	       6	       4	       3	       2	       4	       4	        7	        8
      46	150	402	    0.15	          9	            0	           49	       0	       0	       0	       0	       0	       0	       0	       0	       0	       1	        6	       11
      47	157	400	    0.05	          7	            0	           82	       0	       0	       0	       0	       0	       0	       0	       3	       3	       4	        3	        5
      48	147	409	    0.02	          2	            0	           49	       3	       3	       4	       6	       5	       4	       4	       4	       5	       6	        4	        3
      49	  0	  0	    0.15	          4	            0	           57	       5	       4	       6	       6	       7	       7	       4	       5	       4	       5	        6	        7
      50	  0	  0	    0.22	         11	            0	          115	       0	       0	       0	       0	       0	       0	       0	       0	       0	       5	        6	        6
COST_MATRIX 
	  0	  1	  2	  3	  4	  5	  6	  7	  8	  9	 10	 11	 12	 13	 14	 15	 16	 17	 18	 19	 20	 21	 22	 23	 24	 25	 26	 27	 28	 29	 30	 31	 32	 33	 34	 35	 36	 37	 38	 39	 40	 41	 42	 43	 44	 45	 46	 47	 48	 49	 50
  0
  1	207
  2	192	 22
  3	200	 11	 11
  4	223	 19	 40	 30
  5	208	  7	 19	  9	 23
  6	210	  6	 21	 11	 20	  3
  7	224	 27	 48	 38	 12	 32	 30
  8	206	  6	 18	  7	 23	  3	  5	 32
  9	192	 17	 19	 16	 31	 20	 21	 35	 18
 10	207	  2	 21	 11	 20	  6	  5	 28	  5	 17
 11	212	  7	 24	 14	 18	  5	  3	 29	  7	 23	  7
 12	206	  5	 18	  8	 23	  3	  4	 31	  1	 18	  4	  7
 13	203	  5	 21	 12	 21	 11	 10	 27	  9	 12	  6	 12	  9
 14	204	 12	 14	  6	 29	  6	  9	 38	  7	 20	 11	 11	  7	 14
 15	208	  9	 19	  9	 24	  2	  5	 34	  5	 22	  7	  6	  4	 13	  6
 16	213	  6	 26	 15	 15	  8	  5	 25	  9	 22	  6	  4	  8	 11	 14	  9
 17	 96	169	149	159	188	167	170	193	166	159	169	172	166	167	162	167	174
 18	 83	163	143	153	181	161	164	186	160	151	163	166	161	161	156	161	168	 18
 19	 94	173	153	163	192	171	174	197	170	163	173	176	171	171	166	171	178	  5	 18
 20	 89	159	139	149	177	157	160	182	156	148	159	162	156	157	152	157	164	 15	  7	 17
 21	 97	171	151	161	190	169	171	195	168	161	171	174	168	169	164	168	176	  3	 19	  4	 17
 22	 94	173	152	162	191	171	173	197	169	162	172	176	170	171	165	170	177	  5	 17	  2	 16	  4
 23	 82	170	150	160	188	168	170	193	167	158	169	173	167	167	163	168	175	 15	  7	 14	 12	 16	 14
 24	 97	170	150	160	189	168	171	194	167	160	170	173	168	168	163	168	175	  2	 18	  4	 16	  2	  4	 16
 25	 91	179	159	169	197	177	179	203	176	168	178	182	176	177	172	177	184	 11	 20	  7	 21	 10	  7	 15	 10
 26	 99	169	149	159	188	167	170	194	166	159	169	172	167	168	162	167	174	  3	 20	  6	 17	  3	  6	 17	  3	 12
 27	 88	169	149	159	187	167	170	192	166	158	168	172	166	167	162	167	174	  9	 10	  9	 11	 10	  8	  7	  9	 11	 11
 28	 98	170	149	160	189	168	170	194	167	160	170	173	167	168	162	167	175	  2	 19	  5	 17	  2	  5	 17	  2	 11	  2	 10
 29	101	174	154	164	193	172	174	199	171	164	174	177	171	172	166	171	179	  8	 24	  7	 22	  6	  8	 21	  7	 11	  6	 15	  6
 30	 96	180	160	170	199	178	181	204	177	170	180	183	177	178	173	178	185	 12	 25	  8	 24	 10	  9	 19	 10	  6	 12	 15	 11	  8
 31	104	164	143	154	183	162	164	189	160	154	164	167	161	162	156	161	169	  9	 23	 13	 18	 10	 13	 23	 10	 19	  8	 16	  9	 11	 18
 32	102	169	148	159	188	167	169	193	165	159	168	172	166	167	161	166	174	  6	 23	  9	 19	  6	  9	 21	  6	 15	  4	 15	  5	  6	 13	  6
 33	191	 43	 52	 48	 45	 49	 48	 40	 47	 33	 44	 50	 47	 39	 52	 51	 47	174	164	178	161	176	177	171	175	182	175	172	175	180	185	171	175
 34	195	 46	 56	 51	 45	 52	 51	 38	 50	 37	 47	 52	 50	 42	 55	 54	 49	180	170	183	167	182	183	176	181	188	181	177	181	186	191	177	181	  6
 35	202	 48	 60	 54	 44	 54	 52	 36	 52	 41	 49	 53	 52	 44	 58	 56	 50	187	176	190	174	189	189	183	188	195	187	184	188	193	197	183	188	 13	  7
 36	205	 44	 58	 51	 40	 50	 49	 31	 49	 39	 45	 49	 48	 41	 54	 52	 46	187	178	191	175	189	190	184	188	196	188	185	188	193	198	184	188	 15	 10	  5
 37	180	 71	 77	 74	 73	 77	 76	 66	 74	 59	 72	 77	 74	 66	 79	 78	 75	178	166	181	164	180	180	172	179	185	179	174	179	184	188	176	180	 28	 28	 31	 35
 38	200	 41	 53	 47	 39	 47	 46	 32	 45	 34	 42	 47	 45	 37	 50	 49	 43	181	172	185	169	183	184	178	182	190	182	179	182	187	192	178	182	  9	  7	  8	  7	 34
 39	213	 51	 66	 59	 43	 57	 55	 33	 56	 48	 52	 55	 55	 48	 62	 59	 52	198	188	201	185	200	200	195	199	206	198	195	199	204	208	194	199	 24	 19	 12	 11	 39	 17
 40	218	 34	 52	 44	 23	 40	 37	 13	 39	 36	 35	 37	 38	 32	 45	 41	 33	193	185	197	182	195	196	192	194	202	194	192	194	199	204	189	194	 30	 28	 24	 20	 54	 22	 21
 41	202	 39	 52	 46	 37	 45	 44	 29	 44	 33	 40	 45	 43	 35	 49	 47	 41	183	173	187	171	185	186	180	184	191	183	181	184	189	194	179	184	 12	 10	  9	  6	 37	  4	 16	 19
 42	204	 44	 58	 52	 41	 51	 49	 32	 49	 39	 46	 50	 49	 41	 55	 53	 46	187	177	191	174	189	190	184	188	195	187	185	188	193	198	183	188	 14	  9	  4	  2	 34	  6	 11	 21	  6
 43	212	 78	 91	 85	 71	 84	 82	 61	 82	 72	 79	 83	 82	 74	 88	 86	 79	209	197	212	196	211	211	204	210	216	210	206	210	215	219	207	211	 41	 36	 31	 34	 33	 38	 28	 49	 40	 34
 44	189	 40	 48	 44	 44	 46	 45	 39	 44	 29	 41	 47	 44	 36	 48	 48	 44	170	160	174	158	172	173	167	171	179	171	168	171	176	181	167	171	  5	 11	 17	 18	 31	 12	 28	 31	 14	 17	 45
 45	221	 29	 49	 39	 15	 34	 32	  5	 34	 34	 30	 31	 33	 28	 40	 36	 27	193	185	197	181	194	196	192	194	202	193	191	193	198	204	188	193	 36	 34	 32	 27	 61	 28	 28	  8	 25	 28	 56	 35
 46	204	 44	 57	 51	 39	 50	 48	 31	 48	 38	 45	 49	 48	 40	 54	 52	 45	187	177	191	175	189	190	184	188	195	188	185	188	193	198	183	188	 14	 10	  5	  1	 35	  6	 11	 19	  6	  2	 35	 17	 27
 47	202	 41	 54	 48	 39	 47	 46	 31	 46	 35	 42	 47	 45	 37	 51	 49	 43	183	174	187	171	185	186	181	184	192	184	181	184	189	194	180	184	 11	  8	  7	  5	 35	  3	 15	 20	  3	  5	 38	 14	 27	  4
 48	208	 43	 58	 51	 38	 49	 48	 28	 48	 40	 44	 48	 48	 40	 54	 51	 45	190	180	194	178	192	193	187	191	198	190	188	191	196	201	186	191	 18	 14	  9	  4	 39	  9	  9	 16	  8	  5	 35	 21	 24	  4	  7
 49	190	250	250	251	253	255	255	246	253	236	251	257	253	245	256	257	254	264	247	264	250	265	263	250	264	263	266	256	265	270	269	268	269	209	208	210	215	181	215	216	234	217	214	192	211	241	215	215	218
 50	190	250	250	251	253	255	255	246	253	236	251	257	253	245	256	257	254	264	247	264	250	265	263	250	264	263	266	256	265	270	269	268	269	209	208	210	215	181	215	216	234	217	214	192	211	241	215	215	218	  1
