nVehicles:  22
nDepots:     1
nCustomers: 50
nPeriods:   12
VEHICLE_TYPE	FLEET_SIZE	CAPACITY
           2	        22	      18	
DEPOT   	X  	Y  	INV_COST	INITIAL_INV 	MIN_LEVEL_INV 	MAX_LEVEL_INV	PRODUCTION_0	PRODUCTION_1	PRODUCTION_2	PRODUCTION_3	PRODUCTION_4	PRODUCTION_5	PRODUCTION_6	PRODUCTION_7	PRODUCTION_8	PRODUCTION_9	PRODUCTION_10	PRODUCTION_11
       0	447	410	       0	        689	            0	         4290	         359	         359	         359	         359	         359	         359	         359	         359	         359	         359	          359	          359	
CUSTOMER	X  	Y  	INV_COST	INITIAL_INV	MIN_LEVEL_INV 	MAX_LEVEL_INV	DEMAND_0	DEMAND_1	DEMAND_2	DEMAND_3	DEMAND_4	DEMAND_5	DEMAND_6	DEMAND_7	DEMAND_8	DEMAND_9	DEMAND_10	DEMAND_11
       1	322	323	    0.16	          3	            0	           65	       8	      12	      12	       9	       6	       7	       8	      10	      10	      11	        6	        6
       2	332	336	    0.12	          2	            0	           15	       5	       6	       6	       5	       4	       4	       4	       5	       5	       5	        4	        3
       3	356	307	    0.13	         12	            0	           98	       9	      10	      11	       7	       6	      11	      12	      11	       6	       7	       10	       11
       4	324	322	    0.13	          7	            0	           16	       6	       7	       8	       7	       5	       5	       7	       7	       6	       5	        6	        7
       5	318	326	    0.06	          6	            0	           22	       9	      11	      11	       8	       9	       6	       5	       7	       8	      12	       11	       11
       6	327	326	    0.05	          7	            0	           56	       6	       9	       8	      10	       9	       7	       6	       5	       6	       9	        8	       10
       7	302	306	    0.29	         10	            0	           30	       6	       7	       8	       7	       5	       6	       6	       8	       7	       6	        4	        6
       8	325	321	    0.22	         14	            0	           68	       7	      10	      10	       6	       6	       7	      10	      11	       7	       6	        7	        9
       9	292	323	    0.15	          2	            0	           48	       4	       7	       6	       6	       5	       5	       3	       5	       6	       7	        8	        8
      10	329	325	    0.24	          5	            0	           26	       4	       5	       6	       4	       3	       3	       4	       6	       6	       4	        3	        3
      11	324	321	    0.14	          8	            0	           36	       5	       5	       6	       6	       4	       3	       3	       4	       4	       5	        5	        6
      12	339	304	    0.27	         13	            0	           87	       7	       8	       9	       8	       5	       7	      10	       8	       8	       6	        8	        8
      13	321	324	    0.23	          9	            0	           30	       6	       9	       9	       8	       6	       4	       4	       4	       6	       9	        8	        8
      14	322	317	     0.3	         14	            0	           70	       6	       8	       9	       8	       7	       6	       5	       4	       7	       8	        9	        9
      15	323	305	    0.16	         10	            0	           22	       7	       8	      12	       9	      11	       8	       6	       5	       6	       9	        9	       12
      16	324	318	    0.17	         15	            0	           59	       6	       9	       8	       8	       6	       5	       6	       8	       9	       7	        5	        5
      17	101	464	    0.28	         10	            0	           48	       5	       6	       6	       5	       5	       4	       3	       4	       5	       5	        5	        6
      18	101	461	    0.15	          9	            0	           73	       5	       7	       8	       7	       5	       4	       5	       7	       8	       8	        6	        5
      19	 89	470	       0	         12	            0	           25	      10	      10	      13	      11	      11	       7	       7	       7	      11	      13	       12	        9
      20	 70	461	    0.14	          8	            0	           57	       5	       5	       6	       6	       4	       4	       3	       4	       5	       6	        6	        5
      21	117	405	    0.25	          6	            0	           32	       6	       6	       8	       6	       5	       5	       7	       9	       6	       4	        6	        7
      22	 99	472	    0.21	          9	            0	           57	       6	       7	       6	       6	       4	       4	       4	       6	       6	       8	        5	        5
      23	104	472	    0.11	         14	            0	           30	       7	      10	      12	       9	      10	       6	       6	       7	      10	      10	       12	        8
      24	 99	464	    0.28	          6	            0	           33	       6	       8	      10	       8	       8	       6	       6	       6	       7	      10	        8	        9
      25	 86	437	    0.09	          4	            0	           44	       4	       7	       8	       4	       3	       5	       8	       7	       5	       3	        5	        6
      26	101	463	    0.11	          8	            0	           42	       7	      10	      11	       8	       6	       6	       5	       8	       9	       9	       10	        7
      27	 98	462	    0.21	          9	            0	           81	       7	       8	      10	      10	       5	       5	       6	       8	       8	       7	        7	        4
      28	112	436	    0.27	          7	            0	           60	       6	       7	       7	       6	       5	       5	       4	       4	       5	       6	        6	        7
      29	 95	453	    0.21	         18	            0	           98	       8	      11	      11	       8	       5	       8	       9	      11	       7	       7	        8	       11
      30	 87	438	    0.27	          2	            0	           90	       9	      10	       9	       7	       8	       6	       9	      10	      12	       8	        5	        7
      31	103	464	    0.28	          6	            0	           20	       5	       7	       6	       4	       5	       6	       6	       6	       4	       3	        5	        6
      32	115	471	    0.06	         19	            0	           26	       8	      11	      11	       9	       9	       6	       6	       6	       8	       9	       10	       11
      33	141	268	    0.15	          1	            0	           21	       8	       8	      10	       9	       8	       6	       5	       7	      11	      11	        6	        6
      34	153	265	    0.21	          6	            0	           72	       7	       8	       9	       8	       6	       6	       5	       5	       8	       9	        7	        6
      35	165	269	    0.11	          9	            0	           21	       7	      10	      10	       9	       7	       5	       6	       7	       8	       9	       10	        8
      36	170	274	    0.13	         11	            0	           96	       8	       9	      11	       9	       9	       7	       5	       8	       9	       9	       10	       11
      37	152	265	    0.11	          8	            0	           60	       8	      10	      11	       7	       5	       5	       7	       8	       8	       7	        5	        7
      38	137	272	    0.08	         16	            0	           32	       8	      10	      12	       8	       6	       6	       6	       8	      11	      10	        7	        5
      39	152	264	    0.07	          4	            0	           37	       5	       6	       9	       9	       7	       5	       6	       4	       6	       6	        8	        9
      40	154	259	       0	         17	            0	           28	       8	      10	      12	      10	       9	       6	       8	       8	      13	      13	        8	        7
      41	159	298	    0.19	         10	            0	           63	       8	      10	       9	       6	       5	       6	       7	       8	      10	       5	        5	        9
      42	183	290	    0.18	          6	            0	           29	       5	       7	       8	       5	       4	       4	       5	       5	       7	       5	        5	        4
      43	138	246	    0.03	          6	            0	           70	       5	       8	       8	       5	       4	       5	       9	       8	       6	       5	        5	        7
      44	132	262	    0.19	          1	            0	           26	       8	      13	      14	      11	       7	       7	      11	      13	      13	       9	        6	        8
      45	145	276	    0.23	         13	            0	           67	       6	       8	       9	       7	       7	       6	       5	       5	       5	       8	        7	        9
      46	174	246	    0.21	         13	            0	           69	       9	      11	      11	      11	       8	       7	       8	      11	      13	       9	        9	        7
      47	172	228	    0.06	          5	            0	           15	       4	       5	       6	       4	       4	       3	       4	       5	       5	       6	        4	        3
      48	166	242	    0.11	         11	            0	           41	       8	       9	      12	      12	       8	       6	       5	       6	       8	      10	       13	        9
      49	  0	  0	     0.1	          6	            0	           17	       4	       6	       7	       5	       5	       4	       4	       3	       4	       6	        6	        5
      50	  0	  0	    0.05	         19	            0	           81	       8	      12	       9	       9	       6	       8	       9	      12	       9	       9	        5	        7
COST_MATRIX 
	  0	  1	  2	  3	  4	  5	  6	  7	  8	  9	 10	 11	 12	 13	 14	 15	 16	 17	 18	 19	 20	 21	 22	 23	 24	 25	 26	 27	 28	 29	 30	 31	 32	 33	 34	 35	 36	 37	 38	 39	 40	 41	 42	 43	 44	 45	 46	 47	 48	 49	 50
  0
  1	 77
  2	 69	  9
  3	 69	 19	 19
  4	 76	  2	  9	 18
  5	 77	  3	  9	 22	  4
  6	 74	  3	  6	 18	  3	  5
  7	 90	 14	 22	 28	 14	 13	 17
  8	 76	  2	  9	 18	  1	  5	  3	 14
  9	 89	 16	 22	 33	 17	 14	 18	 10	 17
 10	 73	  4	  6	 17	  3	  6	  2	 17	  3	 19
 11	 76	  2	  9	 18	  1	  4	  3	 14	  1	 17	  4
 12	 76	 13	 17	  9	 12	 16	 13	 19	 12	 26	 12	 12
 13	 77	  1	  9	 20	  2	  2	  4	 14	  3	 15	  5	  3	 14
 14	 78	  4	 11	 18	  3	  5	  6	 12	  3	 16	  6	  3	 11	  4
 15	 82	 10	 17	 17	  9	 11	 11	 11	  9	 18	 11	  9	  9	 10	  7
 16	 77	  3	 10	 17	  3	  6	  5	 13	  2	 17	  5	  2	 11	  4	  2	  7
 17	176	132	133	150	133	129	133	128	133	119	134	133	144	131	133	137	134
 18	175	131	132	149	132	128	132	127	133	118	133	132	143	130	132	136	133	  2
 19	182	138	139	157	139	136	140	135	140	126	141	140	151	138	140	144	140	  7	  8
 20	191	144	146	163	145	142	146	140	146	131	147	146	156	143	146	149	146	 16	 16	 11
 21	166	111	113	130	112	108	113	105	113	 97	114	112	122	110	112	115	113	 31	 30	 36	 37
 22	177	135	135	153	136	132	136	132	136	122	137	136	147	134	136	140	137	  5	  6	  6	 16	 35
 23	175	133	133	151	134	130	134	130	134	120	135	134	145	132	134	138	135	  5	  6	  8	 18	 35	  3
 24	177	132	133	151	134	130	134	129	134	120	135	134	145	132	134	138	135	  2	  2	  6	 15	 31	  5	  5
 25	182	132	133	150	133	129	133	127	133	118	134	133	143	131	133	136	134	 16	 15	 17	 15	 23	 19	 20	 15
 26	176	131	132	150	132	129	133	128	133	119	134	133	144	131	133	137	133	  1	  2	  7	 16	 31	  5	  5	  2	 16
 27	177	132	133	151	133	130	134	129	134	120	135	134	145	132	134	138	134	  2	  2	  7	 15	 31	  6	  6	  2	 14	  2
 28	169	120	121	139	121	117	121	116	122	107	122	121	132	119	121	125	122	 16	 14	 21	 25	 16	 20	 19	 16	 14	 15	 15
 29	178	131	133	150	132	129	133	127	133	119	134	133	143	131	133	136	133	  7	  6	 10	 14	 27	 10	 11	  6	 10	  6	  5	 13
 30	181	131	133	150	132	129	133	127	133	118	134	133	143	131	133	136	133	 15	 14	 17	 15	 23	 19	 20	 15	  1	 15	 14	 13	  9
 31	175	131	132	149	132	128	132	128	133	118	133	132	143	130	132	136	133	  2	  2	  8	 17	 31	  5	  5	  3	 16	  2	  3	 15	  7	 16
 32	169	128	128	146	129	125	129	125	130	116	130	129	140	127	130	134	130	  8	  9	 14	 24	 34	  9	  6	  9	 23	  9	 10	 18	 14	 22	  7
 33	169	 95	102	110	 96	 94	 98	 83	 96	 81	 99	 96	101	 95	 94	 93	 95	101	 99	105	103	 70	105	104	101	 89	100	100	 86	 96	 90	100	103
 34	164	 90	 97	104	 91	 88	 93	 78	 91	 76	 93	 90	 96	 90	 89	 88	 90	103	102	108	107	 73	107	107	104	 93	103	103	 88	 99	 93	103	105	  7
 35	158	 84	 90	 98	 84	 82	 86	 71	 85	 70	 87	 84	 89	 83	 83	 82	 84	103	102	108	108	 73	107	106	103	 93	103	103	 88	 99	 94	103	105	 13	  7
 36	155	 80	 87	 95	 81	 79	 83	 68	 81	 66	 84	 81	 86	 80	 79	 79	 81	102	100	107	107	 71	106	105	102	 92	101	101	 87	 98	 92	101	103	 15	 10	  4
 37	165	 90	 97	105	 91	 89	 93	 78	 91	 76	 94	 91	 96	 90	 89	 88	 90	103	102	108	107	 73	107	107	103	 93	103	103	 88	 99	 93	103	105	  6	  1	  7	 11
 38	170	 96	103	111	 97	 95	 99	 85	 98	 82	100	 97	103	 96	 96	 95	 97	 98	 97	102	101	 68	102	102	 98	 87	 98	 97	 83	 93	 87	 98	101	  3	  9	 15	 17	  9
 39	165	 90	 97	105	 91	 89	 93	 78	 92	 76	 94	 91	 96	 90	 90	 88	 91	104	102	108	107	 73	108	107	104	 93	103	103	 89	 99	 93	103	106	  6	  1	  7	 11	  1	  9
 40	165	 90	 97	104	 91	 89	 93	 78	 91	 77	 94	 91	 96	 90	 89	 88	 90	106	105	111	110	 76	110	110	107	 96	106	106	 91	102	 96	106	108	  8	  4	  8	 11	  4	 11	  3
 41	155	 83	 89	 99	 84	 81	 86	 72	 84	 68	 87	 84	 91	 83	 83	 83	 84	 88	 87	 93	 93	 58	 93	 92	 89	 79	 88	 88	 73	 84	 79	 88	 90	 18	 17	 15	 14	 17	 18	 18	 20
 42	145	 72	 78	 87	 73	 70	 75	 61	 73	 57	 76	 73	 79	 72	 71	 71	 72	 97	 95	102	103	 67	101	100	 97	 89	 96	 96	 82	 93	 89	 96	 97	 24	 20	 14	 11	 20	 25	 21	 22	 13
 43	175	100	107	114	101	 99	103	 88	101	 87	104	101	105	100	 99	 98	100	111	110	115	113	 81	115	115	111	 99	111	110	 96	106	100	111	114	 12	 13	 18	 22	 12	 14	 12	 11	 29	 32
 44	175	100	107	115	101	 99	103	 88	101	 86	104	101	106	100	 99	 98	101	103	101	107	105	 72	107	106	103	 91	102	102	 88	 98	 91	103	105	  6	 11	 17	 20	 11	  6	 11	 12	 23	 30	  9
 45	166	 92	 99	107	 93	 91	 95	 80	 93	 78	 96	 93	 99	 92	 91	 91	 92	 97	 96	101	100	 67	101	101	 97	 86	 97	 96	 82	 92	 87	 97	 99	  5	  7	 11	 13	  7	  5	  7	 10	 14	 21	 16	 10
 46	160	 84	 91	 96	 85	 83	 87	 71	 85	 71	 87	 84	 88	 84	 83	 81	 84	115	114	120	120	 85	120	119	116	106	115	115	100	111	106	115	117	 20	 15	 13	 15	 15	 23	 15	 12	 28	 23	 19	 23	 21
 47	165	 89	 97	101	 90	 88	 92	 76	 90	 77	 93	 90	 92	 89	 88	 85	 89	124	122	128	128	 93	128	127	124	114	123	123	109	119	114	123	125	 26	 21	 21	 24	 22	 29	 21	 18	 36	 32	 20	 27	 28	 10
 48	164	 88	 96	101	 89	 87	 91	 76	 89	 75	 92	 89	 92	 88	 87	 85	 88	116	115	121	120	 86	120	120	116	106	116	116	101	112	106	116	118	 19	 14	 14	 17	 14	 21	 14	 11	 29	 26	 15	 20	 20	  5	  8
 49	304	229	237	236	229	228	231	215	229	218	232	229	228	229	226	223	227	238	236	240	234	211	242	242	238	223	237	237	226	232	224	238	243	152	153	158	162	153	153	153	151	169	172	142	147	156	151	143	147
 50	304	229	237	236	229	228	231	215	229	218	232	229	228	229	226	223	227	238	236	240	234	211	242	242	238	223	237	237	226	232	224	238	243	152	153	158	162	153	153	153	151	169	172	142	147	156	151	143	147	  1
