nVehicles:   92
nDepots:      1
nCustomers: 100
nPeriods:     6
VEHICLE_TYPE	FLEET_SIZE	CAPACITY
           1	        92	       8	
DEPOT   	X  	Y  	INV_COST	INITIAL_INV 	MIN_LEVEL_INV 	MAX_LEVEL_INV	PRODUCTION_0	PRODUCTION_1	PRODUCTION_2	PRODUCTION_3	PRODUCTION_4	PRODUCTION_5
       0	313	434	       0	       1137	            0	         4102	         685	         685	         685	         685	         685	         685	
CUSTOMER	X  	Y  	INV_COST	INITIAL_INV	MIN_LEVEL_INV 	MAX_LEVEL_INV	DEMAND_0	DEMAND_1	DEMAND_2	DEMAND_3	DEMAND_4	DEMAND_5
       1	249	235	     0.1	         12	            0	           20	       8	       6	       4	       4	       7	       8
       2	241	257	    0.22	         11	            0	           12	       9	       6	       5	       6	       8	       8
       3	258	250	    0.03	          7	            0	           11	       6	       4	       4	       6	       7	       6
       4	259	252	    0.08	          6	            0	           30	       9	       6	       4	       7	       9	       8
       5	257	252	    0.02	         17	            0	           17	      10	       7	       7	       9	      12	       9
       6	255	248	    0.26	          7	            0	           20	      10	       9	       7	       7	       7	      10
       7	256	249	    0.16	          7	            0	           13	       9	       6	       6	       5	       7	       7
       8	265	223	    0.08	          5	            0	           15	      10	       7	       6	       8	       9	       8
       9	207	327	    0.29	          3	            0	           41	       7	       2	       4	       7	       8	       9
      10	255	250	    0.24	          9	            0	           35	       7	       6	       5	       7	       7	       8
      11	235	305	    0.25	          6	            0	           41	       8	       6	       5	       7	       8	       9
      12	192	290	    0.16	          5	            0	           10	       7	       5	       5	       5	       7	      10
      13	224	235	    0.25	         12	            0	           29	       6	       6	       4	       5	       5	       6
      14	257	245	    0.21	          1	            0	           11	       6	       4	       4	       4	       5	       5
      15	247	254	    0.23	          8	            0	           18	       8	       6	       6	       8	      11	       9
      16	257	248	    0.05	         14	            0	           16	       9	       7	       7	       6	       9	      10
      17	493	 50	    0.29	          3	            0	           12	       7	       5	       5	       7	       9	       9
      18	488	 66	    0.16	          5	            0	           47	       9	       7	       5	       9	      10	      11
      19	496	 83	    0.09	          4	            0	           38	       8	       4	       4	       8	       9	       7
      20	489	 62	    0.03	          1	            0	           10	       8	       5	       5	       5	       6	       6
      21	485	 53	    0.07	          2	            0	            7	       5	       4	       4	       5	       6	       4
      22	451	 74	    0.12	          4	            0	           34	       6	       6	       5	       5	       8	      10
      23	469	110	    0.22	          1	            0	           47	       8	       7	       6	       6	       8	      11
      24	451	 90	    0.13	         12	            0	           15	      11	       5	       5	       5	      11	      12
      25	493	 65	    0.01	         13	            0	           27	      10	       7	       5	       6	       8	      10
      26	491	 72	    0.27	         16	            0	           35	       9	       7	       6	       7	       8	       9
      27	480	 70	    0.25	          4	            0	           24	       5	       4	       4	       4	       5	       6
      28	486	 68	    0.15	          7	            0	           25	       9	       9	       7	       6	       7	      12
      29	479	 57	    0.29	         10	            0	           51	      10	       6	       6	       8	      12	       9
      30	488	 67	    0.05	          6	            0	           33	      10	       6	       5	       8	      10	      10
      31	464	104	    0.02	         11	            0	           41	      10	       9	       7	       7	       9	      10
      32	465	 44	    0.16	          9	            0	           23	       9	       7	       5	       6	       8	       8
      33	142	102	     0.2	          6	            0	           12	       6	       5	       4	       4	       7	       7
      34	129	114	    0.23	          1	            0	           24	       7	       5	       5	       4	       4	       6
      35	132	114	    0.05	          5	            0	           27	      10	       7	       6	       6	      10	      11
      36	118	127	    0.23	         12	            0	           40	      10	       7	       5	       7	       7	      10
      37	137	135	    0.29	          4	            0	           35	       7	       7	       4	       5	       6	       7
      38	138	126	    0.22	          8	            0	           22	      11	       7	       6	       7	       7	       8
      39	101	111	    0.29	         12	            0	           26	       8	       7	       5	       7	       7	      10
      40	134	115	    0.16	         12	            0	           12	       8	       5	       4	       4	       9	      10
      41	135	104	    0.16	          5	            0	           26	       7	       5	       4	       6	       8	       7
      42	116	118	    0.09	          8	            0	           39	       7	       6	       6	       5	       7	      10
      43	122	107	    0.18	          6	            0	           16	       7	       5	       6	       6	       6	       6
      44	142	130	     0.2	         11	            0	           19	       9	       8	       6	       7	       8	      11
      45	 99	140	    0.02	         12	            0	           41	      10	       8	       7	       9	      10	       9
      46	130	112	    0.26	          9	            0	           17	       8	       7	       7	       7	       7	       9
      47	138	118	    0.16	          8	            0	           14	       8	       9	       6	       7	       6	       9
      48	127	112	    0.06	         15	            0	           35	       9	       6	       5	       5	       8	      10
      49	 37	252	    0.22	         13	            0	           30	       8	       7	       6	       7	      10	       9
      50	 44	231	    0.18	          7	            0	           35	       7	       6	       4	       5	       7	       6
      51	 10	298	    0.24	          7	            0	           18	       5	       4	       4	       5	       5	       6
      52	 85	227	    0.03	          7	            0	           22	       6	       3	       3	       4	       5	       5
      53	 59	232	    0.18	          5	            0	           32	       6	       4	       4	       6	       6	       6
      54	 58	237	    0.06	          9	            0	           15	       7	       6	       6	       6	      10	       7
      55	 59	246	    0.18	          6	            0	           13	       5	       5	       4	       4	       4	       5
      56	 49	208	    0.23	          3	            0	           16	       5	       3	       3	       4	       5	       5
      57	 57	246	    0.01	          5	            0	           34	       7	       7	       5	       5	       6	       7
      58	 70	238	    0.15	          9	            0	           14	       7	       5	       5	       4	       7	       9
      59	 72	237	    0.06	         14	            0	           29	       8	       6	       6	       8	       9	       6
      60	101	235	     0.2	          9	            0	           11	       5	       4	       3	       5	       5	       5
      61	 76	262	    0.26	          8	            0	           10	       4	       4	       4	       3	       4	       5
      62	 48	230	    0.04	          1	            0	           16	       6	       4	       3	       3	       5	       6
      63	 54	260	    0.08	          2	            0	           16	       6	       3	       4	       7	       8	       8
      64	 59	239	    0.05	          5	            0	           27	       5	       4	       4	       5	       6	       6
      65	159	481	    0.07	         11	            0	           11	      10	       6	       5	       6	       8	       9
      66	199	486	    0.25	         10	            0	           21	       7	       6	       4	       6	       8	       7
      67	187	456	    0.04	          9	            0	           15	       7	       6	       5	       4	       6	       7
      68	202	486	     0.1	          2	            0	           47	       5	       5	       4	       4	       6	      11
      69	176	483	    0.01	          8	            0	           14	       5	       4	       3	       4	       5	       6
      70	196	496	    0.23	         15	            0	           18	      11	       6	       5	       6	       9	      12
      71	203	483	    0.17	         10	            0	           25	       7	       5	       3	       6	       6	       6
      72	226	477	     0.2	         15	            0	           30	      10	       7	       5	       7	       8	      10
      73	193	497	    0.29	          2	            0	           16	       8	       6	       5	       5	       7	       8
      74	208	482	    0.01	          6	            0	           16	       8	       5	       5	       6	       9	       8
      75	189	479	    0.05	         11	            0	           28	       9	       6	       7	       6	       8	       9
      76	189	472	    0.04	          7	            0	           25	       7	       6	       4	       5	       8	       9
      77	159	456	    0.15	         10	            0	           33	       7	       6	       4	       6	       8	       8
      78	187	438	    0.06	          8	            0	           32	       5	       3	       3	       7	       9	       7
      79	200	484	     0.1	          9	            0	           15	       6	       5	       4	       4	       7	       7
      80	179	486	    0.23	          2	            0	           28	       8	       5	       4	       6	       9	       6
      81	223	266	    0.03	          8	            0	           22	       5	       4	       3	       4	       4	       4
      82	187	268	     0.1	          2	            0	           49	       7	       7	       6	       6	       8	       8
      83	220	298	    0.11	         15	            0	           37	      11	       8	       8	       6	       7	      10
      84	206	287	    0.19	          5	            0	           23	       5	       5	       4	       5	       5	       8
      85	216	278	    0.07	         11	            0	           40	       9	       6	       5	       6	       7	       8
      86	248	289	    0.09	          3	            0	           23	       7	       5	       4	       5	       8	       6
      87	194	290	    0.23	          6	            0	            9	       9	       7	       5	       5	       6	       8
      88	205	272	    0.25	          8	            0	           43	      10	       6	       7	       6	       7	       7
      89	189	304	    0.13	          8	            0	           33	       7	       5	       4	       5	       6	       6
      90	206	276	    0.05	         11	            0	           30	       6	       4	       4	       5	       8	       8
      91	214	286	    0.04	          1	            0	           34	       8	       7	       4	       7	       6	      11
      92	194	293	    0.23	          1	            0	           16	       8	       7	       6	       5	       6	       7
      93	207	284	    0.24	         11	            0	           43	       8	       5	       4	       6	       6	       9
      94	220	278	    0.25	          4	            0	           24	       5	       5	       5	       5	       6	       7
      95	190	286	    0.19	         11	            0	           34	       7	       5	       4	       5	       7	       6
      96	206	284	    0.24	          3	            0	           20	       4	       2	       1	       5	       8	       8
      97	  0	  0	     0.2	         17	            0	           36	       6	       5	       3	       7	      10	      10
      98	  0	  0	    0.09	          1	            0	           18	       5	       4	       4	       4	       4	       6
      99	  0	  0	    0.18	          9	            0	           16	       4	       5	       3	       3	       5	       6
     100	  0	  0	    0.05	          8	            0	           27	       9	       7	       5	       5	       5	       8
COST_MATRIX 
	  0	  1	  2	  3	  4	  5	  6	  7	  8	  9	 10	 11	 12	 13	 14	 15	 16	 17	 18	 19	 20	 21	 22	 23	 24	 25	 26	 27	 28	 29	 30	 31	 32	 33	 34	 35	 36	 37	 38	 39	 40	 41	 42	 43	 44	 45	 46	 47	 48	 49	 50	 51	 52	 53	 54	 55	 56	 57	 58	 59	 60	 61	 62	 63	 64	 65	 66	 67	 68	 69	 70	 71	 72	 73	 74	 75	 76	 77	 78	 79	 80	 81	 82	 83	 84	 85	 86	 87	 88	 89	 90	 91	 92	 93	 94	 95	 96	 97	 98	 99	100
  0
  1	105
  2	 96	 12
  3	 97	  9	 10
  4	 95	 10	 10	  2
  5	 96	 10	  9	  2	  2
  6	 98	  8	  9	  2	  3	  3
  7	 97	  8	  9	  2	  3	  2	  1
  8	109	 11	 21	 14	 15	 16	 14	 14
  9	 76	 51	 39	 47	 46	 46	 47	 47	 60
 10	 97	  9	  8	  2	  3	  2	  2	  1	 15	 46
 11	 76	 36	 25	 30	 30	 29	 31	 30	 44	 18	 30
 12	 95	 40	 30	 39	 39	 38	 38	 39	 50	 20	 38	 23
 13	109	 13	 14	 19	 20	 19	 17	 18	 22	 47	 18	 36	 32
 14	 99	  7	 11	  3	  4	  4	  2	  3	 12	 49	  3	 32	 40	 18
 15	 96	 10	  4	  6	  7	  6	  6	  6	 18	 42	  5	 27	 33	 15	  7
 16	 98	  8	 10	  2	  3	  3	  2	  1	 14	 47	  2	 31	 39	 18	  2	  6
 17	213	154	164	155	155	156	155	155	144	200	156	182	193	164	154	160	155
 18	204	147	157	148	148	149	148	148	137	192	149	175	186	157	147	153	148	  9
 19	198	146	155	146	146	147	147	146	136	190	147	172	184	156	145	152	146	 17	 10
 20	206	148	158	149	150	150	150	150	138	194	151	176	188	159	148	155	149	  7	  3	 12
 21	210	150	160	151	151	152	151	151	140	196	152	178	189	160	150	156	151	  5	  7	 16	  5
 22	193	130	140	131	131	132	132	132	120	176	132	159	169	140	130	137	131	 25	 19	 23	 20	 20
 23	180	127	136	127	127	128	128	128	117	171	128	153	166	138	126	133	127	 33	 24	 20	 27	 30	 21
 24	186	125	135	126	126	127	126	126	115	171	127	153	164	135	125	131	126	 30	 23	 23	 24	 26	  9	 14
 25	206	149	159	150	150	151	151	151	139	194	151	177	188	160	149	156	150	  8	  3	 10	  3	  8	 22	 26	 25
 26	202	146	156	147	147	148	148	148	136	191	148	174	186	157	146	153	147	 12	  4	  7	  6	 10	 21	 22	 22	  4
 27	201	142	152	143	144	144	144	144	132	188	145	170	182	153	142	149	143	 12	  5	 11	  7	  9	 15	 21	 18	  7	  6
 28	203	145	155	146	147	147	147	147	135	191	148	173	185	156	145	152	146	 10	  2	 10	  4	  8	 18	 23	 21	  4	  4	  4
 29	206	146	156	147	147	148	148	148	136	192	148	174	185	156	146	153	147	  8	  7	 16	  6	  4	 17	 27	 22	  9	 10	  7	  7
 30	204	147	156	147	148	148	148	148	137	192	149	174	186	157	146	153	147	  9	  1	  9	  3	  8	 19	 24	 22	  3	  3	  5	  2	  7
 31	182	126	136	127	127	128	127	127	116	171	128	153	165	137	126	132	127	 31	 23	 20	 25	 28	 17	  4	 10	 25	 21	 19	 22	 25	 23
 32	210	145	155	147	147	148	147	147	135	192	148	174	184	154	145	152	146	 15	 16	 25	 16	 11	 17	 34	 25	 18	 20	 16	 16	 10	 17	 31
 33	187	 86	 92	 95	 96	 95	 93	 94	 87	118	 94	112	 98	 79	 92	 93	 93	178	174	178	175	174	156	164	155	177	176	170	173	170	174	162	165
 34	185	 86	 91	 94	 95	 95	 92	 93	 88	114	 93	110	 94	 77	 92	 92	 93	185	182	185	182	181	163	171	162	184	183	177	180	178	182	168	172	  9
 35	184	 85	 90	 93	 94	 94	 91	 92	 86	113	 92	109	 93	 77	 91	 91	 92	184	180	183	181	180	161	169	160	183	181	176	179	176	180	167	171	  8	  2
 36	182	 85	 90	 94	 95	 94	 92	 93	 88	110	 93	107	 90	 76	 92	 91	 93	192	188	191	189	188	169	176	168	191	189	184	187	184	188	174	179	 18	  9	 10
 37	174	 76	 81	 84	 85	 84	 82	 83	 78	103	 83	 99	 83	 67	 82	 82	 83	184	179	182	180	179	160	167	159	182	180	175	178	176	179	165	171	 17	 12	 11	 11
 38	178	 78	 84	 87	 88	 87	 85	 86	 80	107	 86	102	 87	 70	 85	 85	 86	182	178	181	179	178	159	166	158	181	179	174	177	174	178	164	169	 13	  8	  7	 11	  5
 39	194	 97	102	105	106	106	104	104	100	121	104	118	101	 88	103	103	104	199	195	198	196	195	176	185	176	198	196	191	194	191	195	182	186	 21	 15	 16	 12	 22	 20
 40	183	 84	 89	 92	 93	 93	 90	 91	 85	113	 91	108	 93	 76	 90	 90	 91	183	179	182	180	179	160	168	159	182	180	175	178	175	179	166	170	  8	  3	  2	 11	 11	  6	 17
 41	188	 87	 94	 96	 97	 96	 94	 95	 89	118	 95	113	 98	 80	 94	 94	 95	182	178	181	179	177	159	168	159	181	179	174	177	174	178	165	168	  4	  6	  6	 15	 16	 12	 18	  6
 42	187	 89	 94	 97	 98	 98	 96	 96	 92	114	 96	111	 95	 80	 95	 95	 96	192	188	191	189	188	169	177	169	191	189	184	187	185	188	175	179	 16	  7	  9	  5	 14	 12	  9	 10	 12
 43	190	 91	 96	 99	100	100	 97	 98	 93	118	 98	114	 98	 82	 97	 97	 98	188	185	188	185	184	166	174	165	187	186	180	184	181	185	172	175	 11	  5	  7	 11	 16	 13	 11	  8	  7	  7
 44	175	 75	 81	 84	 85	 84	 82	 83	 78	104	 83	100	 84	 67	 82	 82	 83	181	176	179	177	176	158	164	156	179	177	172	175	173	176	162	168	 15	 11	 10	 13	  4	  3	 23	  9	 14	 15	 16
 45	182	 89	 92	 97	 98	 97	 95	 96	 93	108	 96	107	 89	 79	 95	 94	 96	203	198	201	199	198	180	186	178	201	199	194	197	195	198	184	190	 29	 20	 22	 12	 20	 21	 15	 22	 26	 14	 21	 23
 46	186	 86	 92	 95	 96	 95	 93	 94	 88	115	 94	110	 95	 78	 92	 92	 94	185	181	184	182	180	162	170	161	184	182	177	180	177	181	168	171	  8	  2	  2	 10	 13	  9	 15	  3	  5	  8	  5	 11	 21
 47	181	 81	 87	 90	 91	 90	 88	 89	 83	111	 89	106	 91	 73	 88	 88	 89	181	177	180	178	177	159	166	158	180	178	173	176	174	177	164	168	  9	  5	  4	 11	  9	  5	 19	  3	  8	 12	 10	  7	 23	  6
 48	186	 87	 93	 96	 97	 96	 94	 95	 89	115	 95	111	 95	 79	 93	 93	 95	186	182	186	183	182	164	172	163	185	184	178	181	179	182	169	173	 10	  2	  3	  9	 13	  9	 14	  4	  6	  7	  4	 12	 20	  2	  7
 49	166	107	103	111	112	111	110	110	115	 93	110	103	 80	 94	111	106	111	250	244	245	246	246	226	228	223	247	245	240	243	242	244	226	238	 92	 83	 84	 75	 77	 81	 78	 84	 89	 78	 85	 81	 65	 85	 84	 84
 50	169	103	100	108	109	108	106	107	111	 95	106	103	 80	 91	107	103	107	243	237	238	239	238	219	221	216	240	238	233	236	235	237	220	231	 82	 73	 74	 64	 67	 71	 67	 74	 79	 67	 74	 71	 54	 74	 74	 73	 12
 51	167	124	118	127	127	126	126	126	133	100	125	113	 92	112	127	121	127	272	266	266	267	268	248	249	244	269	266	262	265	264	266	247	261	119	110	111	102	104	108	104	111	116	105	111	107	 91	111	111	110	 27	 38
 52	154	 83	 80	 88	 88	 87	 86	 87	 91	 79	 86	 85	 63	 70	 87	 83	 87	223	217	218	219	219	199	201	196	220	218	213	216	215	217	200	211	 69	 61	 62	 53	 53	 58	 59	 62	 67	 57	 63	 57	 45	 62	 61	 62	 28	 21	 52
 53	163	 96	 92	100	101	100	 99	 99	104	 88	 99	 96	 73	 83	100	 95	100	236	230	231	232	232	212	214	209	233	231	226	229	228	230	213	224	 78	 69	 70	 61	 63	 67	 65	 70	 75	 64	 70	 66	 51	 70	 70	 69	 15	  8	 42	 14
 54	162	 96	 93	101	101	100	 99	100	104	 88	 99	 95	 73	 84	100	 95	100	237	232	233	233	233	213	216	210	234	232	227	231	229	232	214	226	 80	 72	 72	 63	 65	 69	 67	 72	 77	 67	 73	 69	 53	 73	 72	 72	 13	  8	 39	 15	  3
 55	159	 96	 92	100	101	100	 99	 99	104	 85	 99	 93	 71	 83	100	 95	100	239	233	234	234	234	215	216	211	236	233	229	232	231	233	215	227	 84	 75	 76	 67	 68	 72	 71	 76	 81	 71	 77	 72	 57	 76	 76	 76	 12	 11	 36	 17	  8	  5
 56	174	101	100	107	108	107	105	106	109	 99	106	105	 83	 89	106	102	106	236	231	233	232	232	212	216	210	234	232	227	230	228	231	214	224	 71	 62	 63	 54	 58	 61	 56	 63	 68	 57	 63	 61	 43	 63	 64	 62	 23	 12	 50	 21	 14	 16	 20
 57	159	 97	 93	101	102	101	100	100	105	 86	100	 94	 71	 84	101	 96	101	240	234	235	235	235	215	217	212	237	234	230	233	232	234	216	228	 84	 76	 76	 67	 69	 73	 71	 76	 82	 71	 77	 72	 58	 77	 76	 76	 11	 10	 36	 17	  8	  5	  2	 20
 58	157	 90	 87	 95	 95	 94	 93	 94	 98	 82	 93	 90	 67	 78	 94	 89	 94	232	227	227	228	228	208	210	205	229	227	222	225	224	226	209	221	 77	 69	 70	 61	 62	 66	 66	 70	 75	 65	 71	 65	 52	 70	 69	 70	 18	 14	 43	 10	  7	  7	  7	 19	  8
 59	156	 89	 86	 94	 94	 93	 92	 93	 97	 82	 92	 89	 66	 77	 93	 88	 93	231	225	226	227	227	207	209	204	228	226	221	224	223	225	207	219	 77	 68	 69	 60	 61	 65	 65	 69	 74	 64	 70	 64	 51	 69	 69	 69	 20	 15	 44	  9	  7	  8	  8	 19	  9	  2
 60	146	 75	 71	 79	 80	 79	 78	 78	 83	 71	 78	 76	 54	 62	 79	 74	 79	217	212	212	213	213	193	195	190	214	212	207	210	209	211	193	206	 70	 63	 63	 55	 54	 58	 63	 63	 68	 59	 65	 57	 48	 64	 62	 63	 34	 29	 56	  9	 22	 22	 22	 30	 23	 16	 15
 61	147	 88	 83	 92	 92	 91	 90	 91	 97	 74	 90	 83	 60	 76	 91	 86	 91	234	229	229	230	230	210	211	207	231	229	224	227	227	228	210	223	 87	 79	 80	 71	 71	 75	 77	 80	 85	 75	 81	 74	 63	 80	 79	 80	 21	 23	 38	 19	 18	 16	 12	 31	 13	 13	 13	 19
 62	168	101	 98	106	107	106	104	105	109	 94	104	101	 79	 89	105	101	105	241	235	236	236	236	217	219	214	238	236	231	234	233	235	218	229	 80	 71	 72	 63	 66	 69	 66	 72	 77	 66	 72	 69	 52	 72	 72	 72	 13	  3	 39	 19	  6	  7	 10	 12	 10	 12	 13	 27	 22
 63	157	 99	 94	103	103	102	101	102	108	 84	101	 94	 71	 86	102	 97	102	244	238	239	239	240	220	221	216	241	238	234	237	236	238	220	233	 91	 83	 83	 74	 76	 80	 79	 83	 88	 78	 84	 79	 65	 84	 83	 83	 10	 16	 30	 23	 15	 12	  8	 27	  8	 14	 15	 27	 12	 16
 64	161	 96	 92	100	101	100	 99	 99	104	 87	 99	 94	 72	 83	100	 95	100	237	232	233	233	233	213	215	210	234	232	227	230	229	232	214	226	 81	 72	 73	 64	 66	 69	 68	 73	 78	 67	 74	 69	 54	 73	 73	 73	 13	  9	 39	 15	  4	  2	  4	 17	  4	  6	  7	 22	 15	  8	 11
 65	 81	131	120	126	125	125	127	126	140	 81	126	 96	 97	128	128	122	127	273	265	261	267	270	251	242	245	267	264	261	264	266	265	243	267	190	185	184	179	174	178	188	184	189	183	188	176	174	186	182	186	130	138	118	133	135	133	128	148	129	130	130	127	118	138	123	131
 66	 63	128	117	122	121	121	123	122	136	 80	122	 93	 99	127	124	119	123	263	255	251	257	260	242	232	235	257	254	252	254	257	255	233	258	195	190	189	185	179	183	194	189	194	189	194	181	181	191	187	191	143	150	134	142	146	144	139	158	140	140	140	135	128	149	135	142	 21
 67	 64	115	104	109	109	108	110	110	123	 66	109	 80	 84	113	112	106	110	255	247	243	249	251	233	224	226	249	245	243	245	248	246	224	249	179	174	174	169	163	167	178	173	178	173	178	165	165	175	171	175	127	134	119	126	129	128	123	142	124	124	124	119	112	133	119	126	 19	 17
 68	 62	128	117	122	121	121	122	122	136	 80	121	 92	 99	126	124	119	123	263	255	250	257	259	241	231	234	256	253	251	253	256	254	232	258	195	190	190	185	179	183	195	189	194	189	194	181	181	191	187	191	144	150	135	143	146	144	140	159	141	141	141	136	129	150	136	143	 22	  2	 17
 69	 73	130	118	124	123	123	124	124	138	 80	124	 94	 97	127	126	120	125	269	261	257	263	265	247	238	240	263	259	257	260	262	261	239	263	192	186	186	181	176	180	190	186	191	185	190	178	176	187	184	188	135	143	125	136	139	137	133	152	133	134	134	130	122	142	128	136	  9	 12	 15	 14
 70	 67	134	122	127	127	126	128	128	141	 85	127	 98	104	132	130	124	128	268	260	256	262	265	247	237	240	262	259	256	259	262	260	238	263	199	194	194	189	183	188	199	194	199	194	198	185	185	195	192	196	146	153	136	146	149	147	143	162	144	144	144	139	132	153	138	146	 20	  6	 21	  6	 12
 71	 61	127	115	120	119	119	121	120	134	 79	120	 91	 97	125	123	117	121	261	253	248	255	258	240	230	233	255	251	249	252	254	253	231	256	193	189	188	184	178	182	193	188	193	188	193	180	180	190	186	190	143	149	134	141	145	143	139	158	140	140	140	135	128	149	135	142	 23	  3	 16	  2	 14	  8
 72	 49	122	111	115	114	114	116	115	129	 76	115	 87	 96	122	118	112	116	252	244	239	246	249	231	221	224	246	242	240	243	246	244	222	248	193	188	188	184	177	181	194	187	192	188	193	179	181	189	185	190	147	154	141	144	149	147	143	162	144	143	143	137	132	153	139	146	 34	 15	 23	 13	 26	 18	 12
 73	 68	134	123	128	127	127	129	128	142	 86	128	 99	104	132	131	125	129	270	262	257	264	266	248	238	241	263	260	258	260	263	261	239	265	200	195	194	189	184	188	199	194	199	194	199	186	185	196	192	196	146	153	136	146	149	147	143	162	143	144	144	139	132	152	138	146	 19	  7	 21	  8	 12	  2	  9	 20
 74	 58	126	114	119	118	118	120	119	133	 78	119	 90	 97	124	122	116	120	259	251	247	253	256	238	228	231	253	250	247	250	253	251	229	254	193	189	188	184	178	182	194	188	193	188	193	180	180	190	186	190	144	150	136	142	146	144	140	159	141	141	141	135	129	150	136	143	 25	  5	 17	  4	 17	 10	  3	 10	 11
 75	 66	126	115	120	119	119	121	120	134	 77	120	 90	 95	124	122	117	121	263	255	251	257	260	242	232	235	257	254	251	254	257	255	233	258	190	185	185	180	174	179	190	185	190	185	189	177	176	186	183	187	137	144	128	137	140	138	134	153	134	135	135	130	123	144	129	137	 16	  7	 12	  8	  7	 10	  8	 19	 10	 10
 76	 65	123	111	117	116	116	117	117	131	 74	116	 87	 92	120	119	113	118	261	253	248	255	257	239	229	232	255	251	249	251	254	252	230	255	187	182	182	177	171	175	186	181	186	181	186	173	172	183	179	183	134	141	125	134	137	135	131	150	131	132	132	127	120	141	126	134	 16	  9	  9	 10	  9	 13	  9	 19	 13	 11	  4
 77	 78	120	108	115	114	114	115	115	128	 69	114	 85	 85	116	117	111	115	263	256	252	257	260	241	233	235	258	254	252	254	256	255	233	257	178	172	172	166	161	166	175	171	177	171	176	164	161	173	170	173	119	127	109	121	123	121	117	136	117	118	118	115	106	126	112	120	 13	 26	 15	 27	 16	 28	 26	 36	 27	 28	 19	 18
 78	 64	107	 95	101	100	100	101	101	115	 57	100	 71	 75	104	103	 97	102	248	240	236	242	244	225	217	219	242	238	236	238	241	239	217	242	170	165	165	160	154	158	170	164	170	164	169	156	156	166	162	166	120	126	113	118	122	120	116	135	116	116	116	111	105	126	112	119	 26	 25	 10	 26	 24	 30	 24	 28	 30	 25	 21	 18	 17
 79	 62	127	116	121	120	120	122	121	135	 79	121	 92	 98	126	123	118	122	262	254	250	256	259	241	231	234	256	253	250	253	256	254	232	257	194	189	189	184	178	182	193	188	193	188	193	180	180	190	186	190	142	149	133	141	145	143	139	158	139	140	140	134	128	149	134	142	 21	  2	 16	  2	 13	  7	  2	 14	  8	  5	  7	  9	 25	 24
 80	 72	131	119	125	124	124	125	125	139	 81	124	 95	 99	128	127	121	126	269	261	257	263	266	247	238	241	263	260	257	260	262	261	239	264	193	188	188	183	177	182	192	187	193	187	192	179	178	189	186	189	137	145	127	138	141	139	135	154	135	136	136	132	124	144	130	138	 11	 11	 16	 12	  3	 10	 13	 24	  9	 15	  7	  9	 19	 25	 11
 81	 96	 21	 11	 20	 20	 19	 19	 19	 31	 32	 18	 21	 20	 16	 20	 14	 20	173	167	165	168	169	150	146	145	169	166	162	165	166	166	146	165	 92	 90	 89	 88	 79	 82	 99	 88	 93	 92	 95	 80	 89	 90	 86	 91	 94	 92	108	 72	 84	 84	 83	 92	 84	 78	 77	 63	 74	 90	 85	 84	113	111	 97	111	112	116	109	106	117	109	108	105	101	 88	110	113
 82	105	 36	 28	 37	 37	 36	 36	 36	 46	 32	 36	 31	 12	 25	 37	 31	 37	188	182	181	183	184	164	162	160	184	181	177	180	181	181	161	179	 86	 83	 82	 79	 72	 76	 90	 81	 87	 83	 87	 73	 78	 84	 79	 84	 76	 74	 90	 55	 67	 67	 65	 76	 66	 61	 60	 47	 56	 73	 67	 66	108	110	 95	110	108	115	108	107	115	108	106	103	 96	 86	109	110	 19
 83	 83	 35	 24	 31	 31	 30	 31	 31	 44	 16	 30	  9	 15	 32	 33	 26	 32	185	178	175	179	181	161	157	156	180	177	173	176	177	177	156	177	106	103	102	100	 92	 96	111	102	106	104	108	 93	100	104	 99	104	 95	 95	106	 77	 88	 87	 85	 97	 86	 81	 81	 68	 75	 93	 86	 86	 97	 95	 81	 95	 96	100	 93	 90	101	 93	 92	 89	 85	 72	 94	 97	 17	 23
 84	 91	 34	 24	 32	 32	 31	 32	 32	 44	 21	 31	 18	  8	 28	 34	 27	 33	187	180	178	181	183	163	159	158	182	179	175	178	179	179	159	178	 98	 95	 95	 92	 84	 88	103	 94	 99	 96	100	 85	 91	 96	 92	 97	 87	 86	 99	 68	 79	 79	 77	 88	 78	 73	 72	 59	 67	 84	 78	 78	100	100	 86	100	100	105	 99	 96	106	 98	 97	 93	 88	 77	 99	101	 14	 14	  9
 85	 92	 28	 17	 26	 26	 25	 25	 25	 37	 25	 25	 17	 14	 22	 27	 20	 26	180	173	171	175	176	156	152	151	175	172	169	172	172	173	152	171	 96	 93	 93	 91	 82	 86	102	 92	 96	 95	 98	 83	 91	 94	 90	 95	 91	 90	104	 71	 82	 82	 81	 91	 82	 76	 75	 62	 71	 88	 82	 81	106	105	 91	105	105	110	103	100	111	103	102	 98	 94	 82	104	106	  7	 16	 11	  7
 86	 80	 28	 17	 21	 20	 20	 21	 21	 35	 28	 20	 11	 29	 30	 23	 18	 21	172	164	162	166	168	148	143	143	166	163	160	163	164	164	143	164	108	106	105	104	 95	 99	116	105	109	109	111	 96	106	107	102	108	108	107	120	 88	 99	 99	 97	108	 98	 93	 92	 79	 88	105	 99	 98	106	102	 89	102	104	107	100	 95	108	 99	100	 97	 95	 81	101	105	 17	 33	 15	 22	 17
 87	 94	 39	 29	 38	 38	 37	 38	 38	 49	 20	 37	 22	  2	 32	 39	 33	 38	192	185	184	187	188	168	165	163	188	185	181	184	185	185	164	184	 98	 94	 94	 90	 83	 87	101	 93	 98	 95	 99	 85	 89	 95	 91	 96	 81	 81	 93	 63	 74	 73	 71	 84	 72	 68	 67	 55	 61	 79	 72	 73	 98	 99	 84	 99	 97	104	 97	 95	104	 97	 95	 92	 85	 75	 98	 99	 19	 12	 14	  7	 13	 28
 88	 98	 29	 20	 29	 29	 28	 28	 28	 39	 28	 28	 23	 12	 21	 30	 23	 29	182	176	174	177	178	158	155	154	178	175	171	174	175	175	155	173	 91	 88	 88	 85	 77	 81	 96	 87	 92	 89	 93	 78	 85	 89	 84	 90	 85	 84	 99	 65	 76	 76	 75	 85	 76	 70	 69	 56	 65	 82	 76	 75	108	108	 93	108	107	113	106	104	113	106	104	101	 95	 84	107	108	 10	 10	 16	  8	  7	 24	 11
 89	 90	 46	 36	 44	 44	 43	 44	 44	 56	 15	 43	 24	  8	 39	 46	 39	 45	199	192	190	193	195	175	171	170	194	191	187	190	191	191	171	190	104	100	100	 96	 89	 93	107	 99	104	100	105	 91	 94	101	 97	101	 81	 82	 90	 65	 75	 74	 72	 85	 73	 69	 68	 56	 61	 80	 71	 73	 90	 92	 77	 92	 90	 97	 90	 89	 97	 90	 88	 85	 78	 68	 91	 92	 26	 19	 16	 13	 19	 31	  8	 18
 90	 96	 30	 20	 30	 30	 29	 29	 29	 40	 26	 28	 21	 10	 23	 30	 24	 30	183	176	175	178	179	159	156	154	179	176	172	175	175	176	156	174	 93	 90	 90	 87	 79	 83	 98	 89	 94	 91	 95	 80	 87	 91	 87	 92	 86	 85	 99	 66	 77	 77	 76	 86	 76	 71	 70	 57	 66	 83	 77	 76	106	106	 91	106	105	111	104	101	111	104	102	 99	 94	 82	105	106	 10	 11	 14	  6	  6	 22	 10	  3	 17
 91	 90	 31	 20	 29	 29	 28	 28	 28	 41	 21	 28	 15	 12	 26	 30	 23	 29	183	176	174	178	179	159	155	154	178	176	172	175	176	176	155	175	 99	 96	 96	 93	 85	 89	105	 95	100	 98	101	 86	 93	 97	 93	 98	 91	 90	103	 71	 83	 82	 81	 92	 82	 76	 76	 62	 71	 88	 82	 81	102	101	 87	101	101	106	 99	 96	107	 99	 98	 94	 90	 78	100	102	 11	 17	  7	  5	  5	 18	 11	  9	 16	  7
 92	 93	 40	 30	 39	 39	 38	 38	 39	 50	 19	 38	 22	  2	 33	 40	 33	 39	193	186	184	188	189	169	166	164	189	186	182	185	186	186	165	185	 99	 96	 95	 92	 84	 89	103	 94	 99	 96	100	 86	 91	 96	 92	 97	 82	 82	 93	 64	 75	 74	 72	 85	 73	 68	 68	 55	 62	 80	 72	 73	 96	 97	 82	 97	 96	102	 96	 94	103	 95	 94	 90	 84	 73	 96	 97	 20	 13	 14	  7	 14	 28	  2	 12	  7	 11	 11
 93	 92	 33	 22	 31	 31	 30	 31	 31	 43	 22	 30	 18	  9	 26	 32	 26	 31	185	178	177	180	181	161	158	156	181	178	174	177	178	178	157	177	 97	 94	 93	 91	 83	 87	102	 93	 97	 95	 99	 84	 91	 95	 90	 95	 87	 86	 99	 68	 79	 79	 77	 88	 78	 73	 72	 59	 67	 84	 78	 78	102	102	 87	102	101	107	100	 97	107	100	 98	 95	 90	 78	101	102	 13	 13	 10	  2	  6	 21	  8	  7	 14	  5	  4	  8
 94	 91	 26	 15	 24	 24	 23	 24	 24	 36	 26	 23	 16	 16	 22	 25	 19	 24	178	171	169	173	174	155	151	149	174	171	167	170	171	171	150	170	 97	 94	 94	 92	 83	 87	103	 93	 97	 96	 99	 84	 92	 95	 90	 96	 93	 92	106	 73	 84	 84	 83	 93	 84	 78	 77	 64	 73	 90	 84	 83	106	105	 91	105	105	110	103	100	111	103	102	 99	 95	 82	104	107	  7	 18	 11	  9	  3	 16	 15	  9	 21	  8	  6	 16	  8
 95	 97	 39	 30	 39	 39	 38	 38	 38	 49	 23	 38	 25	  3	 31	 40	 33	 39	193	186	184	187	188	169	165	164	188	185	181	184	185	185	165	184	 96	 92	 91	 88	 81	 85	 99	 90	 96	 92	 96	 82	 87	 93	 88	 93	 79	 79	 91	 61	 71	 71	 69	 81	 70	 65	 64	 52	 59	 77	 70	 70	 99	101	 86	101	 99	106	 99	 98	106	 99	 97	 94	 87	 77	100	101	 20	 10	 17	  9	 14	 30	  3	 11	 10	 10	 13	  5	  9	 16
 96	 93	 33	 23	 32	 31	 31	 31	 31	 43	 22	 30	 18	  8	 27	 33	 26	 32	186	179	177	180	182	162	158	157	181	178	174	177	178	178	158	177	 97	 94	 93	 90	 83	 87	102	 92	 97	 95	 98	 84	 90	 95	 90	 95	 87	 86	 99	 67	 78	 78	 76	 88	 77	 72	 72	 58	 66	 84	 77	 77	102	102	 87	102	101	107	100	 98	107	100	 98	 95	 90	 78	101	102	 13	 13	 10	  2	  6	 22	  7	  7	 14	  5	  5	  8	  1	  8	  9
 97	268	172	177	180	181	180	178	179	174	194	179	193	174	163	178	178	179	248	247	252	247	244	229	241	230	249	249	243	246	242	247	238	234	 88	 87	 88	 87	 97	 94	 76	 89	 86	 83	 82	 97	 86	 86	 91	 85	128	118	150	122	120	122	127	107	127	125	124	128	137	118	133	124	254	263	247	264	258	267	262	264	267	263	258	255	242	239	262	259	174	164	186	177	177	191	175	171	179	173	179	176	176	178	172	176
 98	268	172	177	180	181	180	178	179	174	194	179	193	174	163	178	178	179	248	247	252	247	244	229	241	230	249	249	243	246	242	247	238	234	 88	 87	 88	 87	 97	 94	 76	 89	 86	 83	 82	 97	 86	 86	 91	 85	128	118	150	122	120	122	127	107	127	125	124	128	137	118	133	124	254	263	247	264	258	267	262	264	267	263	258	255	242	239	262	259	174	164	186	177	177	191	175	171	179	173	179	176	176	178	172	176	  1
 99	268	172	177	180	181	180	178	179	174	194	179	193	174	163	178	178	179	248	247	252	247	244	229	241	230	249	249	243	246	242	247	238	234	 88	 87	 88	 87	 97	 94	 76	 89	 86	 83	 82	 97	 86	 86	 91	 85	128	118	150	122	120	122	127	107	127	125	124	128	137	118	133	124	254	263	247	264	258	267	262	264	267	263	258	255	242	239	262	259	174	164	186	177	177	191	175	171	179	173	179	176	176	178	172	176	  1	  1
100	268	172	177	180	181	180	178	179	174	194	179	193	174	163	178	178	179	248	247	252	247	244	229	241	230	249	249	243	246	242	247	238	234	 88	 87	 88	 87	 97	 94	 76	 89	 86	 83	 82	 97	 86	 86	 91	 85	128	118	150	122	120	122	127	107	127	125	124	128	137	118	133	124	254	263	247	264	258	267	262	264	267	263	258	255	242	239	262	259	174	164	186	177	177	191	175	171	179	173	179	176	176	178	172	176	  1	  1	  1
