nVehicles:   19
nDepots:      1
nCustomers: 100
nPeriods:     6
VEHICLE_TYPE	FLEET_SIZE	CAPACITY
           4	        19	      38	
DEPOT   	X  	Y  	INV_COST	INITIAL_INV 	MIN_LEVEL_INV 	MAX_LEVEL_INV	PRODUCTION_0	PRODUCTION_1	PRODUCTION_2	PRODUCTION_3	PRODUCTION_4	PRODUCTION_5
       0	338	158	       0	        848	            0	         4096	         689	         689	         689	         689	         689	         689	
CUSTOMER	X  	Y  	INV_COST	INITIAL_INV	MIN_LEVEL_INV 	MAX_LEVEL_INV	DEMAND_0	DEMAND_1	DEMAND_2	DEMAND_3	DEMAND_4	DEMAND_5
       1	 54	  4	    0.29	          9	            0	           17	       6	       6	       6	       8	      10	       9
       2	 64	 46	    0.07	         14	            0	           49	       8	       8	       8	      10	      12	       8
       3	 42	 10	    0.26	          3	            0	           18	       4	       4	       3	       3	       4	       5
       4	 50	 36	    0.13	         12	            0	           38	       8	       6	       6	       9	      11	      12
       5	 54	 39	    0.23	          4	            0	           41	       9	       5	       5	       8	       9	       8
       6	 62	 39	       0	          3	            0	           12	       9	       5	       6	       8	      12	      11
       7	 44	 27	    0.16	          1	            0	            6	       5	       4	       4	       4	       5	       4
       8	 15	 57	    0.09	          5	            0	           22	       6	       6	       6	       7	       8	      10
       9	 53	 15	    0.27	          1	            0	           41	      10	       6	       7	      11	      12	       9
      10	 40	 18	       0	          2	            0	           34	       6	       5	       5	       5	       7	       8
      11	 21	 51	     0.1	         13	            0	           37	       9	       7	       7	       7	      11	      13
      12	 53	 23	    0.28	          6	            0	           28	       8	       7	       7	       7	       7	      10
      13	 51	 27	    0.22	          8	            0	           16	       8	       8	       7	       7	       8	      10
      14	 57	 30	    0.17	          4	            0	           32	       9	       6	       7	       7	      10	       7
      15	 59	 41	    0.19	         15	            0	           19	       9	       6	       7	       9	      10	      10
      16	 49	 24	    0.21	          3	            0	           27	      11	       9	       7	       9	      11	      14
      17	192	123	    0.19	          2	            0	           20	       6	       4	       4	       5	       6	       6
      18	199	134	    0.24	          4	            0	           24	      11	       9	       8	       9	      10	      14
      19	185	120	    0.16	          6	            0	           16	       4	       3	       3	       4	       5	       6
      20	199	121	    0.06	          7	            0	           23	       7	       6	       5	       5	       6	       7
      21	196	133	    0.22	         10	            0	           11	       6	       6	       4	       5	       5	       9
      22	185	103	    0.13	          9	            0	           41	      11	       8	       7	       8	      10	      12
      23	212	114	    0.05	          5	            0	           11	       8	       6	       5	       5	       7	       6
      24	176	105	    0.26	          7	            0	           25	       5	       4	       4	       4	       4	       6
      25	203	121	    0.24	         10	            0	           19	       7	       5	       5	       4	       7	       6
      26	225	116	    0.25	          2	            0	           17	       8	       6	       9	      11	      11	       9
      27	220	169	    0.26	          7	            0	           14	       5	       4	       4	       3	       4	       6
      28	202	128	    0.19	          9	            0	           15	       9	       8	       5	       5	       7	       9
      29	199	127	    0.12	         10	            0	           35	       7	       4	       4	       7	       8	       6
      30	214	122	    0.06	         15	            0	           35	       8	       7	       7	       6	       9	       9
      31	223	 91	    0.25	          8	            0	           14	      10	       6	       6	       8	      10	       9
      32	194	130	    0.16	          8	            0	           11	       4	       4	       3	       3	       6	       6
      33	 45	250	    0.08	          7	            0	           19	       8	       5	       5	       9	       9	       8
      34	 34	259	    0.08	         10	            0	           15	       6	       4	       4	       4	       6	       8
      35	 65	265	    0.18	          3	            0	           23	       7	       5	       4	       4	       6	       7
      36	 50	261	    0.25	         12	            0	           16	       6	       6	       5	       4	       8	       9
      37	 34	247	    0.16	          4	            0	            6	       6	       4	       3	       4	       5	       6
      38	 59	252	    0.06	          6	            0	           11	       4	       4	       4	       5	       5	       4
      39	 21	257	    0.14	          7	            0	           15	       4	       3	       4	       5	       5	       5
      40	 40	252	    0.24	          7	            0	           29	       5	       4	       4	       6	       8	       5
      41	 39	254	     0.3	          9	            0	           30	       7	       5	       5	       9	       9	       7
      42	 37	255	    0.01	          6	            0	           26	      10	       6	       7	       5	       7	       9
      43	 45	246	     0.1	         15	            0	           35	       9	       6	       5	       8	      10	       8
      44	 40	255	    0.16	         13	            0	           23	       7	       6	       5	       7	       8	       9
      45	 65	251	    0.14	         10	            0	           11	       8	       6	       6	       6	       8	       9
      46	 57	219	    0.17	         13	            0	           36	       8	       5	       6	      10	      12	      11
      47	 57	255	    0.15	          6	            0	           15	       5	       3	       3	       5	       5	       4
      48	 37	188	    0.01	          3	            0	           16	       7	       4	       4	       8	       7	       6
      49	140	168	    0.09	          4	            0	           36	      10	       8	       7	      12	      11	       8
      50	133	144	    0.18	         16	            0	           25	      10	       8	       6	       8	      10	      10
      51	152	132	    0.11	          7	            0	           18	       8	       6	       6	       7	       8	       6
      52	145	130	    0.01	          6	            0	           24	       5	       4	       3	       5	       5	       5
      53	140	136	    0.06	          7	            0	           27	       5	       3	       4	       6	       5	       4
      54	139	135	    0.14	         12	            0	           27	       9	       8	       7	       8	      13	      11
      55	131	132	    0.04	         14	            0	           17	      12	       8	       6	       8	      12	      13
      56	136	150	    0.09	          4	            0	           32	       9	       9	       6	       8	       9	      13
      57	129	139	    0.19	          1	            0	           16	       5	       3	       4	       5	       6	       4
      58	138	136	    0.06	          1	            0	           49	      11	       8	       9	      11	      10	       9
      59	136	135	    0.09	          8	            0	           21	       7	       5	       4	       5	       6	       8
      60	135	135	    0.11	          2	            0	            8	       6	       4	       4	       4	       7	       8
      61	141	146	    0.15	          6	            0	           24	       5	       4	       4	       4	       5	       5
      62	121	157	    0.11	          4	            0	           16	       8	       7	       6	       8	      11	       9
      63	139	138	    0.04	          6	            0	           49	      11	       8	       8	       6	      10	      11
      64	137	135	    0.02	         15	            0	           37	       9	       7	       7	      11	       9	       7
      65	254	182	    0.05	          1	            0	           21	      10	       8	       5	       7	       7	       9
      66	241	169	    0.06	         14	            0	           42	       8	       8	       6	       7	      10	      12
      67	195	206	    0.06	          1	            0	           10	       6	       4	       3	       5	       7	       7
      68	256	202	    0.05	          5	            0	           27	       7	       5	       5	       5	       7	       9
      69	239	196	    0.27	          3	            0	           34	      11	       8	       7	       9	      10	      13
      70	251	217	    0.24	          6	            0	            8	       7	       6	       5	       8	       8	       6
      71	232	195	    0.17	          1	            0	           17	       6	       5	       4	       5	       7	       7
      72	273	257	     0.3	          3	            0	           25	       5	       4	       4	       6	       5	       4
      73	204	200	    0.23	         13	            0	           19	       9	       8	       6	       6	       7	      11
      74	229	189	     0.2	          1	            0	           32	       7	       5	       6	       8	       8	       8
      75	221	195	    0.13	          1	            0	           37	      12	       8	       6	      10	      10	      10
      76	243	179	    0.25	          5	            0	           23	       5	       4	       4	       6	       6	       6
      77	222	165	    0.16	         10	            0	           25	       7	       5	       7	       9	      11	       6
      78	237	199	    0.22	          6	            0	           33	       7	       5	       6	       7	      10	      10
      79	227	191	    0.07	          5	            0	           32	       8	       6	       7	       7	       8	       9
      80	254	210	    0.24	          6	            0	           28	       9	       8	       7	       8	      10	       9
      81	439	411	    0.05	          3	            0	           11	       9	       6	       6	       6	       8	      10
      82	448	398	    0.03	          4	            0	           17	       5	       3	       4	       4	       6	       6
      83	438	395	    0.14	          6	            0	           11	       8	       5	       7	       8	      11	       7
      84	434	416	    0.26	         15	            0	           38	       9	       8	       6	       7	       9	       9
      85	452	391	    0.19	          6	            0	           30	       6	       4	       4	       5	       6	       8
      86	438	381	    0.01	          6	            0	           23	       8	       6	       5	       7	       7	       9
      87	435	374	    0.05	         10	            0	           23	       6	       5	       4	       6	       6	       9
      88	478	380	    0.14	         20	            0	           28	      11	       9	       7	       7	       8	       9
      89	456	393	    0.05	          4	            0	           12	       6	       4	       4	       6	       6	       6
      90	500	462	    0.19	          2	            0	           21	       6	       4	       5	       6	       7	       6
      91	432	406	    0.23	          1	            0	           16	       5	       4	       4	       6	       6	       5
      92	482	387	     0.2	          4	            0	            9	       5	       4	       4	       5	       8	       5
      93	443	391	    0.17	          8	            0	           35	       7	       7	       7	       8	       8	      13
      94	449	389	    0.07	          2	            0	           45	       8	       7	       6	       6	       8	      11
      95	461	386	    0.03	         13	            0	           24	       9	       7	       7	       9	      11	      13
      96	429	405	     0.2	         14	            0	           55	      10	       6	       6	      11	      11	      12
      97	  0	  0	    0.28	          2	            0	           22	       6	       7	       5	       4	       6	       6
      98	  0	  0	    0.28	          6	            0	            6	       4	       4	       4	       4	       5	       5
      99	  0	  0	    0.27	          4	            0	           23	       4	       4	       3	       4	       6	       6
     100	  0	  0	    0.29	          7	            0	           37	       7	       6	       6	       5	       8	       7
COST_MATRIX 
	  0	  1	  2	  3	  4	  5	  6	  7	  8	  9	 10	 11	 12	 13	 14	 15	 16	 17	 18	 19	 20	 21	 22	 23	 24	 25	 26	 27	 28	 29	 30	 31	 32	 33	 34	 35	 36	 37	 38	 39	 40	 41	 42	 43	 44	 45	 46	 47	 48	 49	 50	 51	 52	 53	 54	 55	 56	 57	 58	 59	 60	 61	 62	 63	 64	 65	 66	 67	 68	 69	 70	 71	 72	 73	 74	 75	 76	 77	 78	 79	 80	 81	 82	 83	 84	 85	 86	 87	 88	 89	 90	 91	 92	 93	 94	 95	 96	 97	 98	 99	100
  0
  1	162
  2	149	 22
  3	166	  7	 22
  4	157	 17	  9	 14
  5	154	 18	  7	 16	  3
  6	151	 18	  4	 18	  7	  5
  7	161	 13	 14	  9	  6	  8	 11
  8	170	 33	 26	 28	 21	 22	 26	 21
  9	160	  6	 17	  7	 11	 13	 13	  8	 29
 10	165	 10	 19	  5	 11	 13	 16	  5	 24	  7
 11	168	 29	 22	 24	 17	 18	 22	 17	  5	 25	 20
 12	158	 10	 13	  9	  7	  9	 10	  5	 26	  5	  7	 22
 13	158	 12	 12	 10	  5	  7	  9	  4	 24	  7	  8	 20	  3
 14	155	 14	  9	 13	  5	  5	  6	  7	 25	  8	 11	 21	  5	  4
 15	152	 19	  4	 18	  6	  3	  2	 11	 24	 14	 15	 20	 10	  9	  6
 16	160	 11	 14	  8	  7	  8	 10	  3	 24	  5	  6	 20	  3	  2	  6	 10
 17	 76	 92	 75	 94	 84	 81	 78	 89	 95	 89	 93	 93	 86	 86	 82	 79	 87
 18	 71	 98	 81	101	 90	 87	 84	 95	100	 95	 99	 99	 92	 92	 89	 85	 94	  7
 19	 79	 88	 71	 91	 80	 78	 74	 85	 91	 85	 89	 89	 82	 82	 79	 75	 84	  4	 10
 20	 72	 94	 78	 97	 86	 84	 80	 91	 98	 91	 95	 96	 88	 88	 85	 81	 90	  4	  7	  8
 21	 73	 96	 80	 99	 88	 86	 82	 93	 99	 93	 97	 97	 91	 90	 87	 83	 92	  6	  2	  9	  7
 22	 82	 83	 67	 86	 76	 73	 70	 81	 89	 80	 85	 87	 78	 78	 74	 71	 79	 11	 18	  9	 12	 16
 23	 67	 97	 82	100	 90	 88	 84	 95	103	 94	 99	101	 92	 92	 89	 85	 94	 11	 12	 14	  8	 13	 15
 24	 86	 80	 64	 83	 72	 70	 66	 77	 85	 77	 81	 83	 74	 74	 71	 67	 76	 13	 19	  9	 15	 18	  5	 19
 25	 70	 95	 79	 98	 88	 86	 82	 93	100	 92	 97	 98	 90	 90	 87	 83	 92	  6	  7	 10	  3	  7	 13	  6	 16
 26	 61	103	 88	106	 97	 94	 91	101	110	100	105	108	 98	 98	 95	 92	100	 17	 16	 21	 14	 17	 22	  7	 26	 12
 27	 60	118	100	120	108	106	103	114	117	114	118	116	111	111	108	103	113	 27	 21	 31	 27	 22	 38	 28	 39	 26	 27
 28	 70	 97	 81	100	 89	 87	 83	 94	101	 94	 98	 99	 92	 91	 88	 84	 93	  6	  4	 10	  4	  4	 16	  9	 18	  4	 13	 23
 29	 72	 96	 79	 98	 88	 85	 82	 93	 99	 93	 97	 97	 90	 90	 86	 83	 91	  5	  4	  8	  4	  4	 14	 10	 16	  4	 15	 24	  2
 30	 65	100	 85	103	 93	 91	 87	 98	105	 97	102	103	 95	 95	 91	 88	 96	 12	 10	 15	  8	 11	 18	  5	 21	  6	  7	 24	  7	  8
 31	 67	 96	 83	100	 91	 89	 85	 96	106	 94	 99	103	 92	 92	 89	 86	 94	 23	 25	 24	 20	 25	 20	 13	 25	 19	 13	 40	 22	 22	 17
 32	 74	 95	 78	 97	 86	 84	 81	 91	 97	 91	 96	 96	 89	 89	 85	 81	 90	  4	  4	  7	  6	  2	 15	 13	 16	  7	 18	 24	  5	  3	 11	 25
 33	154	124	103	121	108	106	106	112	 98	118	117	101	114	112	111	105	114	 98	 97	 96	101	 96	102	108	 98	102	113	 97	100	 99	107	120	 96
 34	161	128	108	125	112	111	111	117	102	123	121	105	119	117	116	110	118	105	104	103	108	103	109	115	105	110	120	104	107	106	114	127	103	  8
 35	147	131	110	129	115	114	114	120	107	126	125	110	122	120	118	113	121	 96	 94	 95	 99	 93	101	106	 98	100	110	 92	 97	 97	104	118	 94	 13	 16
 36	153	129	108	126	113	112	112	118	104	124	122	106	120	118	116	111	119	100	 98	 98	103	 98	104	110	101	104	114	 97	101	101	108	122	 98	  7	  9	  8
 37	159	122	102	119	106	105	105	111	 96	117	115	 99	113	111	110	104	112	101	100	 99	104	100	105	112	101	106	116	101	103	103	110	123	100	  6	  7	 18	 11
 38	148	125	104	122	109	107	107	113	100	119	118	103	115	113	112	106	115	 93	 92	 92	 96	 91	 98	104	 94	 98	108	 91	 95	 94	102	115	 91	  8	 13	  8	  7	 13
 39	167	128	108	124	112	111	111	116	101	123	120	104	119	116	115	110	118	109	109	107	113	108	113	120	109	114	124	109	112	111	118	131	108	 13	  7	 23	 15	  9	 20
 40	157	125	104	122	109	107	108	113	 99	119	118	101	115	113	112	106	115	100	100	 99	104	 99	104	111	101	105	115	100	103	102	109	122	 99	  3	  5	 15	  7	  4	 10	 10
 41	158	126	105	123	110	108	109	114	100	120	119	102	116	114	113	107	116	101	101	100	105	100	106	112	102	106	116	100	104	103	110	123	100	  4	  4	 15	  7	  5	 11	 10	  2
 42	159	126	106	123	110	109	109	115	100	121	119	103	117	115	113	108	116	102	102	101	106	101	107	113	103	107	117	102	105	104	111	124	101	  5	  3	 15	  8	  5	 12	  9	  3	  2
 43	153	122	101	119	106	104	104	110	 96	116	115	 99	112	110	109	103	112	 96	 96	 95	100	 95	101	107	 97	101	112	 96	 99	 98	105	119	 95	  3	  9	 14	  8	  6	  8	 14	  4	  6	  7
 44	157	126	106	123	110	109	109	115	100	121	119	103	117	115	113	108	116	101	100	100	104	100	106	112	102	106	116	100	103	103	110	123	100	  4	  4	 14	  6	  6	 10	 10	  2	  1	  2	  6
 45	145	124	103	122	108	107	107	113	101	119	118	103	115	113	111	106	114	 91	 89	 89	 94	 89	 96	101	 92	 95	105	 88	 93	 92	 99	113	 89	 11	 17	  8	 10	 16	  4	 23	 13	 14	 15	 11	 13
 46	144	108	 87	105	 92	 91	 91	 97	 84	103	101	 86	 99	 97	 95	 90	 98	 83	 83	 81	 87	 82	 87	 94	 83	 88	 99	 86	 86	 85	 93	105	 82	 17	 24	 24	 22	 19	 17	 27	 19	 20	 21	 15	 20	 17
 47	149	126	105	123	110	109	109	115	102	121	119	104	117	115	113	108	116	 95	 94	 94	 98	 93	100	105	 96	100	110	 93	 97	 96	103	117	 93	  7	 12	  7	  5	 13	  2	 19	  9	 10	 11	  8	  9	  5	 19
 48	152	 93	 73	 90	 77	 75	 76	 81	 67	 87	 86	 69	 83	 81	 80	 75	 83	 85	 86	 82	 88	 85	 86	 96	 81	 90	101	 92	 88	 87	 95	105	 84	 32	 36	 41	 38	 30	 34	 36	 33	 34	 34	 30	 34	 35	 19	 35
 49	100	 93	 72	 93	 80	 78	 76	 86	 84	 89	 91	 84	 85	 84	 81	 76	 86	 35	 35	 33	 38	 34	 40	 46	 37	 40	 50	 41	 37	 36	 44	 57	 34	 63	 70	 62	 65	 67	 59	 75	 66	 67	 68	 62	 67	 56	 49	 61	 53
 50	103	 81	 60	 81	 69	 66	 64	 74	 74	 76	 79	 73	 73	 72	 69	 64	 74	 32	 34	 29	 35	 32	 34	 43	 30	 37	 49	 46	 36	 35	 42	 53	 32	 69	 76	 70	 72	 72	 66	 80	 72	 73	 74	 68	 73	 64	 54	 68	 53	 13
 51	 94	 81	 62	 83	 71	 68	 65	 76	 79	 77	 80	 78	 74	 73	 70	 66	 75	 21	 24	 18	 25	 23	 22	 32	 19	 27	 38	 39	 26	 24	 32	 41	 22	 80	 87	 80	 83	 83	 76	 91	 83	 84	 85	 79	 84	 74	 65	 78	 64	 19	 12
 52	 98	 78	 59	 80	 67	 65	 62	 73	 75	 74	 77	 74	 71	 70	 67	 62	 72	 24	 28	 21	 28	 26	 25	 35	 20	 30	 41	 43	 29	 28	 35	 44	 25	 79	 86	 79	 81	 81	 75	 89	 81	 82	 83	 77	 82	 73	 63	 77	 62	 20	 10	  4
 53	100	 79	 59	 80	 68	 65	 63	 73	 74	 75	 78	 74	 72	 71	 68	 63	 73	 27	 30	 24	 31	 29	 28	 38	 24	 33	 44	 44	 32	 30	 38	 48	 28	 75	 82	 75	 78	 77	 71	 85	 77	 78	 79	 73	 78	 69	 59	 73	 58	 17	  6	  7	  4
 54	101	 79	 59	 80	 67	 65	 62	 72	 74	 74	 77	 73	 71	 70	 67	 62	 72	 28	 31	 25	 31	 29	 29	 38	 24	 33	 45	 44	 32	 31	 39	 48	 28	 75	 82	 75	 78	 77	 71	 85	 77	 78	 79	 73	 78	 69	 59	 73	 58	 17	  6	  7	  4	  1
 55	105	 75	 55	 76	 63	 61	 58	 69	 70	 71	 73	 69	 68	 67	 64	 59	 68	 31	 35	 28	 35	 33	 31	 42	 27	 37	 48	 49	 36	 35	 42	 51	 32	 74	 80	 75	 77	 76	 70	 84	 76	 77	 78	 72	 77	 69	 58	 72	 55	 19	  7	 11	  8	  5	  5
 56	102	 84	 64	 85	 72	 70	 67	 77	 77	 80	 82	 76	 76	 75	 72	 67	 77	 32	 33	 29	 35	 32	 34	 43	 31	 37	 48	 44	 35	 34	 42	 53	 31	 68	 75	 68	 71	 71	 64	 79	 71	 72	 73	 67	 72	 62	 53	 66	 54	 10	  4	 13	 11	  8	  8	 10
 57	105	 78	 57	 78	 65	 63	 61	 71	 71	 73	 76	 70	 70	 69	 66	 61	 71	 33	 36	 30	 37	 34	 34	 44	 30	 39	 50	 48	 37	 36	 44	 53	 33	 70	 77	 71	 73	 72	 67	 80	 72	 74	 75	 69	 74	 65	 54	 69	 53	 16	  4	 13	 10	  6	  6	  4	  7
 58	101	 79	 59	 80	 67	 65	 62	 72	 74	 74	 77	 73	 71	 70	 67	 62	 72	 28	 31	 25	 32	 30	 29	 39	 25	 34	 45	 45	 33	 31	 39	 49	 29	 74	 81	 75	 77	 77	 71	 85	 76	 78	 79	 73	 78	 69	 58	 72	 57	 17	  5	  8	  5	  2	  1	  5	  8	  5
 59	102	 78	 58	 79	 66	 64	 61	 71	 72	 73	 76	 72	 70	 69	 66	 61	 71	 29	 32	 26	 33	 31	 30	 40	 26	 35	 46	 46	 34	 32	 40	 49	 30	 74	 81	 75	 77	 76	 71	 84	 76	 77	 78	 72	 77	 69	 58	 72	 57	 17	  5	  9	  6	  3	  2	  3	  8	  5	  2
 60	103	 78	 57	 78	 66	 63	 61	 71	 72	 73	 76	 71	 70	 69	 66	 61	 71	 30	 33	 27	 33	 31	 30	 40	 26	 35	 46	 46	 34	 33	 41	 50	 30	 74	 80	 74	 76	 76	 70	 84	 76	 77	 78	 72	 77	 68	 58	 72	 56	 17	  5	  9	  6	  3	  3	  3	  8	  4	  2	  1
 61	 99	 84	 64	 85	 72	 69	 67	 77	 78	 79	 82	 77	 76	 75	 72	 67	 77	 28	 30	 26	 32	 29	 31	 39	 27	 34	 45	 42	 32	 31	 39	 50	 28	 71	 78	 71	 74	 74	 68	 82	 74	 75	 76	 70	 75	 65	 56	 69	 57	 12	  5	  9	  9	  6	  6	  9	  4	  7	  6	  7	  7
 62	109	 84	 63	 84	 71	 68	 66	 76	 73	 79	 81	 73	 76	 74	 72	 66	 76	 40	 41	 37	 43	 40	 42	 51	 38	 45	 56	 50	 44	 42	 50	 61	 39	 61	 68	 61	 63	 63	 57	 71	 63	 64	 65	 59	 64	 55	 45	 59	 45	 11	  9	 20	 19	 15	 15	 14	  9	 10	 14	 14	 14	 12
 63	101	 80	 60	 81	 68	 66	 63	 74	 75	 76	 78	 74	 72	 71	 68	 63	 73	 28	 31	 25	 32	 29	 29	 39	 25	 34	 45	 44	 32	 31	 39	 49	 28	 74	 81	 74	 76	 76	 70	 84	 76	 77	 78	 72	 77	 68	 58	 72	 57	 16	  5	  8	  6	  2	  2	  6	  7	  6	  2	  3	  3	  5	 14
 64	102	 78	 58	 79	 66	 64	 61	 72	 73	 74	 76	 72	 71	 70	 67	 62	 71	 29	 32	 26	 32	 30	 29	 39	 25	 34	 46	 45	 33	 32	 40	 49	 29	 74	 81	 75	 77	 77	 71	 85	 76	 78	 79	 73	 78	 69	 59	 73	 57	 17	  5	  8	  5	  2	  2	  4	  8	  5	  1	  1	  2	  6	 14	  2
 65	 44	134	117	137	126	123	120	131	135	131	135	134	129	128	125	121	130	 43	 37	 47	 42	 38	 53	 40	 55	 40	 37	 19	 38	 39	 37	 49	 40	110	117	104	110	115	104	123	113	114	115	110	114	101	101	106	109	 58	 64	 57	 61	 62	 63	 67	 62	 67	 63	 64	 64	 60	 68	 62	 64
 66	 49	125	108	128	117	114	111	122	127	122	126	125	120	119	116	112	121	 34	 28	 38	 32	 29	 44	 32	 46	 31	 28	 11	 29	 30	 28	 41	 31	107	113	101	107	111	101	119	109	110	111	106	110	 98	 96	102	103	 51	 56	 49	 52	 54	 54	 59	 54	 58	 55	 56	 56	 52	 61	 54	 55	 10
 67	 76	124	104	125	112	110	107	118	117	120	122	117	116	115	112	107	117	 42	 37	 44	 43	 37	 52	 47	 52	 43	 48	 23	 40	 40	 44	 60	 39	 79	 85	 72	 78	 84	 72	 91	 81	 82	 83	 78	 82	 69	 70	 74	 80	 34	 44	 43	 46	 45	 46	 49	 41	 48	 46	 47	 47	 41	 45	 45	 46	 32	 30
 68	 47	142	124	144	133	130	127	138	141	139	142	140	136	135	132	128	137	 51	 45	 55	 50	 46	 61	 50	 63	 49	 46	 25	 46	 48	 46	 58	 48	109	115	101	108	114	102	121	111	112	113	108	112	 99	100	103	110	 61	 68	 63	 67	 67	 68	 72	 66	 71	 68	 69	 70	 64	 72	 67	 69	 11	 19	 31
 69	 54	134	116	136	124	122	119	130	132	130	134	131	128	127	124	119	129	 44	 37	 47	 43	 39	 54	 44	 56	 42	 41	 17	 39	 40	 40	 54	 40	101	108	 94	100	106	 95	114	104	105	106	101	104	 92	 92	 96	102	 52	 60	 55	 58	 58	 59	 63	 57	 62	 59	 60	 61	 56	 63	 58	 60	 11	 14	 23	 10
 70	 53	146	127	148	136	133	130	141	143	142	146	142	139	138	135	131	140	 56	 49	 59	 55	 51	 66	 56	 68	 54	 53	 29	 51	 52	 51	 65	 53	105	111	 97	103	110	 98	117	107	108	109	105	108	 95	 98	 99	108	 61	 70	 66	 69	 69	 70	 74	 67	 73	 70	 71	 72	 66	 72	 69	 71	 18	 25	 29	  8	 13
 71	 57	131	113	133	121	119	116	127	129	127	131	128	125	124	121	116	126	 42	 35	 45	 41	 36	 52	 42	 54	 40	 40	 15	 37	 38	 38	 53	 38	 98	105	 91	 97	103	 92	110	101	101	103	 97	101	 89	 89	 93	 98	 48	 56	 51	 55	 55	 56	 60	 54	 59	 56	 57	 58	 52	 59	 55	 57	 13	 14	 20	 13	  4	 15
 72	 60	168	149	170	157	155	152	163	164	164	167	163	161	160	157	153	162	 79	 72	 82	 78	 73	 89	 78	 91	 77	 75	 52	 74	 75	 74	 87	 75	115	120	105	112	120	108	127	117	118	119	115	117	105	110	109	123	 81	 90	 87	 91	 90	 91	 95	 87	 94	 91	 92	 93	 87	 91	 90	 92	 39	 47	 47	 29	 35	 23	 38
 73	 71	124	105	125	113	111	108	118	119	120	123	118	117	116	113	108	118	 39	 34	 42	 40	 34	 50	 44	 50	 40	 44	 18	 37	 37	 40	 56	 36	 84	 90	 77	 83	 89	 78	 96	 87	 87	 88	 83	 87	 75	 75	 79	 84	 36	 46	 43	 46	 46	 46	 50	 43	 49	 46	 48	 48	 42	 47	 45	 47	 27	 25	  6	 27	 18	 25	 15	 45
 74	 57	128	110	130	118	116	113	123	126	124	128	125	121	121	118	113	123	 38	 32	 41	 38	 33	 49	 39	 50	 37	 37	 11	 34	 35	 35	 50	 35	 97	104	 91	 97	102	 91	110	100	101	102	 97	101	 88	 88	 93	 97	 46	 54	 48	 52	 52	 53	 57	 51	 56	 53	 54	 55	 49	 57	 52	 54	 13	 12	 20	 15	  7	 18	  4	 41	 14
 75	 62	127	109	129	117	115	112	123	124	124	127	124	121	120	117	112	122	 39	 33	 42	 39	 34	 50	 41	 51	 39	 40	 14	 35	 36	 37	 53	 36	 93	 99	 86	 92	 98	 86	105	 95	 96	 97	 92	 96	 83	 83	 88	 93	 43	 51	 47	 51	 51	 51	 55	 49	 54	 51	 53	 53	 47	 54	 50	 52	 18	 17	 15	 18	 10	 19	  6	 41	  9	  6
 76	 49	129	112	132	121	118	115	126	130	126	130	129	123	123	120	116	125	 38	 32	 42	 37	 33	 48	 37	 50	 36	 33	 13	 33	 35	 32	 46	 35	106	112	 99	105	110	 99	118	108	109	110	105	109	 97	 96	101	104	 52	 58	 52	 55	 56	 57	 61	 56	 61	 57	 58	 59	 54	 62	 56	 58	  6	  6	 28	 14	  9	 20	 10	 42	 23	  9	 14
 77	 59	117	 99	119	108	106	102	113	117	113	117	116	111	110	107	103	112	 26	 20	 30	 25	 21	 37	 26	 38	 24	 25	  3	 22	 23	 22	 38	 23	 99	106	 94	 99	103	 93	111	101	102	103	 98	102	 90	 87	 94	 94	 42	 46	 39	 43	 44	 45	 49	 44	 49	 45	 46	 47	 42	 51	 44	 46	 19	 10	 25	 26	 18	 30	 16	 53	 20	 13	 16	 13
 78	 55	134	116	136	125	122	119	130	132	131	134	131	128	127	124	120	129	 45	 38	 48	 44	 39	 55	 45	 57	 43	 42	 18	 40	 41	 41	 55	 41	100	106	 93	 99	105	 93	112	103	103	104	 99	103	 90	 91	 95	101	 51	 59	 55	 58	 58	 59	 63	 57	 62	 59	 60	 61	 55	 62	 58	 60	 13	 16	 22	 10	  2	 12	  4	 35	 17	  7	  9	 11	 19
 79	 58	128	110	130	118	116	113	123	126	124	128	125	121	121	118	113	123	 39	 32	 42	 38	 33	 49	 40	 50	 38	 38	 12	 34	 35	 36	 51	 35	 96	103	 90	 96	101	 90	109	 99	100	101	 96	 99	 87	 87	 91	 96	 45	 53	 48	 52	 52	 53	 57	 50	 56	 53	 54	 54	 49	 56	 52	 54	 15	 14	 18	 16	  7	 18	  4	 41	 13	  2	  4	 11	 14	  7
 80	 50	144	126	146	135	132	129	140	142	141	144	142	138	137	134	130	139	 54	 47	 57	 53	 49	 64	 53	 66	 52	 50	 27	 49	 50	 49	 62	 51	107	113	 99	106	112	100	119	110	110	111	107	110	 97	 99	102	110	 61	 69	 65	 68	 68	 69	 73	 67	 72	 69	 70	 71	 65	 72	 68	 70	 15	 22	 30	  5	 11	  4	 14	 26	 26	 17	 19	 17	 28	 11	 17
 81	137	281	262	283	271	268	265	276	277	277	281	276	274	273	270	266	275	190	184	194	189	185	200	187	202	187	183	164	185	186	184	194	187	213	217	201	209	219	206	223	215	215	216	214	215	204	214	207	230	193	204	201	204	204	204	208	200	207	204	205	206	200	204	203	205	148	157	160	139	147	136	150	114	158	153	154	152	165	147	153	137
 82	133	279	261	281	270	267	264	275	276	276	279	276	273	272	269	264	274	188	182	192	187	183	198	185	200	185	180	162	183	185	181	191	185	215	219	203	211	221	208	225	217	217	218	216	217	206	216	209	231	193	203	199	203	203	203	207	200	206	203	205	205	199	204	202	204	146	155	159	138	146	134	149	113	158	152	153	150	163	146	152	136	  8
 83	129	275	256	277	265	262	259	270	271	271	275	271	268	268	264	260	269	184	177	187	182	179	194	181	196	181	176	158	179	180	177	187	181	210	214	198	206	216	203	220	212	212	213	211	211	200	210	203	226	188	198	195	198	198	199	203	195	201	199	200	200	194	199	198	199	141	150	154	133	141	130	144	108	153	147	148	146	158	141	147	131	  9	  6
 84	138	281	262	283	271	268	265	276	276	277	281	276	274	273	270	266	275	191	184	194	189	185	200	188	203	188	183	164	185	187	184	194	187	212	215	200	208	218	205	222	214	214	215	213	213	203	213	205	229	193	203	201	204	204	204	208	200	207	204	205	206	200	204	203	205	148	157	160	140	147	136	150	114	158	153	154	153	165	147	153	137	  4	 12	 11
 85	130	278	260	280	269	266	263	274	276	275	278	275	272	271	268	264	273	187	181	191	186	182	197	184	199	184	179	161	182	183	180	189	184	216	220	204	212	222	209	226	218	218	219	217	217	206	216	209	231	192	202	199	202	202	203	207	199	205	203	204	204	198	203	202	203	144	154	159	137	145	133	148	112	157	151	152	149	162	145	151	135	 12	  5	  8	 16
 86	123	270	252	272	260	258	255	265	267	266	270	266	263	263	260	255	264	179	172	182	177	174	188	175	191	176	170	153	173	175	172	181	176	208	212	196	204	213	201	218	210	210	211	208	209	198	208	201	223	184	194	190	193	193	194	198	191	197	194	195	196	190	195	193	195	136	145	150	128	136	125	139	104	148	142	143	141	153	136	142	126	 16	 10	  8	 18	  9
 87	119	266	248	268	257	254	251	262	264	263	266	263	260	259	256	252	261	175	169	179	173	170	185	172	187	172	167	149	170	171	168	177	172	205	209	193	201	211	198	216	207	207	208	206	207	195	205	199	220	180	190	187	190	190	191	195	187	193	191	192	192	187	191	190	192	132	142	147	125	133	121	136	100	145	139	140	137	150	133	139	123	 19	 14	 11	 22	 13	  4
 88	132	284	266	286	275	273	269	280	283	281	285	282	278	278	274	270	279	193	186	196	191	188	202	189	205	189	183	167	187	189	185	193	190	227	231	215	223	232	220	237	229	229	230	227	228	217	226	220	241	200	209	205	209	209	210	214	207	213	210	211	211	206	211	209	210	150	159	167	143	151	140	154	120	164	157	159	155	168	151	158	141	 25	 18	 22	 29	 15	 21	 22
 89	132	280	262	282	271	268	265	276	278	277	281	277	274	273	270	266	275	189	183	193	188	184	199	186	201	186	181	163	184	185	182	191	186	218	222	206	214	224	211	228	220	220	221	219	220	208	218	212	234	194	204	201	204	204	205	209	201	208	205	206	206	201	205	204	206	147	156	161	139	147	136	150	115	159	153	154	151	164	147	153	137	 13	  5	 10	 16	  3	 11	 15	 13
 90	173	320	302	322	310	308	305	316	316	317	320	316	314	313	310	305	315	230	223	233	228	224	239	226	242	227	221	203	224	226	223	232	226	251	255	239	247	257	245	261	253	253	254	252	253	242	253	245	270	233	243	240	244	243	244	248	240	246	244	245	246	240	244	243	245	187	196	200	179	187	175	190	153	198	193	194	192	204	186	193	177	 40	 42	 46	 41	 43	 52	 55	 43	 41
 91	133	276	258	278	266	264	261	272	272	273	276	272	270	269	266	261	271	186	180	189	185	181	196	183	198	183	179	159	181	182	180	190	183	209	213	197	205	215	202	219	211	211	212	210	211	200	210	203	226	189	199	196	200	199	200	204	196	202	200	201	202	196	200	199	201	144	153	156	135	143	131	146	109	154	149	150	148	160	143	149	133	  5	  9	  7	  6	 13	 13	 17	 27	 14	 45
 92	136	288	270	290	279	276	273	284	286	284	288	286	282	281	278	274	283	197	190	200	195	192	206	192	209	193	187	171	191	193	189	197	193	229	233	218	226	235	223	240	232	232	233	230	231	220	229	223	244	204	213	209	212	213	213	217	210	216	213	215	215	209	215	212	214	154	163	170	147	155	144	158	124	168	161	163	159	171	155	161	145	 25	 18	 23	 29	 16	 23	 25	  5	 14	 39	 27
 93	128	275	257	277	265	263	260	271	272	271	275	271	269	268	265	260	270	184	178	188	182	179	194	181	196	181	176	158	179	180	177	187	181	212	215	200	207	217	205	222	214	214	215	212	213	202	212	205	227	189	199	195	199	199	199	203	196	202	199	200	201	195	200	198	200	141	151	155	133	142	130	144	109	153	148	149	146	159	141	148	131	 11	  5	  4	 14	  5	  6	 10	 19	  7	 46	 10	 20
 94	129	276	258	279	267	264	261	272	274	273	277	273	270	270	266	262	271	185	179	189	184	180	195	182	197	182	177	159	180	182	178	188	182	214	218	202	210	220	207	224	216	216	217	215	216	205	214	208	230	190	200	197	200	200	201	205	197	204	201	202	202	197	201	200	202	143	152	157	135	143	132	146	111	155	149	150	148	160	143	149	133	 13	  5	  7	 16	  2	  7	 11	 16	  5	 45	 13	 17	  4
 95	130	280	262	282	270	268	265	276	278	276	280	277	274	273	270	265	275	189	182	192	187	184	198	185	201	185	180	163	183	185	181	190	185	219	223	208	215	225	212	230	221	222	222	220	221	210	219	213	234	195	204	200	204	204	205	209	201	207	205	206	206	201	205	204	205	146	155	161	138	147	135	150	115	159	153	154	151	163	146	153	136	 17	  9	 13	 21	  6	 12	 15	 10	  5	 43	 18	 11	 10	  7
 96	132	275	256	277	265	263	260	270	271	271	275	271	269	268	265	260	270	185	178	188	183	180	195	182	197	182	177	158	180	181	178	188	181	208	211	195	203	213	201	218	210	210	210	208	209	198	208	201	225	187	198	195	198	198	199	203	195	201	199	200	200	194	198	198	199	142	151	154	134	142	130	144	108	153	148	148	147	159	141	148	132	  6	 11	  7	  7	 14	 13	 16	 28	 15	 46	  2	 28	 10	 13	 19
 97	187	 28	 40	 22	 31	 34	 37	 26	 30	 28	 22	 28	 29	 29	 33	 36	 28	115	120	111	117	119	106	121	103	119	127	139	120	119	124	121	117	128	131	137	133	125	130	129	128	129	129	126	130	130	114	131	 96	110	 99	101	 98	 98	 97	 93	102	 95	 97	 96	 96	102	100	 98	 97	157	148	142	164	155	166	152	188	143	149	148	151	139	155	149	165	301	300	295	301	299	291	287	306	301	341	297	310	296	298	301	295
 98	187	 28	 40	 22	 31	 34	 37	 26	 30	 28	 22	 28	 29	 29	 33	 36	 28	115	120	111	117	119	106	121	103	119	127	139	120	119	124	121	117	128	131	137	133	125	130	129	128	129	129	126	130	130	114	131	 96	110	 99	101	 98	 98	 97	 93	102	 95	 97	 96	 96	102	100	 98	 97	157	148	142	164	155	166	152	188	143	149	148	151	139	155	149	165	301	300	295	301	299	291	287	306	301	341	297	310	296	298	301	295	  1
 99	187	 28	 40	 22	 31	 34	 37	 26	 30	 28	 22	 28	 29	 29	 33	 36	 28	115	120	111	117	119	106	121	103	119	127	139	120	119	124	121	117	128	131	137	133	125	130	129	128	129	129	126	130	130	114	131	 96	110	 99	101	 98	 98	 97	 93	102	 95	 97	 96	 96	102	100	 98	 97	157	148	142	164	155	166	152	188	143	149	148	151	139	155	149	165	301	300	295	301	299	291	287	306	301	341	297	310	296	298	301	295	  1	  1
100	187	 28	 40	 22	 31	 34	 37	 26	 30	 28	 22	 28	 29	 29	 33	 36	 28	115	120	111	117	119	106	121	103	119	127	139	120	119	124	121	117	128	131	137	133	125	130	129	128	129	129	126	130	130	114	131	 96	110	 99	101	 98	 98	 97	 93	102	 95	 97	 96	 96	102	100	 98	 97	157	148	142	164	155	166	152	188	143	149	148	151	139	155	149	165	301	300	295	301	299	291	287	306	301	341	297	310	296	298	301	295	  1	  1	  1
