nVehicles:  25
nDepots:     1
nCustomers: 25
nPeriods:    6
VEHICLE_TYPE	FLEET_SIZE	CAPACITY
           1	        25	       8	
DEPOT   	X  	Y  	INV_COST	INITIAL_INV 	MIN_LEVEL_INV 	MAX_LEVEL_INV	PRODUCTION_0	PRODUCTION_1	PRODUCTION_2	PRODUCTION_3	PRODUCTION_4	PRODUCTION_5
       0	404	 40	       0	        299	            0	         1090	         183	         183	         183	         183	         183	         183	
CUSTOMER	X  	Y  	INV_COST	INITIAL_INV	MIN_LEVEL_INV 	MAX_LEVEL_INV	DEMAND_0	DEMAND_1	DEMAND_2	DEMAND_3	DEMAND_4	DEMAND_5
       1	131	233	    0.25	          6	            0	           24	       3	       5	       7	       4	       3	       3
       2	144	235	    0.01	         13	            0	           47	       9	       9	      10	      14	      10	       8
       3	137	238	    0.22	         11	            0	           38	       6	       8	       9	       8	       6	       5
       4	 67	261	    0.04	          1	            0	           16	       1	       4	       6	       5	       4	       4
       5	135	242	    0.13	          5	            0	           33	       5	       8	       8	       8	       6	       6
       6	108	257	    0.02	          2	            0	           25	       4	       5	       6	       6	       5	       4
       7	135	237	    0.17	          6	            0	           29	       6	       7	      11	       9	       9	       7
       8	133	243	       0	          4	            0	           14	       5	      11	      10	       8	       5	       6
       9	132	251	    0.29	         10	            0	           19	       7	       9	      11	      11	      10	       8
      10	118	248	    0.24	          1	            0	           24	       5	       8	       8	       8	       6	       5
      11	138	240	    0.05	          1	            0	           25	       1	       3	       6	       4	       6	       4
      12	136	238	    0.05	          9	            0	           22	       6	      10	      10	       6	       6	       8
      13	107	230	    0.17	         10	            0	           11	       5	       6	       9	       7	       5	       5
      14	 98	180	    0.11	         13	            0	           57	       7	      11	      14	      11	       8	       7
      15	149	216	    0.24	          3	            0	           28	       4	       6	       6	       7	       6	       4
      16	 79	207	    0.01	         11	            0	           46	       7	      11	      10	       8	       7	       6
      17	 82	200	    0.26	          1	            0	           21	       3	       4	       6	       6	       5	       6
      18	 79	196	    0.24	          1	            0	           29	       4	       6	       8	       6	       5	       4
      19	 80	197	    0.09	          5	            0	           24	       2	       7	       6	       9	       5	       5
      20	 91	185	    0.29	          7	            0	           28	       5	       7	       7	       5	       4	       5
      21	 90	199	    0.17	         15	            0	           33	       8	      10	      11	       9	       8	       7
      22	105	185	    0.26	         10	            0	           20	       7	      10	      10	       8	       6	       5
      23	 90	201	    0.05	         13	            0	           13	       7	      10	       9	       8	       7	       5
      24	 75	215	    0.28	          6	            0	           24	       3	       5	       5	       5	       3	       4
      25	  0	  0	    0.07	         10	            0	           21	       4	       6	       7	       6	       4	       5
COST_MATRIX 
	  0	  1	  2	  3	  4	  5	  6	  7	  8	  9	 10	 11	 12	 13	 14	 15	 16	 17	 18	 19	 20	 21	 22	 23	 24	 25
  0
  1	168
  2	163	  7
  3	167	  4	  4
  4	202	 35	 41	 37
  5	169	  5	  6	  3	 36
  6	184	 17	 22	 18	 21	 16
  7	167	  3	  5	  2	 37	  3	 17
  8	170	  6	  7	  4	 35	  2	 15	  4
  9	173	 10	 11	  7	 33	  5	 13	  8	  5
 10	177	 10	 15	 11	 27	 10	  7	 11	  8	  8
 11	167	  5	  4	  2	 38	  2	 18	  3	  3	  7	 11
 12	167	  4	  5	  1	 37	  3	 17	  1	  3	  7	 11	  2
 13	177	 13	 19	 16	 26	 16	 14	 15	 15	 17	 11	 17	 16
 14	169	 32	 36	 35	 44	 37	 39	 34	 37	 40	 36	 37	 35	 26
 15	155	 13	 10	 13	 47	 15	 29	 13	 16	 20	 23	 14	 13	 23	 32
 16	183	 30	 36	 33	 28	 34	 29	 32	 33	 35	 29	 34	 33	 19	 17	 36
 17	180	 30	 36	 34	 32	 34	 32	 33	 34	 36	 31	 35	 34	 20	 13	 35	  4
 18	181	 32	 38	 36	 34	 37	 34	 35	 36	 39	 33	 37	 36	 23	 13	 37	  6	  3
 19	181	 32	 38	 36	 33	 36	 34	 35	 36	 38	 32	 37	 35	 22	 13	 36	  6	  2	  1
 20	173	 32	 37	 36	 40	 37	 37	 35	 36	 39	 35	 37	 35	 24	  5	 33	 13	  9	  9	  9
 21	176	 27	 33	 31	 34	 32	 31	 30	 31	 34	 29	 32	 31	 18	 11	 31	  7	  5	  6	  6	  8
 22	167	 28	 32	 31	 43	 33	 37	 31	 33	 36	 33	 33	 31	 23	  5	 27	 18	 14	 15	 14	  8	 11
 23	177	 27	 32	 30	 33	 31	 30	 29	 31	 33	 28	 31	 30	 17	 12	 31	  7	  5	  7	  6	  9	  2	 11
 24	187	 30	 36	 34	 24	 33	 27	 32	 33	 34	 28	 34	 33	 18	 21	 38	  5	  9	 10	 10	 18	 11	 22	 11
 25	203	134	138	138	135	139	140	137	139	142	138	139	138	127	103	132	111	109	106	107	104	110	107	111	114
