nVehicles:  10
nDepots:     1
nCustomers: 25
nPeriods:    6
VEHICLE_TYPE	FLEET_SIZE	CAPACITY
           2	        10	      18	
DEPOT   	X  	Y  	INV_COST	INITIAL_INV 	MIN_LEVEL_INV 	MAX_LEVEL_INV	PRODUCTION_0	PRODUCTION_1	PRODUCTION_2	PRODUCTION_3	PRODUCTION_4	PRODUCTION_5
       0	236	  1	       0	        174	            0	          988	         167	         167	         167	         167	         167	         167	
CUSTOMER	X  	Y  	INV_COST	INITIAL_INV	MIN_LEVEL_INV 	MAX_LEVEL_INV	DEMAND_0	DEMAND_1	DEMAND_2	DEMAND_3	DEMAND_4	DEMAND_5
       1	225	113	    0.25	          4	            0	           12	       7	       6	      10	      11	      12	       7
       2	104	105	    0.02	          7	            0	           19	       5	       4	       5	       6	       9	       8
       3	145	 98	    0.17	          5	            0	           24	       3	       4	       5	       5	       5	       3
       4	129	100	    0.21	          5	            0	           22	       6	       5	       8	       9	      10	       9
       5	148	100	    0.14	          8	            0	           33	       4	       5	       5	       7	       7	       5
       6	219	 94	    0.27	          6	            0	           23	       4	       3	       4	       6	       5	       3
       7	147	108	    0.18	          7	            0	           43	       6	       7	       8	       9	       9	       6
       8	142	 89	    0.24	          1	            0	           37	       4	       5	       6	      10	       6	       6
       9	143	 92	    0.01	          1	            0	           42	       6	       6	       7	       8	       8	       7
      10	171	114	    0.24	          1	            0	           11	       3	       4	       5	       6	       4	       3
      11	145	101	    0.18	          3	            0	           12	       5	       5	       7	       9	      10	       7
      12	149	 86	    0.23	          3	            0	           11	       5	       5	       6	       7	       7	       6
      13	300	130	     0.1	          5	            0	           37	       6	       5	       6	       7	       9	       8
      14	311	123	     0.1	          8	            0	           24	       6	       6	      10	      14	      11	       8
      15	307	135	    0.28	         15	            0	           16	       8	       7	       8	      12	      12	      10
      16	289	149	    0.19	         12	            0	           46	       6	       6	      11	      12	       8	       5
      17	305	134	    0.25	          4	            0	           25	       6	       6	       7	      11	      11	       8
      18	309	134	     0.1	          9	            0	           54	       8	       8	      10	      13	      13	      10
      19	292	131	    0.12	         11	            0	           37	       6	       7	       8	      10	      11	       8
      20	310	132	    0.28	          6	            0	            8	       3	       3	       4	       5	       6	       5
      21	314	126	    0.11	          3	            0	           18	       3	       4	       5	       6	       6	       5
      22	284	170	    0.09	          2	            0	           31	       4	       5	       5	       5	       6	       8
      23	312	135	    0.19	          6	            0	           18	       5	       5	       5	       7	       5	       3
      24	315	143	    0.29	          7	            0	           26	       6	       5	      10	      11	       7	       5
      25	  0	  0	    0.24	          3	            0	           12	       4	       3	       4	       5	       5	       6
COST_MATRIX 
	  0	  1	  2	  3	  4	  5	  6	  7	  8	  9	 10	 11	 12	 13	 14	 15	 16	 17	 18	 19	 20	 21	 22	 23	 24	 25
  0
  1	 57
  2	 85	 61
  3	 67	 41	 21
  4	 73	 49	 13	  9
  5	 67	 40	 23	  2	 10
  6	 48	 10	 58	 38	 46	 36
  7	 70	 40	 22	  6	 10	  5	 37
  8	 65	 44	 21	  5	  9	  7	 39	 10
  9	 66	 43	 21	  4	  9	  5	 39	  9	  2
 10	 66	 28	 34	 16	 23	 14	 27	 13	 20	 18
 11	 68	 41	 21	  2	  9	  2	 38	  4	  7	  5	 15
 12	 61	 41	 25	  7	 13	  8	 36	 12	  4	  5	 18	  8
 13	 73	 39	 99	 80	 87	 78	 45	 78	 82	 81	 65	 79	 79
 14	 72	 44	104	 84	 92	 83	 49	 83	 87	 86	 71	 84	 84	  7
 15	 76	 43	103	 84	 91	 82	 49	 82	 86	 85	 69	 83	 83	  5	  7
 16	 79	 37	 96	 77	 84	 75	 45	 74	 80	 79	 62	 76	 77	 11	 18	 12
 17	 75	 42	102	 83	 90	 81	 48	 81	 85	 84	 68	 82	 82	  4	  7	  2	 11
 18	 76	 44	104	 84	 92	 83	 50	 83	 87	 86	 70	 84	 84	  5	  6	  2	 13	  3
 19	 71	 35	 95	 76	 83	 74	 41	 74	 78	 78	 62	 76	 75	  5	 11	  8	 10	  7	  9
 20	 76	 44	104	 85	 92	 83	 50	 83	 87	 86	 71	 84	 84	  6	  5	  3	 14	  3	  2	 10
 21	 74	 45	106	 86	 94	 85	 51	 84	 88	 88	 72	 86	 85	  8	  3	  6	 17	  7	  5	 12	  4
 22	 88	 42	 96	 79	 86	 77	 51	 76	 82	 81	 64	 78	 80	 22	 28	 21	 11	 21	 22	 20	 24	 27
 23	 78	 45	106	 86	 94	 84	 51	 84	 89	 88	 72	 86	 86	  7	  7	  3	 14	  4	  2	 11	  2	  5	 23
 24	 82	 48	108	 88	 96	 87	 54	 86	 91	 90	 74	 88	 88	 10	 11	  6	 14	  7	  6	 13	  7	  9	 21	  5
 25	119	126	 74	 88	 82	 90	120	 92	 84	 86	103	 89	 87	164	168	168	163	167	169	161	169	170	166	170	173
