nVehicles:  50
nDepots:     1
nCustomers: 50
nPeriods:    9
VEHICLE_TYPE	FLEET_SIZE	CAPACITY
           1	        50	       8	
DEPOT   	X  	Y  	INV_COST	INITIAL_INV 	MIN_LEVEL_INV 	MAX_LEVEL_INV	PRODUCTION_0	PRODUCTION_1	PRODUCTION_2	PRODUCTION_3	PRODUCTION_4	PRODUCTION_5	PRODUCTION_6	PRODUCTION_7	PRODUCTION_8
       0	  8	471	       0	        400	            0	         3250	         362	         362	         362	         362	         362	         362	         362	         362	         362	
CUSTOMER	X  	Y  	INV_COST	INITIAL_INV	MIN_LEVEL_INV 	MAX_LEVEL_INV	DEMAND_0	DEMAND_1	DEMAND_2	DEMAND_3	DEMAND_4	DEMAND_5	DEMAND_6	DEMAND_7	DEMAND_8
       1	391	317	     0.3	          7	            0	           11	       4	       6	       6	       6	       5	       4	       7	       7	       7
       2	394	321	    0.05	          3	            0	           14	       4	       4	       6	       6	       3	       4	       5	       6	       6
       3	317	260	    0.22	          1	            0	           31	       4	       5	       6	       4	       3	       5	       5	       5	       4
       4	388	303	    0.02	          9	            0	           27	       4	       5	       5	       5	       3	       4	       4	       5	       5
       5	389	312	    0.19	          5	            0	           11	       5	       6	       7	       7	       4	       4	       6	       6	       6
       6	388	309	    0.29	         10	            0	           44	       6	       9	       9	       7	       7	       4	       7	      10	      10
       7	386	313	    0.14	         10	            0	           58	       6	       8	      12	      10	       7	       6	       8	       9	      11
       8	402	319	    0.16	         14	            0	           52	       6	       8	       9	       8	       7	       5	       6	      10	       9
       9	404	335	    0.19	          5	            0	           71	       0	       0	       3	       0	       0	       2	       5	       8	       6
      10	397	301	    0.18	         13	            0	           60	       7	      11	      12	       8	       7	       6	       7	      10	       9
      11	361	343	    0.07	         16	            0	           20	       7	       9	       9	      12	      11	       8	       7	       6	       6
      12	422	317	    0.05	          7	            0	           46	       5	       7	       9	       6	       4	       7	       8	       9	       6
      13	393	372	    0.09	          6	            0	           28	       3	       5	       7	       5	       5	       4	       3	       4	       5
      14	394	319	    0.11	          9	            0	           53	       6	       7	       8	       9	       7	       6	       8	      11	       8
      15	389	317	    0.06	          1	            0	           11	       5	       7	       7	       6	       5	       4	       4	       5	       8
      16	390	315	    0.27	         11	            0	           24	       6	       7	       8	       5	       6	       7	       8	       7	       6
      17	 91	185	    0.09	         10	            0	           53	       7	       8	       9	       7	       6	       6	       7	       9	      10
      18	 88	186	    0.06	          4	            0	           32	       7	       7	       9	      10	       9	       6	       5	       6	       6
      19	 89	182	    0.14	          5	            0	           32	       4	       4	       6	       5	       5	       3	       3	       4	       6
      20	105	109	    0.17	         14	            0	           41	       6	       9	       9	       9	       5	       5	       5	       8	       7
      21	 88	180	     0.2	          4	            0	           52	       5	       6	       8	       6	       5	       5	       7	       8	       9
      22	 52	171	    0.17	          7	            0	           55	       5	       8	       8	       8	       5	       5	       5	       8	       9
      23	 89	180	    0.03	         15	            0	           75	       8	       9	      11	       9	       5	       5	       8	      12	       8
      24	 87	180	    0.12	         15	            0	           65	       8	       9	      12	       9	      10	       7	       6	       9	      11
      25	 88	177	    0.09	         10	            0	           18	       5	       6	       9	       7	       4	       6	       8	       8	       7
      26	 59	167	    0.06	          6	            0	           18	       5	       6	       8	       6	       4	       4	       6	       6	       7
      27	 89	188	    0.06	         11	            0	           11	       5	       8	       7	       6	       4	       5	       6	       6	       5
      28	 99	188	    0.13	          9	            0	           59	       8	      10	      10	       8	       6	       7	       7	      10	      10
      29	 87	184	    0.19	         15	            0	           27	       8	      11	      12	      12	       9	       6	       7	       8	      10
      30	 85	188	    0.24	          7	            0	           56	       6	       9	       9	       5	       5	       6	       9	       8	       5
      31	 89	170	    0.25	         13	            0	           17	       5	       9	       7	       6	       5	       6	       8	       7	       5
      32	 89	181	    0.25	          4	            0	           37	       5	      10	      10	       8	       6	       5	       9	       9	       9
      33	 65	468	    0.21	         11	            0	           19	       5	       7	       7	       5	       5	       5	       6	       6	       4
      34	 59	456	    0.25	          8	            0	           42	       1	       5	       7	       3	       5	       3	       4	       8	      11
      35	 63	474	    0.21	          6	            0	           30	       4	       6	       6	       4	       3	       4	       6	       5	       4
      36	 63	468	    0.14	          4	            0	           46	       1	       7	       6	       5	       4	       4	       7	       9	       7
      37	 68	465	    0.23	          2	            0	           30	       4	       4	       6	       6	       5	       3	       4	       5	       5
      38	 13	440	    0.03	          4	            0	           55	       0	       2	       1	       2	       1	       1	       5	       8	      10
      39	 57	451	    0.19	         14	            0	           58	       6	       8	       7	       9	       6	       6	       4	       6	       7
      40	 69	474	    0.11	          5	            0	           90	       0	       0	       0	       0	       0	       0	       0	       6	      10
      41	 65	469	    0.24	          5	            0	           85	       0	       0	       0	       0	       0	       0	       1	       5	       8
      42	 63	469	    0.23	          6	            0	           63	       0	       0	       0	       0	       0	       0	       2	       5	      10
      43	 61	469	    0.14	          1	            0	           24	       2	       4	       7	       5	       3	       3	       6	       9	       8
      44	 54	460	       0	          7	            0	           23	       3	       6	       6	       6	       4	       4	       3	       4	       6
      45	 65	454	    0.14	          5	            0	           42	       4	       4	       5	       6	       4	       4	       7	       8	       9
      46	 87	464	       0	          3	            0	           33	       4	       6	       8	       5	       4	       5	       8	       7	       5
      47	 61	453	    0.18	          4	            0	           43	       5	       7	       6	       6	       4	       4	       7	       6	       5
      48	 66	468	    0.18	          1	            0	           32	       0	       2	       3	       3	       4	       2	       5	       9	      11
      49	  0	  0	       0	          9	            0	           69	       4	       9	       7	       6	       5	       6	      10	       8	       6
      50	  0	  0	    0.04	          4	            0	           53	       2	       4	       6	       7	       5	       5	       5	       7	       7
COST_MATRIX 
	  0	  1	  2	  3	  4	  5	  6	  7	  8	  9	 10	 11	 12	 13	 14	 15	 16	 17	 18	 19	 20	 21	 22	 23	 24	 25	 26	 27	 28	 29	 30	 31	 32	 33	 34	 35	 36	 37	 38	 39	 40	 41	 42	 43	 44	 45	 46	 47	 48	 49	 50
  0
  1	207
  2	208	  3
  3	188	 47	 50
  4	208	  8	 10	 42
  5	207	  3	  6	 45	  5
  6	207	  5	  7	 44	  4	  2
  7	205	  4	  6	 44	  6	  2	  3
  8	212	  6	  5	 52	 11	  8	  9	  9
  9	210	 12	  9	 58	 18	 14	 16	 15	  9
 10	213	  9	 11	 45	  5	  7	  7	  9	 10	 18
 11	188	 20	 20	 47	 25	 21	 22	 20	 24	 22	 28
 12	221	 16	 15	 60	 19	 17	 18	 19	 11	 13	 15	 34
 13	199	 28	 26	 68	 35	 31	 32	 30	 27	 20	 36	 22	 32
 14	208	  2	  2	 49	  9	  5	  6	  6	  5	 10	 10	 21	 15	 27
 15	206	  2	  4	 46	  8	  3	  5	  3	  7	 12	  9	 20	 17	 28	  3
 16	207	  2	  4	 46	  7	  2	  4	  3	  7	 13	  8	 21	 17	 29	  3	  2
 17	149	164	167	120	160	162	161	161	170	174	164	157	179	178	166	163	164
 18	149	166	168	121	162	164	163	162	171	175	165	158	180	179	167	165	165	  2
 19	151	166	168	121	162	164	163	163	171	176	166	159	180	180	168	165	165	  2	  3
 20	188	177	180	131	172	175	174	174	182	188	175	174	190	196	179	177	176	 39	 40	 38
 21	151	167	169	122	163	165	164	164	172	176	166	159	181	181	169	166	166	  3	  4	  2	 37
 22	152	185	187	140	181	183	182	182	191	195	185	177	199	198	187	184	184	 21	 20	 20	 41	 19
 23	152	166	169	121	162	164	163	163	172	176	166	159	181	180	168	165	165	  3	  4	  2	 37	  1	 20
 24	151	167	169	122	163	165	164	164	173	177	167	160	181	181	169	166	166	  4	  4	  2	 37	  1	 19	  2
 25	153	167	170	122	163	165	164	164	173	177	167	160	182	182	169	166	167	  5	  5	  3	 36	  2	 19	  2	  2
 26	155	183	185	138	179	181	180	180	188	192	182	175	197	196	184	182	182	 19	 18	 17	 38	 16	  5	 17	 16	 16
 27	148	165	167	120	161	163	162	162	170	174	165	157	179	178	166	164	164	  2	  2	  4	 41	  5	 21	  5	  5	  6	 19
 28	149	160	162	115	156	158	157	157	166	170	160	153	174	174	162	159	159	  5	  6	  6	 40	  7	 25	  7	  8	  8	 23	  6
 29	149	166	169	122	162	165	163	163	172	176	166	159	181	180	168	165	166	  3	  2	  2	 39	  3	 19	  3	  3	  4	 17	  3	  7
 30	147	167	169	122	163	165	164	163	172	176	166	159	181	180	168	166	166	  4	  2	  4	 41	  5	 19	  5	  5	  6	 17	  3	  8	  3
 31	156	168	171	123	164	166	165	165	174	178	168	162	183	183	170	168	168	  8	  9	  7	 32	  6	 19	  6	  6	  4	 16	 10	 11	  8	 10
 32	151	166	168	121	162	164	163	163	172	176	166	159	180	180	168	165	165	  3	  3	  1	 37	  1	 20	  1	  2	  3	 17	  4	  7	  2	  5	  6
 33	 29	180	181	164	182	180	181	179	185	183	186	161	194	171	181	179	180	143	142	144	181	145	149	145	145	146	151	141	142	143	141	150	145
 34	 27	180	181	163	182	181	181	179	185	183	186	162	195	173	181	180	180	137	136	138	176	139	143	139	139	141	145	135	136	137	135	144	139	  7
 35	 28	182	183	167	184	183	183	181	187	185	189	163	196	173	183	181	182	146	145	147	184	148	152	148	148	150	154	144	145	146	144	153	148	  4	 10
 36	 28	181	182	165	183	181	181	180	186	184	187	162	195	172	182	180	181	143	142	144	181	145	149	145	145	147	151	141	142	143	141	150	145	  2	  7	  4
 37	 31	178	179	162	180	178	179	177	183	181	184	159	192	170	179	177	178	141	140	142	179	143	148	143	143	145	150	139	140	141	139	148	143	  3	  7	  6	  3
 38	 16	199	200	177	200	199	199	198	204	203	205	181	214	194	200	198	199	134	133	135	172	136	136	136	136	137	139	132	134	134	132	141	135	 30	 25	 31	 29	 31
 39	 27	180	181	162	182	180	181	179	185	183	186	162	195	173	181	180	180	135	134	136	173	137	141	137	137	138	143	133	134	135	133	142	136	 10	  3	 12	 10	  9	 23
 40	 31	180	180	164	181	180	180	178	184	182	186	161	194	170	181	179	180	145	145	147	184	148	152	148	148	149	154	144	144	146	144	153	147	  4	 11	  4	  5	  5	 33	 13
 41	 29	180	181	164	182	181	181	179	185	183	187	161	195	172	181	179	180	143	142	145	182	145	150	145	145	147	152	142	142	143	141	150	145	  1	  8	  3	  2	  3	 30	 10	  4
 42	 28	181	182	165	183	181	182	180	186	184	187	162	195	172	182	180	181	143	143	145	182	146	150	146	145	147	152	142	142	144	141	151	145	  2	  7	  3	  1	  4	 29	 10	  4	  2
 43	 27	182	183	166	184	182	183	181	187	185	188	163	196	173	183	181	182	143	143	145	182	146	150	146	146	147	152	142	142	144	142	151	145	  3	  7	  3	  2	  5	 29	 10	  5	  3	  2
 44	 24	184	184	166	185	184	184	182	188	186	190	165	198	176	185	183	183	139	139	141	178	142	145	142	141	143	147	138	138	139	137	147	141	  7	  4	  9	  7	  8	 23	  5	 11	  8	  7	  6
 45	 30	177	178	160	179	177	178	176	182	180	183	159	192	170	178	176	177	136	135	137	174	138	142	138	138	139	144	134	135	136	134	143	138	  8	  4	 11	  8	  6	 27	  5	 11	  8	  8	  8	  7
 46	 40	169	170	154	171	170	170	168	174	172	176	150	183	160	170	168	169	140	140	142	178	143	148	143	143	144	150	139	139	141	139	148	142	 12	 15	 14	 13	 10	 39	 17	 11	 12	 13	 14	 17	 13
 47	 28	179	180	161	180	179	179	177	184	182	185	160	193	171	180	178	179	135	135	137	174	138	142	138	138	139	144	134	134	136	134	143	137	  8	  2	 11	  8	  7	 25	  3	 12	  9	  9	  9	  5	  3	 15
 48	 30	180	180	163	181	180	180	178	184	182	186	161	194	171	181	179	180	143	142	144	181	145	149	145	145	146	151	141	141	143	141	150	144	  1	  7	  4	  2	  2	 30	 10	  4	  1	  2	  3	  8	  8	 11	  8
 49	236	252	255	205	247	250	249	249	257	263	250	249	264	271	254	251	251	104	103	102	 76	101	 90	101	100	 99	 89	105	107	102	104	 96	101	237	230	240	237	235	221	228	240	237	237	237	232	230	237	229	237
 50	236	252	255	205	247	250	249	249	257	263	250	249	264	271	254	251	251	104	103	102	 76	101	 90	101	100	 99	 89	105	107	102	104	 96	101	237	230	240	237	235	221	228	240	237	237	237	232	230	237	229	237	  1
