nVehicles:  10
nDepots:     1
nCustomers: 25
nPeriods:   12
VEHICLE_TYPE	FLEET_SIZE	CAPACITY
           2	        10	      18	
DEPOT   	X  	Y  	INV_COST	INITIAL_INV 	MIN_LEVEL_INV 	MAX_LEVEL_INV	PRODUCTION_0	PRODUCTION_1	PRODUCTION_2	PRODUCTION_3	PRODUCTION_4	PRODUCTION_5	PRODUCTION_6	PRODUCTION_7	PRODUCTION_8	PRODUCTION_9	PRODUCTION_10	PRODUCTION_11
       0	 44	348	       0	        257	            0	         2010	         169	         169	         169	         169	         169	         169	         169	         169	         169	         169	          169	          169	
CUSTOMER	X  	Y  	INV_COST	INITIAL_INV	MIN_LEVEL_INV 	MAX_LEVEL_INV	DEMAND_0	DEMAND_1	DEMAND_2	DEMAND_3	DEMAND_4	DEMAND_5	DEMAND_6	DEMAND_7	DEMAND_8	DEMAND_9	DEMAND_10	DEMAND_11
       1	450	370	    0.26	          6	            0	           48	       5	       5	       6	       8	       8	       9	       6	       5	       5	       6	       10	       10
       2	415	367	    0.09	         12	            0	           64	       6	       6	       8	      11	       8	       5	       5	       8	      11	       8	        6	        6
       3	418	363	    0.26	          6	            0	           82	       5	       6	       7	       9	       8	       6	       5	       8	       8	       9	        6	        5
       4	417	380	    0.26	          8	            0	           65	       5	       5	       5	       9	       9	       5	       6	       6	       6	       8	        9	        6
       5	414	380	    0.06	          1	            0	           41	       3	       3	       4	       6	       5	       5	       3	       4	       6	       6	        4	        3
       6	413	336	    0.16	         10	            0	           56	       7	       8	      10	      12	      11	       8	       8	      10	      10	      13	        8	        6
       7	413	357	     0.2	          5	            0	           26	       5	       7	       8	      11	       8	       6	       7	      10	       8	       8	        6	        6
       8	336	391	    0.07	          7	            0	           59	       6	       6	       7	       7	      10	       8	       9	       6	       6	       6	        6	        9
       9	424	384	    0.04	          6	            0	           59	       5	       6	       7	       9	      10	      10	       8	       5	       6	       9	       10	        9
      10	420	390	     0.1	          9	            0	           49	       8	       6	      10	       9	      14	      13	      10	       8	       7	       6	       11	       10
      11	402	370	    0.11	          8	            0	           23	       7	       6	       6	       7	      10	      10	       6	       6	       6	       7	        8	       11
      12	412	362	    0.15	          8	            0	           71	       5	       4	       5	       8	       7	       7	       4	       5	       5	       8	        8	        8
      13	191	 43	    0.06	          3	            0	           45	       4	       5	       4	       6	       8	       6	       5	       5	       4	       5	        7	        7
      14	225	 34	    0.13	          9	            0	           54	       6	       6	       7	       7	       7	       6	       4	       5	       8	       7	        6	        4
      15	230	 38	     0.3	          4	            0	           30	       4	       3	       5	       6	       5	       6	       4	       3	       3	       4	        5	        6
      16	228	 38	    0.09	          9	            0	           29	       6	       6	       8	      10	      10	       9	       6	       6	       8	       9	       12	        8
      17	270	 11	    0.01	          5	            0	           32	       5	       5	       6	       9	       7	       6	       5	       6	       7	       9	        7	        5
      18	169	 71	    0.04	          3	            0	           39	       3	       3	       3	       4	       6	       6	       4	       4	       3	       3	        4	        6
      19	242	 40	    0.01	         11	            0	           45	       8	       7	       8	      10	      12	       8	       7	      10	      14	      10	        8	        7
      20	232	 31	    0.29	          6	            0	           32	       4	       5	       6	       7	       8	       8	       8	       5	       6	       5	        6	        7
      21	203	 53	    0.11	          4	            0	           84	       7	       7	      10	       9	       9	       7	       6	       8	       9	      10	        8	        5
      22	212	 45	    0.26	          2	            0	           35	       5	       4	       5	       6	       8	       6	       4	       5	       6	       7	        7	        4
      23	236	 43	    0.26	          4	            0	           28	       4	       4	       4	       6	       7	       7	       7	       4	       4	       4	        5	        6
      24	229	 40	    0.18	          5	            0	           56	       6	       6	      10	       9	      10	       6	       7	       7	       9	      10	        7	        6
      25	  0	  0	    0.19	          9	            0	           15	       5	       5	       7	       8	       6	       3	       5	       7	       6	       4	        4	        6
COST_MATRIX 
	  0	  1	  2	  3	  4	  5	  6	  7	  8	  9	 10	 11	 12	 13	 14	 15	 16	 17	 18	 19	 20	 21	 22	 23	 24	 25
  0
  1	204
  2	186	 18
  3	188	 17	  3
  4	188	 18	  7	  9
  5	186	 19	  7	  9	  2
  6	185	 26	 16	 14	 23	 23
  7	185	 20	  6	  4	 12	 12	 11
  8	148	 58	 42	 44	 41	 40	 48	 43
  9	191	 15	 10	 11	  5	  6	 25	 15	 45
 10	190	 19	 12	 14	  6	  6	 28	 17	 43	  4
 11	180	 25	  7	  9	 10	  8	 18	  9	 35	 14	 14
 12	185	 20	  3	  4	 10	 10	 14	  3	 41	 13	 15	  7
 13	170	209	197	197	203	203	184	193	189	207	208	195	195
 14	182	203	192	191	198	198	178	187	187	202	203	190	189	 18
 15	181	200	189	188	195	195	175	184	185	199	201	187	186	 20	  4
 16	181	200	190	189	196	195	176	185	185	199	201	188	187	 19	  3	  2
 17	203	201	193	191	199	199	178	188	193	202	204	192	190	 43	 26	 25	 25
 18	152	206	193	192	199	198	181	188	181	202	203	190	190	 18	 34	 35	 34	 59
 19	184	196	185	184	192	191	171	181	182	195	197	184	183	 26	 10	  7	  8	 21	 40
 20	185	202	192	191	198	197	178	187	188	201	203	190	189	 22	  4	  4	  5	 22	 38	  7
 21	168	201	190	189	196	195	177	185	182	199	201	188	187	  8	 15	 16	 15	 40	 20	 21	 19
 22	174	202	191	190	197	196	177	186	184	200	202	189	188	 11	  9	 10	  9	 34	 26	 16	 13	  7
 23	181	196	186	185	192	191	172	181	182	195	197	184	183	 23	  8	  4	  5	 24	 37	  4	  7	 18	 13
 24	180	199	189	188	195	194	175	184	184	198	200	187	186	 20	  4	  2	  2	 26	 34	  7	  5	 15	  9	  4
 25	176	292	277	277	283	281	267	273	258	287	287	274	275	 98	114	117	116	136	 92	123	118	105	109	120	117
