nVehicles:  47
nDepots:     1
nCustomers: 50
nPeriods:    6
VEHICLE_TYPE	FLEET_SIZE	CAPACITY
           1	        47	       8	
DEPOT   	X  	Y  	INV_COST	INITIAL_INV 	MIN_LEVEL_INV 	MAX_LEVEL_INV	PRODUCTION_0	PRODUCTION_1	PRODUCTION_2	PRODUCTION_3	PRODUCTION_4	PRODUCTION_5
       0	189	430	       0	        667	            0	         2056	         344	         344	         344	         344	         344	         344	
CUSTOMER	X  	Y  	INV_COST	INITIAL_INV	MIN_LEVEL_INV 	MAX_LEVEL_INV	DEMAND_0	DEMAND_1	DEMAND_2	DEMAND_3	DEMAND_4	DEMAND_5
       1	166	297	    0.22	         18	            0	           18	      11	      11	       7	       6	       6	       8
       2	167	302	    0.24	          4	            0	           19	       6	       5	       5	       3	       3	       4
       3	224	306	    0.23	          6	            0	            8	       6	       6	       3	       3	       4	       6
       4	189	330	    0.05	         13	            0	           24	      11	      11	       8	       7	       5	       5
       5	161	301	    0.21	          5	            0	           16	      10	       8	       7	       5	       5	       5
       6	173	297	    0.13	         12	            0	           19	       7	       5	       4	       4	       6	       6
       7	136	341	    0.14	          6	            0	           34	       8	       7	       5	       6	       5	       5
       8	166	289	    0.17	          2	            0	           35	       7	       9	       6	       7	       6	       9
       9	137	337	    0.09	          1	            0	           10	       8	       8	       6	       5	       5	       6
      10	168	298	    0.28	         10	            0	           19	      12	      10	       8	       6	       6	       9
      11	181	294	    0.06	         18	            0	           24	      14	      10	       8	       9	       9	      11
      12	145	282	    0.24	          5	            0	           24	       6	       5	       3	       3	       4	       6
      13	120	337	    0.28	          1	            0	           14	       8	       6	       5	       4	       5	       8
      14	171	303	    0.05	          9	            0	           20	       6	       6	       4	       4	       3	       3
      15	171	314	    0.19	          2	            0	           13	       9	       7	       5	       5	       6	       7
      16	168	269	    0.15	          6	            0	           24	       6	       5	       4	       4	       3	       4
      17	158	370	     0.1	          3	            0	           39	       9	       7	       7	       5	       6	       9
      18	142	374	    0.15	         14	            0	           23	       9	       8	       7	       6	       4	       5
      19	159	368	    0.01	         11	            0	           16	       5	       6	       3	       3	       5	       6
      20	114	393	    0.26	          2	            0	           37	       0	       0	       0	       1	       6	       9
      21	128	384	    0.29	          8	            0	           33	       8	       7	       8	       5	       4	       4
      22	153	370	    0.21	          2	            0	           21	       8	       8	       5	       5	       6	       9
      23	156	368	    0.29	         11	            0	           29	      11	       8	       8	       6	       5	       5
      24	143	386	    0.26	          8	            0	           23	       6	       6	       3	       4	       5	       5
      25	158	367	    0.05	         18	            0	           47	      14	      11	       9	       6	       8	      11
      26	158	365	    0.11	         21	            0	           42	      11	      12	       8	       7	       7	       8
      27	156	371	    0.18	         15	            0	           17	      14	      11	       8	       6	       8	       8
      28	161	368	    0.15	         18	            0	           19	      12	       9	       7	       8	       9	      11
      29	185	374	    0.16	          6	            0	           27	       6	       5	       4	       4	       6	       7
      30	156	372	     0.1	         14	            0	           17	       8	       8	       8	       5	       4	       4
      31	128	326	    0.01	         17	            0	           30	       9	       8	       4	       6	       7	       8
      32	158	377	    0.17	          4	            0	           16	       6	       5	       4	       3	       4	       5
      33	308	122	    0.02	          6	            0	           22	       6	       5	       5	       4	       5	       4
      34	290	153	    0.05	         11	            0	           28	      11	       8	       9	       6	       5	       7
      35	314	140	    0.26	         18	            0	           28	       9	      10	       7	       6	       6	       8
      36	293	148	    0.06	         16	            0	           16	       8	       8	       5	       4	       5	       9
      37	339	136	    0.01	         15	            0	           33	       8	       8	       3	       6	       9	      10
      38	299	192	    0.26	          3	            0	           15	       6	       6	       5	       4	       6	       6
      39	323	148	    0.29	         13	            0	           39	       8	       6	       6	       5	       7	       9
      40	325	209	    0.07	         13	            0	           29	       7	       7	       5	       4	       5	       6
      41	291	142	    0.09	          7	            0	           34	       9	       8	       6	       5	       7	       9
      42	293	136	    0.15	         17	            0	           34	      10	       8	       6	       6	       8	       8
      43	317	138	    0.26	          5	            0	           17	       7	       4	       4	       4	       5	       9
      44	264	137	    0.25	         10	            0	           16	       6	       6	       5	       4	       6	       8
      45	286	146	    0.07	          9	            0	           16	       7	       7	       5	       4	       4	       4
      46	277	142	    0.27	         10	            0	           30	       7	       7	       4	       5	       7	       8
      47	248	140	    0.25	          2	            0	           17	       7	       6	       6	       4	       6	       9
      48	274	142	     0.1	          4	            0	           11	       7	       7	       6	       5	       5	       6
      49	  0	  0	    0.06	         14	            0	           46	       7	       9	       5	       4	       5	      10
      50	  0	  0	    0.13	          8	            0	            8	       5	       5	       4	       4	       4	       4
COST_MATRIX 
	  0	  1	  2	  3	  4	  5	  6	  7	  8	  9	 10	 11	 12	 13	 14	 15	 16	 17	 18	 19	 20	 21	 22	 23	 24	 25	 26	 27	 28	 29	 30	 31	 32	 33	 34	 35	 36	 37	 38	 39	 40	 41	 42	 43	 44	 45	 46	 47	 48	 49	 50
  0
  1	 68
  2	 65	  3
  3	 65	 30	 29
  4	 51	 21	 18	 22
  5	 67	  4	  4	 32	 21
  6	 67	  4	  4	 26	 19	  7
  7	 52	 27	 25	 48	 28	 24	 29
  8	 72	  5	  7	 31	 24	  7	  6	 31
  9	 54	 25	 24	 47	 27	 22	 27	  3	 29
 10	 67	  2	  3	 29	 20	  4	  3	 27	  5	 25
 11	 69	  8	  9	 23	 19	 11	  5	 33	  8	 31	  7
 12	 78	 13	 15	 42	 33	 13	 16	 30	 12	 28	 15	 19
 13	 58	 31	 30	 55	 35	 28	 34	  9	 34	  9	 31	 38	 31
 14	 65	  4	  3	 27	 17	  6	  4	 26	  8	 25	  3	  7	 17	 31
 15	 59	  9	  7	 27	 13	  9	  9	 23	 13	 21	  9	 12	 21	 28	  6
 16	 82	 15	 17	 34	 33	 17	 15	 40	 11	 38	 15	 15	 14	 42	 18	 23
 17	 34	 37	 35	 46	 26	 35	 38	 19	 41	 20	 37	 40	 45	 26	 35	 29	 51
 18	 37	 41	 39	 54	 33	 38	 42	 17	 45	 19	 41	 45	 47	 22	 39	 34	 55	  9
 19	 35	 36	 34	 45	 25	 34	 37	 18	 40	 20	 36	 39	 44	 25	 34	 28	 50	  2	 10
 20	 42	 55	 53	 71	 49	 52	 57	 29	 59	 31	 55	 60	 58	 29	 54	 49	 68	 25	 17	 26
 21	 39	 48	 46	 62	 41	 45	 49	 22	 52	 24	 48	 53	 52	 24	 46	 42	 61	 17	  9	 18	  9
 22	 35	 38	 35	 48	 27	 35	 38	 17	 42	 19	 37	 41	 45	 24	 35	 30	 52	  3	  6	  4	 23	 15
 23	 36	 36	 34	 47	 26	 34	 37	 17	 40	 19	 36	 40	 44	 24	 34	 29	 50	  2	  8	  2	 25	 17	  2
 24	 32	 46	 44	 57	 37	 44	 47	 23	 50	 25	 46	 50	 53	 28	 44	 39	 60	 11	  7	 13	 15	  8	 10	 12
 25	 36	 36	 33	 45	 25	 34	 36	 18	 40	 19	 35	 39	 43	 25	 33	 28	 50	  2	  9	  1	 26	 18	  3	  2	 13
 26	 37	 35	 32	 45	 24	 33	 35	 17	 39	 18	 34	 38	 43	 24	 32	 27	 49	  3	 10	  2	 27	 18	  4	  2	 13	  2
 27	 34	 38	 35	 48	 27	 36	 38	 19	 42	 20	 37	 41	 45	 25	 35	 30	 52	  2	  8	  3	 24	 16	  2	  2	 10	  3	  4
 28	 35	 36	 34	 45	 24	 34	 37	 19	 40	 20	 36	 39	 44	 26	 33	 28	 50	  2	 10	  2	 27	 19	  5	  3	 13	  2	  3	  3
 29	 29	 40	 38	 40	 23	 39	 39	 30	 44	 31	 39	 41	 51	 38	 37	 31	 54	 14	 22	 14	 37	 29	 17	 15	 22	 14	 15	 15	 13
 30	 34	 38	 36	 48	 27	 36	 39	 19	 42	 20	 38	 41	 46	 26	 36	 30	 52	  2	  8	  3	 24	 16	  2	  3	 10	  3	  4	  1	  4	 15
 31	 61	 24	 23	 50	 31	 21	 27	  9	 27	  8	 25	 31	 24	  7	 25	 23	 35	 27	 26	 27	 35	 30	 26	 26	 31	 26	 25	 27	 27	 38	 27
 32	 31	 41	 38	 49	 29	 39	 41	 22	 45	 23	 40	 44	 48	 28	 38	 33	 55	  4	  9	  5	 24	 16	  5	  5	  9	  6	  7	  4	  5	 14	  3	 30
 33	166	113	115	102	120	116	111	140	110	138	113	107	115	143	114	118	102	145	151	144	167	159	147	145	156	144	143	146	144	141	147	137	148
 34	148	 96	 97	 84	102	 99	 93	122	 93	120	 95	 90	 98	126	 96	101	 85	127	133	126	149	142	129	127	138	126	125	128	126	123	129	119	131	 18
 35	158	108	110	 95	114	112	106	135	106	133	108	102	111	139	109	113	 98	139	146	138	162	154	141	139	150	138	137	140	138	134	141	132	142	 10	 14
 36	151	 98	100	 87	105	102	 96	125	 95	123	 98	 93	100	129	 99	104	 87	130	136	129	152	144	132	130	141	129	128	131	129	126	132	122	133	 16	  3	 12
 37	166	119	120	103	123	122	116	145	116	143	118	112	122	149	119	123	109	148	155	147	171	163	150	148	159	147	146	149	147	142	150	142	151	 18	 26	 13	 24
 38	132	 85	 86	 69	 89	 88	 83	111	 83	109	 85	 78	 90	116	 85	 89	 76	114	121	113	137	129	116	114	125	113	112	115	112	108	115	109	117	 36	 21	 28	 23	 35
 39	157	109	110	 94	114	112	106	135	106	133	108	102	112	139	109	113	 99	139	145	138	162	154	140	139	150	138	137	140	137	133	140	133	142	 16	 17	  7	 16	 11	 26
 40	130	 91	 92	 71	 92	 95	 88	116	 89	114	 91	 84	 98	121	 91	 94	 85	116	124	115	140	132	118	117	127	115	115	118	115	109	118	115	119	 45	 34	 35	 35	 38	 16	 31
 41	153	100	102	 89	107	103	 98	127	 97	125	100	 94	102	130	101	105	 89	132	138	131	154	146	134	132	143	131	130	133	131	128	134	123	136	 14	  6	 12	  4	 25	 26	 17	 38
 42	156	103	105	 92	111	106	101	130	100	128	103	 97	104	133	104	108	 92	136	141	134	157	149	137	135	146	134	133	137	134	131	137	126	139	 11	  9	 11	  7	 24	 29	 17	 40	  4
 43	160	110	112	 97	116	113	108	136	107	135	110	104	113	141	111	115	100	141	147	140	163	156	143	141	152	140	139	142	139	136	143	134	144	 10	 16	  2	 14	 12	 29	  6	 36	 14	 13
 44	152	 94	 96	 87	104	 97	 93	121	 91	119	 94	 89	 94	124	 96	100	 82	128	134	127	149	141	130	128	139	127	126	129	127	125	130	117	132	 24	 16	 26	 16	 38	 33	 31	 48	 14	 15	 27
 45	151	 97	 99	 86	105	100	 95	124	 94	122	 97	 91	 98	127	 98	102	 86	129	135	128	151	143	131	129	140	128	127	130	128	125	131	120	133	 17	  5	 15	  4	 27	 24	 19	 38	  4	  7	 17	 12
 46	151	 96	 98	 87	104	 99	 94	122	 93	121	 96	 90	 97	126	 97	102	 84	129	135	128	150	143	130	129	140	128	127	130	128	125	130	119	132	 19	  9	 19	  9	 32	 28	 24	 42	  8	  9	 21	  7	  5
 47	148	 89	 91	 84	100	 92	 87	116	 86	114	 89	 84	 88	118	 91	 96	 76	124	129	123	144	136	125	123	134	123	122	125	123	122	125	111	127	 32	 22	 34	 23	 46	 37	 38	 52	 22	 23	 35	  9	 20	 15
 48	151	 95	 97	 86	104	 98	 93	122	 92	120	 95	 90	 96	125	 96	101	 83	128	134	127	149	142	130	128	139	127	126	129	127	125	130	118	132	 20	 10	 21	 10	 33	 28	 25	 43	  9	 10	 22	  6	  7	  2	 14
 49	235	171	173	190	191	171	172	184	167	182	172	173	159	179	174	179	159	202	201	201	205	203	201	200	206	200	199	202	201	209	202	176	205	166	164	172	165	183	178	178	194	162	162	173	149	161	156	143	155
 50	235	171	173	190	191	171	172	184	167	182	172	173	159	179	174	179	159	202	201	201	205	203	201	200	206	200	199	202	201	209	202	176	205	166	164	172	165	183	178	178	194	162	162	173	149	161	156	143	155	  1
