nVehicles:  100
nDepots:      1
nCustomers: 100
nPeriods:    12
VEHICLE_TYPE	FLEET_SIZE	CAPACITY
           1	       100	       8	
DEPOT   	X  	Y  	INV_COST	INITIAL_INV 	MIN_LEVEL_INV 	MAX_LEVEL_INV	PRODUCTION_0	PRODUCTION_1	PRODUCTION_2	PRODUCTION_3	PRODUCTION_4	PRODUCTION_5	PRODUCTION_6	PRODUCTION_7	PRODUCTION_8	PRODUCTION_9	PRODUCTION_10	PRODUCTION_11
       0	441	436	       0	       1237	            0	         8896	         742	         742	         742	         742	         742	         742	         742	         742	         742	         742	          742	          742	
CUSTOMER	X  	Y  	INV_COST	INITIAL_INV	MIN_LEVEL_INV 	MAX_LEVEL_INV	DEMAND_0	DEMAND_1	DEMAND_2	DEMAND_3	DEMAND_4	DEMAND_5	DEMAND_6	DEMAND_7	DEMAND_8	DEMAND_9	DEMAND_10	DEMAND_11
       1	107	129	    0.15	         17	            0	           77	      10	      11	      11	       7	       7	      10	      11	       8	       7	       8	        9	       12
       2	130	109	    0.13	         11	            0	           50	       7	       8	       7	       6	       5	       4	       5	       5	       6	       7	        7	        6
       3	143	161	    0.03	         17	            0	          109	       8	       8	       8	       6	       3	       7	       8	       8	       6	       6	        6	        8
       4	168	129	    0.29	         13	            0	           25	      12	      11	      10	       7	       6	       7	       9	      11	      11	       9	        6	        6
       5	133	130	    0.21	         18	            0	           85	       8	      11	       6	       6	       6	       8	       9	       8	       6	       6	        9	        9
       6	133	107	     0.3	          1	            0	           54	       1	       1	       2	       1	       2	       1	       4	       5	       9	       5	        6	        6
       7	142	109	    0.24	         14	            0	           21	       7	       7	       6	       6	       4	       4	       5	       5	       6	       8	        6	        5
       8	136	108	       0	         15	            0	           29	       8	      10	      10	       6	       5	       6	       8	       8	      10	       9	        6	        6
       9	175	102	    0.14	          3	            0	           62	       7	       7	       6	       4	       4	       6	       7	       6	       4	       4	        7	        8
      10	142	 43	    0.26	         12	            0	           76	      10	       9	       8	       5	       7	       9	      11	       8	       8	       5	        8	       12
      11	132	110	    0.13	         11	            0	           96	       8	      10	       9	       7	       5	       7	       8	      11	       9	       9	        6	        7
      12	134	114	    0.06	         15	            0	           46	       8	       7	       7	       4	       6	       9	       7	       6	       5	       5	        7	        9
      13	133	149	    0.29	         20	            0	           37	      11	      14	      10	       8	       6	       8	      11	      11	      10	       8	        9	        6
      14	142	112	    0.26	         11	            0	           63	       7	       9	      10	       6	       6	       4	       5	       7	       8	      11	        9	        8
      15	144	118	    0.16	          7	            0	           96	       7	       7	       5	       3	       2	       4	       6	       7	       4	       5	        7	        8
      16	136	113	    0.14	          8	            0	           85	       6	       5	       2	       2	       5	       5	       7	       3	       3	       8	        8	        9
      17	284	336	    0.12	          5	            0	           37	       6	       5	       5	       3	       4	       4	       5	       5	       4	       3	        4	        5
      18	287	338	    0.08	         10	            0	           40	       5	       5	       5	       4	       3	       4	       5	       6	       5	       4	        3	        3
      19	283	379	    0.13	          4	            0	           29	       6	       5	       5	       3	       4	       5	       6	       4	       4	       5	        6	        5
      20	288	330	    0.09	          8	            0	           39	       5	       5	       4	       3	       4	       5	       6	       5	       4	       3	        5	        5
      21	287	323	    0.11	         11	            0	           20	      10	      11	       8	       7	       6	       8	      10	       9	       6	       6	        7	        7
      22	286	338	    0.23	         18	            0	           37	      10	      12	       7	       6	       8	       9	       9	       8	       7	       7	        9	       11
      23	305	336	     0.1	         14	            0	           66	      10	       9	       8	       6	       5	       5	       7	      10	       8	       9	        6	        5
      24	298	332	    0.28	         18	            0	           73	       9	      11	       9	       7	       6	      12	      10	       7	       7	       8	        9	       10
      25	293	331	    0.08	          7	            0	          111	       0	       0	       0	       0	       0	       0	       2	       1	       1	       1	        2	        8
      26	294	332	    0.28	         21	            0	           38	       9	       8	       6	       5	       3	       5	       7	       8	       9	       6	        6	        7
      27	321	294	    0.07	          5	            0	           40	       4	       5	       2	       1	       1	       3	       6	       6	       3	       3	        5	       11
      28	297	331	    0.05	          1	            0	           25	       0	       0	       0	       0	       0	       2	       4	       6	       3	       4	        5	        8
      29	295	331	    0.15	          2	            0	           24	       0	       0	       0	       0	       0	       0	       0	       4	       2	       2	        4	        6
      30	328	321	    0.06	          8	            0	           67	       8	      10	       7	       5	       5	       7	       7	       6	       5	       6	        9	        9
      31	309	343	    0.09	          2	            0	           69	       7	       9	       8	       6	       6	       5	       8	       9	      11	      10	        8	        6
      32	296	335	    0.01	          1	            0	           91	       0	       0	       0	       0	       0	       0	       0	       4	       5	       6	        8	        6
      33	390	336	    0.05	         17	            0	           99	       9	      11	       8	       6	       6	      10	      11	       9	       7	       8	        9	       10
      34	389	319	     0.1	         12	            0	           61	       6	       7	       5	       5	       4	       7	       8	       7	       5	       4	        6	        6
      35	386	319	    0.23	         10	            0	           51	       7	      11	       7	       5	       7	       9	      10	       6	       5	       9	       10	        9
      36	386	332	       0	         18	            0	           80	       9	       9	       9	       5	       5	       7	       8	       8	       7	       4	        6	       10
      37	386	331	    0.03	         11	            0	           83	       0	       0	       0	       0	       0	       0	       0	       1	       4	       8	        9	       10
      38	407	334	    0.25	         19	            0	          104	      12	      10	       9	       5	       7	      10	      11	       7	       7	       6	       12	        9
      39	410	316	    0.24	          9	            0	           38	       3	       8	       3	       2	       1	       2	       8	       6	       6	       4	        5	        8
      40	393	319	    0.27	         10	            0	           20	       6	       5	       5	       4	       3	       4	       5	       5	       5	       3	        4	        4
      41	428	303	    0.19	         10	            0	           95	       9	      11	       9	       7	       6	       8	      13	       8	       7	       7	        7	       11
      42	372	339	    0.28	          5	            0	           77	       4	       7	       4	       3	       3	       4	       3	       6	       6	       9	        7	        6
      43	386	316	     0.2	         15	            0	           64	       7	       8	       8	       6	       5	       4	       6	       7	       8	       9	        7	        6
      44	389	318	    0.27	          5	            0	           69	       7	       7	       8	       5	       5	       6	       8	       9	       6	       5	        5	        9
      45	388	319	    0.05	          1	            0	           48	       8	       7	       7	       6	       7	       9	       9	       9	       6	       6	        8	       10
      46	377	319	     0.1	          9	            0	           35	       6	       5	       5	       4	       3	       5	       6	       6	       4	       3	        4	        5
      47	411	317	    0.07	         14	            0	           52	       8	       9	       8	       7	       7	       9	      11	      10	       6	       7	        9	       11
      48	440	299	    0.27	          9	            0	           43	       0	       0	       0	       0	       0	       0	       1	       5	       6	       4	        4	        8
      49	233	  5	    0.21	         10	            0	           56	       9	       9	       9	       8	       7	       5	       6	       8	       8	       8	        8	        6
      50	280	 47	    0.13	          6	            0	           29	       6	       6	       4	       4	       4	       4	       5	       5	       5	       4	        3	        5
      51	248	 36	    0.26	         13	            0	           39	       6	       8	       7	       5	       4	       3	       5	       7	       6	       6	        6	        5
      52	240	 23	    0.25	         10	            0	           28	       5	       5	       4	       3	       4	       4	       6	       4	       3	       3	        4	        6
      53	270	 42	    0.18	          6	            0	           18	       6	       7	       6	       6	       4	       4	       5	       6	       8	       8	        6	        5
      54	272	 44	     0.1	         23	            0	           41	      12	      12	       8	       6	       9	       9	      12	       7	       6	       7	       11	       10
      55	250	 52	    0.01	          9	            0	           51	       6	       6	       6	       4	       3	       4	       4	       5	       6	       5	        4	        3
      56	252	 63	    0.22	         15	            0	           81	       9	       8	       8	       7	       5	       5	       5	       8	       8	       8	        8	        7
      57	262	 53	    0.19	          3	            0	           52	       7	       6	       7	       5	       4	       5	       6	       8	       7	       4	        4	        5
      58	257	 53	    0.02	         14	            0	           32	       8	       8	       9	       5	       7	       8	      11	       9	       6	       6	        6	        9
      59	256	 14	    0.21	          9	            0	           51	       7	       8	       6	       6	       5	       6	       6	       9	       7	       9	        5	        5
      60	268	 51	    0.19	         11	            0	           36	       5	       6	       5	       3	       3	       5	       6	       4	       3	       3	        5	        6
      61	318	 31	    0.23	         15	            0	           48	       8	       8	       9	       6	       6	       4	       4	       5	       8	       9	        7	        7
      62	251	 45	    0.28	         23	            0	          103	       8	      12	       5	       5	       8	      10	      11	       7	       5	      10	       10	        9
      63	232	 60	    0.06	         10	            0	           99	       9	      10	      11	       7	       6	       6	       8	       9	      12	       9	        7	        7
      64	263	 56	     0.3	         12	            0	          102	      11	      11	       8	       7	       7	       8	      10	       8	       6	       6	        9	       11
      65	272	304	    0.21	          3	            0	           69	       8	       8	       9	       7	       5	       7	       8	       9	       9	       7	        6	        7
      66	223	301	    0.13	         20	            0	          110	      13	      10	       9	       7	       6	      11	      12	       9	       8	       7	       10	       10
      67	235	269	    0.02	          1	            0	           61	       7	       9	       7	       4	       6	       7	       7	       6	       4	       6	        9	        7
      68	261	293	    0.11	         12	            0	           80	       9	       7	       7	       7	       5	       4	       6	       8	       9	       7	        7	        7
      69	269	296	    0.23	          3	            0	           25	       5	       7	       4	       3	       3	       4	       6	       5	       4	       3	        4	        5
      70	247	286	    0.25	          4	            0	           46	       7	       6	       6	       6	       5	       4	       4	       6	       6	       6	        8	        7
      71	210	290	    0.08	          3	            0	           62	       6	       7	       6	       5	       5	       4	       5	       6	       7	       6	        7	        5
      72	271	350	    0.12	          6	            0	           16	       6	       5	       4	       5	       3	       4	       4	       6	       5	       5	        4	        3
      73	254	284	    0.21	          8	            0	           21	       5	       6	       5	       3	       4	       5	       6	       6	       5	       3	        4	        6
      74	235	291	    0.04	         13	            0	           72	       8	       8	       9	       6	       6	       7	      10	       8	       7	       6	        8	       10
      75	250	291	    0.06	         19	            0	           27	       8	      11	       8	       6	       6	       8	       8	       7	       6	       8	        9	        9
      76	246	289	    0.23	         18	            0	           71	       9	       9	       7	       5	       6	       6	       9	       6	       5	       6	        6	        8
      77	214	368	    0.23	         11	            0	           36	       6	       7	       6	       5	       4	       6	       8	       6	       6	       4	        5	        7
      78	247	289	    0.02	         19	            0	          100	       4	       7	       4	       3	       3	       4	       5	       6	       8	       4	        6	        8
      79	231	280	    0.04	          6	            0	           25	       5	       6	       6	       4	       4	       7	       7	       5	       4	       6	        9	        6
      80	312	197	    0.19	         11	            0	           38	       6	       7	       6	       5	       4	       5	       5	       6	       7	       6	        6	        4
      81	 53	414	    0.03	          6	            0	           48	       6	       6	       4	       4	       3	       4	       5	       6	       4	       3	        4	        3
      82	 62	425	    0.21	         14	            0	           64	       7	       8	       6	       3	       5	       8	       6	       4	       4	       5	        7	        5
      83	 58	464	    0.17	          6	            0	           92	       5	       5	       3	       1	       2	       5	       6	       3	       4	       5	        8	       11
      84	 68	419	     0.3	         17	            0	           62	       6	       7	       4	       2	       1	       5	       7	       7	       4	       5	        7	       10
      85	 60	424	    0.05	          1	            0	           75	       0	       1	       1	       2	       1	       2	       3	       3	       5	       8	        5	        7
      86	 59	422	    0.03	         10	            0	           30	       6	       5	       5	       3	       4	       5	       5	       4	       3	       4	        5	        5
      87	 60	421	    0.25	          7	            0	           69	       2	       4	       2	       4	       1	       2	       2	       4	       6	       6	        8	        7
      88	 37	416	    0.11	         16	            0	           63	       4	       4	       4	       4	       3	       2	       3	       4	       7	       8	        8	        6
      89	 63	421	    0.01	          9	            0	           32	       6	       9	       6	       5	       5	       6	       8	       8	       7	       5	        5	        6
      90	 52	390	    0.02	          4	            0	           32	       6	       7	       6	       5	       4	       5	       7	       7	       6	       4	        4	        5
      91	 76	428	    0.08	         20	            0	           55	       4	       4	       2	       2	       0	       2	       6	       6	       6	       5	        4	        8
      92	 59	427	    0.29	         25	            0	           72	       0	       1	       0	       0	       0	       0	       0	       0	       0	       2	        8	        9
      93	 71	421	    0.23	          2	            0	          121	       0	       0	       0	       0	       0	       0	       0	       0	       0	       1	        5	       10
      94	 39	426	    0.21	          5	            0	           35	       5	       5	       5	       4	       4	       4	       5	       5	       5	       4	        4	        5
      95	 61	418	    0.21	          4	            0	           44	       8	       7	       6	       5	       5	       6	       8	       7	       7	       5	        5	        5
      96	 42	421	    0.19	          8	            0	           80	       0	       0	       0	       0	       0	       1	       6	       3	       3	       4	        8	        9
      97	  0	  0	    0.27	          5	            0	           18	       5	       6	       5	       4	       3	       3	       4	       4	       6	       5	        4	        3
      98	  0	  0	    0.28	          8	            0	           85	       0	       0	       2	       2	       0	       0	       4	       4	       5	       8	        5	        5
      99	  0	  0	    0.23	         13	            0	          107	       0	       2	       0	       0	       0	       4	       6	       3	       2	       8	        8	        8
     100	  0	  0	    0.06	         15	            0	           47	       0	       0	       0	       0	       0	       1	       4	       1	       2	       3	        5	       12
COST_MATRIX 
	  0	  1	  2	  3	  4	  5	  6	  7	  8	  9	 10	 11	 12	 13	 14	 15	 16	 17	 18	 19	 20	 21	 22	 23	 24	 25	 26	 27	 28	 29	 30	 31	 32	 33	 34	 35	 36	 37	 38	 39	 40	 41	 42	 43	 44	 45	 46	 47	 48	 49	 50	 51	 52	 53	 54	 55	 56	 57	 58	 59	 60	 61	 62	 63	 64	 65	 66	 67	 68	 69	 70	 71	 72	 73	 74	 75	 76	 77	 78	 79	 80	 81	 82	 83	 84	 85	 86	 87	 88	 89	 90	 91	 92	 93	 94	 95	 96	 97	 98	 99	100
  0
  1	227
  2	226	 16
  3	203	 25	 27
  4	206	 31	 22	 21
  5	218	 14	 11	 17	 18
  6	226	 18	  2	 28	 21	 12
  7	222	 21	  7	 27	 17	 12	  5
  8	224	 18	  4	 27	 20	 12	  2	  4
  9	214	 37	 23	 34	 14	 26	 22	 17	 20
 10	247	 47	 34	 60	 45	 44	 33	 34	 33	 34
 11	225	 16	  2	 27	 21	 11	  2	  6	  3	 22	 34
 12	223	 16	  4	 24	 19	  9	  4	  5	  4	 22	 36	  3
 13	211	 17	 21	  8	 21	 10	 22	 21	 21	 32	 54	 20	 18
 14	221	 20	  7	 25	 16	 11	  6	  2	  4	 18	 35	  6	  5	 20
 15	218	 20	  9	 22	 14	  9	  8	  5	  7	 18	 38	  8	  6	 17	  4
 16	223	 17	  4	 25	 18	  9	  4	  4	  3	 21	 36	  3	  2	 19	  4	  5
 17	 94	137	138	113	119	128	138	134	136	130	163	137	134	121	133	130	134
 18	 92	138	139	115	121	130	139	136	138	131	165	138	136	122	135	132	136	  2
 19	 84	153	156	130	138	146	156	153	155	149	183	155	153	138	151	148	152	 22	 21
 20	 94	136	136	112	118	127	136	133	135	128	162	135	133	120	132	129	133	  4	  5	 25
 21	 96	133	133	109	114	124	133	130	132	124	158	132	130	117	129	125	130	  7	  8	 29	  4
 22	 92	138	139	114	121	130	139	136	138	131	165	138	136	122	134	131	136	  2	  1	 21	  5	  8
 23	 85	144	144	120	125	135	144	140	142	134	168	143	141	128	139	136	140	 11	 10	 25	 10	 12	 10
 24	 89	140	140	116	121	131	140	137	139	131	165	139	137	124	135	132	137	  8	  7	 25	  6	  8	  7	  5
 25	 91	138	138	114	119	129	138	135	137	129	163	137	135	122	134	130	135	  6	  5	 25	  3	  6	  5	  7	  3
 26	 91	139	139	115	120	130	139	135	138	130	164	138	136	122	134	131	136	  6	  5	 25	  4	  6	  6	  6	  3	  1
 27	 93	136	133	112	113	125	133	129	132	121	155	132	130	119	128	125	130	 28	 28	 47	 25	 23	 29	 23	 23	 24	 24
 28	 90	139	139	115	120	130	139	136	138	130	164	138	136	123	135	132	136	  7	  7	 26	  5	  7	  7	  5	  1	  3	  2	 23
 29	 90	138	139	115	120	130	139	135	137	130	164	138	136	122	134	131	135	  7	  6	 25	  4	  6	  6	  6	  2	  2	  1	 23	  2
 30	 81	147	146	123	125	137	145	142	144	134	168	144	142	131	140	137	142	 24	 23	 37	 21	 21	 23	 14	 16	 19	 18	 14	 17	 18
 31	 81	148	148	124	129	139	148	144	146	138	172	147	145	131	143	140	144	 13	 12	 23	 13	 15	 12	  5	  8	 11	 10	 26	  9	 10	 15
 32	 89	140	141	116	122	131	141	137	139	132	166	140	138	124	136	133	137	  7	  5	 23	  5	  8	  6	  5	  2	  3	  2	 25	  3	  3	 18	  8
 33	 57	176	173	152	152	165	173	169	171	159	192	172	170	159	168	165	170	 54	 52	 58	 52	 52	 53	 43	 47	 49	 49	 41	 47	 48	 32	 41	 48
 34	 65	171	167	147	146	160	167	163	165	153	186	166	164	154	162	159	164	 54	 52	 61	 51	 52	 53	 43	 46	 49	 48	 37	 47	 48	 31	 42	 48	  9
 35	 65	169	166	145	145	158	166	161	164	152	185	165	163	153	160	158	162	 52	 51	 60	 50	 50	 51	 42	 45	 47	 47	 35	 45	 46	 30	 41	 46	  9	  2
 36	 59	173	170	149	149	162	170	166	168	157	190	169	167	157	165	162	167	 52	 50	 57	 50	 50	 51	 41	 45	 47	 47	 38	 45	 46	 30	 39	 46	  3	  7	  7
 37	 60	173	170	149	149	162	169	165	168	156	189	169	167	156	164	162	166	 52	 50	 57	 50	 50	 51	 41	 45	 47	 47	 38	 45	 46	 30	 39	 46	  4	  7	  7	  1
 38	 54	182	179	158	158	171	178	174	177	165	197	178	176	166	173	171	175	 62	 61	 66	 60	 61	 61	 52	 55	 58	 57	 48	 56	 57	 41	 50	 56	  9	 12	 13	 11	 11
 39	 62	179	175	155	153	167	174	170	173	159	192	174	172	162	169	166	171	 64	 63	 71	 62	 62	 63	 54	 57	 59	 59	 46	 57	 58	 42	 53	 58	 15	 11	 13	 15	 15	 10
 40	 64	172	169	148	148	161	168	164	167	154	187	168	166	156	163	161	165	 56	 54	 63	 53	 54	 55	 45	 48	 51	 50	 39	 49	 50	 33	 44	 50	  9	  3	  4	  8	  7	 11	  9
 41	 67	183	178	160	157	171	178	173	176	162	194	177	175	167	172	170	175	 74	 73	 82	 72	 72	 74	 64	 67	 69	 69	 54	 67	 68	 51	 63	 68	 26	 22	 23	 26	 26	 19	 12	 20
 42	 60	170	167	146	147	159	167	163	166	155	188	166	164	153	162	159	164	 45	 43	 49	 43	 44	 44	 34	 38	 40	 40	 35	 38	 39	 24	 32	 39	 10	 14	 13	  8	  9	 18	 23	 15	 34
 43	 67	168	165	145	144	158	165	160	163	151	184	164	162	152	160	157	162	 52	 51	 61	 50	 50	 52	 42	 45	 48	 47	 35	 46	 47	 30	 41	 46	 11	  3	  2	  9	  8	 14	 13	  4	 22	 14
 44	 65	170	167	146	146	159	166	162	165	153	185	166	164	154	161	159	163	 54	 52	 62	 51	 52	 53	 43	 47	 49	 49	 37	 47	 48	 31	 42	 48	 10	  1	  2	  8	  7	 13	 11	  3	 21	 14	  2
 45	 65	170	167	146	146	159	166	162	165	153	185	166	164	154	161	159	163	 53	 52	 61	 51	 51	 52	 43	 46	 48	 48	 36	 46	 47	 31	 42	 47	  9	  1	  2	  7	  7	 13	 12	  3	 22	 13	  2	  1
 46	 67	166	163	142	142	155	162	158	161	149	182	162	159	149	157	154	159	 48	 46	 56	 45	 46	 47	 37	 41	 43	 43	 31	 41	 42	 25	 37	 42	 11	  7	  5	  8	  8	 17	 17	  9	 27	 11	  5	  7	  6
 47	 62	179	175	156	154	168	175	171	173	160	192	174	172	163	170	167	172	 65	 63	 72	 62	 63	 64	 54	 57	 60	 59	 47	 58	 59	 42	 53	 59	 15	 12	 13	 15	 15	  9	  1	 10	 12	 23	 13	 12	 12	 18
 48	 69	187	182	164	161	176	182	177	180	166	197	181	179	171	176	174	179	 81	 79	 89	 78	 78	 80	 70	 73	 76	 75	 60	 74	 75	 58	 70	 75	 32	 28	 29	 32	 32	 25	 18	 26	  7	 40	 29	 28	 28	 34	 18
 49	240	 89	 74	 91	 71	 81	 72	 70	 71	 57	 50	 73	 74	 88	 71	 72	 73	168	169	189	165	162	169	170	167	166	167	152	167	166	165	174	168	184	176	175	181	181	187	179	177	179	181	174	175	176	173	180	180
 50	211	 96	 82	 90	 70	 85	 80	 76	 79	 60	 70	 81	 81	 90	 77	 77	 80	145	146	167	142	139	146	146	143	143	143	126	143	143	140	149	145	155	147	146	153	152	157	150	148	148	154	145	147	147	145	151	150	 32
 51	223	 85	 70	 82	 62	 75	 68	 65	 67	 50	 54	 69	 70	 81	 66	 67	 68	152	153	173	149	145	153	153	151	150	150	135	150	150	149	157	152	166	159	158	164	163	169	162	159	162	164	157	158	158	156	163	163	 18	 17
 52	230	 86	 70	 85	 65	 76	 69	 66	 68	 52	 51	 70	 70	 83	 67	 68	 69	159	160	180	156	152	160	160	158	157	157	142	157	157	156	164	159	174	166	166	171	171	177	170	167	169	172	164	166	166	164	171	171	 10	 24	  8
 53	215	 93	 78	 88	 68	 82	 76	 73	 75	 57	 65	 77	 77	 87	 73	 74	 76	148	149	169	145	141	149	149	146	145	146	129	146	146	143	152	148	159	151	151	157	156	162	154	152	153	158	149	151	151	149	155	155	 27	  6	 12	 18
 54	214	 93	 79	 88	 68	 82	 77	 73	 76	 57	 66	 78	 78	 88	 74	 74	 77	147	148	168	144	140	148	147	145	144	145	128	145	144	142	151	146	158	150	149	155	155	160	153	151	152	156	148	149	150	148	154	153	 28	  5	 13	 20	  2
 55	215	 82	 67	 77	 57	 71	 65	 62	 64	 46	 55	 66	 66	 76	 62	 63	 65	144	145	165	141	137	145	145	143	142	142	127	142	142	141	149	144	159	151	150	156	156	162	155	152	154	156	149	151	151	148	156	156	 25	 16	  9	 16	 12	 12
 56	210	 80	 66	 74	 54	 69	 64	 60	 63	 44	 56	 65	 65	 74	 61	 61	 64	138	139	159	135	132	139	140	137	136	137	121	136	136	135	143	138	153	146	145	151	150	157	150	147	149	151	144	145	145	143	150	151	 31	 17	 14	 21	 14	 14	  6
 57	212	 87	 72	 81	 61	 76	 70	 67	 69	 50	 61	 71	 71	 81	 67	 68	 70	142	144	164	140	136	144	144	141	140	141	125	141	140	139	147	143	156	148	147	153	153	159	151	149	151	154	146	147	148	145	152	152	 29	 10	 12	 19	  7	  7	  7	  8
 58	213	 85	 70	 79	 59	 73	 68	 64	 67	 48	 58	 69	 69	 79	 65	 66	 68	143	144	164	140	136	144	144	141	141	141	125	141	141	139	148	143	157	149	148	154	154	160	153	150	152	155	147	149	149	146	153	154	 27	 12	 10	 18	  9	  9	  4	  6	  3
 59	231	 95	 79	 93	 73	 85	 78	 75	 77	 60	 59	 79	 79	 92	 76	 77	 78	162	163	183	159	156	163	163	161	160	161	144	160	160	158	167	162	175	167	166	172	172	177	170	168	169	173	165	166	167	165	171	170	 13	 21	 12	 10	 16	 18	 20	 25	 20	 20
 60	212	 90	 75	 84	 64	 79	 74	 70	 72	 54	 64	 75	 75	 84	 70	 71	 73	143	144	165	140	137	144	144	142	141	142	125	141	141	139	148	143	156	148	147	153	152	158	151	148	150	154	146	147	147	145	152	151	 29	  7	 13	 20	  5	  5	 10	 11	  4	  6	 20
 61	212	117	102	110	 90	105	101	 97	 99	 80	 89	102	101	110	 97	 98	100	154	155	175	151	147	155	153	151	151	151	132	151	151	146	157	153	157	149	148	155	154	158	150	149	147	157	147	148	149	147	151	148	 45	 21	 36	 40	 25	 24	 36	 37	 31	 33	 33	 27
 62	218	 84	 69	 80	 60	 73	 67	 64	 66	 48	 55	 68	 68	 79	 64	 65	 67	147	148	168	144	141	148	148	146	145	146	130	145	145	144	152	147	162	154	153	159	159	165	158	155	157	159	152	153	154	151	158	159	 22	 15	  5	 13	 10	 11	  4	 10	  7	  6	 16	 10	 35
 63	216	 72	 57	 68	 48	 61	 55	 52	 54	 36	 46	 56	 56	 67	 52	 53	 55	141	142	162	138	135	142	143	140	139	140	126	140	140	140	147	142	160	152	151	157	156	163	156	153	157	157	150	152	152	149	157	159	 28	 25	 15	 19	 22	 22	 10	 11	 16	 13	 26	 19	 46	 13
 64	210	 87	 72	 80	 60	 75	 70	 67	 69	 50	 61	 71	 71	 80	 67	 68	 70	141	142	162	138	135	142	142	140	139	139	123	139	139	137	146	141	154	146	146	152	151	157	150	147	149	152	144	146	146	144	151	151	 30	 10	 13	 21	  8	  8	  7	  7	  2	  4	 22	  4	 31	  9	 16
 65	108	121	121	 97	102	112	121	118	120	113	146	120	118	105	116	113	118	 18	 19	 38	 16	 13	 19	 23	 20	 18	 18	 26	 19	 18	 30	 27	 20	 62	 59	 58	 59	 59	 70	 70	 61	 79	 53	 58	 59	 59	 54	 70	 85	151	129	135	142	132	131	127	121	126	126	146	127	139	130	124	125
 66	129	104	107	 81	 91	 97	107	105	106	103	136	106	104	 89	103	100	104	 36	 37	 50	 36	 34	 37	 45	 41	 39	 39	 50	 40	 40	 54	 48	 41	 86	 84	 82	 83	 83	 94	 94	 86	103	 77	 82	 84	 83	 78	 95	109	149	131	134	140	132	131	126	120	126	126	145	128	144	129	121	125	 25
 67	133	 95	 96	 71	 78	 87	 96	 93	 95	 89	123	 95	 93	 79	 92	 89	 93	 42	 44	 61	 41	 38	 43	 49	 45	 43	 44	 45	 44	 44	 54	 53	 45	 85	 81	 80	 82	 82	 92	 91	 83	 98	 77	 80	 81	 81	 76	 92	104	133	114	117	124	115	115	109	104	109	109	128	111	127	113	105	108	 26	 18
 68	115	113	113	 89	 95	104	113	110	112	105	139	112	110	 97	109	106	110	 25	 26	 45	 23	 20	 26	 31	 27	 25	 26	 31	 27	 26	 37	 35	 28	 68	 66	 64	 66	 66	 76	 76	 68	 84	 61	 64	 66	 65	 60	 76	 90	145	124	129	136	126	125	121	116	121	121	140	122	135	125	118	119	  8	 20	 18
 69	111	117	117	 93	 98	108	117	114	116	108	142	116	114	101	112	109	114	 22	 23	 43	 20	 17	 23	 27	 24	 22	 22	 27	 23	 22	 33	 31	 24	 64	 62	 60	 62	 62	 72	 72	 64	 80	 56	 60	 62	 61	 56	 72	 86	147	125	131	138	128	127	123	117	122	122	142	123	135	126	120	121	  5	 24	 22	  5
 70	123	106	107	 82	 88	 97	107	103	105	 99	133	106	103	 90	102	 99	103	 32	 33	 50	 31	 28	 33	 39	 35	 33	 33	 38	 34	 33	 45	 43	 35	 76	 73	 72	 74	 74	 84	 83	 75	 91	 68	 72	 73	 73	 68	 84	 97	141	121	126	132	123	122	118	112	117	117	137	118	133	121	114	116	 16	 15	 11	  8	 13
 71	137	 96	 99	 73	 84	 89	100	 97	 99	 96	129	 99	 96	 81	 96	 93	 96	 44	 46	 58	 44	 42	 45	 53	 49	 47	 47	 56	 49	 48	 62	 57	 49	 93	 91	 90	 91	 91	101	101	 93	110	 85	 89	 91	 91	 85	102	116	143	127	129	135	128	127	121	116	122	121	140	123	141	125	116	120	 32	  9	 17	 26	 30	 19
 72	 96	138	140	115	122	130	140	137	139	133	167	139	137	122	136	133	137	 10	 11	 16	 14	 16	 10	 19	 17	 15	 15	 38	 17	 16	 32	 20	 15	 60	 62	 60	 59	 59	 69	 72	 63	 82	 51	 60	 62	 61	 56	 72	 89	174	152	158	165	155	154	150	144	149	149	169	150	162	153	147	148	 24	 35	 45	 29	 28	 35	 43
 73	121	107	108	 83	 89	 98	108	104	106	100	133	107	105	 91	103	100	104	 31	 32	 50	 29	 26	 32	 37	 33	 31	 32	 34	 32	 32	 42	 41	 34	 73	 70	 69	 71	 71	 81	 80	 72	 88	 66	 68	 70	 70	 64	 81	 94	140	120	125	131	122	121	117	111	116	116	136	117	131	120	113	115	 14	 18	 13	  6	 10	  4	 23	 35
 74	126	104	106	 80	 88	 96	106	103	105	100	133	105	102	 88	101	 98	102	 34	 36	 51	 33	 31	 35	 42	 38	 36	 36	 44	 37	 37	 49	 46	 38	 81	 79	 77	 79	 79	 89	 89	 81	 97	 73	 77	 79	 78	 73	 89	103	144	125	128	135	126	125	120	115	120	120	139	122	137	124	116	119	 20	  8	 12	 14	 18	  7	 13	 35	 11
 75	120	109	110	 85	 91	100	110	106	108	102	136	109	106	 92	105	102	106	 29	 30	 47	 28	 25	 30	 36	 32	 30	 31	 36	 31	 31	 42	 40	 32	 74	 71	 70	 72	 71	 82	 81	 73	 90	 66	 70	 71	 71	 66	 82	 96	144	123	128	135	125	124	120	115	120	120	139	121	135	124	116	118	 13	 15	 14	  6	 10	  3	 21	 32	  5	  8
 76	123	106	108	 83	 90	 98	108	104	106	101	134	107	104	 90	103	100	104	 31	 32	 49	 30	 27	 32	 38	 34	 32	 33	 38	 34	 33	 45	 42	 34	 76	 74	 72	 74	 74	 84	 84	 76	 92	 68	 72	 73	 73	 68	 84	 98	143	123	127	134	125	124	119	114	119	119	138	120	134	123	115	117	 16	 13	 12	  8	 13	  2	 19	 33	  5	  6	  3
 77	119	131	137	110	122	126	137	135	136	135	167	136	134	117	133	130	134	 39	 40	 35	 42	 43	 40	 49	 46	 44	 44	 66	 46	 45	 62	 50	 45	 90	 91	 90	 88	 88	 98	102	 93	112	 81	 90	 92	 91	 86	102	119	182	164	167	173	166	165	160	154	160	159	179	161	177	163	155	158	 44	 34	 51	 45	 46	 45	 40	 30	 47	 40	 43	 43
 78	122	107	108	 83	 90	 98	108	105	107	101	134	107	105	 91	103	100	105	 30	 32	 49	 29	 27	 32	 38	 34	 32	 32	 38	 33	 32	 44	 42	 34	 76	 73	 72	 73	 73	 84	 83	 75	 91	 68	 71	 73	 73	 67	 84	 97	143	123	127	134	125	124	119	114	119	119	138	120	134	123	115	117	 15	 14	 12	  8	 12	  2	 19	 33	  5	  7	  2	  1	 43
 79	131	 98	100	 75	 82	 90	100	 97	 99	 94	127	 99	 97	 82	 96	 92	 97	 39	 41	 56	 38	 36	 40	 47	 43	 41	 41	 46	 42	 41	 53	 51	 43	 85	 82	 80	 82	 82	 93	 92	 84	100	 77	 80	 82	 81	 76	 92	105	138	120	123	129	121	120	115	110	115	115	134	116	132	118	111	114	 24	 12	  6	 17	 21	  9	 12	 41	 12	  6	 11	  9	 45	 10
 80	136	108	102	 87	 80	 96	101	 96	 99	 84	115	100	 99	 93	 96	 93	 98	 71	 72	 93	 68	 65	 72	 70	 68	 68	 69	 49	 68	 68	 63	 74	 70	 80	 73	 72	 77	 77	 84	 78	 74	 79	 78	 71	 72	 72	 70	 78	 82	104	 77	 87	 95	 81	 80	 79	 74	 77	 78	 96	 77	 84	 82	 80	 75	 58	 69	 53	 55	 54	 56	 70	 80	 53	 61	 57	 57	 99	 57	 58
 81	195	146	158	135	154	148	159	159	159	168	191	158	156	139	158	155	157	122	124	117	125	126	123	132	130	127	128	147	129	128	146	133	128	173	175	174	172	172	182	186	177	196	164	174	175	175	169	186	202	224	216	213	217	216	215	207	202	209	208	225	211	233	210	199	208	123	103	117	121	124	117	101	114	120	110	117	115	 84	116	112	169
 82	190	150	162	139	158	152	163	163	163	172	196	162	160	143	162	159	161	120	121	113	123	124	121	130	127	125	125	146	127	126	143	131	126	170	172	171	169	169	179	183	174	193	161	171	173	172	167	183	200	227	219	216	220	218	218	209	205	212	211	228	214	235	213	202	211	122	102	117	120	122	116	101	112	120	110	116	115	 82	115	112	170	  8
 83	193	170	182	158	177	172	183	183	183	191	215	181	180	162	181	179	180	130	131	121	134	135	131	140	137	136	136	157	137	136	153	140	136	178	181	180	177	177	187	191	183	202	169	180	181	181	176	192	209	246	237	235	239	237	236	228	223	230	229	246	232	253	231	220	229	134	116	132	133	135	130	116	121	134	124	130	129	 92	129	127	185	 26	 20
 84	187	147	159	135	154	149	160	160	160	168	192	158	157	139	158	156	157	116	117	110	119	120	117	126	123	121	122	142	123	122	139	127	122	167	169	167	165	165	175	179	171	190	158	168	169	168	163	179	196	223	215	212	216	214	214	205	201	208	206	224	210	231	209	198	207	118	 98	113	116	118	112	 96	108	115	106	112	111	 78	111	108	165	  8	  5	 24
 85	191	150	162	138	158	152	163	163	163	171	195	162	160	143	162	159	161	121	122	114	124	125	121	131	128	126	126	146	128	127	144	131	127	171	173	172	170	170	180	184	175	194	162	172	173	173	167	184	201	227	219	216	220	218	218	209	205	212	211	228	214	236	213	202	211	122	103	117	120	123	117	101	112	120	110	116	115	 82	116	112	170	  7	  2	 21	  5
 86	192	149	161	138	157	151	162	162	162	171	194	161	159	142	161	158	160	121	122	115	124	125	122	131	128	126	126	146	128	127	144	132	127	171	173	172	170	170	180	184	175	194	162	172	174	173	168	184	201	226	218	215	220	218	217	209	204	211	210	227	213	235	212	201	210	122	102	117	120	123	117	101	112	120	110	116	115	 83	116	112	170	  6	  3	 22	  5	  2
 87	191	148	160	137	156	151	162	162	162	170	194	160	158	141	160	158	159	120	121	114	123	124	121	130	128	125	126	146	127	126	144	131	126	171	173	171	169	170	179	183	175	194	162	172	173	172	167	184	200	226	217	215	219	217	217	208	204	210	209	226	213	234	211	200	209	122	102	116	120	122	116	100	112	119	110	116	115	 82	115	111	169	  5	  3	 22	  5	  2	  1
 88	203	148	161	139	158	151	162	163	162	172	194	161	159	142	161	159	160	130	131	125	133	134	131	140	138	135	136	155	137	136	154	141	136	181	183	182	180	180	190	194	185	204	172	182	183	183	177	194	210	228	221	218	222	221	221	211	207	214	213	229	216	239	215	203	213	131	110	124	128	131	124	108	122	127	118	124	123	 92	123	119	176	  9	 14	 27	 16	 13	 12	 12
 89	190	148	160	137	156	150	161	161	161	170	194	160	158	141	160	157	159	119	120	112	122	123	119	129	126	124	124	144	126	125	142	130	125	169	171	170	168	168	178	182	173	192	160	170	171	171	166	182	199	225	217	214	218	216	216	207	203	210	209	226	212	233	211	200	209	120	101	115	118	121	115	 99	110	118	108	114	113	 81	114	110	168	  7	  3	 22	  3	  3	  3	  2	 14
 90	196	134	146	124	143	137	148	148	148	157	180	146	144	128	147	144	145	120	121	116	122	123	120	130	127	125	125	143	127	126	143	131	126	172	173	171	170	170	180	183	175	193	163	172	173	172	167	184	200	213	206	203	207	206	206	196	192	199	198	214	201	224	200	188	198	119	 97	110	116	119	111	 94	112	115	105	111	110	 82	110	106	162	 13	 19	 38	 17	 18	 17	 17	 16	 17
 91	183	151	162	138	157	152	164	163	163	171	196	162	160	143	162	159	161	114	115	107	117	118	115	124	121	119	120	140	121	120	137	125	120	164	166	165	163	163	173	177	168	187	155	165	166	166	161	177	194	226	217	215	219	217	216	208	203	210	209	226	212	233	211	200	209	116	 98	113	115	117	112	 97	106	115	105	111	110	 76	111	108	166	 14	  8	 21	  7	  9	 10	  9	 21	  8	 23
 92	192	151	163	140	159	154	165	165	165	173	197	163	161	144	163	161	162	122	123	115	125	126	122	132	129	127	127	147	129	128	145	132	128	172	174	173	171	171	181	185	176	195	163	173	174	174	168	185	201	229	220	218	222	220	220	211	207	213	212	229	216	237	214	203	212	123	104	119	122	124	118	102	113	121	112	118	117	 83	117	114	171	  8	  2	 19	  7	  2	  3	  4	 13	  4	 19	  9
 93	186	148	159	135	154	149	161	160	160	168	193	159	157	140	159	156	158	115	116	109	118	119	116	125	122	120	121	141	122	121	138	126	121	166	167	166	164	164	174	178	169	188	156	167	168	167	162	178	195	224	215	212	217	215	214	206	201	208	207	224	210	231	209	198	207	117	 97	112	115	118	111	 96	107	115	105	111	110	 77	111	107	165	 10	  5	 23	  2	  6	  7	  6	 18	  5	 19	  5	  7
 94	202	153	165	143	162	156	167	167	167	176	199	165	164	147	166	163	164	131	132	125	134	135	132	141	138	136	136	156	138	137	154	142	137	182	183	182	180	180	190	194	185	204	173	183	184	183	178	194	211	232	225	222	226	225	224	215	211	218	217	233	220	242	219	207	217	132	112	126	130	133	126	110	123	129	119	126	125	 93	125	121	179	 10	 12	 22	 15	 11	 11	 11	  6	 13	 20	 19	 11	 17
 95	191	147	159	135	155	149	160	160	160	168	192	159	157	140	159	156	158	119	120	113	122	123	120	129	127	124	125	145	126	125	143	130	125	170	172	170	169	169	179	182	174	193	161	171	172	171	166	183	199	224	216	213	217	216	215	206	202	209	208	225	211	233	210	199	208	120	100	115	118	121	115	 99	111	118	108	114	113	 81	114	110	168	  5	  4	 24	  4	  4	  3	  2	 13	  2	 15	 10	  5	  6	 12
 96	200	150	163	140	160	153	164	164	164	173	196	162	161	144	163	160	162	129	130	123	132	132	129	139	136	134	134	154	136	135	152	140	135	180	181	180	178	178	188	192	183	202	171	180	181	181	176	192	209	229	222	219	223	222	221	212	208	215	214	230	217	239	216	204	214	130	109	123	127	130	123	107	120	127	117	123	122	 90	122	118	176	  7	 11	 23	 14	 10	  9	 10	  4	 11	 17	 18	 10	 15	  3	 10
 97	311	 84	 85	108	106	 93	 86	 90	 87	102	 75	 86	 88	100	 91	 94	 89	220	222	237	220	217	222	227	224	222	222	218	223	222	230	231	224	258	252	251	255	255	264	259	254	263	252	250	252	252	247	260	266	117	142	126	121	137	138	128	130	134	132	129	137	160	128	120	135	204	188	179	197	200	189	180	222	191	188	192	190	213	191	182	185	209	215	234	213	215	214	213	209	213	197	218	216	214	214	212	212
 98	311	 84	 85	108	106	 93	 86	 90	 87	102	 75	 86	 88	100	 91	 94	 89	220	222	237	220	217	222	227	224	222	222	218	223	222	230	231	224	258	252	251	255	255	264	259	254	263	252	250	252	252	247	260	266	117	142	126	121	137	138	128	130	134	132	129	137	160	128	120	135	204	188	179	197	200	189	180	222	191	188	192	190	213	191	182	185	209	215	234	213	215	214	213	209	213	197	218	216	214	214	212	212	  1
 99	311	 84	 85	108	106	 93	 86	 90	 87	102	 75	 86	 88	100	 91	 94	 89	220	222	237	220	217	222	227	224	222	222	218	223	222	230	231	224	258	252	251	255	255	264	259	254	263	252	250	252	252	247	260	266	117	142	126	121	137	138	128	130	134	132	129	137	160	128	120	135	204	188	179	197	200	189	180	222	191	188	192	190	213	191	182	185	209	215	234	213	215	214	213	209	213	197	218	216	214	214	212	212	  1	  1
100	311	 84	 85	108	106	 93	 86	 90	 87	102	 75	 86	 88	100	 91	 94	 89	220	222	237	220	217	222	227	224	222	222	218	223	222	230	231	224	258	252	251	255	255	264	259	254	263	252	250	252	252	247	260	266	117	142	126	121	137	138	128	130	134	132	129	137	160	128	120	135	204	188	179	197	200	189	180	222	191	188	192	190	213	191	182	185	209	215	234	213	215	214	213	209	213	197	218	216	214	214	212	212	  1	  1	  1
