nVehicles:   59
nDepots:      1
nCustomers: 100
nPeriods:    12
VEHICLE_TYPE	FLEET_SIZE	CAPACITY
           2	        59	      18	
DEPOT   	X  	Y  	INV_COST	INITIAL_INV 	MIN_LEVEL_INV 	MAX_LEVEL_INV	PRODUCTION_0	PRODUCTION_1	PRODUCTION_2	PRODUCTION_3	PRODUCTION_4	PRODUCTION_5	PRODUCTION_6	PRODUCTION_7	PRODUCTION_8	PRODUCTION_9	PRODUCTION_10	PRODUCTION_11
       0	 45	287	       0	        788	            0	         8022	         670	         670	         670	         670	         670	         670	         670	         670	         670	         670	          670	          670	
CUSTOMER	X  	Y  	INV_COST	INITIAL_INV	MIN_LEVEL_INV 	MAX_LEVEL_INV	DEMAND_0	DEMAND_1	DEMAND_2	DEMAND_3	DEMAND_4	DEMAND_5	DEMAND_6	DEMAND_7	DEMAND_8	DEMAND_9	DEMAND_10	DEMAND_11
       1	441	131	    0.28	          8	            0	           34	       5	       8	      10	       6	       5	       4	       7	       9	       7	       5	        5	        7
       2	426	 84	    0.13	          8	            0	           41	       7	       8	      11	      10	      10	       8	       7	       7	      11	      11	       12	        7
       3	424	 87	    0.17	         11	            0	           86	       7	      10	      12	       8	       8	       7	       6	       9	      11	      11	        8	        7
       4	407	 32	    0.11	          6	            0	           14	       3	       4	       6	       5	       3	       4	       5	       6	       4	       4	        3	        4
       5	384	 68	    0.18	          6	            0	           38	       6	       8	       9	       9	       7	       6	       7	      11	       9	       6	        6	        7
       6	436	100	    0.18	          8	            0	           17	       4	       4	       5	       7	       5	       3	       4	       4	       6	       6	        5	        4
       7	436	 93	    0.08	         11	            0	           29	       5	       7	       7	       7	       5	       4	       6	       7	       6	       5	        4	        5
       8	425	 97	    0.16	          4	            0	           53	       6	       6	       8	      10	       8	       5	       5	       4	       6	       7	       10	        8
       9	425	 96	    0.27	          6	            0	           37	       4	       6	       7	       8	       5	       6	       6	       7	       7	       6	        6	        8
      10	415	 92	    0.29	          5	            0	           51	       4	       6	       6	       7	       5	       4	       4	       5	       6	       8	        5	        5
      11	378	108	    0.15	         13	            0	           60	       8	      10	      12	       8	       6	       8	      13	      11	       9	       7	       10	       10
      12	430	 96	    0.03	          4	            0	           46	       4	       5	       6	       6	       4	       3	       3	       5	       5	       5	        4	        4
      13	416	 78	    0.04	          9	            0	           36	       5	       5	       6	       6	       8	       7	       5	       5	       5	       5	        5	        7
      14	411	178	     0.2	          8	            0	           51	       6	       7	       9	       7	       6	       5	       6	       8	       9	       6	        5	        5
      15	424	 94	    0.23	          7	            0	           78	       6	       9	       9	       7	       5	       6	       8	       9	       7	       5	        9	        9
      16	439	 66	    0.11	          3	            0	           78	       6	      12	      11	      12	       8	       7	       9	      10	      14	       9	        7	        7
      17	302	466	    0.22	         12	            0	           82	       8	      11	       9	       8	       6	       6	      10	      11	       8	       7	       10	        9
      18	302	475	    0.07	          4	            0	           55	       5	       8	       9	       8	       8	       6	       6	       8	       8	       9	       10	        6
      19	287	485	    0.17	          4	            0	           52	       6	       8	      13	       9	       6	       6	       7	      12	      12	       7	        6	        7
      20	313	476	    0.14	          8	            0	           41	       6	       7	      10	       7	       5	       6	       9	       9	       7	       6	        5	        9
      21	314	457	    0.04	          8	            0	           52	       3	       5	       6	       5	       4	       3	       5	       6	       6	       5	        4	        3
      22	320	479	    0.09	          2	            0	           72	       5	       7	       7	       8	       9	       7	       6	       4	       6	       8	        7	        9
      23	315	473	    0.24	          6	            0	           49	       3	       5	       6	       6	       4	       4	       5	       7	       5	       3	        3	        5
      24	331	468	    0.18	          9	            0	           21	       6	      10	      11	       8	       6	       5	       9	      10	       9	       5	        7	        8
      25	303	476	    0.23	          2	            0	           55	       5	       6	       9	       6	       6	       5	       6	       7	       7	       7	        6	        4
      26	337	477	    0.07	          2	            0	           28	       4	       4	       6	       4	       4	       3	       6	       5	       5	       4	        4	        5
      27	316	482	    0.24	          1	            0	           45	       4	       7	       8	       5	       5	       5	       6	       8	       6	       5	        5	        5
      28	325	487	    0.26	          7	            0	           16	       4	       6	       8	       6	       5	       4	       7	       7	       6	       4	        5	        7
      29	296	490	    0.29	          2	            0	           26	       5	       8	      10	       7	       6	       7	       9	      10	       6	       5	        9	       10
      30	338	465	    0.17	          4	            0	           20	       4	       6	       7	       8	       6	       4	       4	       5	       7	       6	        5	        5
      31	298	467	    0.14	         10	            0	           34	       4	       7	       7	       7	       4	       5	       7	       7	       5	       4	        5	        6
      32	310	473	    0.28	         12	            0	           80	       7	      10	      12	       9	       7	       7	       8	      10	      14	      11	        7	        7
      33	229	209	    0.24	          1	            0	           50	       5	       5	       7	       8	       5	       6	       5	       4	       4	       5	        7	        6
      34	234	203	    0.24	          1	            0	           49	       3	       5	       5	       5	       5	       3	       3	       5	       5	       7	        5	        4
      35	248	184	    0.03	          1	            0	           82	       7	      12	      12	      10	       6	       8	      10	      13	       8	       7	        9	       13
      36	242	211	    0.06	          3	            0	           48	       5	       6	       8	       8	       7	       5	       5	       5	       7	       7	        9	        6
      37	231	194	     0.1	          2	            0	           26	       5	       6	       6	       7	       9	       6	       5	       4	       5	       6	        7	        8
      38	233	223	    0.26	          1	            0	           82	       7	       7	      10	      10	      11	       9	       6	       6	       6	       8	        9	       12
      39	237	206	    0.15	          3	            0	           42	       4	       5	       7	       6	       6	       6	       4	       5	       5	       5	        5	        8
      40	237	184	    0.21	          3	            0	           52	       4	       4	       5	       5	       5	       4	       4	       4	       3	       4	        5	        5
      41	229	198	    0.12	         10	            0	           36	       5	       7	       7	       8	       6	       5	       6	       9	       8	       7	        4	        6
      42	239	209	    0.29	          6	            0	           38	       4	       8	       9	       8	       6	       5	       4	       5	       7	       7	        9	        7
      43	230	211	    0.13	          7	            0	           35	       3	       6	       6	       5	       4	       4	       5	       6	       4	       4	        3	        6
      44	270	207	    0.08	          7	            0	           52	       4	       5	       5	       5	       4	       4	       3	       4	       5	       6	        6	        5
      45	236	243	    0.03	          7	            0	           59	       7	       8	      12	      13	       9	       9	       6	       8	       8	      13	       12	       11
      46	258	162	    0.19	          4	            0	           27	       6	       9	      12	       9	       7	       5	       6	      10	      11	      11	        8	        7
      47	226	207	    0.05	          2	            0	           91	       8	      10	      13	      13	      10	       7	       7	       9	      10	      14	       10	        8
      48	239	202	    0.13	         14	            0	           70	       7	      10	      11	       9	       8	       6	       8	      12	      11	       8	        7	        7
      49	358	179	    0.06	          6	            0	          101	       7	       9	      14	      11	       7	       8	      11	      13	      10	       7	        8	       13
      50	374	147	    0.26	         16	            0	           80	       7	       9	      11	       7	       6	       6	       7	       9	       9	       5	        7	        8
      51	362	144	     0.2	          7	            0	           47	       4	       5	       7	       6	       4	       4	       6	       6	       5	       4	        6	        6
      52	358	141	    0.08	         10	            0	           60	       5	       5	       7	       7	       8	       5	       4	       4	       4	       6	        7	        6
      53	365	149	    0.14	          8	            0	           48	       7	      12	      11	      12	       7	       6	       8	      10	      10	      11	        8	        8
      54	416	156	    0.25	          2	            0	           74	       5	       6	       8	       7	       8	       6	       6	       5	       6	       7	        9	        8
      55	370	152	    0.12	          2	            0	           42	       4	       5	       7	       6	       5	       5	       4	       5	       7	       7	        6	        5
      56	349	140	    0.15	          3	            0	           45	       3	       4	       6	       4	       3	       4	       4	       5	       5	       4	        4	        5
      57	378	148	    0.01	          4	            0	           16	       4	       7	       8	       6	       4	       4	       5	       8	       5	       4	        4	        6
      58	362	139	    0.26	          6	            0	           35	       6	       6	       9	       8	       5	       5	       6	       8	       8	       6	        4	        5
      59	353	161	    0.02	         11	            0	           22	       7	       8	       9	       9	       6	       6	      10	       9	       7	       5	        6	        9
      60	341	157	    0.25	          1	            0	           32	       4	       7	       6	       5	       4	       5	       7	       6	       4	       5	        5	        6
      61	354	132	    0.02	         10	            0	           86	       6	      10	       8	       6	       6	       6	      11	      10	       5	       6	        7	       10
      62	337	142	    0.03	         13	            0	           72	       6	       8	      11	      11	       9	       7	       6	       9	      10	       9	        8	        6
      63	361	119	    0.05	          8	            0	           16	       5	       6	       6	       7	       5	       3	       5	       7	       8	       5	        4	        5
      64	357	129	    0.06	          9	            0	           63	       4	       6	       8	       6	       5	       4	       5	       6	       7	       7	        5	        4
      65	317	417	    0.03	          9	            0	           59	       4	       6	       6	       6	       8	       5	       4	       4	       5	       6	        6	        6
      66	353	421	    0.02	          6	            0	           52	       4	       4	       6	       5	       5	       6	       4	       3	       4	       4	        5	        6
      67	354	407	    0.26	          4	            0	           70	       5	       7	       7	       7	       7	       6	       6	       6	       8	       8	        6	        5
      68	346	416	    0.28	          8	            0	           50	       4	       5	       5	       6	       4	       5	       3	       3	       4	       5	        5	        5
      69	415	387	    0.16	          6	            0	           29	       3	       4	       6	       4	       4	       4	       5	       5	       4	       4	        3	        5
      70	360	408	    0.18	          3	            0	           24	       6	       9	      10	      10	       7	       7	      10	      11	       7	       7	        7	       13
      71	340	490	    0.26	          4	            0	           49	       4	       5	       6	       4	       4	       3	       5	       6	       4	       3	        4	        6
      72	369	392	    0.23	          7	            0	           70	       6	       5	       7	       9	       7	       6	       5	       6	       5	       7	        9	        7
      73	355	417	    0.13	          2	            0	           93	       6	       6	      10	       9	      11	       8	       7	       5	       6	       9	        9	       10
      74	316	382	    0.27	         11	            0	           34	       5	       8	      10	       8	       7	       6	       7	       7	       9	       9	        6	        6
      75	349	426	    0.13	         12	            0	           60	       7	       7	      10	       9	       7	       5	       7	       8	      11	       7	        6	        6
      76	371	423	    0.22	          7	            0	           29	       4	       7	       9	       9	       8	       8	       6	       5	       5	       5	        8	        9
      77	288	325	    0.06	          8	            0	           66	       5	       9	       8	       8	       8	       6	       5	       5	       8	      10	        9	        7
      78	341	413	    0.23	         15	            0	           76	       9	       9	      13	       8	       8	       9	      10	      13	      11	       6	        7	       12
      79	344	406	    0.14	          8	            0	           71	       6	      10	      12	      10	      11	       8	       7	       6	       8	      12	       10	       10
      80	363	402	    0.08	          5	            0	           33	       4	       4	       5	       5	       5	       5	       4	       3	       3	       5	        5	        6
      81	  1	182	    0.27	          4	            0	           39	       3	       4	       6	       6	       5	       6	       3	       3	       3	       4	        6	        7
      82	 15	177	    0.24	          6	            0	           22	       4	       5	       7	       6	       5	       4	       5	       5	       8	       7	        6	        4
      83	  2	183	    0.17	          2	            0	           36	       3	       4	       5	       5	       4	       4	       5	       5	       4	       4	        3	        4
      84	  2	182	     0.3	          6	            0	           55	       4	       7	       8	       9	       8	       6	       5	       4	       5	       9	        8	        7
      85	  1	183	    0.27	         16	            0	           97	       8	       8	      12	      13	      13	       8	       9	       8	       6	       8	       12	       14
      86	 34	192	    0.11	          6	            0	           66	       4	       6	       7	       7	       5	       5	       5	       5	       7	       6	        5	        4
      87	 27	192	    0.19	          7	            0	           28	       4	       4	       6	       4	       4	       4	       5	       6	       6	       3	        4	        5
      88	 17	188	     0.3	          5	            0	           38	       4	       6	       6	       8	       5	       4	       5	       6	       6	       7	        5	        4
      89	 16	189	     0.2	          2	            0	           33	       5	       6	       8	       8	       5	       4	       3	       4	       5	       6	        6	        5
      90	 12	182	    0.01	          5	            0	           25	       3	       5	       5	       6	       4	       4	       5	       5	       5	       4	        4	        4
      91	  7	189	    0.09	          4	            0	           72	       6	       8	       8	       8	       6	       6	       6	       7	       9	      10	        8	        5
      92	  5	173	    0.07	          6	            0	           55	       8	       8	      12	      11	      10	       7	       6	       7	      12	      12	        8	        7
      93	 17	161	    0.19	         10	            0	           38	       7	      10	      11	      11	       8	       6	       6	       6	      11	       9	       11	        8
      94	 50	151	    0.19	          4	            0	           36	       6	       7	      10	       7	       7	       5	      10	       8	       7	       6	        6	       10
      95	  0	182	    0.12	          7	            0	           41	       4	       4	       6	       4	       3	       3	       5	       5	       5	       3	        4	        5
      96	  2	179	    0.27	          2	            0	           22	       4	       5	       5	       5	       6	       6	       4	       4	       4	       4	        4	        6
      97	  0	  0	     0.1	          4	            0	          104	       6	      10	      13	      14	      10	       9	       7	       6	      11	      12	       12	       11
      98	  0	  0	     0.2	          2	            0	           91	       6	       8	      11	      10	       8	       7	       7	       9	       9	      12	        7	        5
      99	  0	  0	    0.28	         11	            0	           63	       8	       8	      12	      13	      10	       9	       8	       6	       8	      12	       13	       12
     100	  0	  0	    0.21	          3	            0	           82	       7	      10	      11	       9	       7	       6	       5	       9	      10	      10	       10	        6
COST_MATRIX 
	  0	  1	  2	  3	  4	  5	  6	  7	  8	  9	 10	 11	 12	 13	 14	 15	 16	 17	 18	 19	 20	 21	 22	 23	 24	 25	 26	 27	 28	 29	 30	 31	 32	 33	 34	 35	 36	 37	 38	 39	 40	 41	 42	 43	 44	 45	 46	 47	 48	 49	 50	 51	 52	 53	 54	 55	 56	 57	 58	 59	 60	 61	 62	 63	 64	 65	 66	 67	 68	 69	 70	 71	 72	 73	 74	 75	 76	 77	 78	 79	 80	 81	 82	 83	 84	 85	 86	 87	 88	 89	 90	 91	 92	 93	 94	 95	 96	 97	 98	 99	100
  0
  1	213
  2	216	 25
  3	215	 24	  2
  4	222	 53	 28	 29
  5	202	 43	 23	 23	 22
  6	217	 16	 10	  9	 37	 31
  7	219	 20	  7	  7	 34	 29	  4
  8	213	 19	  7	  6	 34	 26	  6	  6
  9	213	 20	  7	  5	 34	 25	  6	  6	  1
 10	210	 24	  7	  6	 31	 20	 12	 11	  6	  6
 11	190	 34	 27	 26	 41	 21	 30	 30	 25	 25	 21
 12	215	 19	  7	  6	 35	 27	  4	  4	  3	  3	  8	 27
 13	213	 30	  6	  7	 24	 17	 15	 13	 11	 11	  8	 25	 12
 14	191	 28	 48	 46	 74	 57	 41	 45	 42	 42	 44	 39	 43	 51
 15	213	 21	  6	  4	 33	 24	  7	  7	  2	  2	  5	 25	  4	  9	 43
 16	226	 33	 12	 13	 24	 28	 18	 14	 18	 17	 18	 38	 16	 13	 58	 16
 17	157	182	201	200	224	204	195	199	195	195	196	183	196	203	154	196	212
 18	160	186	206	204	228	208	200	203	199	200	200	188	201	207	159	201	216	  5
 19	157	194	213	211	235	215	207	210	206	207	207	194	208	214	166	208	223	 13	 10
 20	164	184	204	203	227	208	198	202	198	199	199	187	199	206	157	199	215	  8	  6	 14
 21	160	175	195	194	218	198	189	192	189	189	190	178	190	197	148	190	206	  8	 11	 20	 10
 22	168	185	205	203	228	208	199	202	199	199	200	188	200	207	158	200	215	 12	 10	 17	  4	 12
 23	164	183	203	201	226	206	197	200	196	197	197	186	198	204	156	198	213	  8	  7	 16	  2	  9	  4
 24	170	178	198	197	222	202	192	195	192	192	193	182	193	200	151	193	209	 15	 15	 24	 10	 11	  8	  9
 25	160	186	206	204	229	208	200	203	200	200	201	188	201	207	159	201	216	  6	  1	 10	  6	 11	  9	  7	 15
 26	175	181	202	200	226	206	195	199	196	196	197	186	197	204	155	197	212	 19	 18	 26	 13	 16	  9	 12	  6	 18
 27	167	187	207	205	230	210	201	204	201	201	202	190	202	209	160	202	217	 11	  8	 15	  4	 13	  3	  5	 11	  8	 11
 28	173	188	208	207	232	212	202	205	202	202	203	192	203	210	161	203	219	 16	 13	 20	  9	 16	  5	  9	 10	 13	  8	  6
 29	162	194	214	212	236	216	208	211	207	208	208	196	209	215	167	209	224	 13	  9	  6	 12	 19	 14	 13	 21	  8	 22	 11	 15
 30	172	175	196	194	220	200	189	193	190	190	191	180	191	198	149	191	206	 19	 19	 28	 14	 13	 12	 13	  4	 19	  7	 14	 13	 25
 31	156	183	202	201	225	205	197	200	196	197	197	184	197	204	156	197	213	  3	  5	 11	  9	 10	 13	 10	 17	  6	 21	 12	 17	 12	 21
 32	162	184	203	202	226	206	197	201	197	198	198	186	198	205	156	198	214	  6	  5	 13	  3	  9	  6	  3	 11	  4	 14	  6	 11	 12	 15	  7
 33	100	113	117	116	126	105	117	119	113	114	110	 91	116	115	 93	114	128	134	138	142	140	132	143	139	140	139	145	144	148	145	140	134	139
 34	104	110	113	112	122	101	114	116	110	110	107	 87	112	111	 90	110	124	136	141	144	143	134	145	141	142	141	147	146	150	147	141	136	141	  4
 35	114	101	103	101	110	 90	103	105	 99	 99	 96	 76	102	100	 82	 99	113	144	148	152	150	141	152	149	148	149	154	153	157	155	148	144	148	 16	 12
 36	106	108	112	111	122	101	112	114	108	109	105	 86	111	110	 87	109	123	131	136	139	138	129	140	136	136	136	142	141	145	143	136	132	136	  7	  6	 14
 37	104	110	112	111	120	100	113	115	109	109	106	 86	111	110	 91	109	123	141	145	149	147	138	150	146	146	146	152	151	154	152	146	141	145	  8	  5	 10	 11
 38	100	114	119	118	130	109	119	121	115	116	113	 93	118	117	 92	116	130	127	131	134	133	124	136	132	132	132	138	136	140	138	132	127	131	  8	 11	 21	  8	 15
 39	105	109	113	111	122	101	113	115	109	109	106	 86	112	111	 89	109	123	135	139	142	141	132	143	140	140	139	145	144	148	146	139	135	139	  5	  3	 13	  4	  7	  9
 40	109	106	107	106	115	 94	109	110	104	104	101	 81	107	105	 88	104	117	145	150	153	151	142	154	150	150	150	155	155	158	156	150	145	150	 14	 10	  6	 14	  6	 20	 12
 41	103	112	114	113	122	102	115	117	111	111	108	 88	113	112	 92	111	125	139	144	147	146	137	148	145	145	144	150	149	153	150	145	139	144	  6	  4	 12	 10	  3	 13	  6	  9
 42	105	109	113	111	123	102	113	115	109	109	106	 86	111	111	 88	109	123	133	137	141	139	130	141	138	138	138	143	142	146	144	138	133	137	  6	  4	 14	  2	  9	  8	  2	 13	  8
 43	101	113	117	116	126	106	118	119	113	114	110	 91	116	115	 92	114	128	133	137	140	139	130	142	138	139	138	144	143	146	144	139	133	137	  2	  5	 17	  7	  9	  7	  5	 14	  7	  5
 44	120	 94	100	 98	112	 90	 99	101	 96	 96	 93	 74	 98	 98	 72	 96	111	131	135	140	137	127	139	135	135	136	140	140	143	143	134	131	135	 21	 19	 16	 15	 21	 21	 17	 21	 21	 16	 21
 45	 99	117	124	123	136	115	123	126	120	120	118	 98	122	123	 94	120	135	117	121	124	123	114	126	122	123	122	128	127	130	128	123	117	121	 18	 21	 31	 17	 25	 11	 19	 30	 23	 18	 17	 25
 46	124	 93	 93	 92	 99	 79	 95	 96	 90	 90	 86	 66	 93	 90	 77	 90	103	154	159	163	160	151	162	159	158	159	163	163	166	166	157	154	158	 28	 24	 13	 26	 21	 33	 25	 16	 24	 26	 29	 24	 42
 47	 99	115	118	116	126	106	118	120	114	114	111	 91	117	115	 94	114	128	135	140	143	142	133	144	141	141	140	146	145	149	146	141	135	140	  2	  5	 16	  9	  7	  9	  6	 13	  5	  7	  3	 23	 19	 28
 48	106	108	111	109	120	 99	111	113	107	108	104	 84	110	109	 87	108	121	136	141	144	142	133	145	141	141	141	146	146	149	147	141	136	141	  7	  3	 11	  5	  6	 11	  3	 10	  6	  4	  7	 16	 21	 23	  7
 49	166	 48	 59	 57	 78	 58	 56	 59	 53	 54	 53	 37	 55	 59	 27	 54	 70	147	151	158	151	141	152	149	146	152	150	153	155	159	144	148	149	 67	 64	 56	 61	 64	 67	 62	 61	 66	 62	 66	 47	 69	 51	 68	 61
 50	179	 35	 41	 40	 60	 40	 39	 42	 36	 37	 35	 20	 38	 41	 25	 37	 52	164	168	175	168	158	169	166	162	169	167	170	172	176	161	165	167	 79	 76	 66	 74	 76	 81	 75	 71	 77	 75	 79	 61	 85	 59	 80	 73	 18
 51	174	 41	 44	 43	 61	 40	 44	 45	 40	 40	 38	 20	 42	 43	 30	 40	 55	164	169	175	168	159	169	167	163	169	167	171	173	177	161	165	167	 75	 71	 61	 69	 71	 76	 70	 66	 72	 70	 75	 56	 81	 53	 75	 68	 18	  7
 52	173	 42	 45	 43	 60	 39	 45	 46	 41	 41	 38	 20	 43	 43	 33	 41	 56	165	170	176	170	160	171	168	165	170	169	172	174	178	163	166	168	 73	 70	 60	 68	 69	 75	 69	 65	 71	 69	 73	 56	 80	 52	 74	 67	 20	  9	  3
 53	175	 40	 45	 43	 63	 42	 44	 46	 40	 41	 38	 22	 42	 44	 28	 41	 56	162	167	173	166	157	167	164	161	167	165	169	171	174	159	163	165	 75	 71	 62	 69	 71	 76	 71	 67	 73	 70	 75	 56	 80	 54	 76	 69	 16	  5	  3	  6
 54	197	 18	 37	 35	 63	 47	 30	 34	 30	 31	 33	 31	 31	 40	 12	 32	 47	166	170	177	169	159	169	167	162	170	166	171	172	178	160	167	168	 98	 94	 86	 92	 95	 98	 93	 91	 96	 93	 97	 78	100	 80	 99	 92	 32	 22	 28	 30	 26
 55	176	 38	 45	 43	 63	 43	 43	 45	 39	 40	 38	 23	 42	 44	 25	 40	 56	161	166	172	165	156	166	163	160	166	164	168	170	174	158	162	164	 77	 73	 64	 71	 73	 78	 72	 69	 75	 72	 76	 58	 81	 57	 78	 71	 15	  4	  6	  9	  3	 24
 56	169	 47	 48	 46	 62	 41	 48	 50	 44	 44	 41	 22	 47	 46	 37	 44	 59	165	170	176	169	160	171	168	165	170	169	172	174	177	163	166	168	 70	 66	 56	 65	 65	 72	 66	 61	 67	 65	 70	 52	 77	 47	 71	 64	 21	 13	  7	  5	 10	 35	 13
 57	181	 33	 41	 39	 60	 41	 38	 40	 35	 36	 34	 21	 37	 40	 23	 36	 52	164	168	175	168	158	169	166	162	169	166	170	172	176	160	165	167	 81	 78	 68	 75	 78	 82	 77	 73	 79	 76	 81	 62	 86	 61	 82	 75	 19	  3	  9	 11	  7	 20	  5	 16
 58	175	 40	 43	 41	 59	 38	 42	 44	 38	 39	 36	 18	 41	 41	 32	 39	 54	167	171	178	171	161	172	169	166	172	170	174	175	179	164	168	170	 76	 72	 62	 70	 72	 77	 71	 67	 73	 71	 76	 58	 82	 54	 77	 70	 21	  8	  3	  3	  6	 29	  8	  7	 10
 59	167	 47	 54	 52	 70	 50	 52	 54	 49	 49	 47	 30	 51	 53	 31	 49	 65	155	160	166	159	150	160	158	154	160	159	162	164	167	153	156	158	 67	 64	 54	 61	 64	 68	 63	 60	 65	 62	 67	 48	 72	 48	 68	 61	 10	 13	 10	 11	  9	 32	 10	 11	 15	 12
 60	162	 52	 57	 55	 71	 50	 56	 58	 52	 52	 50	 31	 54	 55	 37	 53	 67	156	161	167	161	151	162	159	156	161	161	163	166	169	155	157	159	 62	 59	 49	 57	 59	 64	 58	 54	 60	 58	 62	 44	 68	 42	 63	 56	 14	 18	 13	 12	 13	 38	 15	 10	 20	 14	  7
 61	173	 44	 44	 42	 57	 36	 45	 46	 40	 40	 37	 17	 43	 42	 37	 40	 54	170	174	180	174	164	175	172	169	174	173	177	179	182	167	170	172	 74	 70	 60	 69	 69	 76	 70	 65	 71	 70	 74	 57	 82	 51	 75	 68	 24	 13	  8	  5	 11	 34	 13	  5	 15	  6	 15	 15
 62	164	 53	 54	 52	 66	 44	 54	 56	 50	 50	 47	 27	 52	 51	 42	 50	 64	163	168	174	168	158	169	166	164	168	168	171	173	176	162	164	167	 64	 60	 50	 59	 60	 66	 60	 55	 61	 60	 64	 47	 72	 41	 65	 58	 22	 19	 13	 11	 15	 41	 18	  7	 21	 13	 13	  8	 10
 63	179	 41	 37	 36	 50	 28	 39	 40	 34	 35	 31	 11	 37	 35	 39	 34	 48	176	181	187	181	171	182	179	176	181	180	183	185	189	174	177	179	 80	 77	 66	 76	 76	 83	 76	 71	 77	 76	 81	 64	 89	 56	 81	 74	 31	 16	 13	 12	 16	 34	 18	 13	 17	 11	 22	 22	  8	 17
 64	175	 43	 42	 40	 55	 34	 43	 44	 38	 38	 35	 15	 41	 39	 37	 38	 52	171	176	182	175	166	176	174	170	176	175	178	180	184	169	172	174	 76	 72	 62	 71	 71	 78	 72	 67	 73	 72	 76	 59	 84	 53	 77	 70	 26	 13	  8	  7	 11	 33	 14	  7	 15	  6	 17	 17	  3	 12	  6
 65	151	156	176	174	198	178	170	173	169	170	170	158	171	177	129	171	186	 26	 30	 38	 30	 21	 32	 29	 27	 31	 32	 33	 36	 38	 27	 27	 29	113	115	122	110	120	106	113	124	119	112	112	108	 96	131	115	115	121	138	139	140	137	140	136	140	138	141	130	131	144	138	151	146
 66	168	152	173	171	197	178	166	170	166	167	168	157	167	175	125	168	183	 35	 38	 46	 35	 27	 34	 33	 26	 38	 30	 36	 36	 45	 24	 36	 34	123	125	130	119	129	116	123	132	128	121	122	115	107	138	125	124	122	138	139	141	137	137	135	141	138	142	131	133	145	140	152	147	 19
 67	166	145	166	164	190	171	159	163	160	160	161	150	161	168	118	161	176	 40	 43	 52	 41	 33	 40	 39	 33	 43	 37	 43	 43	 51	 31	 42	 40	118	119	124	113	123	111	117	126	122	115	116	109	102	132	119	118	115	131	132	134	130	130	128	134	131	135	124	126	138	133	145	140	 20	  8
 68	164	151	171	170	195	176	165	168	165	165	166	155	166	173	124	166	182	 34	 37	 46	 35	 27	 35	 33	 28	 37	 31	 37	 38	 45	 25	 36	 34	119	121	126	115	126	112	119	129	124	117	118	112	103	135	121	120	119	136	137	138	134	135	133	139	135	139	128	130	143	138	149	144	 15	  5	  7
 69	192	129	152	151	178	161	144	148	146	146	148	141	146	155	105	147	161	 69	 72	 81	 68	 62	 67	 66	 59	 72	 60	 69	 68	 79	 55	 71	 68	129	130	132	124	134	123	127	135	133	126	128	116	115	138	131	128	108	122	125	127	122	116	120	128	121	127	118	121	132	129	137	133	 52	 36	 33	 38
 70	169	145	166	164	190	171	159	163	159	160	161	151	160	168	118	161	176	 42	 45	 54	 42	 34	 41	 40	 34	 45	 37	 44	 44	 53	 31	 43	 42	120	121	126	115	125	113	119	128	124	117	119	111	104	134	121	120	115	131	133	134	130	130	129	135	131	135	124	126	139	134	145	140	 22	  8	  4	  9	 30
 71	180	187	208	206	232	213	201	205	202	202	203	192	203	210	160	203	218	 23	 21	 27	 16	 22	 12	 16	 12	 20	  7	 13	  8	 23	 13	 24	 18	152	153	160	148	158	144	152	162	157	150	150	146	135	170	153	153	156	173	174	175	171	172	170	176	173	176	165	167	180	175	186	181	 39	 36	 43	 38	 64	 43
 72	171	136	157	155	182	163	150	154	151	151	152	143	152	159	110	152	167	 50	 54	 62	 51	 43	 50	 49	 43	 54	 46	 53	 53	 62	 40	 52	 51	116	117	121	111	121	109	115	124	120	113	115	105	100	128	117	116	107	123	125	126	122	121	121	127	123	127	116	119	131	127	137	132	 29	 17	 11	 17	 24	 10	 52
 73	169	150	171	169	195	176	164	167	164	165	166	155	165	173	123	166	181	 37	 40	 49	 37	 29	 36	 35	 29	 40	 32	 38	 39	 47	 26	 38	 36	122	123	129	118	128	115	121	131	127	120	121	114	106	137	124	123	120	136	137	139	135	135	133	139	135	140	129	131	143	138	150	145	 20	  3	  6	  5	 34	  6	 38	 15
 74	144	141	159	158	181	161	154	157	153	154	154	141	154	161	113	154	170	 43	 48	 54	 48	 38	 49	 46	 44	 48	 49	 51	 53	 55	 43	 44	 46	 97	 99	105	 94	104	 90	 97	107	102	 95	 96	 91	 81	114	 99	 98	104	122	122	123	120	124	119	123	122	124	113	114	127	121	134	129	 18	 27	 23	 23	 50	 26	 56	 27	 27
 75	168	155	176	174	200	180	169	173	169	170	171	160	170	178	128	171	186	 31	 34	 43	 31	 24	 31	 30	 23	 34	 27	 33	 33	 42	 21	 33	 31	124	126	132	121	131	117	124	134	129	122	123	117	108	140	126	125	124	141	142	143	139	140	138	144	140	144	133	135	148	143	154	149	 17	  4	 10	  6	 39	 11	 33	 20	  6	 28
 76	177	151	172	171	197	178	165	169	166	166	167	158	167	174	125	167	182	 41	 44	 53	 40	 34	 38	 38	 31	 44	 32	 41	 40	 51	 27	 43	 40	129	130	135	125	135	122	128	138	134	126	128	120	113	143	131	129	123	139	140	142	138	136	136	142	138	143	132	134	146	142	153	148	 28	 10	 12	 13	 29	 10	 37	 16	  9	 35	 12
 77	123	124	139	138	159	138	135	138	133	134	133	118	135	140	 96	135	150	 71	 76	 81	 77	 68	 79	 76	 75	 76	 80	 80	 84	 83	 75	 72	 75	 66	 67	 74	 62	 72	 58	 65	 75	 71	 63	 64	 60	 49	 83	 67	 67	 81	 99	 98	 99	 97	107	 96	 98	100	101	 89	 89	102	 95	110	104	 49	 58	 53	 54	 71	 55	 87	 53	 57	 32	 59	 65
 78	161	150	170	169	194	174	164	167	164	164	165	154	165	172	123	165	181	 33	 37	 46	 35	 26	 35	 33	 28	 37	 33	 37	 38	 45	 27	 35	 34	117	118	124	113	123	110	116	126	122	115	116	109	100	133	118	118	118	135	135	137	133	134	132	137	134	138	127	129	141	136	148	143	 13	  8	  8	  3	 40	 10	 39	 18	  8	 20	  8	 16	 52
 79	161	146	167	165	190	171	160	164	160	161	161	150	161	168	119	162	177	 37	 41	 49	 39	 30	 39	 37	 32	 41	 36	 41	 42	 49	 30	 39	 38	115	116	121	111	121	108	114	124	119	112	113	107	 98	130	116	115	114	131	132	133	129	131	128	134	131	134	123	125	138	133	144	139	 15	  9	  6	  6	 37	  9	 43	 15	  8	 19	 11	 16	 50	  4
 80	170	142	163	161	187	168	156	159	156	157	158	148	157	165	115	157	173	 45	 48	 57	 45	 37	 45	 43	 37	 48	 40	 47	 47	 56	 34	 46	 45	118	119	124	114	124	111	117	126	123	115	117	109	102	131	120	118	112	128	130	131	127	126	126	132	128	132	121	123	136	131	142	137	 25	 11	  6	 12	 28	  4	 46	  6	  9	 26	 14	 12	 54	 13	 10
 81	 57	222	219	217	217	200	222	223	217	217	212	193	219	214	206	217	227	207	211	209	215	209	218	215	219	211	224	218	223	214	221	206	213	115	117	124	122	116	118	119	119	115	120	116	136	122	129	114	120	179	188	182	180	183	208	186	176	190	182	177	171	179	170	183	180	197	213	210	209	231	213	230	212	213	187	213	221	161	206	205	212
 82	 58	215	211	210	209	193	214	215	209	209	205	185	212	207	199	209	220	204	207	206	212	205	215	211	215	208	221	215	220	211	217	203	209	109	111	117	115	109	112	112	112	108	114	109	129	116	122	107	113	172	181	175	173	176	201	178	169	183	175	170	164	171	162	176	173	193	209	205	205	226	208	226	208	209	183	209	217	156	202	201	208	  8
 83	 57	222	218	217	217	200	221	222	216	216	212	192	219	214	205	216	227	207	210	208	214	208	218	214	218	211	223	217	222	213	220	206	212	115	117	124	121	115	118	119	118	114	120	115	135	121	129	113	119	179	187	182	180	183	208	185	175	189	182	176	170	178	169	183	180	197	213	209	208	231	212	229	212	212	186	212	221	160	205	205	212	  1	  8
 84	 57	221	218	217	216	200	221	222	216	216	212	192	219	214	205	216	227	207	210	208	214	208	218	214	218	211	224	218	223	213	220	206	212	115	117	124	121	115	118	119	118	114	120	115	135	121	129	113	119	179	187	182	180	183	208	185	175	189	182	176	170	178	169	183	180	197	213	209	209	231	212	229	212	213	187	213	221	160	206	205	212	  1	  7	  1
 85	 57	222	219	217	217	200	222	223	217	217	212	193	219	215	206	217	227	207	210	208	215	208	218	214	219	211	224	218	223	213	220	206	212	115	117	124	122	116	118	119	119	115	120	116	136	122	129	114	120	179	188	182	180	183	208	186	176	190	182	177	171	179	170	183	181	197	213	210	209	231	212	229	212	213	187	213	221	161	206	205	212	  1	  8	  1	  1
 86	 48	206	204	202	203	186	207	208	202	202	197	178	204	200	189	202	213	192	195	194	200	193	203	199	203	196	208	203	208	199	205	191	197	 98	101	108	105	 99	101	102	102	 98	103	 99	119	105	114	 97	103	163	172	166	164	167	192	170	160	174	167	161	155	163	154	168	165	181	197	193	193	215	196	214	196	197	171	197	205	144	190	189	196	 18	 13	 17	 17	 18
 87	 49	210	207	206	207	189	210	211	205	205	201	181	208	203	193	205	216	195	198	196	202	196	206	202	206	199	211	205	210	201	207	194	200	102	104	111	108	103	105	106	106	102	107	102	122	108	117	100	107	166	175	170	168	171	196	173	164	177	170	164	158	167	158	171	168	184	200	196	195	218	199	217	199	199	173	200	208	147	192	192	199	 14	 10	 14	 14	 14	  4
 88	 52	214	212	210	211	194	215	215	210	210	205	185	212	207	198	209	220	200	203	201	207	201	211	207	211	203	216	210	215	206	212	198	205	107	109	116	114	108	110	111	111	107	112	108	127	113	122	105	112	171	180	174	173	176	201	178	168	182	175	169	163	171	162	176	173	189	205	201	201	223	204	222	204	205	179	205	213	152	198	197	204	  9	  6	  8	  9	  9	  9	  6
 89	 52	215	212	211	211	194	215	216	210	210	206	186	213	208	198	210	221	200	203	201	207	201	211	207	211	203	216	210	215	206	213	198	205	107	110	117	114	108	110	111	111	107	112	108	128	114	122	106	112	172	181	175	173	176	201	178	169	183	175	170	164	172	163	177	174	189	205	202	201	223	204	222	204	205	179	205	213	153	198	197	204	  9	  7	  8	  8	  9	 10	  6	  1
 90	 56	217	213	212	212	195	216	217	211	211	207	187	214	209	200	211	222	203	207	205	211	205	214	211	215	207	220	214	219	210	216	202	209	110	112	119	116	110	113	114	113	109	115	110	130	117	124	108	114	174	182	177	175	178	203	180	170	184	177	171	165	173	164	178	175	193	209	205	204	227	208	225	208	208	182	209	217	156	201	201	208	  6	  3	  6	  6	  6	 13	 10	  4	  5
 91	 53	219	216	215	215	198	220	220	215	215	210	190	217	212	203	214	225	203	206	204	210	204	214	210	214	207	220	213	218	209	216	202	208	112	114	121	119	113	115	116	116	112	117	113	132	118	127	110	117	176	185	179	178	181	206	183	173	187	180	174	168	176	167	181	178	193	209	205	204	227	208	225	208	209	183	209	217	157	202	201	208	  5	  8	  4	  5	  5	 14	 11	  6	  5	  5
 92	 61	220	216	214	214	197	219	220	214	214	209	190	216	211	204	214	224	209	212	211	217	210	220	216	220	213	226	220	225	216	222	208	214	114	116	122	121	114	117	118	117	113	119	115	134	121	127	112	118	177	185	180	178	181	206	183	173	187	180	175	169	176	167	181	178	199	214	211	210	232	213	231	213	214	188	214	222	161	207	206	213	  5	  6	  6	  5	  6	 18	 15	 10	 10	  6	  9
 93	 65	213	209	207	206	190	212	213	207	207	202	183	210	204	198	207	217	209	213	211	217	210	220	216	220	213	225	220	225	216	222	208	215	109	111	117	116	109	113	113	111	108	114	110	129	117	121	108	113	171	179	173	171	175	200	177	167	181	173	169	163	170	161	174	171	198	213	209	209	229	212	231	211	213	186	213	221	159	206	205	211	 14	  9	 14	 13	 14	 18	 17	 14	 15	 11	 15	  9
 94	 69	196	191	190	189	173	195	196	190	190	185	166	192	187	182	190	200	202	206	205	210	203	213	209	212	206	218	213	218	210	214	201	207	 95	 96	101	101	 94	 99	 98	 95	 93	 99	 95	114	104	105	 93	 98	155	163	157	155	158	184	161	150	165	157	152	146	153	144	157	154	189	203	199	199	218	202	224	200	203	177	204	211	148	196	195	201	 29	 22	 29	 29	 30	 23	 24	 25	 26	 25	 29	 26	 18
 95	 58	222	219	218	217	201	222	223	217	217	213	193	220	215	206	217	228	208	211	209	215	209	219	215	219	212	224	218	223	214	221	207	213	116	118	125	122	116	119	120	119	115	121	116	136	122	130	114	120	180	188	182	181	184	209	186	176	190	183	177	171	179	170	184	181	198	214	210	209	232	213	230	213	213	187	213	222	161	206	206	213	  1	  8	  2	  2	  1	 18	 15	 10	  9	  7	  5	  6	 14	 30
 96	 59	221	218	216	216	199	221	222	216	216	212	192	218	214	205	216	226	208	211	210	216	209	219	215	219	212	225	219	224	214	221	207	213	115	117	124	122	115	118	119	118	114	120	116	135	122	129	113	120	179	187	181	180	183	208	185	175	189	182	176	170	178	169	182	180	198	214	210	209	232	213	230	213	213	187	213	222	161	206	206	213	  2	  7	  3	  2	  3	 18	 15	  9	  9	  6	  6	  4	 12	 28	  2
 97	146	231	218	217	205	195	224	223	218	218	213	197	221	212	224	218	222	278	282	282	285	278	289	285	287	283	293	289	293	287	288	277	283	156	155	155	161	151	162	158	151	152	159	157	171	170	153	154	157	201	201	195	193	198	223	201	189	203	194	194	188	189	183	191	190	262	275	270	271	284	273	299	270	274	248	276	282	218	268	267	271	 92	 89	 92	 92	 92	 98	 97	 95	 95	 92	 95	 87	 81	 80	 92	 90
 98	146	231	218	217	205	195	224	223	218	218	213	197	221	212	224	218	222	278	282	282	285	278	289	285	287	283	293	289	293	287	288	277	283	156	155	155	161	151	162	158	151	152	159	157	171	170	153	154	157	201	201	195	193	198	223	201	189	203	194	194	188	189	183	191	190	262	275	270	271	284	273	299	270	274	248	276	282	218	268	267	271	 92	 89	 92	 92	 92	 98	 97	 95	 95	 92	 95	 87	 81	 80	 92	 90	  1
 99	146	231	218	217	205	195	224	223	218	218	213	197	221	212	224	218	222	278	282	282	285	278	289	285	287	283	293	289	293	287	288	277	283	156	155	155	161	151	162	158	151	152	159	157	171	170	153	154	157	201	201	195	193	198	223	201	189	203	194	194	188	189	183	191	190	262	275	270	271	284	273	299	270	274	248	276	282	218	268	267	271	 92	 89	 92	 92	 92	 98	 97	 95	 95	 92	 95	 87	 81	 80	 92	 90	  1	  1
100	146	231	218	217	205	195	224	223	218	218	213	197	221	212	224	218	222	278	282	282	285	278	289	285	287	283	293	289	293	287	288	277	283	156	155	155	161	151	162	158	151	152	159	157	171	170	153	154	157	201	201	195	193	198	223	201	189	203	194	194	188	189	183	191	190	262	275	270	271	284	273	299	270	274	248	276	282	218	268	267	271	 92	 89	 92	 92	 92	 98	 97	 95	 95	 92	 95	 87	 81	 80	 92	 90	  1	  1	  1
