nVehicles:  10
nDepots:     1
nCustomers: 50
nPeriods:    9
VEHICLE_TYPE	FLEET_SIZE	CAPACITY
           4	        10	      38	
DEPOT   	X  	Y  	INV_COST	INITIAL_INV 	MIN_LEVEL_INV 	MAX_LEVEL_INV	PRODUCTION_0	PRODUCTION_1	PRODUCTION_2	PRODUCTION_3	PRODUCTION_4	PRODUCTION_5	PRODUCTION_6	PRODUCTION_7	PRODUCTION_8
       0	397	320	       0	        325	            0	         3022	         340	         340	         340	         340	         340	         340	         340	         340	         340	
CUSTOMER	X  	Y  	INV_COST	INITIAL_INV	MIN_LEVEL_INV 	MAX_LEVEL_INV	DEMAND_0	DEMAND_1	DEMAND_2	DEMAND_3	DEMAND_4	DEMAND_5	DEMAND_6	DEMAND_7	DEMAND_8
       1	180	204	    0.13	         11	            0	           22	       8	       5	       6	      10	       9	       7	       6	       6	       9
       2	186	158	    0.12	          2	            0	           76	       7	       8	       8	      13	      12	       8	       8	       7	      13
       3	194	146	    0.28	          1	            0	           34	       6	       5	       6	       7	       8	       8	       8	       8	       5
       4	198	147	    0.26	          9	            0	           73	       7	       8	      10	      10	      12	       7	       6	      11	      12
       5	204	156	    0.09	          4	            0	           33	       7	       5	       4	       7	       7	       9	       7	       6	       4
       6	191	108	     0.2	          9	            0	           23	       5	       4	       4	       6	       6	       7	       7	       5	       5
       7	181	161	    0.19	          8	            0	           74	       8	       6	       8	      12	      10	       9	       6	      11	      12
       8	206	160	    0.08	          1	            0	           32	       9	       7	       7	       8	      11	      12	      11	       9	       6
       9	214	161	    0.11	          4	            0	           51	       9	       7	      10	      12	      12	       8	       8	      11	      14
      10	212	139	    0.23	          8	            0	           17	       5	       5	       4	       5	       6	       8	       6	       5	       4
      11	195	153	    0.15	         11	            0	           15	       8	       7	       8	       7	      11	      11	       8	       8	       6
      12	191	146	    0.02	          6	            0	           37	       5	       4	       6	       7	       7	       6	       4	       6	       6
      13	205	145	    0.21	          7	            0	           32	       3	       4	       4	       3	       5	       6	       7	       5	       4
      14	210	158	    0.28	          4	            0	           65	       9	       6	       7	       8	      10	      14	      11	       9	       8
      15	205	150	    0.05	          6	            0	           22	       7	       5	       8	      10	      11	       9	       7	       6	       7
      16	209	156	    0.28	          4	            0	           40	       6	       4	       4	       6	       8	       5	       4	       4	       6
      17	241	242	    0.29	          6	            0	           10	       4	       3	       4	       5	       5	       4	       3	       3	       4
      18	238	248	     0.2	          9	            0	           34	       5	       4	       6	       6	       7	       4	       4	       5	       6
      19	239	245	    0.07	         10	            0	           52	       7	       6	      10	      13	      12	       8	       7	       9	      13
      20	241	244	    0.17	          2	            0	           40	       7	       6	       7	       9	      10	       7	       5	       7	       7
      21	231	258	    0.04	          5	            0	           41	       7	       4	       6	       8	       9	       7	       6	       6	       5
      22	236	249	     0.2	          8	            0	           37	       8	       8	       6	       9	      10	      12	       9	       9	       7
      23	268	279	    0.16	          3	            0	           17	       5	       4	       4	       7	       6	       6	       5	       4	       4
      24	242	243	    0.28	          9	            0	           26	       7	       5	       6	       8	       8	       9	       9	       9	       7
      25	257	245	    0.29	          6	            0	           28	       7	       7	       7	       9	       8	       9	      10	      11	       8
      26	240	246	    0.05	          9	            0	           58	       7	       6	       6	       8	      10	       9	      11	       8	       9
      27	239	261	    0.08	          3	            0	           65	       8	       8	       8	       8	      12	      12	      10	      11	       6
      28	235	246	    0.15	          2	            0	           35	       4	       3	       4	       5	       6	       5	       4	       3	       4
      29	261	234	    0.15	          2	            0	           28	       4	       4	       3	       3	       5	       6	       6	       4	       5
      30	244	228	    0.24	          4	            0	           35	       5	       4	       4	       7	       6	       5	       4	       6	       6
      31	269	255	    0.07	          3	            0	           32	       4	       4	       3	       5	       5	       5	       4	       4	       6
      32	268	220	    0.18	          8	            0	           36	       4	       4	       5	       5	       5	       4	       4	       5	       5
      33	246	143	    0.13	          1	            0	           43	       8	       5	       5	       7	      10	       6	       6	       5	       7
      34	236	182	    0.13	          5	            0	           20	       6	       6	       6	       9	      10	       7	       6	       5	       6
      35	240	158	    0.13	          6	            0	           16	       5	       3	       4	       5	       6	       6	       4	       3	       4
      36	243	154	    0.17	         10	            0	           11	       7	       4	       5	       6	       9	       7	       5	       4	       6
      37	236	146	    0.01	          9	            0	           37	       6	       4	       5	       7	      10	       7	       4	       4	       6
      38	234	151	    0.24	         13	            0	           31	       7	       6	       9	      12	      12	      10	       7	       7	      11
      39	266	135	    0.03	          3	            0	           68	       8	       7	       6	       8	      11	      12	       9	       6	       6
      40	237	105	    0.26	          3	            0	           24	       5	       4	       4	       5	       6	       6	       6	       5	       4
      41	290	143	    0.04	         10	            0	           48	       8	       6	       7	       9	      11	      11	      11	       7	       6
      42	242	153	    0.14	          5	            0	           32	       6	       4	       4	       7	       6	       6	       5	       4	       5
      43	249	164	    0.17	          5	            0	           14	       6	       4	       5	       7	       6	       5	       4	       4	       6
      44	243	151	    0.06	          4	            0	           24	       4	       3	       4	       5	       5	       4	       4	       3	       4
      45	245	156	    0.03	         11	            0	           41	       7	       6	       7	       8	      10	       7	       5	       9	       8
      46	236	149	    0.02	          3	            0	           34	       5	       4	       5	       6	       8	       6	       3	       5	       7
      47	252	153	    0.02	          9	            0	           20	       6	       4	       7	       8	       8	       5	       5	       5	       8
      48	232	143	    0.14	          1	            0	           63	       6	       5	       8	       9	      10	       9	       5	       6	       8
      49	  0	  0	    0.17	         15	            0	           20	       8	       7	       6	      10	      12	      12	       9	       7	       8
      50	  0	  0	    0.15	         15	            0	           53	       8	       7	       9	      12	      11	      10	       6	       7	      12
COST_MATRIX 
	  0	  1	  2	  3	  4	  5	  6	  7	  8	  9	 10	 11	 12	 13	 14	 15	 16	 17	 18	 19	 20	 21	 22	 23	 24	 25	 26	 27	 28	 29	 30	 31	 32	 33	 34	 35	 36	 37	 38	 39	 40	 41	 42	 43	 44	 45	 46	 47	 48	 49	 50
  0
  1	124
  2	134	 24
  3	134	 30	  8
  4	132	 30	  9	  3
  5	127	 27	 10	  8	  6
  6	148	 49	 26	 20	 20	 25
  7	135	 22	  3	 10	 12	 12	 27
  8	125	 26	 11	 10	  8	  3	 28	 13
  9	122	 28	 15	 13	 11	  6	 29	 17	  5
 10	130	 37	 17	 10	  9	 10	 19	 20	 11	 12
 11	132	 27	  6	  4	  4	  5	 23	  9	  7	 11	 12
 12	135	 30	  7	  2	  4	  9	 20	 10	 11	 14	 12	  5
 13	130	 33	 12	  6	  4	  6	 20	 15	  8	 10	  5	  7	  8
 14	124	 28	 13	 11	  9	  4	 27	 15	  3	  3	 10	  8	 12	  7
 15	129	 30	 11	  6	  4	  4	 23	 14	  6	  8	  7	  6	  8	  3	  5
 16	125	 29	 12	 10	  8	  3	 26	 15	  3	  4	  9	  8	 11	  6	  2	  4
 17	 88	 36	 51	 54	 53	 47	 72	 51	 45	 43	 54	 51	 55	 52	 45	 50	 46
 18	 88	 37	 52	 56	 55	 50	 74	 53	 47	 46	 57	 53	 57	 55	 48	 52	 49	  4
 19	 88	 36	 51	 55	 54	 48	 73	 52	 46	 44	 55	 51	 56	 53	 46	 51	 47	  2	  2
 20	 87	 37	 52	 55	 54	 48	 73	 52	 46	 44	 55	 51	 56	 53	 46	 51	 47	  2	  3	  2
 21	 89	 38	 55	 59	 58	 53	 78	 55	 51	 50	 61	 56	 60	 58	 52	 56	 53	 10	  7	  8	  9
 22	 88	 36	 52	 56	 55	 50	 75	 52	 47	 46	 57	 53	 57	 55	 48	 52	 49	  5	  2	  3	  4	  6
 23	 68	 58	 74	 77	 75	 70	 94	 74	 68	 65	 76	 73	 77	 75	 68	 72	 69	 23	 22	 23	 23	 22	 22
 24	 87	 37	 51	 55	 53	 48	 73	 52	 46	 44	 55	 51	 55	 53	 46	 51	 47	  1	  4	  2	  1	 10	  5	 23
 25	 80	 44	 57	 59	 58	 52	 77	 57	 50	 48	 58	 56	 60	 57	 50	 55	 51	  9	 10	 10	  9	 15	 11	 18	  8
 26	 87	 37	 52	 56	 54	 49	 74	 52	 47	 45	 56	 52	 56	 54	 47	 52	 48	  3	  2	  1	  2	  8	  3	 22	  2	  9
 27	 85	 42	 58	 62	 61	 56	 81	 58	 54	 52	 63	 59	 63	 61	 54	 59	 55	 10	  7	  9	  9	  5	  7	 18	 10	 13	  8
 28	 90	 35	 51	 55	 53	 48	 73	 51	 46	 44	 55	 51	 55	 53	 46	 51	 47	  4	  2	  3	  4	  7	  2	 24	  4	 12	  3	  8
 29	 81	 44	 54	 56	 54	 49	 73	 55	 47	 44	 54	 53	 57	 53	 46	 51	 47	 11	 14	 13	 12	 20	 15	 23	 11	  6	 13	 18	 15
 30	 90	 35	 46	 49	 47	 42	 66	 46	 39	 37	 48	 45	 49	 46	 39	 44	 41	  8	 11	  9	  9	 17	 12	 29	  8	 11	 10	 17	 11	 10
 31	 72	 52	 64	 67	 65	 60	 84	 65	 57	 55	 65	 64	 68	 64	 57	 62	 58	 16	 16	 16	 16	 20	 17	 13	 15	  8	 16	 16	 18	 12	 19
 32	 82	 45	 52	 53	 51	 46	 68	 53	 44	 40	 50	 50	 54	 49	 43	 48	 44	 18	 21	 20	 19	 27	 22	 30	 18	 14	 20	 26	 22	  8	 13	 18
 33	117	 45	 31	 27	 25	 22	 33	 34	 22	 19	 18	 26	 28	 21	 20	 21	 20	 50	 53	 52	 51	 58	 54	 69	 51	 52	 52	 60	 52	 47	 43	 58	 41
 34	107	 31	 28	 28	 26	 21	 44	 30	 19	 16	 25	 26	 29	 25	 18	 23	 19	 31	 34	 32	 32	 39	 34	 52	 31	 34	 33	 40	 33	 29	 24	 41	 25	 21
 35	113	 38	 28	 24	 22	 19	 36	 30	 18	 14	 17	 23	 26	 19	 16	 18	 16	 43	 46	 44	 44	 51	 46	 63	 43	 45	 45	 52	 45	 40	 36	 51	 35	  9	 13
 36	114	 41	 29	 25	 23	 20	 35	 32	 19	 15	 18	 25	 27	 20	 17	 20	 18	 45	 48	 46	 46	 53	 48	 64	 45	 47	 47	 54	 47	 42	 38	 53	 36	  6	 15	  3
 37	119	 41	 26	 22	 20	 17	 30	 29	 17	 14	 13	 21	 23	 16	 15	 16	 15	 49	 52	 50	 50	 57	 52	 69	 49	 51	 51	 58	 51	 46	 42	 57	 41	  6	 19	  7	  6
 38	118	 38	 25	 21	 19	 16	 31	 27	 15	 12	 13	 20	 22	 15	 13	 15	 13	 46	 49	 48	 47	 54	 50	 67	 47	 49	 48	 56	 48	 44	 39	 55	 39	  8	 16	  5	  5	  3
 39	114	 56	 42	 37	 35	 33	 40	 45	 33	 30	 28	 37	 38	 31	 31	 32	 31	 55	 59	 57	 56	 64	 59	 73	 56	 56	 58	 65	 58	 50	 48	 61	 43	 11	 28	 18	 15	 16	 18
 40	135	 58	 37	 30	 29	 31	 24	 40	 32	 31	 22	 32	 31	 26	 30	 28	 30	 69	 72	 71	 70	 77	 73	 89	 70	 71	 71	 79	 71	 66	 62	 77	 60	 20	 39	 27	 25	 21	 24	 21
 41	104	 63	 53	 49	 47	 44	 53	 56	 43	 40	 40	 48	 50	 43	 41	 43	 42	 56	 59	 58	 57	 65	 60	 69	 56	 54	 58	 65	 59	 48	 49	 57	 41	 23	 34	 27	 25	 28	 29	 13	 33
 42	114	 41	 29	 25	 23	 20	 35	 31	 19	 15	 17	 24	 26	 19	 17	 19	 17	 45	 48	 47	 46	 53	 49	 65	 46	 47	 47	 55	 47	 42	 38	 53	 36	  6	 15	  3	  1	  5	  5	 16	 25	 25
 43	108	 40	 32	 29	 27	 23	 41	 35	 22	 18	 23	 28	 31	 24	 20	 24	 21	 40	 43	 41	 41	 48	 43	 59	 40	 41	 42	 49	 42	 36	 33	 47	 30	 11	 12	  6	  6	 12	 10	 17	 31	 24	  7
 44	115	 42	 29	 25	 23	 20	 34	 32	 20	 16	 17	 25	 27	 20	 17	 20	 18	 46	 49	 48	 47	 54	 50	 66	 47	 48	 48	 56	 48	 43	 39	 54	 37	  5	 16	  4	  2	  5	  5	 15	 24	 24	  2	  8
 45	112	 41	 30	 26	 24	 21	 37	 33	 20	 16	 19	 26	 28	 21	 18	 21	 19	 44	 47	 45	 45	 52	 47	 63	 44	 45	 46	 53	 46	 40	 37	 51	 35	  7	 14	  3	  2	  7	  7	 15	 26	 24	  3	  5	  3
 46	118	 40	 26	 22	 20	 17	 31	 29	 16	 13	 14	 21	 23	 16	 14	 16	 14	 47	 50	 49	 48	 55	 51	 67	 48	 50	 49	 57	 49	 45	 40	 56	 39	  6	 17	  5	  5	  2	  2	 17	 23	 28	  4	 10	  4	  6
 47	111	 45	 34	 30	 28	 25	 38	 36	 24	 20	 22	 29	 31	 24	 22	 24	 22	 45	 49	 47	 46	 54	 49	 64	 46	 47	 47	 55	 48	 41	 38	 52	 35	  6	 17	  7	  5	  9	 10	 12	 26	 20	  6	  6	  5	  4	  9
 48	121	 41	 25	 20	 18	 16	 27	 28	 16	 13	 11	 20	 21	 14	 14	 14	 14	 50	 53	 52	 51	 58	 54	 71	 51	 53	 52	 60	 52	 48	 43	 59	 43	  8	 20	  9	  8	  3	  5	 18	 20	 30	  8	 14	  7	 10	  4	 12
 49	255	137	123	122	124	129	110	122	131	134	127	124	121	126	132	128	131	171	172	172	172	174	172	194	172	178	172	177	171	176	167	186	174	143	150	144	144	139	140	150	130	162	144	150	144	146	140	148	137
 50	255	137	123	122	124	129	110	122	131	134	127	124	121	126	132	128	131	171	172	172	172	174	172	194	172	178	172	177	171	176	167	186	174	143	150	144	144	139	140	150	130	162	144	150	144	146	140	148	137	  1
