nVehicles:   97
nDepots:      1
nCustomers: 100
nPeriods:     9
VEHICLE_TYPE	FLEET_SIZE	CAPACITY
           1	        97	       8	
DEPOT   	X  	Y  	INV_COST	INITIAL_INV 	MIN_LEVEL_INV 	MAX_LEVEL_INV	PRODUCTION_0	PRODUCTION_1	PRODUCTION_2	PRODUCTION_3	PRODUCTION_4	PRODUCTION_5	PRODUCTION_6	PRODUCTION_7	PRODUCTION_8
       0	371	497	       0	        288	            0	         6283	         699	         699	         699	         699	         699	         699	         699	         699	         699	
CUSTOMER	X  	Y  	INV_COST	INITIAL_INV	MIN_LEVEL_INV 	MAX_LEVEL_INV	DEMAND_0	DEMAND_1	DEMAND_2	DEMAND_3	DEMAND_4	DEMAND_5	DEMAND_6	DEMAND_7	DEMAND_8
       1	150	394	    0.29	         10	            0	           14	       6	       5	       5	       5	       6	       5	       4	       4	       6
       2	158	397	    0.28	          4	            0	           24	       8	       5	       5	       5	       8	       7	       8	       6	       5
       3	141	391	     0.2	          8	            0	           39	       9	       8	       6	       6	       6	       8	      11	      11	      10
       4	142	392	    0.28	          3	            0	           18	       6	       4	       4	       5	       6	       7	       5	       4	       6
       5	151	375	    0.14	          3	            0	           35	       5	       3	       4	       4	       5	       4	       3	       4	       5
       6	149	398	    0.01	         15	            0	           29	       8	       8	       6	       8	       9	      10	      12	       8	       6
       7	139	413	    0.14	         11	            0	           68	       9	       9	       6	       9	      13	      10	       8	       8	       8
       8	145	392	    0.17	         12	            0	           32	      10	       7	       6	       9	      10	       8	       6	       5	      10
       9	163	402	    0.19	          2	            0	           16	       8	       8	       6	      10	       9	       8	       6	       7	      12
      10	144	395	    0.19	          1	            0	           23	       8	       8	       5	       6	       5	       7	      10	       9	       9
      11	112	361	    0.23	         20	            0	           50	      12	      10	       7	       8	       9	       9	      11	      12	      10
      12	147	400	    0.11	          7	            0	           44	       6	       3	       3	       3	       6	       7	       9	       6	       7
      13	152	409	    0.07	          7	            0	           49	       6	       4	       5	       5	       8	       7	       5	       5	       4
      14	154	401	    0.07	          4	            0	           35	       6	       3	       2	       5	       5	       6	       7	       6	       5
      15	149	393	    0.08	          3	            0	           11	       7	       5	       4	       6	       7	       7	       4	       4	       5
      16	150	397	    0.22	          5	            0	           44	       7	       6	       5	       5	       5	       7	       9	       8	      10
      17	494	162	    0.21	          9	            0	           12	       6	       5	       4	       5	       6	       6	       6	       5	       4
      18	458	250	    0.03	          9	            0	           43	       7	       6	       5	       7	       8	       6	       5	       6	       8
      19	472	188	    0.09	         14	            0	           31	       8	       5	       4	       7	       9	       9	       5	       7	       8
      20	463	188	    0.25	          3	            0	           50	       6	       5	       6	       4	       5	       6	       8	       7	       6
      21	457	208	    0.01	          6	            0	           15	       6	       4	       4	       3	       4	       6	       6	       5	       4
      22	476	217	    0.12	         12	            0	           46	       8	       5	       4	       5	       7	       9	       8	       7	       4
      23	476	193	    0.01	          8	            0	           55	       7	       5	       3	       4	       3	       7	       9	       7	       7
      24	434	162	    0.13	          8	            0	           35	       5	       3	       4	       5	       5	       6	       4	       4	       6
      25	446	232	    0.04	         10	            0	           26	       7	       4	       4	       5	       7	       6	       4	       4	       5
      26	475	230	    0.05	          2	            0	           16	      10	       8	       5	       5	       7	       9	      11	       8	       6
      27	468	190	    0.22	          5	            0	           84	       0	       0	       0	       0	       4	       4	       1	       4	       6
      28	473	201	    0.06	         12	            0	           34	      11	       6	       6	       8	      12	       8	       8	       7	       7
      29	430	215	    0.11	          3	            0	           47	       7	       6	       5	       6	       7	       7	       8	       5	       6
      30	438	192	    0.18	         12	            0	           19	      10	       8	       6	       6	       7	      11	       9	      11	       8
      31	472	196	       0	          7	            0	           63	       8	       7	       5	       7	       8	       9	       9	       6	       5
      32	474	196	    0.27	         10	            0	           61	       8	       7	       5	       6	       8	      10	      11	       7	       5
      33	386	 79	    0.08	          3	            0	           37	       5	       5	       3	       5	       6	       7	       7	       5	       5
      34	367	 75	     0.2	         15	            0	           39	       3	       2	       1	       2	       4	       7	       6	       5	       6
      35	371	 73	    0.03	          7	            0	           46	       6	       5	       5	       6	       8	       6	       4	       3	       6
      36	367	 61	    0.18	          4	            0	           32	       8	       6	       5	       7	       7	       6	       4	       4	       6
      37	394	 99	    0.19	          2	            0	           41	       8	       7	       5	       6	       7	       8	       9	       8	       7
      38	376	 74	    0.22	         15	            0	           44	       9	       7	       6	       6	       8	       9	       9	       6	       5
      39	378	 61	    0.07	         14	            0	           69	       8	       8	       7	       7	       8	       9	      10	       7	       6
      40	368	 62	    0.13	          8	            0	           19	       5	       3	       4	       4	       5	       5	       4	       3	       4
      41	372	 70	    0.04	          9	            0	           25	       7	       5	       4	       4	       6	       8	       8	       6	       4
      42	370	 62	    0.16	         10	            0	           20	       6	       4	       3	       3	       5	       5	       6	       5	       4
      43	378	106	     0.2	         13	            0	           45	       4	       3	       2	       6	       6	       5	       4	       7	       9
      44	377	 66	    0.09	          7	            0	           29	       9	       6	       6	       9	      10	       7	       6	       6	       7
      45	364	 67	    0.13	          7	            0	           28	       9	       5	       4	       7	       7	       8	       5	       5	       7
      46	367	 67	    0.28	          8	            0	           40	       5	       4	       4	       3	       5	       6	       5	       5	       3
      47	367	 72	    0.24	         19	            0	           56	       9	       6	       4	       4	       7	       7	       9	       7	       6
      48	361	 80	    0.05	         11	            0	           22	       9	       4	       2	       4	       5	       4	       8	      10	      11
      49	 19	203	    0.26	          1	            0	           13	       5	       4	       4	       3	       4	       6	       6	       5	       4
      50	 20	233	    0.07	         20	            0	           46	       7	       5	       3	       5	       7	       8	       9	       8	       7
      51	 20	199	    0.21	          3	            0	           40	       8	       5	       5	       5	       6	       8	       8	       6	       5
      52	 15	191	    0.03	          4	            0	           25	       6	       5	       4	       6	       7	       6	       6	       5	       5
      53	 38	226	    0.25	          8	            0	           58	       8	       5	       5	       5	       7	       8	       9	       6	       5
      54	 12	193	    0.21	          8	            0	           10	       7	       4	       4	       5	       6	       8	       6	       4	       5
      55	 20	198	    0.12	         11	            0	           28	       1	       0	       0	       1	       3	       4	       1	       5	       8
      56	 11	200	    0.04	          4	            0	           47	       7	       6	       5	       4	       7	       7	       9	       6	       5
      57	  2	177	    0.13	          8	            0	           52	       7	       6	       4	       5	       5	       6	       6	       6	       7
      58	 20	200	    0.13	          5	            0	           29	       4	       4	       3	       4	       6	       6	       3	       3	       4
      59	 19	207	    0.03	         13	            0	           69	       7	       7	       3	       5	       6	       7	      10	       6	       7
      60	  5	157	    0.16	          2	            0	           35	       8	       6	       6	       8	      11	       9	       7	       6	       6
      61	 10	185	    0.22	         11	            0	           42	       9	       6	       5	       6	       6	       7	       7	       7	       6
      62	  9	181	     0.1	         10	            0	           24	       7	       6	       4	       5	       6	       8	       7	       5	       5
      63	 27	198	    0.17	          5	            0	           18	       8	       3	       3	       3	       5	       7	       8	       7	       5
      64	 16	203	    0.23	          9	            0	           43	       7	       6	       5	       4	       5	       7	       7	       9	       7
      65	352	 58	    0.26	         11	            0	           45	       5	       5	       5	       6	       7	       8	       5	       6	       9
      66	429	128	    0.14	          9	            0	           13	       9	       5	       5	       5	       8	       9	       7	       7	       4
      67	412	129	     0.1	          5	            0	           16	       7	       4	       4	       6	       8	       5	       4	       5	       6
      68	418	112	    0.11	          8	            0	           28	       0	       0	       0	       0	       4	       4	       2	       5	      10
      69	418	118	    0.25	          6	            0	           82	       8	       5	       4	       4	       6	       6	       7	      10	       8
      70	428	117	    0.14	         12	            0	           34	       7	       5	       4	       5	       5	       6	       6	       7	       6
      71	378	 97	    0.21	          5	            0	           39	       6	       4	       4	       4	       4	       5	       6	       7	       6
      72	393	125	    0.13	          1	            0	           46	       0	       0	       0	       0	       0	       3	       6	       8	       7
      73	397	118	    0.26	          8	            0	           43	       8	       6	       4	       5	       6	       7	       8	       8	       6
      74	429	118	    0.03	         11	            0	           53	       6	       4	       3	       3	       6	       8	       6	       6	       5
      75	401	112	    0.22	          8	            0	           61	       7	       4	       2	       5	       6	       7	       6	       5	       7
      76	375	 32	    0.24	          7	            0	           11	       7	       6	       4	       4	       5	       7	       6	       7	       7
      77	388	154	    0.12	          2	            0	           19	       5	       3	       3	       4	       5	       5	       5	       4	       4
      78	403	122	    0.22	         10	            0	           76	       0	       0	       0	       3	       4	       4	       2	       5	       8
      79	398	122	    0.11	          2	            0	           14	       5	       5	       3	       3	       4	       4	       5	       5	       5
      80	401	121	    0.21	          6	            0	           38	       7	       6	       4	       4	       5	       6	       6	       7	       5
      81	346	470	    0.13	          5	            0	           13	       5	       5	       4	       4	       4	       6	       7	       4	       4
      82	357	483	    0.19	          8	            0	           23	       5	       4	       4	       5	       5	       6	       5	       3	       4
      83	361	477	     0.1	         14	            0	           30	       6	       4	       4	       4	       5	       6	       6	       7	       7
      84	362	478	    0.13	          5	            0	           80	       5	       1	       1	       1	       2	       4	       8	       8	       7
      85	369	498	       0	          4	            0	           24	       5	       4	       4	       4	       4	       5	       5	       3	       3
      86	361	497	    0.08	          1	            0	           38	       5	       3	       2	       2	       4	       6	       9	       8	       8
      87	362	470	     0.1	          4	            0	           46	       7	       5	       3	       4	       5	       7	       7	       9	       7
      88	350	474	    0.01	          5	            0	           57	       8	       5	       2	       4	       5	       7	       7	       5	       7
      89	372	475	    0.17	         12	            0	           24	       7	       5	       5	       4	       6	       8	       7	       8	       7
      90	352	472	    0.16	          5	            0	           28	       0	       0	       0	       0	       2	       4	       4	       4	       6
      91	348	445	    0.21	          3	            0	           64	       3	       2	       3	       2	       1	       4	       4	       7	       9
      92	349	488	    0.22	         11	            0	           11	       7	       5	       4	       5	       5	       6	       7	       5	       5
      93	363	482	    0.04	          2	            0	           38	       2	       1	       1	       4	       7	       5	       4	       4	       9
      94	360	478	    0.25	          8	            0	           61	       2	       0	       0	       0	       3	       4	       6	       5	       6
      95	360	480	    0.21	          1	            0	           50	       6	       5	       4	       4	       7	       8	       7	       6	       5
      96	408	439	    0.19	         10	            0	           38	       6	       4	       3	       4	       5	       6	       6	       4	       3
      97	  0	  0	     0.2	         10	            0	           49	       5	       5	       3	       3	       3	       4	       8	       6	       7
      98	  0	  0	    0.12	          2	            0	           21	       7	       4	       4	       4	       5	       5	       8	       7	       7
      99	  0	  0	    0.29	         10	            0	           74	       1	       1	       0	       0	       2	       4	       8	       6	       6
     100	  0	  0	    0.04	          6	            0	           50	       7	       5	       2	       2	       4	       5	       7	       8	       5
COST_MATRIX 
	  0	  1	  2	  3	  4	  5	  6	  7	  8	  9	 10	 11	 12	 13	 14	 15	 16	 17	 18	 19	 20	 21	 22	 23	 24	 25	 26	 27	 28	 29	 30	 31	 32	 33	 34	 35	 36	 37	 38	 39	 40	 41	 42	 43	 44	 45	 46	 47	 48	 49	 50	 51	 52	 53	 54	 55	 56	 57	 58	 59	 60	 61	 62	 63	 64	 65	 66	 67	 68	 69	 70	 71	 72	 73	 74	 75	 76	 77	 78	 79	 80	 81	 82	 83	 84	 85	 86	 87	 88	 89	 90	 91	 92	 93	 94	 95	 96	 97	 98	 99	100
  0
  1	122
  2	118	  5
  3	127	  5	 10
  4	126	  5	  9	  1
  5	126	 10	 12	 10	 10
  6	122	  3	  5	  6	  5	 12
  7	124	 11	 13	 12	 11	 20	 10
  8	125	  3	  7	  3	  2	 10	  4	 11
  9	115	  8	  4	 13	 12	 15	  8	 14	 11
 10	125	  4	  8	  3	  2	 11	  3	 10	  2	 11
 11	147	 26	 30	 21	 22	 21	 27	 30	 23	 33	 24
 12	123	  4	  6	  6	  5	 13	  2	  8	  5	  9	  3	 27
 13	119	  8	  7	 11	 10	 18	  6	  7	 10	  7	  9	 32	  6
 14	119	  5	  3	  9	  8	 14	  3	 10	  7	  5	  6	 30	  4	  5
 15	123	  1	  5	  5	  4	 10	  3	 12	  3	  9	  3	 25	  4	  9	  5
 16	122	  2	  5	  6	  5	 12	  1	 10	  4	  7	  4	 27	  3	  7	  3	  3
 17	179	208	206	211	211	202	209	218	209	205	211	216	211	211	208	208	209
 18	131	171	168	174	174	166	172	180	172	166	173	182	173	173	170	171	171	 48
 19	163	192	189	195	194	186	193	201	193	188	194	200	195	195	192	192	192	 18	 32
 20	162	188	185	191	191	182	189	198	189	185	191	196	191	191	188	188	189	 21	 32	  5
 21	151	180	177	183	183	175	181	190	182	177	183	189	183	183	180	180	181	 30	 22	 13	 11
 22	150	186	183	189	189	181	187	195	188	182	189	196	189	189	186	186	187	 29	 19	 15	 16	 11
 23	161	192	189	195	195	187	193	202	194	189	195	201	195	195	192	192	193	 18	 30	  4	  7	 13	 13
 24	171	184	182	186	186	178	186	194	185	181	187	190	187	188	185	184	185	 31	 46	 24	 20	 26	 35	 27
 25	138	169	166	172	172	164	171	179	171	166	172	180	172	172	169	169	170	 43	 11	 26	 24	 14	 17	 25	 36
 26	144	183	180	186	186	178	184	192	184	179	185	193	185	185	182	183	183	 36	 14	 22	 22	 15	  7	 19	 40	 15
 27	161	189	187	192	192	184	191	199	191	186	192	198	192	193	190	190	190	 20	 31	  3	  3	 11	 15	  5	 23	 24	 21
 28	157	189	186	192	192	184	190	198	190	185	191	198	191	192	189	189	189	 23	 26	  7	  9	  9	  9	  5	 28	 21	 15	  7
 29	145	167	164	170	170	161	168	176	168	163	169	175	170	170	167	167	167	 42	 23	 25	 22	 14	 24	 26	 27	 12	 24	 23	 23
 30	157	176	174	179	179	171	178	186	178	174	179	184	179	180	177	177	177	 32	 31	 18	 13	 13	 23	 20	 16	 21	 27	 16	 19	 13
 31	159	190	187	193	192	184	191	199	191	186	192	199	192	193	190	190	190	 21	 28	  5	  7	 10	 11	  3	 26	 23	 18	  4	  3	 24	 18
 32	160	190	188	193	193	185	192	200	192	187	193	199	193	194	191	191	191	 20	 29	  5	  7	 11	 11	  2	 27	 23	 18	  5	  3	 24	 19	  2
 33	210	197	196	199	199	189	199	208	198	197	200	197	201	203	199	197	199	 69	 93	 70	 67	 74	 83	 73	 48	 83	 88	 70	 75	 72	 63	 73	 74
 34	212	193	192	195	195	185	195	204	194	193	196	192	197	199	195	193	195	 77	 99	 78	 75	 81	 90	 81	 55	 88	 95	 77	 83	 77	 69	 81	 81	 10
 35	213	195	194	197	197	187	197	206	196	195	197	194	199	201	197	195	197	 76	 99	 77	 74	 81	 90	 80	 55	 88	 95	 76	 82	 77	 69	 80	 81	  9	  3
 36	219	199	198	200	201	191	201	210	200	199	201	197	203	205	201	199	200	 82	105	 83	 80	 87	 96	 86	 61	 95	101	 82	 88	 84	 75	 86	 87	 14	  8	  7
 37	200	192	191	194	194	184	194	203	193	191	194	193	195	197	193	192	193	 60	 83	 60	 57	 63	 72	 63	 38	 72	 78	 59	 65	 61	 52	 63	 63	 11	 19	 18	 24
 38	212	196	195	198	198	188	198	207	197	196	199	195	200	202	198	196	198	 74	 98	 75	 72	 79	 88	 78	 53	 87	 93	 75	 80	 76	 67	 78	 79	  6	  5	  3	  8	 16
 39	219	202	201	204	204	194	204	213	203	202	204	201	206	208	204	202	204	 77	103	 80	 77	 84	 93	 83	 58	 93	 98	 79	 85	 82	 73	 83	 83	 10	  9	  7	  6	 21	  7
 40	218	199	198	200	200	191	201	210	200	199	201	197	202	205	201	199	200	 81	105	 82	 79	 86	 95	 85	 60	 94	100	 82	 88	 83	 74	 85	 86	 13	  7	  6	  1	 23	  8	  6
 41	214	197	196	198	198	189	199	208	197	197	199	196	200	203	199	197	198	 77	100	 78	 75	 82	 91	 81	 56	 90	 96	 77	 83	 79	 70	 81	 82	  9	  4	  2	  6	 19	  3	  6	  5
 42	218	200	199	201	201	192	202	211	200	200	202	198	203	205	201	199	201	 80	104	 82	 79	 85	 94	 85	 60	 94	100	 81	 87	 83	 74	 85	 85	 12	  7	  6	  2	 23	  7	  5	  2	  5
 43	196	184	183	186	186	176	186	195	185	183	186	185	187	190	186	184	185	 65	 83	 63	 60	 65	 75	 66	 40	 72	 79	 62	 68	 61	 53	 66	 66	 15	 17	 17	 24	  9	 17	 23	 23	 19	 23
 44	216	200	199	201	201	192	202	211	201	200	202	199	203	206	202	200	201	 76	101	 78	 75	 82	 91	 81	 56	 90	 96	 77	 83	 80	 70	 81	 82	  8	  7	  5	  6	 19	  5	  3	  5	  4	  5	 21
 45	216	196	195	197	197	188	198	207	196	196	198	194	199	202	198	196	197	 81	103	 82	 79	 85	 94	 85	 60	 93	 99	 81	 87	 82	 73	 85	 85	 13	  5	  5	  4	 22	  7	  8	  4	  5	  4	 21	  7
 46	216	197	196	198	198	189	199	208	197	197	199	195	200	202	199	197	198	 80	103	 81	 78	 84	 93	 84	 59	 92	 98	 80	 86	 81	 72	 84	 84	 12	  5	  4	  4	 21	  6	  7	  3	  3	  3	 21	  6	  2
 47	213	195	194	196	196	187	197	206	195	194	197	193	198	200	196	195	196	 78	100	 79	 76	 82	 91	 82	 57	 90	 96	 78	 84	 79	 70	 82	 82	 11	  2	  3	  6	 20	  5	  8	  6	  3	  6	 18	  6	  3	  3
 48	209	190	189	191	191	182	192	201	190	190	192	188	193	195	191	190	191	 79	 98	 78	 75	 81	 90	 81	 55	 88	 95	 77	 83	 76	 68	 81	 81	 13	  4	  7	 10	 20	  9	 13	 10	  8	 11	 16	 11	  7	  8	  6
 49	230	116	120	113	113	109	118	121	114	123	115	 92	118	123	120	116	118	239	221	227	223	220	229	229	209	214	229	225	228	206	210	227	228	194	186	188	188	195	190	194	189	189	190	186	192	186	187	186	182
 50	220	104	108	100	101	 97	105	108	102	111	103	 79	105	111	108	103	105	240	220	228	223	219	229	229	211	214	228	226	228	206	211	227	228	199	191	193	194	199	195	199	194	194	195	190	198	191	193	192	187	 16
 51	231	118	121	114	115	110	119	123	115	125	116	 94	119	125	122	117	119	238	221	227	222	219	229	229	208	214	229	225	227	206	210	227	228	193	185	187	187	194	189	192	187	188	188	185	191	185	186	185	181	  3	 18
 52	235	122	126	119	119	115	124	128	120	129	121	 98	124	129	126	122	124	240	224	229	225	222	231	231	211	217	231	227	230	208	212	229	230	194	186	188	188	196	190	193	188	189	189	187	192	186	187	186	182	  7	 22	  5
 53	215	101	105	 98	 98	 94	103	107	 99	108	100	 77	103	108	105	101	103	231	211	218	214	210	220	220	201	205	219	216	218	197	201	218	219	189	181	184	185	189	186	189	185	185	186	181	188	182	183	182	178	 15	 10	 17	 21
 54	236	122	126	119	119	115	124	128	120	129	121	 98	124	129	126	122	124	242	225	231	226	223	233	233	212	218	233	229	231	210	214	231	232	196	188	190	190	197	192	195	190	191	191	189	194	187	189	188	184	  7	 21	  6	  2	 22
 55	231	118	122	114	115	111	119	123	116	125	117	 94	120	125	122	117	119	238	221	227	222	219	229	229	208	214	229	225	227	206	210	227	228	193	185	187	187	194	189	192	187	188	188	185	191	185	186	185	181	  3	 18	  1	  5	 17	  5
 56	234	120	123	116	117	113	121	125	118	127	119	 96	121	127	124	119	121	243	225	231	227	224	233	233	213	219	233	229	232	210	214	231	232	198	189	191	192	199	194	197	192	192	193	190	195	189	191	190	186	  5	 18	  5	  5	 19	  4	  5
 57	245	132	135	128	129	124	133	137	130	139	131	108	133	139	136	131	133	247	231	236	231	229	238	238	217	224	238	234	236	215	219	236	237	199	190	192	192	200	194	197	192	193	193	192	196	190	191	190	186	 16	 30	 15	 10	 31	 10	 14	 13
 58	230	117	121	114	114	110	119	122	115	124	116	 93	119	124	121	117	119	238	221	227	222	219	229	229	208	214	228	225	227	206	210	227	228	193	185	187	187	194	189	193	188	188	189	186	191	185	186	185	181	  2	 17	  1	  6	 16	  6	  2	  5	 15
 59	229	115	118	111	112	107	116	120	112	122	113	 90	116	121	119	114	116	239	221	227	223	220	229	229	209	214	229	225	228	206	210	227	228	195	187	189	189	196	191	194	189	190	190	187	193	187	188	187	183	  3	 14	  5	  9	 14	  8	  5	  6	 18	  4
 60	250	139	143	136	137	132	141	145	137	146	138	116	141	146	143	139	141	245	232	235	230	228	238	237	215	224	238	233	236	215	218	235	236	195	186	188	188	197	191	193	188	189	189	189	192	186	187	186	183	 25	 39	 23	 18	 39	 19	 22	 22	 11	 23	 26
 61	239	126	130	123	123	119	128	131	124	133	125	102	128	133	130	126	128	243	227	232	227	224	234	234	213	220	234	230	232	211	215	232	233	196	187	189	189	197	192	195	190	190	191	189	193	187	188	188	184	 11	 25	  9	  4	 25	  5	  9	  8	  6	 10	 12	 15
 62	241	128	132	125	125	121	130	133	126	135	127	104	130	135	132	128	129	243	228	232	228	225	235	234	213	220	235	230	233	212	215	232	233	196	187	189	189	197	192	195	190	190	191	189	193	187	188	188	184	 13	 27	 11	  6	 27	  7	 11	 10	  5	 11	 14	 13	  3
 63	228	116	120	113	113	109	118	122	114	123	115	 92	118	123	120	116	117	235	218	223	219	216	225	225	205	211	225	221	224	202	206	223	224	190	181	184	184	191	186	189	184	184	185	182	188	181	183	182	178	  5	 18	  4	  7	 16	  8	  4	  9	 17	  4	  7	 24	 11	 13
 64	231	117	121	113	114	110	119	122	115	124	116	 93	119	124	121	116	118	240	223	229	224	221	231	231	211	216	230	227	229	208	212	229	230	196	187	190	190	197	192	195	190	191	191	188	194	187	189	188	184	  2	 16	  3	  7	 16	  6	  4	  3	 15	  3	  3	 24	 10	 12	  7
 65	220	197	196	198	198	188	198	207	197	197	199	194	200	202	199	196	198	 89	110	 89	 86	 92	101	 92	 67	 99	106	 88	 94	 88	 80	 92	 93	 20	 12	 13	  8	 30	 15	 14	  9	 12	 10	 28	 14	  8	  9	 11	 12	182	188	181	182	179	183	181	185	185	181	183	181	183	183	177	183
 66	187	193	191	196	195	186	195	204	194	191	196	197	196	198	194	193	194	 37	 63	 37	 35	 43	 51	 41	 18	 53	 56	 37	 43	 44	 33	 41	 41	 33	 41	 40	 46	 23	 38	 43	 45	 41	 45	 28	 41	 45	 44	 42	 42	209	212	208	210	202	212	208	213	215	208	209	213	212	212	205	210	 53
 67	186	187	185	189	189	180	189	197	188	185	189	190	190	192	188	187	188	 45	 65	 43	 39	 46	 55	 46	 20	 55	 60	 42	 48	 44	 35	 45	 46	 29	 36	 35	 41	 18	 33	 39	 41	 36	 40	 21	 37	 40	 39	 37	 36	200	203	200	201	194	203	200	204	207	200	201	204	203	204	196	202	 47	  9
 68	194	195	193	197	197	188	197	206	196	194	197	198	198	200	196	195	196	 46	 72	 47	 45	 52	 60	 50	 27	 62	 66	 47	 53	 52	 42	 50	 51	 23	 32	 31	 37	 14	 29	 33	 36	 32	 35	 21	 31	 36	 35	 33	 33	205	208	204	206	199	208	204	209	211	204	206	208	208	208	201	207	 43	 10	 10
 69	191	193	191	195	195	186	195	204	194	191	195	196	196	198	194	193	194	 44	 69	 45	 42	 50	 58	 48	 24	 59	 63	 44	 50	 49	 39	 48	 49	 26	 34	 33	 39	 16	 31	 35	 38	 34	 37	 21	 34	 38	 37	 35	 35	204	208	204	205	198	207	203	208	211	204	205	208	207	207	200	206	 45	  8	  7	  4
 70	193	197	195	199	199	190	198	207	198	195	199	200	200	201	198	197	198	 40	 69	 42	 40	 48	 56	 45	 23	 59	 62	 42	 48	 50	 38	 46	 46	 29	 38	 37	 42	 20	 34	 38	 41	 37	 40	 26	 37	 41	 40	 38	 39	209	213	209	210	203	212	208	213	216	209	210	213	212	212	205	211	 49	  6	 11	  6	  6
 71	201	188	187	189	189	180	190	199	188	187	190	188	191	193	189	188	189	 67	 87	 66	 63	 69	 78	 69	 43	 76	 83	 65	 71	 65	 57	 69	 69	 10	 13	 13	 19	  9	 12	 19	 19	 14	 18	  5	 16	 17	 16	 14	 13	188	192	187	188	182	190	186	191	193	187	188	189	190	190	183	189	 24	 30	 24	 22	 23	 27
 72	187	182	180	184	184	174	184	193	183	181	184	184	185	187	183	182	183	 54	 71	 51	 48	 53	 62	 54	 28	 60	 67	 50	 56	 49	 41	 54	 54	 24	 29	 29	 35	 14	 27	 33	 34	 30	 34	 13	 31	 33	 32	 30	 28	192	195	191	192	185	194	191	195	198	191	192	195	194	195	187	193	 40	 19	 10	 15	 13	 18	 16
 73	190	186	184	188	188	178	188	196	187	184	188	188	189	191	187	186	187	 54	 73	 52	 49	 55	 64	 55	 29	 63	 69	 51	 57	 52	 43	 55	 55	 21	 27	 26	 33	 10	 25	 31	 32	 28	 32	 12	 28	 31	 30	 28	 27	194	198	193	195	188	197	193	198	200	193	195	197	197	197	190	196	 38	 17	 10	 11	 11	 16	 15	  5
 74	192	197	195	199	199	190	198	207	198	195	199	200	200	201	198	197	198	 40	 68	 42	 39	 48	 55	 45	 23	 58	 61	 41	 47	 49	 38	 45	 46	 30	 38	 37	 43	 20	 35	 39	 42	 38	 41	 27	 37	 42	 41	 39	 39	210	213	209	211	203	212	209	213	216	209	210	213	213	213	205	211	 49	  6	 11	  7	  6	  1	 28	 19	 17
 75	194	189	188	191	191	182	191	200	190	188	192	191	193	194	191	189	190	 53	 75	 53	 50	 56	 65	 56	 30	 65	 70	 52	 58	 54	 45	 55	 56	 19	 26	 25	 31	  8	 23	 28	 30	 26	 30	 12	 26	 30	 29	 27	 26	197	200	196	198	191	199	196	200	203	196	197	200	199	200	192	198	 37	 17	 11	  9	 10	 14	 14	  8	  4	 15
 76	233	214	213	215	215	205	216	225	214	214	216	211	217	220	216	213	215	 89	117	 92	 90	 98	106	 96	 72	107	111	 92	 98	 96	 86	 96	 96	 25	 22	 21	 16	 35	 22	 15	 16	 20	 16	 38	 18	 19	 18	 21	 26	198	204	197	197	195	199	196	201	201	197	199	196	198	198	193	199	 18	 56	 52	 46	 49	 51	 33	 48	 45	 51	 43
 77	172	170	168	172	172	163	171	180	171	168	172	173	173	174	171	169	171	 54	 60	 46	 42	 44	 55	 49	 24	 49	 58	 44	 49	 38	 32	 47	 48	 38	 41	 42	 48	 28	 41	 47	 48	 43	 47	 25	 45	 46	 45	 43	 40	187	189	186	188	179	190	186	190	194	186	187	192	190	190	182	188	 52	 25	 18	 26	 24	 28	 29	 15	 19	 28	 22	 62
 78	189	186	185	188	188	179	188	197	187	185	189	189	189	191	187	186	187	 50	 70	 48	 45	 51	 60	 51	 26	 60	 65	 48	 53	 49	 40	 51	 52	 24	 30	 30	 36	 13	 28	 33	 35	 31	 35	 15	 31	 34	 33	 31	 30	197	200	196	198	190	199	196	200	203	196	197	200	200	200	192	198	 41	 14	  6	 10	  8	 13	 18	  6	  4	 14	  6	 48	 18
 79	188	185	183	187	187	177	186	195	186	183	187	187	188	190	186	185	186	 53	 71	 50	 47	 53	 62	 53	 27	 61	 67	 49	 55	 50	 41	 53	 54	 23	 29	 28	 35	 12	 27	 33	 34	 30	 34	 13	 30	 33	 32	 30	 28	194	197	193	195	188	197	193	198	200	193	195	198	197	197	190	196	 40	 16	  8	 12	 11	 16	 17	  3	  3	 16	  6	 47	 17	  3
 80	189	186	184	188	188	179	188	197	187	185	188	188	189	191	187	186	187	 51	 71	 49	 46	 52	 61	 52	 27	 60	 66	 49	 54	 50	 41	 52	 53	 23	 29	 29	 35	 12	 27	 33	 34	 30	 34	 14	 31	 33	 32	 30	 29	196	199	195	197	189	198	195	199	202	195	196	199	199	199	191	197	 40	 15	  7	 10	  9	 14	 17	  5	  3	 15	  5	 47	 18	  2	  2
 81	 19	106	101	110	110	109	105	108	108	 98	108	130	106	102	103	106	105	171	124	155	153	143	143	153	161	130	137	153	149	135	147	151	152	197	198	199	205	188	199	206	205	201	205	183	203	202	202	200	196	212	202	212	217	197	217	213	216	226	212	210	232	221	222	210	213	207	176	174	183	180	182	188	175	178	181	182	220	160	177	176	177
 82	 10	113	109	118	117	117	113	115	116	106	116	137	113	109	110	114	113	175	127	159	157	147	146	157	166	134	140	157	153	139	152	155	155	203	205	206	212	193	205	212	211	207	211	189	209	209	209	206	202	220	210	221	225	205	226	221	224	235	221	219	240	229	231	219	221	213	182	180	188	186	187	194	180	184	187	187	226	166	182	182	183	  9
 83	 12	114	110	119	118	117	114	116	117	106	116	138	114	110	111	115	113	171	124	155	154	143	143	154	162	130	137	154	149	136	148	152	152	200	202	203	209	190	202	209	208	204	208	186	206	206	206	203	199	220	210	220	225	205	225	221	224	234	220	218	240	229	230	218	221	210	178	176	185	182	184	191	177	181	183	184	223	163	179	179	180	  9	  4
 84	 11	115	110	119	119	118	114	117	117	107	117	139	115	111	111	115	114	172	124	156	154	144	143	154	163	130	137	154	150	136	148	152	152	200	202	203	209	191	203	209	209	205	209	187	207	206	206	204	200	220	211	221	226	206	226	222	224	235	221	219	241	229	231	219	221	211	179	177	186	183	184	191	178	181	184	185	224	163	180	179	180	  9	  4	  1
 85	  2	122	117	126	126	126	121	123	124	114	124	146	122	118	118	122	121	180	132	164	162	152	151	162	172	139	145	162	158	145	157	160	160	210	212	213	219	200	213	219	219	215	219	197	217	216	216	214	210	229	220	230	235	215	235	231	233	244	230	228	250	239	240	228	231	221	188	186	195	192	193	201	187	191	193	194	234	173	189	189	190	 19	 10	 12	 11
 86	  6	118	114	123	122	122	117	119	121	110	120	142	118	114	115	119	117	181	133	165	163	153	152	163	172	140	146	163	159	146	158	161	161	210	212	213	219	200	212	219	218	214	218	196	216	216	216	213	209	226	216	227	231	211	232	227	230	241	227	225	247	235	237	225	227	220	188	186	195	192	193	201	187	191	193	194	233	173	189	189	190	 16	  8	 11	 10	  5
 87	 15	113	109	118	117	116	113	116	116	106	116	137	114	110	110	114	113	168	121	152	150	140	139	150	159	127	133	150	146	132	145	148	149	196	198	199	205	187	199	205	205	201	205	183	203	202	202	200	196	218	209	219	223	203	224	219	222	233	218	217	238	227	229	216	219	207	175	173	182	179	180	187	174	177	180	181	220	159	176	175	176	  9	  7	  4	  5	 15	 14
 88	 16	108	104	113	112	112	108	110	111	101	111	132	109	105	105	109	108	172	125	156	154	144	144	154	162	131	138	154	150	136	148	152	153	199	200	201	207	189	201	207	207	203	207	185	205	204	204	202	198	214	205	215	220	200	220	216	218	229	215	213	235	224	225	213	216	209	178	176	185	182	183	190	176	180	183	183	222	162	178	178	179	  3	  6	  6	  7	 16	 13	  7
 89	 12	119	114	123	123	122	118	121	121	111	121	142	119	115	116	119	118	168	121	152	151	141	140	151	160	128	133	151	147	134	146	149	149	199	201	202	208	189	201	208	207	203	207	185	205	205	205	202	198	223	214	224	229	209	229	224	227	238	224	222	243	232	234	222	225	209	176	175	183	180	182	190	176	179	181	183	222	161	178	177	178	 14	  9	  6	  6	 12	 13	  6	 12
 90	 16	109	104	114	113	112	109	111	111	101	111	133	109	105	106	109	108	171	124	155	153	143	142	153	161	129	136	153	149	135	147	151	151	198	199	200	206	188	200	206	206	202	206	184	204	203	203	201	197	215	205	215	220	200	220	216	219	229	215	213	235	224	225	213	216	208	177	175	184	181	182	188	175	179	182	182	221	161	177	177	178	  4	  7	  6	  6	 16	 14	  6	  2	 11
 91	 29	103	 98	107	107	105	103	106	105	 95	106	126	103	100	100	103	102	160	112	143	141	131	131	142	148	118	125	141	138	123	135	140	140	184	186	187	193	175	187	193	192	188	192	171	191	190	190	187	183	205	196	206	210	190	211	206	209	219	205	204	224	214	215	203	206	194	164	162	171	168	169	175	162	166	169	169	207	147	164	164	165	 13	 20	 18	 18	 29	 27	 15	 15	 20	 14
 92	 12	111	106	115	115	114	110	112	113	103	113	135	111	107	107	111	110	179	131	163	161	151	150	161	169	137	144	161	157	143	155	159	159	206	207	208	214	196	208	214	214	210	214	192	212	211	211	209	205	219	209	219	224	204	224	220	223	233	219	217	239	228	230	217	220	216	185	183	192	189	190	197	183	187	190	190	229	169	185	185	186	 10	  5	  9	  9	 12	  8	 12	  8	 14	  9	 22
 93	  9	116	111	120	120	119	115	118	118	108	118	140	116	112	113	116	115	173	126	157	156	145	145	156	164	132	138	156	151	138	150	154	154	202	204	205	211	193	205	211	211	207	211	189	209	208	208	206	202	222	212	223	227	207	228	223	226	237	223	221	242	231	233	220	223	213	181	179	188	185	186	193	180	183	185	186	226	165	182	181	182	 11	  4	  3	  3	  9	  8	  7	  8	  6	  8	 20	  8
 94	 11	114	109	118	118	117	113	116	116	106	116	138	114	110	110	114	113	172	125	156	154	144	143	154	163	131	137	154	150	137	149	152	153	200	202	203	209	191	203	209	209	205	209	187	207	206	206	204	200	220	210	220	225	205	225	221	224	234	220	218	240	229	230	218	221	211	179	177	186	183	184	191	178	181	184	185	224	163	180	180	180	  9	  3	  1	  2	 11	 10	  5	  6	  7	  6	 18	  8	  3
 95	 11	114	110	119	118	117	114	116	117	106	117	138	114	110	111	115	113	173	126	157	155	145	144	155	164	132	138	155	151	138	150	153	154	201	203	204	210	192	204	210	210	206	210	188	208	207	207	205	201	220	211	221	226	206	226	221	224	235	221	219	240	229	231	219	221	212	180	178	187	184	185	192	179	182	185	186	225	164	181	181	181	  9	  3	  2	  2	 11	  9	  6	  6	  7	  6	 19	  7	  2	  2
 96	 35	131	127	136	136	133	132	136	134	124	134	154	132	129	129	132	131	146	 98	130	129	119	117	128	140	106	110	129	124	113	125	126	126	181	184	184	191	171	184	190	190	186	190	168	188	188	188	185	182	228	220	229	233	214	234	229	232	242	228	227	246	237	238	226	229	193	156	156	164	161	162	172	158	161	161	164	205	143	159	159	160	 35	 34	 31	 31	 36	 38	 28	 34	 26	 33	 31	 39	 32	 31	 32
 97	311	211	214	208	209	203	213	218	209	217	211	189	214	219	215	211	213	260	261	255	250	252	262	257	232	252	264	253	257	241	240	256	257	198	188	190	187	204	192	192	187	190	188	197	192	186	187	187	185	102	117	101	 96	115	 97	100	101	 89	101	104	 79	 93	 91	100	102	179	224	216	217	218	222	196	207	208	223	209	189	209	211	209	210	292	301	300	300	310	308	297	295	302	295	283	300	302	300	301	300
 98	311	211	214	208	209	203	213	218	209	217	211	189	214	219	215	211	213	260	261	255	250	252	262	257	232	252	264	253	257	241	240	256	257	198	188	190	187	204	192	192	187	190	188	197	192	186	187	187	185	102	117	101	 96	115	 97	100	101	 89	101	104	 79	 93	 91	100	102	179	224	216	217	218	222	196	207	208	223	209	189	209	211	209	210	292	301	300	300	310	308	297	295	302	295	283	300	302	300	301	300	  1
 99	311	211	214	208	209	203	213	218	209	217	211	189	214	219	215	211	213	260	261	255	250	252	262	257	232	252	264	253	257	241	240	256	257	198	188	190	187	204	192	192	187	190	188	197	192	186	187	187	185	102	117	101	 96	115	 97	100	101	 89	101	104	 79	 93	 91	100	102	179	224	216	217	218	222	196	207	208	223	209	189	209	211	209	210	292	301	300	300	310	308	297	295	302	295	283	300	302	300	301	300	  1	  1
100	311	211	214	208	209	203	213	218	209	217	211	189	214	219	215	211	213	260	261	255	250	252	262	257	232	252	264	253	257	241	240	256	257	198	188	190	187	204	192	192	187	190	188	197	192	186	187	187	185	102	117	101	 96	115	 97	100	101	 89	101	104	 79	 93	 91	100	102	179	224	216	217	218	222	196	207	208	223	209	189	209	211	209	210	292	301	300	300	310	308	297	295	302	295	283	300	302	300	301	300	  1	  1	  1
