nVehicles:  21
nDepots:     1
nCustomers: 50
nPeriods:    6
VEHICLE_TYPE	FLEET_SIZE	CAPACITY
           2	        21	      18	
DEPOT   	X  	Y  	INV_COST	INITIAL_INV 	MIN_LEVEL_INV 	MAX_LEVEL_INV	PRODUCTION_0	PRODUCTION_1	PRODUCTION_2	PRODUCTION_3	PRODUCTION_4	PRODUCTION_5
       0	366	295	       0	        387	            0	         2154	         362	         362	         362	         362	         362	         362	
CUSTOMER	X  	Y  	INV_COST	INITIAL_INV	MIN_LEVEL_INV 	MAX_LEVEL_INV	DEMAND_0	DEMAND_1	DEMAND_2	DEMAND_3	DEMAND_4	DEMAND_5
       1	161	256	     0.1	          7	            0	           12	       7	       7	       7	       9	       9	      10
       2	142	272	    0.19	          4	            0	           14	       6	       5	       5	       6	       8	       7
       3	134	267	    0.28	          2	            0	           43	       6	       7	      11	      12	      12	       8
       4	129	283	     0.2	          4	            0	           28	       4	       4	       5	       6	       7	       7
       5	148	283	    0.15	         11	            0	           28	       7	       6	       9	      12	      10	       8
       6	139	272	    0.22	          1	            0	           45	       6	       6	       6	       8	      11	      11
       7	128	264	    0.24	          3	            0	           19	       7	       6	       7	      10	      11	      12
       8	122	271	    0.04	         14	            0	           54	       7	       8	      11	      10	      12	       6
       9	116	267	    0.06	         14	            0	           24	       8	       6	      10	      11	       9	       6
      10	109	285	    0.18	         11	            0	           14	       7	       5	       7	       7	      11	       8
      11	109	304	    0.19	          8	            0	           18	       4	       5	       5	       8	       5	       4
      12	138	268	    0.27	          4	            0	            9	       4	       5	       7	       9	       7	       5
      13	101	255	    0.12	          1	            0	           22	       6	       6	       6	       9	       9	       9
      14	 95	237	    0.01	         11	            0	           51	       7	       7	       8	      10	      12	      12
      15	135	237	    0.06	          4	            0	           12	       5	       4	       5	       6	       5	       4
      16	163	267	    0.03	          5	            0	           36	       6	       5	       8	       8	       9	      10
      17	446	161	    0.29	          8	            0	            8	       5	       5	       5	       8	       7	       8
      18	452	176	    0.15	         14	            0	           27	       9	       7	       8	      10	      14	      11
      19	457	178	    0.14	         10	            0	           22	       5	       5	       5	       7	       8	       7
      20	469	193	    0.21	          1	            0	           47	       6	       6	       8	      12	      11	       6
      21	449	179	    0.12	          8	            0	           15	       5	       3	       5	       6	       6	       6
      22	451	174	    0.11	          5	            0	           15	       5	       5	       7	       7	       6	       4
      23	473	186	    0.18	          5	            0	           24	       7	       6	       8	      12	       8	       5
      24	484	166	       0	          4	            0	           21	       5	       4	       6	       7	       7	       7
      25	446	180	    0.07	          4	            0	           13	       4	       3	       3	       5	       6	       5
      26	465	176	    0.04	          9	            0	           15	       8	       8	       8	      10	      10	      10
      27	429	225	    0.29	          8	            0	           12	       6	       6	       8	      10	      10	       9
      28	453	178	    0.13	          7	            0	           14	       4	       4	       3	       6	       6	       5
      29	467	171	     0.1	          5	            0	           30	       6	       6	       7	      10	       8	       8
      30	454	131	    0.02	          6	            0	            7	       4	       3	       4	       5	       4	       4
      31	458	174	    0.26	          8	            0	           39	       7	       6	       6	       8	       8	      11
      32	453	189	    0.18	          4	            0	           56	       7	       8	       8	      13	      11	      10
      33	390	 71	     0.3	          3	            0	           25	       4	       4	       5	       5	       5	       3
      34	391	 71	    0.26	          3	            0	           15	       4	       6	       8	       9	       6	       4
      35	388	 68	    0.04	         13	            0	           42	       6	       7	       8	      10	      11	      12
      36	439	 58	     0.1	          9	            0	           26	       6	       6	       8	      10	       8	       7
      37	390	 73	    0.24	          2	            0	            8	       4	       4	       5	       8	       7	       6
      38	415	 82	    0.04	         11	            0	           47	       6	       6	       9	      14	      10	       7
      39	391	 73	    0.19	          7	            0	           26	       6	       7	       7	      10	       8	       5
      40	399	 70	     0.2	         11	            0	           39	       9	       8	      11	      13	      10	       7
      41	387	 72	    0.03	          8	            0	           22	       4	       4	       5	       6	       5	       5
      42	390	 74	    0.06	          1	            0	           23	       4	       3	       5	       7	       7	       8
      43	383	 81	    0.01	          4	            0	           39	       6	       6	       7	       9	       8	       5
      44	394	 67	    0.12	          1	            0	           21	       7	       7	       8	      13	      12	       8
      45	406	 66	    0.11	          9	            0	           32	       8	       7	       9	      12	      12	      13
      46	455	 84	    0.25	          7	            0	           22	       7	       5	       8	      11	       8	       5
      47	366	 43	    0.14	          9	            0	           15	       5	       4	       6	       6	       8	       6
      48	402	 71	     0.2	         12	            0	           39	       8	       6	       8	      12	      13	       9
      49	  0	  0	    0.25	          1	            0	           10	       4	       4	       4	       7	       7	       8
      50	  0	  0	    0.27	          9	            0	           33	       8	       7	       7	       9	      10	       9
COST_MATRIX 
	  0	  1	  2	  3	  4	  5	  6	  7	  8	  9	 10	 11	 12	 13	 14	 15	 16	 17	 18	 19	 20	 21	 22	 23	 24	 25	 26	 27	 28	 29	 30	 31	 32	 33	 34	 35	 36	 37	 38	 39	 40	 41	 42	 43	 44	 45	 46	 47	 48	 49	 50
  0
  1	105
  2	113	 13
  3	117	 15	  5
  4	119	 21	  9	  9
  5	110	 15	  7	 11	 10
  6	115	 14	  2	  4	  8	  8
  7	121	 17	  9	  4	 10	 14	  7
  8	123	 21	 11	  7	  7	 15	  9	  5
  9	126	 24	 14	 10	 11	 18	 12	  7	  4
 10	129	 30	 18	 16	 11	 20	 17	 15	 10	 10
 11	129	 36	 23	 23	 15	 23	 22	 23	 18	 19	 10
 12	115	 13	  3	  3	  9	 10	  3	  6	  9	 12	 17	 24
 13	135	 31	 23	 18	 20	 28	 21	 15	 14	 10	 16	 25	 20
 14	139	 35	 30	 25	 29	 36	 29	 22	 22	 19	 26	 35	 27	 10
 15	120	 17	 18	 16	 24	 24	 18	 14	 19	 18	 28	 36	 16	 20	 21
 16	103	  6	 11	 15	 19	 11	 13	 18	 21	 24	 29	 33	 13	 32	 38	 21
 17	 79	151	162	165	170	162	164	168	172	174	180	184	164	179	180	161	152
 18	 74	151	163	166	171	162	164	168	172	175	180	184	164	180	182	162	152	  9
 19	 75	154	165	168	173	164	166	171	174	177	183	186	166	183	184	164	154	 11	  3
 20	 73	158	169	172	176	167	170	175	178	181	186	189	170	187	189	169	158	 20	 13	 10
 21	 72	150	161	164	169	160	162	167	170	173	179	182	162	179	180	160	150	 10	  3	  5	 13
 22	 74	151	163	166	170	162	164	168	172	174	180	183	164	180	181	162	152	  7	  2	  4	 14	  3
 23	 77	160	171	175	179	170	173	177	181	184	189	192	173	190	191	171	161	 19	 12	  9	  5	 13	 13
 24	 88	168	180	183	187	178	181	185	189	191	197	200	181	197	198	179	169	 20	 17	 15	 16	 19	 17	 12
 25	 71	148	159	162	167	158	161	165	169	171	177	180	161	177	178	159	149	 10	  4	  6	 14	  2	  4	 14	 21
 26	 78	158	169	172	177	168	170	175	178	181	187	190	170	187	188	168	158	 13	  7	  5	  9	  9	  8	  7	 11	 10
 27	 48	135	146	149	153	144	147	152	156	158	163	165	148	165	168	148	135	 34	 28	 28	 26	 26	 28	 30	 41	 25	 31
 28	 73	152	163	166	171	162	164	169	172	175	181	184	164	181	182	162	152	 10	  2	  3	 11	  3	  3	 11	 17	  4	  7	 27
 29	 80	159	171	174	179	170	172	176	180	182	188	191	172	188	189	170	160	 12	  8	  7	 12	 10	  9	  9	  9	 12	  3	 34	  8
 30	 94	160	172	174	180	171	173	177	181	183	189	193	173	188	188	169	161	 16	 23	 24	 32	 25	 22	 30	 24	 25	 24	 49	 24	 22
 31	 77	155	166	169	174	165	167	172	175	178	184	187	167	184	185	165	155	  9	  4	  3	 11	  6	  4	 10	 14	  7	  4	 30	  4	  5	 22
 32	 69	150	161	165	169	160	163	167	171	173	179	182	163	180	181	161	151	 15	  7	  6	  9	  6	  8	 11	 20	  6	  9	 22	  6	 12	 30	  8
 33	113	148	160	162	169	161	161	163	168	169	177	183	160	172	170	153	150	 54	 61	 64	 73	 62	 60	 71	 67	 62	 65	 80	 63	 64	 44	 62	 67
 34	113	148	161	162	169	162	162	164	168	169	178	183	161	172	170	153	151	 53	 61	 63	 73	 62	 60	 71	 67	 62	 65	 80	 62	 63	 44	 62	 67	  1
 35	115	148	160	162	169	162	161	163	168	169	177	183	161	172	170	153	151	 55	 63	 65	 75	 64	 62	 73	 69	 64	 67	 82	 64	 65	 46	 64	 69	  2	  3
 36	124	171	184	185	192	184	185	187	191	193	201	206	184	196	194	177	174	 52	 60	 61	 70	 61	 59	 67	 59	 62	 61	 84	 61	 59	 38	 59	 66	 26	 25	 26
 37	112	147	159	161	168	161	161	163	167	168	177	182	160	171	169	152	150	 53	 61	 63	 72	 61	 59	 71	 67	 61	 64	 79	 62	 63	 44	 61	 67	  2	  2	  3	 26
 38	110	154	167	169	175	168	168	170	175	176	184	190	167	180	178	161	157	 43	 51	 53	 62	 52	 50	 60	 55	 52	 54	 72	 52	 52	 32	 51	 57	 14	 14	 16	 17	 14
 39	112	147	160	162	168	161	161	163	168	169	177	183	160	172	170	153	150	 52	 60	 63	 72	 61	 59	 70	 66	 61	 64	 79	 61	 63	 43	 61	 66	  2	  2	  3	 26	  1	 13
 40	114	152	164	166	172	165	165	167	172	173	181	187	164	176	174	157	154	 52	 60	 62	 71	 60	 59	 69	 65	 60	 63	 79	 61	 61	 42	 60	 66	  5	  5	  6	 21	  5	 11	  5
 41	112	146	159	160	167	160	160	162	166	167	176	182	159	170	168	151	149	 54	 62	 64	 74	 62	 61	 72	 68	 62	 66	 80	 63	 64	 45	 63	 68	  2	  3	  3	 27	  2	 15	  3	  7
 42	112	147	159	161	168	160	160	162	167	168	176	182	160	171	169	152	149	 52	 60	 62	 72	 61	 59	 70	 66	 60	 64	 78	 61	 62	 43	 61	 66	  2	  2	  4	 26	  1	 14	  1	  5	  2
 43	108	142	154	156	163	155	155	157	162	163	171	177	155	166	164	147	145	 51	 59	 62	 71	 60	 58	 70	 67	 59	 63	 76	 60	 62	 44	 60	 65	  7	  7	  7	 31	  6	 17	  6	 10	  5	  5
 44	115	151	163	165	171	164	164	166	171	172	180	186	163	175	172	155	153	 54	 62	 64	 74	 63	 61	 72	 67	 63	 66	 81	 63	 64	 44	 63	 68	  3	  3	  4	 23	  4	 13	  4	  3	  5	  5	  9
 45	117	156	168	170	176	169	169	171	176	177	185	191	168	180	178	161	158	 52	 60	 62	 71	 61	 59	 69	 64	 61	 63	 81	 61	 61	 41	 60	 66	  9	  8	 10	 17	  9	 10	  9	  5	 10	  9	 14	  7
 46	115	171	183	185	191	183	184	187	191	193	201	206	184	197	196	178	173	 39	 47	 48	 55	 48	 46	 52	 44	 49	 47	 72	 48	 44	 24	 46	 53	 34	 33	 35	 16	 33	 21	 33	 29	 35	 33	 37	 32	 27
 47	127	148	161	162	169	163	162	163	167	168	177	184	161	170	167	151	152	 72	 80	 82	 91	 80	 79	 90	 86	 80	 83	 97	 81	 82	 63	 81	 85	 19	 19	 17	 38	 20	 32	 20	 22	 18	 20	 21	 19	 24	 49
 48	114	152	165	167	173	166	166	168	173	174	182	188	165	177	175	158	155	 51	 59	 61	 70	 59	 58	 68	 63	 59	 62	 79	 60	 60	 40	 59	 65	  7	  6	  8	 20	  7	  9	  6	  2	  8	  7	 11	  5	  4	 28	 23
 49	236	152	154	150	156	160	153	147	149	146	153	162	151	138	128	137	157	238	243	246	254	242	242	255	256	241	249	243	244	249	237	245	246	199	199	197	222	199	212	199	203	197	199	196	200	206	232	185	205
 50	236	152	154	150	156	160	153	147	149	146	153	162	151	138	128	137	157	238	243	246	254	242	242	255	256	241	249	243	244	249	237	245	246	199	199	197	222	199	212	199	203	197	199	196	200	206	232	185	205	  1
