nVehicles:  10
nDepots:     1
nCustomers: 50
nPeriods:    6
VEHICLE_TYPE	FLEET_SIZE	CAPACITY
           4	        10	      38	
DEPOT   	X  	Y  	INV_COST	INITIAL_INV 	MIN_LEVEL_INV 	MAX_LEVEL_INV	PRODUCTION_0	PRODUCTION_1	PRODUCTION_2	PRODUCTION_3	PRODUCTION_4	PRODUCTION_5
       0	126	188	       0	        192	            0	         2056	         349	         349	         349	         349	         349	         349	
CUSTOMER	X  	Y  	INV_COST	INITIAL_INV	MIN_LEVEL_INV 	MAX_LEVEL_INV	DEMAND_0	DEMAND_1	DEMAND_2	DEMAND_3	DEMAND_4	DEMAND_5
       1	200	151	    0.09	         11	            0	           20	       8	       7	       8	      10	      12	      11
       2	191	147	    0.15	         10	            0	           19	       6	       5	       4	       5	       7	       7
       3	210	158	    0.11	          5	            0	           12	       4	       4	       4	       6	       6	       6
       4	178	156	    0.04	          4	            0	           27	       5	       5	       6	       7	       8	       7
       5	142	166	    0.04	          8	            0	           27	       8	       6	       7	       9	      12	       7
       6	197	172	    0.17	         10	            0	           43	       7	       6	       8	      10	       9	      12
       7	198	158	    0.24	          9	            0	           30	       7	       5	       6	       7	       9	       6
       8	201	175	    0.09	          1	            0	           30	       8	       6	       7	       7	      11	      12
       9	227	170	    0.16	         12	            0	           18	       8	       5	       8	      10	       8	       5
      10	224	152	    0.24	          1	            0	           22	       8	       6	       8	      11	      12	       7
      11	195	157	    0.14	          3	            0	           19	       4	       3	       4	       5	       6	       5
      12	214	167	    0.17	         11	            0	           12	       7	       5	       6	      11	      10	       6
      13	206	165	    0.17	          7	            0	           19	       4	       4	       4	       4	       6	       5
      14	161	182	    0.13	         11	            0	           40	      10	       6	      10	      10	      12	      10
      15	185	151	    0.28	         13	            0	           19	       8	       7	       8	       8	       9	      10
      16	200	121	    0.06	         13	            0	           26	       8	       6	       6	       9	       9	       8
      17	400	398	    0.22	          7	            0	           22	       4	       3	       3	       4	       5	       5
      18	377	322	    0.11	          9	            0	           26	       7	       4	       8	       8	      10	       8
      19	378	319	    0.17	          7	            0	           27	       6	       5	       8	      11	      10	       7
      20	368	326	    0.17	          1	            0	           25	       5	       5	       6	       9	       6	       6
      21	380	331	    0.16	          1	            0	           11	       4	       3	       3	       5	       6	       5
      22	378	322	    0.08	          2	            0	           12	       5	       4	       4	       4	       6	       6
      23	344	309	     0.2	          8	            0	           25	       6	       5	       7	       8	       9	       7
      24	357	381	    0.23	         10	            0	           21	       7	       6	       6	       8	       8	      10
      25	373	321	    0.14	          9	            0	           55	       7	       7	       8	       8	      11	      14
      26	372	336	     0.3	          3	            0	           40	       8	       7	       9	      14	      13	       7
      27	369	324	    0.12	          9	            0	           36	       6	       5	       7	       8	       6	       5
      28	428	352	    0.17	          1	            0	            7	       5	       3	       4	       5	       6	       6
      29	338	381	    0.09	         11	            0	           16	       8	       6	       9	      10	      10	       8
      30	372	332	    0.02	          9	            0	           22	       6	       5	       5	       6	       8	       9
      31	360	337	    0.09	          5	            0	           36	       5	       4	       6	       6	       9	       8
      32	358	309	    0.12	         12	            0	           54	       9	       7	       8	       9	      11	      13
      33	 99	431	    0.25	          5	            0	           26	       5	       5	       4	       5	       6	       7
      34	 77	423	    0.27	          1	            0	            6	       3	       3	       4	       4	       5	       5
      35	 81	449	    0.01	          1	            0	            8	       4	       3	       3	       5	       6	       6
      36	 93	422	    0.14	         14	            0	           44	       9	       7	       9	       9	       9	       7
      37	 93	430	    0.11	          1	            0	           23	       6	       5	       7	       7	       8	       5
      38	103	425	    0.04	         11	            0	           43	       6	       6	       6	       8	       9	       8
      39	 99	428	    0.04	          7	            0	           19	       4	       4	       4	       6	       7	       6
      40	104	430	    0.19	         12	            0	           25	       8	       6	       6	       7	      11	      13
      41	 95	431	       0	          1	            0	           17	       8	       5	       7	       9	      12	       8
      42	101	434	    0.13	         12	            0	           18	       8	       6	       6	       7	      12	      12
      43	 99	436	    0.12	          9	            0	           37	       7	       6	       7	       8	      11	      12
      44	151	453	    0.01	         12	            0	           42	       9	       7	       7	       6	      10	       9
      45	 97	427	    0.22	          4	            0	           16	       7	       6	       6	       8	      10	       9
      46	 96	431	     0.1	          9	            0	           19	       6	       5	       5	       8	       9	      10
      47	139	403	     0.1	          6	            0	           13	       3	       3	       4	       5	       5	       6
      48	104	425	    0.26	          3	            0	           15	       6	       6	       7	      11	      10	       7
      49	  0	  0	    0.18	          6	            0	           22	       7	       6	       8	       9	      10	      12
      50	  0	  0	    0.27	          3	            0	            6	       4	       3	       4	       5	       6	       4
COST_MATRIX 
	  0	  1	  2	  3	  4	  5	  6	  7	  8	  9	 10	 11	 12	 13	 14	 15	 16	 17	 18	 19	 20	 21	 22	 23	 24	 25	 26	 27	 28	 29	 30	 31	 32	 33	 34	 35	 36	 37	 38	 39	 40	 41	 42	 43	 44	 45	 46	 47	 48	 49	 50
  0
  1	 42
  2	 39	  5
  3	 45	  7	 11
  4	 31	 12	  8	 17
  5	 14	 30	 27	 35	 19
  6	 37	 11	 13	 10	 13	 28
  7	 40	  4	  7	  7	 11	 29	  8
  8	 39	 13	 15	 10	 15	 30	  3	  9
  9	 52	 17	 22	 11	 26	 43	 16	 16	 14
 10	 53	 13	 17	  8	 24	 42	 17	 14	 17	 10
 11	 38	  4	  6	  8	  9	 27	  8	  2	 10	 18	 15
 12	 46	 11	 16	  5	 19	 37	  9	 10	  8	  7	 10	 11
 13	 42	  8	 12	  5	 15	 33	  6	  6	  6	 11	 12	  7	  5
 14	 18	 25	 24	 28	 16	 13	 19	 23	 21	 34	 35	 22	 28	 25
 15	 35	  8	  4	 13	  5	 23	 13	  8	 15	 24	 20	  6	 17	 13	 20
 16	 50	 16	 14	 20	 21	 37	 26	 19	 28	 28	 20	 19	 25	 23	 37	 17
 17	173	159	164	154	165	174	152	157	150	144	152	159	149	152	162	164	171
 18	143	124	128	118	130	142	118	122	115	107	115	123	113	117	129	129	134	 40
 19	143	123	128	117	130	141	117	121	115	107	114	123	112	116	129	128	134	 42	  2
 20	140	122	126	116	128	139	116	120	113	106	113	121	111	115	127	127	133	 40	  5	  7
 21	146	128	132	122	134	145	122	126	119	112	119	127	117	121	133	133	139	 35	  5	  7	  7
 22	143	124	129	118	130	142	118	122	116	108	115	124	113	117	130	129	135	 40	  1	  2	  6	  5
 23	125	107	112	101	113	124	101	106	 98	 91	 99	107	 97	100	112	113	119	 53	 18	 18	 15	 22	 19
 24	151	140	144	134	144	153	132	137	130	124	133	139	129	132	140	144	152	 24	 32	 33	 29	 28	 32	 37
 25	141	122	126	116	128	140	116	120	113	106	113	122	111	115	127	127	133	 41	  3	  3	  4	  7	  3	 16	 32
 26	144	127	131	121	133	144	120	125	118	111	119	126	116	120	131	132	138	 35	  8	 10	  6	  5	  8	 20	 24	  8
 27	140	121	126	115	128	139	115	120	113	105	113	121	111	114	126	127	133	 41	  5	  6	  2	  7	  5	 15	 30	  3	  7
 28	172	152	157	146	159	171	147	151	144	136	143	152	142	146	159	158	163	 27	 30	 30	 33	 27	 30	 48	 39	 32	 30	 33
 29	144	135	139	129	139	146	127	132	124	120	128	133	124	127	134	139	148	 33	 36	 37	 32	 33	 36	 37	 10	 35	 29	 33	 48
 30	143	125	130	119	131	142	119	124	117	109	117	125	115	118	130	131	137	 36	  6	  8	  4	  5	  6	 19	 26	  6	  3	  5	 30	 30
 31	139	123	128	117	129	139	116	121	114	107	115	123	113	116	127	128	135	 37	 12	 13	  7	 11	 12	 17	 23	 11	  7	  8	 35	 25	  7
 32	131	112	117	106	119	130	106	111	104	 96	104	112	102	105	118	118	123	 50	 12	 12	 10	 16	 12	  8	 37	 10	 16	 10	 42	 38	 14	 15
 33	123	149	150	148	144	135	139	146	138	146	153	146	144	144	129	147	164	152	150	151	145	150	150	137	132	148	145	146	170	123	146	139	144
 34	121	150	150	149	143	133	140	146	139	148	155	146	146	145	128	147	164	162	159	160	154	159	159	146	142	157	154	155	180	133	155	148	152	 12
 35	133	161	161	160	155	145	151	157	150	158	165	157	156	156	140	158	175	162	162	163	157	161	162	149	143	160	157	157	181	133	157	151	156	 13	 14
 36	119	146	146	145	140	131	136	143	135	143	151	142	142	141	125	144	160	154	151	152	146	151	152	138	134	149	146	147	172	125	147	141	145	  6	  9	 15
 37	123	150	150	149	144	135	140	146	139	147	154	146	145	145	129	147	164	155	152	153	148	152	153	140	135	151	148	148	172	125	148	142	146	  4	  9	 12	  5
 38	120	146	146	144	140	131	135	142	135	142	150	142	141	140	125	144	160	150	147	148	142	147	147	134	129	145	142	143	167	120	143	136	141	  4	 14	 17	  6	  6
 39	121	148	148	146	142	133	138	144	137	145	152	144	143	142	127	146	162	152	149	150	144	149	150	137	132	148	145	145	169	122	145	139	143	  2	 12	 14	  5	  4	  3
 40	122	148	149	146	142	134	138	144	137	144	152	144	143	142	128	146	162	149	147	148	142	147	148	135	129	146	143	143	167	120	143	137	141	  3	 14	 15	  7	  6	  3	  3
 41	123	150	150	149	144	135	140	146	139	147	154	146	145	145	129	148	164	154	152	153	147	152	152	139	134	150	147	148	172	125	148	141	145	  3	 10	 12	  5	  2	  6	  3	  5
 42	124	150	151	149	145	136	140	147	139	147	154	147	145	145	130	148	165	151	149	150	145	149	150	137	131	148	145	145	169	122	145	139	143	  2	 14	 13	  8	  5	  5	  4	  3	  4
 43	125	152	152	150	146	137	141	148	141	148	156	148	147	146	131	149	166	152	151	152	146	150	151	138	132	149	146	147	170	123	147	140	145	  3	 13	 12	  8	  5	  6	  5	  4	  4	  2
 44	134	153	155	151	150	144	143	150	142	147	155	150	147	147	136	152	168	128	131	132	126	130	132	121	110	130	126	127	148	101	126	120	127	 29	 40	 36	 33	 32	 28	 29	 27	 31	 27	 28
 45	121	148	148	146	142	133	137	144	137	145	152	144	143	142	127	145	162	153	150	151	145	150	150	137	133	148	145	146	170	123	146	139	144	  3	 11	 14	  4	  3	  4	  2	  4	  3	  5	  5	 30
 46	123	150	150	148	144	135	139	146	139	147	154	146	145	144	129	147	164	153	151	152	146	151	152	139	133	150	146	147	171	124	147	141	145	  2	 11	 12	  5	  2	  5	  3	  5	  1	  3	  3	 30	  3
 47	108	130	131	128	126	119	120	127	119	125	133	127	124	124	112	129	145	131	126	127	121	126	127	113	110	124	122	122	147	101	122	116	120	 25	 33	 38	 25	 27	 22	 24	 23	 27	 25	 26	 26	 25	 26
 48	120	146	146	144	140	131	135	142	135	142	150	142	141	140	125	143	160	149	146	147	141	146	147	134	129	145	142	142	167	120	142	136	140	  4	 14	 17	  6	  7	  1	  3	  3	  6	  5	  7	 28	  4	  6	 21
 49	114	126	121	132	119	110	131	127	134	142	136	126	136	132	122	120	117	283	248	248	246	252	249	232	262	247	251	246	278	255	250	247	237	222	215	229	217	220	219	220	222	221	223	224	239	219	221	214	219
 50	114	126	121	132	119	110	131	127	134	142	136	126	136	132	122	120	117	283	248	248	246	252	249	232	262	247	251	246	278	255	250	247	237	222	215	229	217	220	219	220	222	221	223	224	239	219	221	214	219	  1
