nVehicles:  11
nDepots:     1
nCustomers: 50
nPeriods:   12
VEHICLE_TYPE	FLEET_SIZE	CAPACITY
           4	        11	      38	
DEPOT   	X  	Y  	INV_COST	INITIAL_INV 	MIN_LEVEL_INV 	MAX_LEVEL_INV	PRODUCTION_0	PRODUCTION_1	PRODUCTION_2	PRODUCTION_3	PRODUCTION_4	PRODUCTION_5	PRODUCTION_6	PRODUCTION_7	PRODUCTION_8	PRODUCTION_9	PRODUCTION_10	PRODUCTION_11
       0	  5	123	       0	        457	            0	         4342	         365	         365	         365	         365	         365	         365	         365	         365	         365	         365	          365	          365	
CUSTOMER	X  	Y  	INV_COST	INITIAL_INV	MIN_LEVEL_INV 	MAX_LEVEL_INV	DEMAND_0	DEMAND_1	DEMAND_2	DEMAND_3	DEMAND_4	DEMAND_5	DEMAND_6	DEMAND_7	DEMAND_8	DEMAND_9	DEMAND_10	DEMAND_11
       1	 54	497	     0.3	          2	            0	           38	       3	       3	       4	       5	       5	       4	       3	       4	       4	       5	        6	        5
       2	 55	490	    0.19	          8	            0	           65	       6	       5	       8	      10	       9	      10	       6	       5	       7	       8	        8	       11
       3	  1	441	    0.23	          5	            0	           49	       6	      10	      13	      12	       7	       7	       9	      10	      11	       6	        8	       12
       4	 50	493	    0.16	          5	            0	           98	       6	       9	      11	      13	      12	       8	       8	       9	      12	      13	       12	        7
       5	 54	498	    0.06	          2	            0	           34	       4	       5	       7	       8	       6	       5	       3	       3	       6	       6	        6	        6
       6	 52	480	    0.06	          3	            0	           72	       7	       9	      12	       9	       7	       6	      11	      12	      11	       7	        8	       12
       7	 54	494	    0.26	          7	            0	           27	       6	       7	      12	      11	      10	       8	       7	       8	      11	      14	        8	        8
       8	 62	497	    0.26	         13	            0	           33	       7	       7	      12	      10	      10	       8	       8	       8	      11	      12	        7	        5
       9	 52	499	    0.01	          4	            0	           67	       4	       5	       9	       9	       8	       5	       5	       6	       7	       8	        5	        5
      10	 26	497	    0.07	          3	            0	           40	       4	       5	       6	       7	       7	       6	       6	       4	       4	       5	        6	        6
      11	 57	498	    0.15	         10	            0	           76	       5	       6	       8	       8	       6	       5	       7	       9	       9	       6	        5	        8
      12	 54	499	    0.29	          5	            0	           66	       6	       7	       8	      10	       6	       5	       8	       8	       7	       6	        5	        8
      13	 56	451	    0.24	          5	            0	           24	       6	       6	      11	       8	       7	       5	       6	       9	      10	       7	        6	        7
      14	 54	493	    0.17	          2	            0	           45	       5	       7	       8	       8	       6	       5	       7	       7	       9	       5	        4	        7
      15	 84	477	    0.19	          2	            0	           34	       3	       4	       6	       7	       5	       3	       3	       4	       6	       6	        4	        4
      16	 99	500	    0.23	          4	            0	           34	       4	       5	       8	       7	       6	       5	       5	       8	      10	       8	        6	        5
      17	270	378	    0.03	          7	            0	           53	       4	       5	       7	       7	       5	       4	       5	       8	       7	       4	        4	        4
      18	267	393	     0.3	          2	            0	           36	       5	       7	      10	      10	       6	       6	       7	       9	      10	       8	        6	        5
      19	279	396	     0.2	          1	            0	           20	       3	       4	       6	       6	       4	       4	       4	       5	       5	       3	        4	        4
      20	210	408	    0.12	          5	            0	           34	       8	       8	       9	      11	      12	       8	       6	       9	      12	      13	        9	        9
      21	267	359	    0.24	          5	            0	           26	       7	       8	       9	      11	      10	      10	      10	       8	       7	       7	       10	       11
      22	271	420	    0.29	          1	            0	           48	       4	       5	       6	       7	       6	       5	       4	       5	       6	       6	        5	        5
      23	251	355	    0.11	          2	            0	           58	       4	       5	       7	       8	       5	       4	       4	       6	       7	       8	        5	        4
      24	271	400	    0.21	          4	            0	           53	       4	       4	       6	       8	       7	       6	       3	       5	       5	       7	        7	        7
      25	260	384	     0.1	          3	            0	           19	       5	       5	       8	       7	       7	       5	       4	       5	       8	       8	        8	        6
      26	304	372	    0.25	          5	            0	           48	       5	       9	       9	      11	       8	       5	       7	      10	      10	       9	        5	        6
      27	264	371	    0.16	          8	            0	           40	       6	       7	       8	      10	      11	       8	       6	       8	      11	       9	       10	        7
      28	267	392	    0.17	          8	            0	           51	       5	       5	       8	       6	       5	       5	       6	       9	       7	       4	        6	        7
      29	269	416	    0.14	          9	            0	          105	       7	       7	       8	      11	      11	       9	       7	       7	       8	      11	       11	       11
      30	262	391	    0.15	          9	            0	           30	       4	       5	       5	       6	       6	       6	       5	       4	       4	       4	        6	        6
      31	266	396	    0.13	          9	            0	           96	       6	      10	      11	      12	       8	       8	      10	      11	      13	       7	        7	       10
      32	286	397	    0.15	          9	            0	           66	       6	       8	      11	      11	       8	       8	       6	       7	      10	       9	        8	        7
      33	252	195	       0	         17	            0	          113	       8	       9	      13	      12	      10	       9	       6	       9	       9	      10	       11	        9
      34	264	214	    0.05	          3	            0	           58	       6	       8	       8	       8	       7	       6	       8	       8	       7	       6	        7	        8
      35	257	210	    0.01	          9	            0	           81	       5	       9	      12	      12	       8	       5	       8	      12	      10	       7	        6	        9
      36	260	224	    0.29	          4	            0	           68	       7	       9	      11	      12	      12	       8	       7	       9	      10	      14	       10	        8
      37	209	203	    0.07	          6	            0	           73	       6	       7	       9	       9	       6	       6	       9	      11	       9	       5	        6	        9
      38	202	244	    0.19	          5	            0	           27	       5	       5	       6	       5	       5	       4	       6	       7	       5	       4	        4	        6
      39	252	207	    0.21	          3	            0	          104	       7	       8	      12	      12	       9	       6	       8	      11	      11	       9	        8	        6
      40	239	224	    0.09	         11	            0	           89	       6	       8	      10	      12	      12	      12	       8	       6	       8	       9	       11	       13
      41	255	211	    0.21	          2	            0	           39	       5	       5	       6	       6	       6	       5	       5	       4	       5	       8	        7	        5
      42	261	215	    0.27	         11	            0	           61	       6	       7	       8	       9	      11	       9	       8	       6	       6	       6	        9	       10
      43	263	223	    0.28	          4	            0	           60	       4	       4	       6	       7	       7	       5	       4	       5	       6	       6	        7	        4
      44	229	193	    0.09	          1	            0	           60	       5	       7	       8	      10	       7	       6	       7	       8	       7	       5	        6	        8
      45	256	206	     0.3	          5	            0	           48	       7	       7	      10	      12	      13	      10	       7	       6	       6	       8	        9	       11
      46	260	201	    0.28	          9	            0	           45	       7	       7	       9	      12	       8	       6	       6	       8	      13	      10	        8	        6
      47	258	205	    0.17	          9	            0	           40	       6	       6	       8	      11	       7	       5	       6	       7	       9	       8	        6	        5
      48	189	216	    0.28	          9	            0	          100	       6	       8	      10	      10	       8	       7	      11	       9	       9	       6	        6	       11
      49	  0	  0	    0.15	          7	            0	           35	       3	       4	       4	       6	       6	       4	       4	       3	       4	       5	        6	        4
      50	  0	  0	    0.22	          3	            0	           56	       5	       7	       8	      10	       8	       8	       6	       6	       7	       9	       11	        9
COST_MATRIX 
	  0	  1	  2	  3	  4	  5	  6	  7	  8	  9	 10	 11	 12	 13	 14	 15	 16	 17	 18	 19	 20	 21	 22	 23	 24	 25	 26	 27	 28	 29	 30	 31	 32	 33	 34	 35	 36	 37	 38	 39	 40	 41	 42	 43	 44	 45	 46	 47	 48	 49	 50
  0
  1	189
  2	186	  4
  3	160	 39	 37
  4	187	  3	  3	 36
  5	190	  1	  5	 39	  4
  6	181	  9	  6	 33	  7	 10
  7	188	  2	  3	 38	  3	  3	  8
  8	190	  5	  5	 42	  7	  5	 10	  5
  9	190	  2	  5	 39	  4	  2	 10	  3	  6
 10	188	 15	 15	 31	 13	 15	 16	 15	 19	 14
 11	190	  2	  5	 40	  5	  2	 10	  3	  3	  3	 16
 12	190	  2	  5	 40	  4	  1	 10	  3	  5	  2	 15	  2
 13	166	 24	 20	 28	 22	 24	 15	 22	 24	 25	 28	 24	 25
 14	187	  3	  2	 38	  3	  3	  7	  1	  5	  4	 15	  3	  4	 22
 15	182	 19	 16	 46	 19	 19	 17	 18	 15	 20	 31	 18	 19	 20	 18
 16	195	 23	 23	 58	 25	 23	 26	 23	 19	 24	 37	 22	 23	 33	 23	 14
 17	184	124	122	139	125	124	121	123	120	125	136	123	124	114	123	106	106
 18	189	119	117	136	120	119	116	118	115	120	132	118	119	110	118	101	100	  8
 19	194	124	122	141	125	124	122	123	120	125	137	123	124	115	123	106	104	 11	  7
 20	176	 90	 88	106	 91	 91	 87	 90	 87	 92	103	 89	 91	 80	 89	 72	 73	 34	 30	 36
 21	177	127	125	140	128	128	124	127	124	129	139	126	128	116	126	109	110	 10	 18	 20	 38
 22	200	116	114	136	117	116	114	115	112	117	129	114	116	109	115	 98	 95	 22	 14	 13	 32	 31
 23	170	122	119	133	122	122	118	121	119	123	134	121	123	109	121	104	106	 15	 21	 25	 34	  9	 35
 24	193	119	118	137	120	120	117	119	116	121	132	118	120	111	119	102	100	 12	  5	  5	 31	 21	 11	 25
 25	183	118	116	133	119	118	115	117	114	119	130	117	118	108	117	100	100	  6	  6	 12	 28	 13	 19	 16	 10
 26	195	140	138	156	141	140	138	140	137	142	153	139	141	131	139	122	121	 18	 22	 18	 51	 20	 30	 28	 22	 23
 27	180	123	121	137	124	123	120	122	120	124	135	122	123	112	122	105	105	  5	 12	 15	 33	  7	 25	 11	 15	  7	 21
 28	188	119	117	136	120	119	117	119	116	121	132	118	120	110	118	101	100	  8	  1	  7	 30	 17	 15	 21	  5	  6	 22	 11
 29	198	115	114	135	117	116	114	115	112	117	129	114	116	108	115	 98	 95	 20	 12	 12	 30	 29	  3	 32	  9	 17	 29	 23	 13
 30	186	117	115	133	118	117	115	117	114	119	130	116	118	108	116	 99	 99	  8	  3	  9	 28	 17	 16	 19	  7	  4	 24	 11	  3	 13
 31	189	118	116	135	119	118	115	117	114	119	131	117	118	109	117	100	 99	 10	  2	  7	 29	 19	 13	 22	  4	  7	 23	 13	  3	 11	  4
 32	197	127	125	145	128	127	125	126	123	128	140	126	127	119	126	109	107	 13	 10	  4	 39	 22	 14	 28	  8	 15	 16	 18	 10	 13	 13	 11
 33	129	181	178	176	181	181	175	180	179	182	189	181	182	162	179	165	171	 92	100	102	109	 83	113	 81	103	 95	 93	 89	 99	111	 99	101	103
 34	138	177	174	174	176	177	171	176	174	178	185	176	178	158	175	160	166	 83	 90	 92	101	 73	104	 71	 94	 86	 82	 79	 90	102	 89	 92	 93	 12
 35	134	176	173	173	176	177	170	175	174	178	185	176	177	157	175	160	166	 85	 92	 94	102	 75	106	 73	 96	 88	 85	 81	 92	104	 91	 94	 95	  8	  5
 36	138	172	168	169	171	172	165	170	169	173	180	171	172	153	170	155	160	 78	 85	 87	 96	 68	 99	 66	 89	 81	 78	 74	 85	 97	 84	 87	 88	 16	  6	  8
 37	110	167	163	159	166	167	160	165	165	168	174	166	168	146	165	151	159	 93	100	103	103	 84	113	 79	104	 95	 97	 89	 99	111	 98	101	105	 22	 29	 25	 28
 38	116	147	144	141	146	147	140	146	145	148	155	147	148	127	145	131	138	 76	 82	 86	 83	 67	 95	 61	 86	 76	 82	 71	 81	 93	 80	 83	 88	 36	 35	 33	 31	 21
 39	131	176	173	172	176	176	170	175	174	177	184	176	177	157	174	160	166	 86	 94	 96	103	 77	107	 75	 97	 89	 87	 83	 93	105	 93	 95	 97	  7	  7	  3	 10	 22	 32
 40	128	165	162	162	165	166	159	164	163	167	174	165	166	146	164	149	155	 79	 86	 89	 94	 69	100	 66	 90	 81	 81	 75	 86	 98	 85	 88	 90	 16	 14	 12	 11	 19	 22	 11
 41	133	175	172	172	175	176	169	174	173	177	184	175	176	156	174	159	165	 84	 92	 94	102	 75	105	 73	 95	 87	 85	 81	 91	103	 91	 93	 95	  9	  5	  2	  7	 24	 32	  3	 11
 42	137	175	172	173	175	176	169	174	173	177	184	175	176	157	174	159	164	 82	 90	 91	100	 73	103	 71	 93	 85	 82	 79	 89	101	 89	 91	 92	 11	  2	  4	  5	 27	 33	  7	 12	  4
 43	139	173	170	171	172	173	167	172	170	174	182	172	174	154	171	156	161	 78	 86	 87	 97	 69	 99	 67	 89	 81	 78	 75	 85	 97	 85	 87	 88	 16	  5	  8	  2	 29	 33	 10	 13	  8	  5
 44	118	176	173	169	175	176	169	175	174	177	183	176	177	156	174	160	167	 95	102	105	108	 86	116	 82	106	 97	 98	 91	102	114	101	104	106	 12	 21	 17	 22	 12	 29	 14	 17	 16	 20	 23
 45	133	178	174	174	177	178	171	176	175	179	186	177	178	159	176	161	167	 87	 94	 96	104	 77	108	 75	 98	 90	 87	 83	 94	106	 93	 96	 97	  6	  6	  3	 10	 24	 34	  3	 13	  3	  6	 10	 15
 46	134	181	178	177	180	181	175	180	179	182	189	180	182	162	179	164	170	 89	 97	 98	107	 80	110	 78	100	 92	 89	 86	 96	108	 96	 98	 99	  6	  7	  5	 12	 26	 37	  6	 16	  6	  8	 12	 17	  4
 47	133	179	175	175	178	179	172	177	176	180	187	178	179	160	177	162	168	 87	 95	 97	105	 78	108	 76	 98	 90	 87	 84	 94	106	 94	 96	 98	  6	  6	  3	 10	 25	 35	  4	 14	  4	  6	 10	 16	  2	  3
 48	104	156	153	147	155	157	149	155	155	158	163	156	157	136	155	141	149	 91	 97	101	 97	 82	110	 77	101	 92	 97	 87	 97	108	 95	 98	103	 34	 38	 35	 36	 12	 16	 32	 26	 34	 37	 38	 24	 34	 37	 35
 49	 62	250	247	221	248	251	242	249	251	251	249	251	251	228	248	243	255	233	238	243	230	224	250	218	242	232	241	228	238	248	236	239	245	160	170	166	172	146	159	164	164	166	170	173	150	165	165	165	144
 50	 62	250	247	221	248	251	242	249	251	251	249	251	251	228	248	243	255	233	238	243	230	224	250	218	242	232	241	228	238	248	236	239	245	160	170	166	172	146	159	164	164	166	170	173	150	165	165	165	144	  1
