nVehicles:   19
nDepots:      1
nCustomers: 100
nPeriods:     9
VEHICLE_TYPE	FLEET_SIZE	CAPACITY
           4	        19	      38	
DEPOT   	X  	Y  	INV_COST	INITIAL_INV 	MIN_LEVEL_INV 	MAX_LEVEL_INV	PRODUCTION_0	PRODUCTION_1	PRODUCTION_2	PRODUCTION_3	PRODUCTION_4	PRODUCTION_5	PRODUCTION_6	PRODUCTION_7	PRODUCTION_8
       0	479	429	       0	        717	            0	         6253	         699	         699	         699	         699	         699	         699	         699	         699	         699	
CUSTOMER	X  	Y  	INV_COST	INITIAL_INV	MIN_LEVEL_INV 	MAX_LEVEL_INV	DEMAND_0	DEMAND_1	DEMAND_2	DEMAND_3	DEMAND_4	DEMAND_5	DEMAND_6	DEMAND_7	DEMAND_8
       1	289	137	    0.16	          7	            0	           16	       3	       5	       6	       5	       4	       3	       5	       6	       5
       2	268	116	    0.17	          3	            0	           62	       6	       7	       8	      11	      13	       9	       8	       6	       6
       3	287	153	    0.24	         11	            0	           58	       8	      10	      13	      11	      11	       6	       7	       8	      11
       4	281	131	    0.29	         11	            0	           45	       5	       7	       8	       9	       7	       5	       6	       7	       8
       5	277	128	    0.21	          4	            0	           19	       4	       6	       7	       8	       8	       8	       6	       6	       5
       6	277	153	    0.09	          3	            0	           29	       4	       4	       5	       5	       4	       4	       3	       6	       7
       7	284	140	    0.13	          9	            0	           22	       6	       8	       9	       8	       6	       7	       8	      10	       9
       8	300	127	    0.02	          6	            0	           50	       5	       6	      10	       7	       6	       5	       7	       8	       7
       9	242	 92	    0.03	         11	            0	           43	       7	      10	      13	      14	      11	       7	       8	      11	      11
      10	280	142	    0.25	          7	            0	           79	       7	      10	      11	      10	       8	       7	      10	      11	      13
      11	302	173	    0.28	          6	            0	           38	       4	       4	       6	       7	       7	       7	       5	       5	       4
      12	283	136	    0.12	         15	            0	           75	       6	       9	      10	      10	      10	       8	       6	       9	      12
      13	244	156	    0.15	          2	            0	           34	       4	       5	       7	       7	       5	       4	       4	       5	       7
      14	294	118	    0.13	          1	            0	           46	       5	       6	       8	       9	       9	       8	       6	       6	       8
      15	285	149	    0.17	          5	            0	           11	       4	       5	       5	       7	       7	       6	       4	       4	       4
      16	341	134	     0.2	          8	            0	           34	       7	       9	      13	      11	       9	       7	      10	      11	      10
      17	345	  6	     0.2	         12	            0	           14	       6	       6	       8	       8	       9	       7	       7	       5	       6
      18	347	  2	    0.13	          2	            0	           30	       3	       5	       6	       7	       7	       5	       4	       4	       5
      19	342	 12	       0	          6	            0	            8	       4	       4	       4	       5	       6	       5	       5	       4	       3
      20	331	 28	    0.14	          5	            0	           19	       3	       4	       5	       5	       5	       6	       4	       4	       3
      21	347	 22	    0.08	         11	            0	           46	       5	       6	       8	      11	       9	       6	       6	       5	       7
      22	342	  0	    0.27	         15	            0	           20	       7	      10	      12	      10	      11	       8	       6	       8	       9
      23	339	 14	    0.14	         11	            0	           82	       6	       8	      11	      13	       7	       6	       8	      14	      10
      24	397	  8	    0.05	          7	            0	           30	       7	       8	      12	      10	      10	       8	       8	      10	      10
      25	345	  5	    0.14	          1	            0	           31	       4	       3	       6	       5	       6	       4	       4	       3	       4
      26	344	 15	    0.06	          9	            0	           17	       6	       7	       9	      10	      11	       8	       7	       8	       9
      27	342	 13	    0.09	          7	            0	           14	       5	       6	       9	       8	       9	       6	       5	       6	      10
      28	343	  2	    0.23	          1	            0	           75	       6	       7	      11	       9	       7	       6	      11	      10	      10
      29	348	  4	    0.01	          2	            0	           62	       7	       7	       9	      10	      12	      12	       7	       7	       8
      30	346	  5	     0.1	         15	            0	           35	       6	       9	      10	       9	       8	       6	      10	      12	      11
      31	343	 24	    0.04	          5	            0	           18	       5	       6	       6	       9	       7	       9	       7	       6	       5
      32	332	 21	    0.13	          1	            0	           80	       6	       9	      11	      11	       8	       6	       9	      11	       9
      33	363	 27	    0.22	          6	            0	           13	       3	       5	       5	       6	       4	       5	       3	       4	       4
      34	363	 16	    0.25	         10	            0	           75	       6	       9	      12	      12	      11	       8	       8	       9	      10
      35	439	 33	    0.06	          7	            0	           46	       7	       8	      11	      11	       8	       8	       8	      10	      11
      36	359	 26	    0.02	          1	            0	           48	       7	       8	      10	      13	      12	       9	       9	       7	       6
      37	390	  6	    0.25	          6	            0	           34	       4	       4	       7	       6	       7	       6	       4	       4	       5
      38	382	 21	    0.29	          7	            0	           41	       4	       4	       8	       8	       6	       4	       3	       5	       8
      39	382	 14	    0.25	         13	            0	           21	       6	       8	       9	       9	      11	       9	       6	       6	       9
      40	375	 28	    0.07	          2	            0	           33	       5	       5	       7	       8	       9	       7	       6	       6	       5
      41	384	 10	     0.1	          2	            0	           31	       6	       7	       9	      12	       8	       8	       7	       8	       9
      42	364	  6	    0.03	          4	            0	           17	       4	       5	       7	       7	       5	       5	       5	       6	       6
      43	377	 27	    0.24	         15	            0	           30	       7	      10	      11	      11	       9	       8	      11	      11	      10
      44	386	 16	    0.08	          9	            0	           36	       5	       6	       9	       7	       7	       5	       6	       6	      10
      45	377	 26	    0.07	          5	            0	           63	       7	       8	      12	      12	      10	       8	       7	       9	      11
      46	397	 17	    0.21	          3	            0	           17	       3	       4	       5	       5	       5	       5	       3	       3	       4
      47	373	 14	    0.14	         10	            0	           43	       5	       8	      11	      12	       9	       7	       7	       6	      10
      48	381	 32	    0.21	          6	            0	           30	       4	       4	       6	       7	       6	       6	       6	       5	       4
      49	159	236	    0.21	          5	            0	           28	       4	       6	       7	       9	       8	       5	       5	       5	       6
      50	 59	197	    0.16	          6	            0	           10	       4	       4	       5	       5	       4	       3	       4	       6	       6
      51	150	231	    0.15	          8	            0	            8	       3	       5	       5	       5	       6	       4	       4	       4	       4
      52	150	256	    0.13	          5	            0	           58	       7	      10	       9	      10	       9	       9	       6	       8	      12
      53	152	238	    0.14	          4	            0	           14	       4	       6	       8	       6	       6	       4	       5	       6	       7
      54	147	236	    0.29	         14	            0	           48	       7	       7	       9	      14	      11	       8	       8	       6	       8
      55	141	235	    0.13	          4	            0	           18	       6	       9	      10	       9	       9	       6	      11	      12	      10
      56	164	242	    0.16	          2	            0	           15	       4	       5	       6	       7	       8	       5	       4	       4	       4
      57	132	222	    0.24	          4	            0	           11	       4	       5	       8	       7	       5	       5	       4	       7	       6
      58	143	232	    0.25	          3	            0	           37	       6	       6	       7	       8	       9	       7	       5	       5	       7
      59	146	230	    0.06	          4	            0	           12	       5	       4	       6	       7	       8	       7	       4	       3	       4
      60	138	223	    0.13	          5	            0	           70	       6	      10	      10	      14	      10	       9	       6	       8	      10
      61	154	252	    0.13	          1	            0	           39	       6	      10	      11	      14	      10	       7	       8	      13	      13
      62	166	211	    0.02	          2	            0	           22	       6	       7	      11	      14	      12	       8	       7	       9	       9
      63	163	209	    0.01	          2	            0	           31	       3	       4	       5	       5	       5	       4	       4	       3	       4
      64	152	252	    0.13	          2	            0	           53	       6	       8	      10	      10	      11	       9	       6	       6	       9
      65	184	143	    0.18	          8	            0	           32	       6	       9	      12	      10	      10	       8	       6	       8	      10
      66	105	206	    0.03	          6	            0	           15	       3	       4	       5	       6	       6	       4	       5	       3	       4
      67	120	183	    0.08	         10	            0	           22	       5	       7	       9	       9	       5	       6	       9	       9	       7
      68	126	247	    0.03	          5	            0	           51	       6	       7	       9	       9	       6	       5	       7	       8	      11
      69	108	203	    0.28	          5	            0	           20	       6	       7	      11	      15	      10	       7	       7	       8	       8
      70	107	198	    0.01	          9	            0	           40	       6	       9	      11	      13	       9	       7	       8	      10	      10
      71	 92	205	    0.22	          1	            0	           11	       3	       3	       6	       6	       4	       4	       3	       4	       5
      72	109	184	    0.25	          3	            0	           26	       8	       8	      11	      12	       8	       8	       8	       9	      13
      73	103	194	    0.04	         11	            0	           48	       6	       8	       7	       8	       9	       6	       5	       5	       7
      74	109	209	    0.24	          9	            0	           33	       5	       8	       9	      10	      11	       7	       6	       5	       7
      75	110	200	    0.19	          4	            0	           30	       8	       8	      11	      12	      11	       9	       8	       8	       9
      76	101	179	    0.14	          3	            0	           45	       4	       5	       5	       7	       7	       7	       5	       5	       4
      77	107	201	    0.27	          2	            0	           31	       3	       5	       6	       5	       4	       3	       4	       6	       5
      78	117	200	    0.01	          3	            0	           18	       4	       4	       7	       6	       7	       6	       4	       4	       5
      79	 88	222	    0.15	          1	            0	           51	       3	       5	       6	       7	       5	       4	       6	       7	       8
      80	 87	241	    0.16	         11	            0	           55	       5	       6	       6	       9	       8	       4	       5	       5	       7
      81	 43	409	    0.12	          5	            0	           54	       5	       6	       8	       8	       7	       7	       6	       6	       5
      82	 33	399	    0.17	          3	            0	           13	       3	       4	       5	       4	       3	       4	       5	       6	       4
      83	 51	404	     0.1	          4	            0	           65	       6	       6	       8	       9	      10	       9	       7	       7	       5
      84	 28	391	    0.28	         13	            0	           35	       8	       9	       9	      12	      13	      10	       9	       8	       6
      85	 13	403	    0.23	         11	            0	           60	       5	       8	      10	       8	       6	       6	       6	       9	       8
      86	 38	383	    0.09	          5	            0	           25	       3	       5	       6	       6	       4	       3	       3	       6	       6
      87	 41	401	    0.23	          2	            0	           27	       4	       5	       6	       8	       7	       6	       4	       4	       6
      88	 35	400	       0	          8	            0	           31	       5	       6	       7	       6	       5	       4	       7	       8	       6
      89	 35	427	    0.22	          2	            0	           44	       6	       6	       8	      10	      11	      10	       7	       6	       6
      90	 30	409	    0.23	          3	            0	           22	       4	       4	       5	       6	       4	       4	       4	       4	       5
      91	 39	369	    0.04	         13	            0	           59	       7	       7	      10	      12	      11	       8	       8	       5	       6
      92	 21	431	    0.02	          3	            0	           33	       4	       5	       6	       8	       6	       5	       4	       5	       6
      93	 47	415	    0.28	          5	            0	           44	       5	       5	       8	       8	       7	       7	       5	       4	       5
      94	 31	372	    0.06	          2	            0	           21	       4	       4	       5	       5	       5	       4	       4	       4	       4
      95	 27	384	    0.19	         12	            0	           46	       6	       7	      13	       9	       7	       7	       9	      10	       9
      96	 37	407	    0.14	          5	            0	           78	       8	       7	       8	      10	      11	      11	       9	       8	       8
      97	  0	  0	    0.18	          1	            0	           25	       5	       7	       9	      10	       8	       5	       7	       9	       8
      98	  0	  0	    0.26	          2	            0	           33	       3	       4	       5	       5	       6	       5	       3	       3	       4
      99	  0	  0	    0.21	          6	            0	           50	       5	       6	      10	      10	       8	       6	       5	       8	      11
     100	  0	  0	    0.24	          5	            0	           29	       3	       4	       5	       6	       5	       4	       4	       3	       4
COST_MATRIX 
	  0	  1	  2	  3	  4	  5	  6	  7	  8	  9	 10	 11	 12	 13	 14	 15	 16	 17	 18	 19	 20	 21	 22	 23	 24	 25	 26	 27	 28	 29	 30	 31	 32	 33	 34	 35	 36	 37	 38	 39	 40	 41	 42	 43	 44	 45	 46	 47	 48	 49	 50	 51	 52	 53	 54	 55	 56	 57	 58	 59	 60	 61	 62	 63	 64	 65	 66	 67	 68	 69	 70	 71	 72	 73	 74	 75	 76	 77	 78	 79	 80	 81	 82	 83	 84	 85	 86	 87	 88	 89	 90	 91	 92	 93	 94	 95	 96	 97	 98	 99	100
  0
  1	175
  2	189	 15
  3	169	  9	 21
  4	179	  6	 10	 12
  5	182	  8	  8	 14	  3
  6	172	 11	 20	  6	 12	 13
  7	175	  3	 15	  7	  5	  7	  8
  8	176	  8	 17	 15	 10	 12	 18	 11
  9	206	 33	 18	 38	 28	 26	 36	 32	 34
 10	175	  6	 15	  7	  6	  8	  6	  3	 13	 32
 11	156	 20	 34	 13	 24	 26	 17	 19	 24	 51	 20
 12	177	  4	 13	  9	  3	  6	 10	  3	 10	 31	  4	 21
 13	181	 25	 24	 22	 23	 22	 17	 22	 32	 33	 20	 31	 22
 14	181	 10	 14	 18	 10	 10	 20	 13	  6	 30	 14	 28	 11	 32
 15	171	  7	 19	  3	 10	 12	  5	  5	 14	 36	  5	 15	  7	 21	 17
 16	163	 27	 38	 29	 31	 33	 34	 29	 21	 54	 31	 28	 30	 50	 25	 29
 17	222	 72	 68	 80	 71	 70	 81	 74	 65	 68	 76	 87	 73	 91	 62	 78	 65
 18	224	 74	 70	 82	 73	 73	 84	 76	 67	 70	 78	 89	 75	 93	 64	 80	 67	  3
 19	220	 68	 64	 76	 67	 67	 78	 71	 62	 65	 73	 83	 69	 88	 59	 75	 62	  4	  6
 20	214	 59	 55	 67	 58	 57	 69	 61	 52	 55	 63	 74	 60	 78	 49	 65	 54	 14	 16	 10
 21	214	 65	 62	 73	 64	 64	 75	 67	 58	 64	 69	 79	 66	 85	 55	 71	 57	  9	 11	  6	  9
 22	226	 74	 69	 82	 73	 72	 84	 76	 67	 68	 78	 89	 75	 93	 64	 80	 68	  4	  3	  7	 16	 12
 23	219	 67	 63	 75	 66	 65	 77	 69	 60	 63	 71	 82	 68	 86	 57	 73	 61	  6	  8	  2	  9	  6	  8
 24	215	 85	 85	 92	 85	 85	 95	 87	 77	 89	 89	 96	 86	107	 76	 91	 69	 27	 26	 28	 35	 26	 28	 30
 25	223	 72	 68	 80	 71	 71	 82	 75	 66	 68	 76	 87	 73	 91	 62	 79	 65	  1	  2	  4	 14	  9	  3	  6	 27
 26	218	 67	 64	 75	 67	 66	 77	 70	 61	 64	 72	 82	 68	 87	 58	 74	 60	  5	  7	  2	 10	  4	  8	  3	 27	  6
 27	219	 68	 64	 76	 67	 67	 78	 70	 61	 64	 72	 83	 69	 87	 58	 74	 61	  4	  7	  1	 10	  6	  7	  2	 28	  5	  2
 28	225	 73	 69	 81	 72	 72	 83	 76	 67	 68	 77	 88	 74	 92	 63	 80	 67	  3	  3	  6	 15	 11	  2	  7	 28	  2	  7	  6
 29	223	 73	 69	 81	 72	 72	 83	 76	 67	 69	 77	 88	 74	 93	 64	 80	 66	  2	  2	  6	 15	 10	  4	  7	 25	  2	  6	  6	  3
 30	223	 72	 68	 80	 71	 71	 82	 75	 66	 68	 77	 87	 73	 92	 63	 79	 65	  1	  2	  5	 14	  9	  4	  6	 26	  1	  6	  5	  3	  2
 31	214	 63	 60	 71	 62	 62	 73	 66	 56	 61	 67	 78	 64	 83	 54	 69	 56	 10	 12	  7	  7	  3	 13	  6	 29	 10	  5	  6	 12	 11	 10
 32	217	 62	 58	 70	 61	 61	 72	 65	 56	 58	 66	 78	 63	 81	 53	 69	 57	 10	 13	  7	  4	  8	 12	  5	 34	 11	  7	  7	 11	 12	 11	  6
 33	210	 67	 66	 74	 67	 67	 77	 69	 60	 69	 71	 80	 68	 88	 58	 73	 55	 14	 15	 13	 17	  9	 18	 14	 20	 15	 12	 13	 17	 14	 14	 11	 16
 34	215	 71	 69	 79	 71	 71	 81	 74	 64	 72	 76	 85	 73	 92	 62	 78	 61	 11	 11	 11	 18	  9	 14	 13	 18	 11	 10	 11	 13	 10	 11	 11	 16	  6
 35	200	 92	 96	 97	 93	 94	101	 95	 84	103	 97	 98	 94	116	 85	 97	 71	 49	 49	 50	 55	 47	 52	 51	 25	 50	 49	 50	 51	 48	 49	 49	 54	 39	 39
 36	211	 66	 64	 73	 66	 66	 76	 69	 59	 68	 71	 79	 67	 87	 57	 72	 55	 13	 14	 12	 15	  7	 16	 12	 22	 13	 10	 11	 15	 13	 13	  9	 14	  3	  6	 41
 37	217	 83	 83	 90	 83	 84	 93	 86	 76	 86	 88	 95	 85	105	 74	 89	 69	 23	 22	 25	 32	 23	 25	 26	  4	 23	 24	 25	 24	 22	 23	 26	 30	 18	 15	 28	 19
 38	210	 75	 75	 82	 75	 75	 85	 78	 68	 79	 80	 86	 76	 97	 66	 81	 61	 20	 20	 21	 26	 18	 23	 22	 10	 21	 20	 21	 22	 20	 20	 20	 26	 10	 10	 30	 12	  9
 39	214	 78	 77	 85	 78	 78	 88	 80	 70	 81	 82	 89	 79	100	 69	 84	 64	 19	 19	 21	 27	 18	 22	 22	  9	 20	 20	 21	 21	 18	 19	 21	 26	 12	 10	 31	 13	  6	  4
 40	208	 70	 70	 77	 70	 71	 80	 73	 63	 74	 75	 82	 71	 92	 61	 76	 56	 19	 20	 19	 23	 15	 22	 20	 15	 19	 17	 19	 21	 19	 19	 17	 22	  7	  9	 33	  9	 14	  5	  8
 41	215	 80	 79	 87	 80	 80	 90	 83	 73	 82	 85	 92	 81	102	 71	 86	 66	 20	 19	 22	 28	 20	 22	 23	  7	 20	 21	 22	 21	 19	 20	 22	 27	 14	 11	 30	 15	  4	  6	  3	 11
 42	220	 76	 74	 83	 76	 75	 86	 79	 69	 75	 80	 90	 77	 97	 67	 82	 66	 10	  9	 12	 20	 12	 12	 14	 17	 10	 11	 12	 11	  9	 10	 14	 18	 11	  6	 40	 11	 14	 12	 10	 13	 11
 43	208	 71	 71	 78	 71	 72	 81	 74	 64	 75	 76	 83	 72	 93	 62	 77	 57	 20	 20	 20	 24	 16	 23	 21	 14	 20	 18	 19	 22	 19	 20	 18	 23	  8	  9	 32	 10	 13	  4	  7	  2	 10	 13
 44	212	 78	 78	 85	 78	 79	 88	 81	 71	 82	 83	 90	 80	100	 69	 84	 64	 22	 21	 23	 29	 20	 24	 24	  7	 22	 22	 23	 23	 20	 21	 22	 28	 13	 12	 28	 15	  6	  4	  3	  9	  4	 13	  8
 45	208	 71	 71	 78	 72	 72	 81	 74	 64	 76	 76	 83	 73	 93	 62	 77	 57	 19	 20	 19	 24	 16	 22	 20	 14	 20	 18	 19	 21	 19	 19	 18	 23	  8	  9	 32	 10	 12	  4	  7	  2	  9	 12	  1	  7
 46	211	 81	 82	 88	 82	 82	 91	 84	 74	 87	 86	 92	 83	104	 73	 87	 65	 27	 27	 28	 34	 26	 29	 30	  5	 27	 27	 28	 29	 26	 27	 28	 33	 18	 18	 23	 20	  7	  8	  8	 13	  8	 18	 12	  6	 11
 47	215	 75	 74	 82	 75	 75	 85	 78	 68	 77	 80	 88	 76	 96	 66	 81	 63	 15	 15	 16	 23	 14	 18	 18	 13	 15	 15	 16	 17	 14	 15	 16	 21	  9	  6	 35	 10	 10	  6	  5	  8	  6	  7	  7	  7	  7	 13
 48	205	 70	 71	 77	 71	 71	 80	 73	 63	 76	 75	 81	 72	 93	 62	 76	 55	 23	 23	 22	 26	 18	 26	 23	 15	 23	 21	 22	 25	 22	 23	 20	 26	 10	 13	 30	 12	 14	  6	 10	  4	 12	 16	  4	  9	  4	 11	 10
 49	187	 82	 82	 77	 81	 80	 73	 79	 90	 84	 77	 79	 80	 59	 90	 77	105	148	151	145	135	143	150	143	165	149	145	145	149	150	149	141	138	147	151	173	146	163	155	158	150	160	155	152	159	152	162	155	151
 50	240	119	113	117	116	115	112	117	126	106	114	123	117	 95	124	116	145	172	174	170	161	169	173	168	194	173	170	169	173	174	173	167	163	175	177	207	173	192	184	186	180	188	180	181	187	181	192	182	181	 54
 51	192	 84	 83	 79	 83	 82	 75	 81	 92	 84	 79	 82	 82	 61	 92	 79	108	149	152	146	136	144	151	144	167	150	146	146	150	151	150	142	139	148	152	176	147	165	157	159	152	161	156	153	160	153	164	156	153	  6	 49
 52	186	 92	 92	 86	 91	 91	 82	 89	 99	 95	 87	 87	 90	 69	100	 87	114	159	161	156	146	153	161	154	176	159	155	155	160	161	160	151	149	157	161	183	156	174	166	168	161	170	165	162	169	162	172	165	161	 11	 55	 13
 53	190	 86	 85	 80	 84	 84	 76	 83	 93	 86	 81	 82	 84	 62	 93	 81	108	151	154	148	138	146	153	146	169	152	148	148	152	153	152	144	141	150	154	177	149	167	159	161	154	163	158	155	162	155	165	158	155	  4	 51	  4	 10
 54	193	 87	 86	 82	 86	 85	 78	 84	 94	 87	 82	 84	 85	 63	 95	 82	110	152	154	149	139	147	154	147	170	153	149	149	153	154	153	145	142	151	155	178	150	168	160	162	155	164	159	156	163	156	167	159	156	  7	 49	  3	 11	  3
 55	195	 89	 88	 84	 88	 87	 80	 86	 97	 88	 84	 87	 87	 65	 97	 84	113	154	156	151	141	149	155	149	172	154	150	150	155	156	155	147	144	153	156	181	152	170	162	164	157	166	160	158	165	158	169	161	158	 10	 46	  5	 12	  6	  4
 56	184	 82	 82	 76	 81	 81	 72	 79	 90	 85	 77	 78	 80	 59	 90	 77	104	149	151	146	136	144	151	144	166	150	145	146	150	151	150	142	139	147	151	173	146	164	156	158	151	160	155	152	159	152	162	155	151	  4	 58	  9	 10	  7	 10	 13
 57	203	 90	 87	 85	 88	 87	 81	 87	 97	 86	 85	 89	 87	 66	 97	 85	114	152	154	149	139	147	153	147	171	153	149	149	153	154	153	145	142	152	155	181	150	169	161	163	156	165	159	157	164	157	168	160	157	 16	 39	 11	 20	 13	 11	  8	 19
 58	195	 88	 86	 83	 86	 85	 78	 85	 95	 86	 82	 85	 85	 64	 95	 83	111	152	154	149	139	147	153	147	170	152	148	148	153	154	153	145	142	151	155	179	150	168	160	162	155	164	159	156	163	156	167	159	156	  9	 46	  4	 13	  6	  3	  2	 12	  8
 59	194	 86	 84	 81	 84	 84	 76	 83	 93	 85	 81	 84	 84	 62	 93	 81	109	150	152	147	137	145	152	145	168	151	147	147	151	152	151	143	140	149	153	177	148	166	158	160	153	163	157	154	161	155	165	157	154	  8	 47	  3	 14	  6	  4	  4	 11	  9	  2
 60	200	 87	 85	 83	 86	 85	 78	 84	 95	 84	 82	 86	 85	 63	 95	 83	111	150	153	147	138	145	152	145	169	151	147	147	151	152	151	143	141	150	153	178	149	167	159	161	154	163	157	155	162	155	166	158	155	 13	 42	  8	 18	 11	  8	  7	 17	  4	  6	  6
 61	186	 89	 89	 83	 88	 88	 79	 86	 97	 92	 84	 84	 87	 66	 97	 84	111	156	158	153	143	151	158	151	173	157	152	153	157	158	157	149	146	154	158	180	153	171	163	165	158	167	162	159	166	159	170	162	159	  9	 55	 11	  3	  8	  9	 11	  8	 19	 12	 12	 17
 62	191	 72	 70	 68	 71	 70	 63	 69	 80	 71	 67	 71	 70	 48	 80	 68	 96	137	139	133	124	131	138	132	154	137	133	133	137	138	137	129	127	135	139	163	134	152	144	147	139	149	143	140	147	141	151	143	140	 13	 54	 13	 24	 16	 16	 18	 16	 18	 16	 14	 16	 22
 63	193	 73	 71	 69	 71	 70	 64	 70	 80	 71	 68	 72	 71	 49	 80	 68	 97	137	139	134	124	132	138	132	155	137	133	133	138	139	138	130	127	136	139	164	135	153	145	147	140	149	143	141	148	141	152	144	141	 14	 53	 13	 25	 16	 16	 18	 17	 17	 16	 14	 15	 22	  2
 64	186	 90	 90	 84	 89	 89	 80	 87	 97	 92	 85	 85	 88	 67	 98	 85	112	157	159	154	144	151	158	152	173	157	153	153	158	159	158	149	147	155	159	181	154	172	163	166	159	168	163	160	167	160	170	163	159	  9	 55	 11	  3	  8	  9	 11	  8	 19	 11	 12	 17	  2	 22	 23
 65	206	 53	 45	 52	 49	 48	 47	 51	 59	 39	 49	 61	 50	 31	 57	 51	 79	106	108	103	 94	102	107	101	127	107	103	103	107	108	107	100	 96	107	110	139	106	124	117	119	112	121	114	113	120	113	124	115	114	 49	 69	 48	 60	 51	 51	 51	 51	 48	 49	 48	 47	 57	 36	 35	 57
 66	218	 99	 94	 95	 96	 95	 90	 96	106	 90	 94	100	 96	 74	105	 95	124	157	159	154	144	153	158	152	177	157	153	153	157	158	157	150	147	158	161	189	156	175	167	169	162	171	164	163	170	164	174	165	164	 31	 24	 26	 34	 29	 26	 24	 35	 16	 24	 24	 19	 34	 31	 30	 33	 51
 67	218	 88	 82	 85	 85	 84	 80	 85	 95	 77	 83	 92	 85	 64	 93	 85	114	144	146	141	131	140	144	139	164	144	141	140	144	145	144	137	134	145	148	177	143	162	155	156	150	158	151	151	158	151	162	153	151	 33	 32	 29	 40	 32	 30	 29	 37	 21	 28	 27	 22	 39	 27	 26	 39	 38	 14
 68	199	 99	 97	 94	 97	 97	 89	 96	106	 97	 94	 96	 97	 75	106	 94	122	163	165	160	150	158	165	158	181	164	160	160	164	165	164	156	153	162	166	190	161	179	171	174	166	176	170	167	174	168	178	170	167	 18	 42	 15	 13	 14	 12	 10	 20	 13	 12	 14	 14	 15	 27	 27	 14	 60	 24	 33
 69	218	 97	 92	 93	 94	 93	 89	 94	104	 88	 92	 99	 94	 72	103	 93	122	155	157	152	142	150	155	150	175	155	151	151	155	156	155	148	145	155	159	187	154	172	165	167	160	169	162	161	168	162	172	163	162	 31	 25	 26	 34	 29	 26	 23	 35	 16	 23	 24	 19	 34	 30	 28	 33	 49	  3	 12	 24
 70	219	 96	 91	 93	 94	 92	 88	 94	103	 86	 91	 99	 94	 72	102	 93	122	153	155	150	141	149	154	149	174	154	150	150	154	155	154	147	144	154	158	186	153	171	164	166	159	168	161	160	167	161	171	162	161	 33	 25	 28	 37	 31	 28	 26	 37	 18	 25	 26	 20	 36	 31	 29	 36	 48	  5	 10	 27	  3
 71	224	105	 99	101	102	101	 97	102	112	 94	100	107	102	 80	110	101	130	161	163	158	149	157	162	157	182	162	158	158	162	163	162	155	152	163	166	194	161	180	172	174	167	176	169	169	175	169	180	170	169	 37	 17	 32	 39	 35	 32	 29	 41	 22	 29	 30	 25	 39	 38	 36	 39	 56	  7	 18	 28	  9	  9
 72	222	 94	 87	 91	 90	 89	 86	 91	100	 81	 89	 97	 91	 69	 99	 90	119	148	150	145	136	144	149	144	169	149	145	145	149	150	149	142	139	150	153	182	148	167	159	161	155	163	156	156	162	156	167	158	156	 37	 26	 32	 42	 35	 33	 31	 40	 23	 30	 30	 25	 41	 32	 30	 41	 43	 12	  6	 33	 10	  8	 14
 73	222	 98	 92	 95	 95	 94	 90	 95	105	 87	 93	101	 95	 74	103	 94	123	154	156	151	142	150	154	149	174	154	151	150	154	156	154	148	144	155	158	187	154	172	165	167	160	168	161	161	168	161	172	163	161	 36	 23	 30	 39	 33	 31	 28	 39	 21	 28	 29	 23	 39	 33	 31	 38	 48	  7	 11	 29	  6	  3	  8	  6
 74	216	 97	 93	 94	 95	 94	 89	 95	104	 89	 92	 99	 95	 73	104	 93	122	156	158	153	144	152	157	151	176	156	153	153	157	158	157	150	146	157	160	188	155	174	166	168	161	170	163	162	169	163	174	165	163	 29	 26	 24	 32	 26	 24	 21	 33	 14	 21	 22	 17	 32	 29	 28	 31	 50	  3	 15	 21	  4	  6	  9	 13	  9
 75	218	 95	 90	 92	 93	 91	 87	 93	102	 86	 90	 97	 93	 71	101	 92	121	153	155	150	141	149	154	148	173	153	150	149	153	155	154	147	143	154	157	185	152	171	163	165	158	167	160	160	166	160	171	162	160	 31	 26	 26	 35	 29	 26	 24	 35	 16	 23	 24	 19	 35	 29	 27	 34	 47	  4	 10	 25	  2	  2	 10	  9	  5	  5
 76	227	 97	 90	 94	 94	 92	 89	 94	103	 83	 92	101	 94	 73	102	 94	123	150	152	147	138	146	151	145	171	150	147	147	150	152	151	144	140	152	155	185	150	169	162	163	157	165	158	158	165	158	169	160	159	 41	 23	 36	 46	 39	 37	 35	 45	 27	 34	 35	 29	 46	 37	 35	 45	 46	 14	 10	 37	 13	 10	 14	  5	  8	 16	 12
 77	219	 97	 92	 94	 94	 93	 89	 94	104	 87	 92	 99	 94	 73	103	 93	122	154	156	151	142	150	155	149	175	155	151	151	155	156	155	148	145	155	158	187	154	172	165	167	160	169	162	161	168	161	172	163	161	 32	 25	 27	 35	 30	 27	 25	 36	 17	 24	 25	 20	 35	 30	 29	 35	 49	  3	 12	 25	  2	  2	  8	  9	  5	  5	  2	 12
 78	215	 92	 87	 89	 89	 88	 84	 89	 99	 83	 87	 94	 89	 68	 98	 88	117	150	152	147	138	146	151	145	170	151	147	147	151	152	151	144	140	151	154	182	150	168	160	162	156	164	158	157	163	157	168	159	157	 28	 30	 23	 33	 26	 24	 22	 32	 14	 21	 21	 16	 32	 26	 24	 32	 44	  7	  9	 24	  5	  6	 13	  9	  8	  7	  4	 14	  6
 79	222	110	105	106	107	106	101	107	117	101	105	110	107	 85	116	106	134	168	170	165	156	164	169	163	188	169	165	165	169	170	169	162	159	169	172	200	168	186	179	181	174	183	176	175	182	175	186	177	175	 37	 20	 32	 36	 33	 31	 28	 40	 23	 28	 30	 26	 37	 40	 39	 36	 63	 12	 26	 23	 14	 16	  9	 22	 16	 13	 16	 23	 15	 19
 80	218	114	110	110	112	111	105	111	121	108	109	113	112	 90	121	110	138	175	177	172	162	170	176	170	194	175	172	172	176	177	176	168	165	175	179	205	174	192	185	187	180	189	182	181	188	181	192	183	181	 37	 27	 32	 33	 33	 31	 28	 39	 25	 29	 31	 28	 34	 43	 42	 33	 69	 20	 34	 20	 22	 24	 19	 31	 25	 20	 24	 32	 23	 26	 10
 81	219	184	185	177	183	183	174	181	191	188	179	176	182	162	193	178	203	252	255	249	239	247	254	247	268	253	248	249	253	254	253	245	242	250	254	274	249	266	258	261	253	263	258	254	261	255	265	258	254	105	107	104	 94	102	101	100	104	104	102	104	105	 97	117	117	 96	151	107	120	 92	109	111	105	118	112	106	110	119	109	111	 97	 87
 82	224	184	184	177	183	183	174	181	191	186	179	176	182	161	192	178	204	251	254	248	238	246	253	246	268	252	248	248	252	253	252	244	241	249	253	274	248	266	258	260	253	262	257	254	261	254	264	257	253	104	102	103	 93	101	100	 99	103	102	100	102	103	 96	116	116	 95	149	103	117	 90	105	108	102	115	109	103	107	116	106	109	 93	 84	  8
 83	215	179	181	173	179	179	169	177	187	183	174	171	178	158	188	174	199	248	250	245	235	242	249	243	263	248	244	244	249	250	249	240	238	245	249	269	244	262	254	256	249	258	254	250	257	250	260	253	249	100	104	100	 90	 98	 97	 96	 99	100	 98	100	101	 92	113	113	 92	147	103	116	 87	105	107	102	114	109	102	107	116	106	108	 93	 84	  5	 10
 84	227	183	183	176	182	182	173	180	190	184	178	176	181	160	191	177	203	250	252	247	237	244	251	245	266	250	246	246	251	252	251	242	240	248	252	273	247	265	257	259	252	261	256	253	260	253	263	256	252	102	 99	101	 91	 99	 98	 97	101	100	 99	100	101	 94	114	114	 94	147	101	114	 88	103	105	 99	112	106	100	104	113	103	106	 90	 81	 12	  5	 14
 85	234	192	192	186	191	191	182	189	200	194	187	185	190	170	201	187	213	259	261	256	246	254	261	254	276	260	256	256	260	261	260	252	249	257	261	283	256	274	266	269	261	271	265	262	269	263	273	266	262	111	106	110	101	108	108	106	111	109	108	110	110	104	123	123	103	156	109	123	 97	111	113	107	120	114	109	113	121	112	115	 98	 90	 16	 11	 20	 10
 86	222	176	177	170	176	175	166	173	184	178	171	169	174	154	185	171	197	244	246	240	231	238	245	239	260	244	240	240	245	245	244	236	234	242	246	267	241	258	250	253	245	255	250	246	253	247	257	250	246	 96	 94	 95	 85	 93	 92	 91	 95	 94	 92	 94	 95	 88	108	108	 87	141	 95	109	 81	 97	 99	 94	106	100	 94	 99	107	 98	100	 85	 76	 14	  9	 13	  7	 17
 87	220	182	183	175	181	181	172	179	189	185	177	174	180	160	190	176	201	250	252	246	237	244	251	245	266	250	246	246	251	251	250	242	240	247	251	272	246	264	256	258	251	261	256	252	259	252	262	255	251	102	103	101	 91	 99	 99	 97	101	101	 99	101	102	 94	114	114	 93	148	103	116	 88	105	107	102	114	109	102	107	115	106	108	 93	 84	  5	  5	  6	  9	 15	 10
 88	223	183	184	177	183	183	173	181	191	186	178	176	182	161	192	178	203	251	253	248	238	246	253	246	267	252	247	247	252	253	252	244	241	249	253	273	248	266	257	260	252	262	257	254	261	254	264	257	253	103	103	103	 93	100	100	 99	102	102	100	102	103	 95	115	115	 95	149	104	117	 90	106	108	102	115	109	103	107	116	106	109	 93	 84	  7	  2	  9	  6	 12	  9	  4
 89	223	193	195	187	193	193	183	190	201	197	188	185	192	172	202	187	212	262	264	259	249	256	263	257	277	262	258	258	263	264	263	254	252	259	263	283	258	276	268	270	263	272	268	264	271	264	274	267	263	114	116	114	104	112	111	110	113	114	112	114	115	106	127	127	106	161	116	130	101	118	121	115	128	122	116	120	129	119	121	106	 97	 10	 15	 15	 19	 17	 23	 14	 14
 90	225	188	189	182	188	188	178	185	196	191	183	181	187	166	197	183	208	256	258	253	243	251	258	251	272	257	252	253	257	258	257	249	246	254	258	278	253	271	262	265	257	267	262	259	266	259	269	262	258	108	107	108	 98	106	105	104	108	107	105	107	108	101	121	121	100	154	109	122	 95	111	113	107	120	114	108	112	121	111	114	 98	 89	  7	  6	 11	 10	 10	 14	  7	  6	 10
 91	223	171	171	165	170	170	161	168	178	172	166	165	169	148	179	166	192	238	240	235	225	232	239	233	255	238	234	234	239	240	239	230	228	236	240	262	235	253	245	247	240	249	244	241	248	241	252	244	241	 90	 87	 89	 80	 87	 86	 85	 90	 87	 87	 88	 89	 83	102	102	 82	135	 88	102	 75	 90	 93	 87	 99	 94	 88	 92	100	 91	 94	 78	 69	 21	 16	 19	 13	 22	  8	 17	 16	 30	 21
 92	230	199	201	193	199	199	189	197	207	203	195	191	198	178	208	194	219	268	270	264	255	262	269	263	283	268	264	264	269	269	268	260	258	265	269	289	264	282	274	276	269	278	274	270	277	270	280	273	269	120	119	119	109	117	117	115	119	119	117	119	120	112	132	132	111	166	121	134	106	123	125	119	132	126	120	124	133	123	126	110	101	 16	 18	 21	 21	 15	 26	 19	 18	  8	 12	 33
 93	217	185	186	178	184	184	175	182	192	189	180	176	183	163	194	179	204	254	256	250	241	248	255	249	269	254	250	250	255	255	254	246	244	251	255	274	250	267	259	262	254	264	259	255	262	256	266	259	255	106	110	106	 95	103	103	102	105	106	104	105	107	 98	119	119	 97	153	109	122	 93	111	113	108	120	114	108	113	122	112	114	 99	 90	  4	 11	  6	 16	 19	 17	  8	 10	  9	 10	 24	 16
 94	226	175	175	169	174	174	165	172	182	176	170	169	173	152	183	170	196	242	244	238	229	236	243	237	259	242	238	238	242	243	242	234	232	240	244	266	239	257	249	251	244	253	248	245	252	245	255	248	244	 94	 89	 93	 84	 91	 90	 88	 93	 91	 90	 92	 92	 86	106	105	 86	138	 91	105	 79	 93	 95	 89	102	 97	 91	 95	103	 94	 97	 81	 72	 20	 14	 19	 10	 18	  7	 16	 15	 28	 19	  5	 30	 23
 95	228	181	181	174	180	179	171	178	188	182	176	174	179	158	189	175	201	247	250	244	235	242	249	242	264	248	244	244	248	249	248	240	238	246	250	271	245	263	254	257	249	259	254	250	258	251	261	254	250	100	 95	 99	 89	 97	 96	 94	 99	 97	 96	 98	 98	 92	111	111	 91	144	 98	111	 85	100	102	 96	109	103	 97	101	109	100	103	 87	 78	 15	  9	 16	  4	 12	  6	 12	  9	 22	 13	 10	 24	 19	  7
 96	222	185	186	179	185	185	175	182	193	188	180	177	184	163	194	179	205	253	256	250	240	248	255	248	269	254	249	250	254	255	254	246	243	251	255	275	250	268	259	262	254	264	259	255	263	256	266	259	255	106	106	105	 95	103	102	101	105	104	103	104	105	 98	118	118	 97	152	107	120	 92	109	111	105	118	112	106	110	119	109	111	 96	 87	  4	  5	  8	 10	 13	 13	  4	  4	 11	  4	 20	 15	  7	 18	 13
 97	322	160	147	163	156	153	159	159	163	130	157	175	157	145	159	161	184	173	174	172	167	174	172	170	199	173	173	172	172	175	174	172	167	183	182	221	180	196	192	192	189	193	183	189	194	189	199	187	192	143	103	138	149	142	140	138	147	130	137	137	132	148	135	133	148	117	116	110	139	115	113	113	107	110	118	115	103	114	116	120	129	206	201	204	197	202	193	202	201	215	206	186	216	209	187	193	205
 98	322	160	147	163	156	153	159	159	163	130	157	175	157	145	159	161	184	173	174	172	167	174	172	170	199	173	173	172	172	175	174	172	167	183	182	221	180	196	192	192	189	193	183	189	194	189	199	187	192	143	103	138	149	142	140	138	147	130	137	137	132	148	135	133	148	117	116	110	139	115	113	113	107	110	118	115	103	114	116	120	129	206	201	204	197	202	193	202	201	215	206	186	216	209	187	193	205	  1
 99	322	160	147	163	156	153	159	159	163	130	157	175	157	145	159	161	184	173	174	172	167	174	172	170	199	173	173	172	172	175	174	172	167	183	182	221	180	196	192	192	189	193	183	189	194	189	199	187	192	143	103	138	149	142	140	138	147	130	137	137	132	148	135	133	148	117	116	110	139	115	113	113	107	110	118	115	103	114	116	120	129	206	201	204	197	202	193	202	201	215	206	186	216	209	187	193	205	  1	  1
100	322	160	147	163	156	153	159	159	163	130	157	175	157	145	159	161	184	173	174	172	167	174	172	170	199	173	173	172	172	175	174	172	167	183	182	221	180	196	192	192	189	193	183	189	194	189	199	187	192	143	103	138	149	142	140	138	147	130	137	137	132	148	135	133	148	117	116	110	139	115	113	113	107	110	118	115	103	114	116	120	129	206	201	204	197	202	193	202	201	215	206	186	216	209	187	193	205	  1	  1	  1
