nVehicles:   5
nDepots:     1
nCustomers: 25
nPeriods:    6
VEHICLE_TYPE	FLEET_SIZE	CAPACITY
           4	         5	      38	
DEPOT   	X  	Y  	INV_COST	INITIAL_INV 	MIN_LEVEL_INV 	MAX_LEVEL_INV	PRODUCTION_0	PRODUCTION_1	PRODUCTION_2	PRODUCTION_3	PRODUCTION_4	PRODUCTION_5
       0	416	 63	       0	        226	            0	         1006	         174	         174	         174	         174	         174	         174	
CUSTOMER	X  	Y  	INV_COST	INITIAL_INV	MIN_LEVEL_INV 	MAX_LEVEL_INV	DEMAND_0	DEMAND_1	DEMAND_2	DEMAND_3	DEMAND_4	DEMAND_5
       1	 31	238	     0.1	          8	            0	           29	       4	       4	       5	       6	       7	       7
       2	 21	228	    0.18	         14	            0	           53	       7	       8	       9	      10	      11	      10
       3	 44	231	    0.01	         10	            0	           28	       6	       5	       9	      11	       9	       7
       4	 35	236	     0.3	          7	            0	           28	       5	       5	       7	       7	       6	       4
       5	 76	225	    0.28	          6	            0	           20	       4	       4	       6	       6	       7	       6
       6	  7	227	    0.28	          5	            0	           16	       5	       4	       7	       7	       7	       5
       7	 18	223	    0.02	          4	            0	           10	       4	       5	       6	       9	       9	       8
       8	 67	256	    0.17	          1	            0	           10	       5	       6	       6	       7	       7	       5
       9	 28	235	    0.02	          5	            0	           25	       7	       7	       8	      10	      11	       9
      10	 68	208	    0.18	         10	            0	           13	       5	       6	       7	       7	       9	       8
      11	 49	216	    0.24	          1	            0	           30	       3	       4	       5	       7	       6	       7
      12	 35	239	    0.23	          6	            0	           31	       6	       7	      12	      12	      10	       7
      13	 90	168	    0.27	          4	            0	            8	       4	       4	       5	       5	       5	       5
      14	 45	170	    0.15	          8	            0	           13	       4	       6	       7	       9	       5	       5
      15	 62	170	    0.23	          8	            0	           46	       5	       6	       9	      10	      12	      10
      16	 56	175	    0.13	          1	            0	           47	       6	       7	       9	      12	      12	       7
      17	 61	160	    0.18	          8	            0	           25	       4	       4	       6	       6	       4	       4
      18	 62	174	    0.03	          4	            0	           15	       7	       7	       9	      11	       7	       7
      19	 64	175	     0.2	          6	            0	           32	       6	       7	      11	      12	      10	       7
      20	 76	155	    0.18	          7	            0	            9	       3	       4	       4	       5	       6	       5
      21	 63	187	    0.12	          4	            0	           31	       7	       6	      12	      12	       7	       6
      22	 67	168	    0.17	          3	            0	           19	       6	       7	       9	       9	      14	      14
      23	 77	164	    0.23	          6	            0	           32	       5	       7	       7	       8	       9	       6
      24	 45	174	    0.24	         11	            0	           29	       6	       7	       9	       9	       9	       6
      25	  0	  0	    0.21	          5	            0	           19	       3	       4	       4	       5	       5	       6
COST_MATRIX 
	  0	  1	  2	  3	  4	  5	  6	  7	  8	  9	 10	 11	 12	 13	 14	 15	 16	 17	 18	 19	 20	 21	 22	 23	 24	 25
  0
  1	212
  2	215	  8
  3	205	  8	 12
  4	210	  3	  9	  6
  5	189	 24	 28	 17	 22
  6	221	 14	  8	 19	 15	 35
  7	215	 10	  3	 14	 11	 30	  6
  8	200	 21	 27	 17	 19	 17	 34	 30
  9	213	  3	  5	  9	  4	 25	 12	  8	 23
 10	189	 24	 26	 17	 22	 10	 32	 27	 25	 25
 11	199	 15	 16	  8	 13	 15	 22	 16	 22	 15	 11
 12	210	  3	  9	  7	  2	 22	 16	 12	 19	  5	 23	 14
 13	172	 46	 46	 40	 44	 30	 51	 46	 46	 46	 23	 32	 45
 14	194	 35	 32	 31	 34	 32	 35	 30	 45	 34	 23	 24	 35	 23
 15	185	 38	 36	 32	 36	 29	 40	 35	 44	 37	 20	 24	 38	 15	  9
 16	189	 34	 32	 29	 33	 27	 36	 31	 41	 34	 18	 21	 34	 18	  7	  4
 17	185	 42	 40	 37	 41	 34	 44	 39	 49	 41	 25	 29	 42	 16	 10	  6	  8
 18	186	 36	 34	 30	 34	 27	 39	 33	 42	 35	 18	 22	 36	 15	  9	  3	  4	  8
 19	185	 36	 35	 30	 34	 26	 39	 34	 41	 35	 17	 22	 36	 14	 10	  3	  5	  8	  2
 20	177	 48	 46	 42	 46	 36	 50	 45	 51	 47	 27	 34	 47	 10	 18	 11	 15	  8	 12	 12
 21	188	 31	 30	 24	 29	 21	 35	 29	 35	 30	 11	 17	 30	 17	 13	  9	  7	 14	  7	  7	 18
 22	183	 40	 38	 34	 38	 29	 43	 37	 45	 39	 21	 26	 39	 12	 12	  3	  7	  6	  4	  4	  8	 10
 23	177	 44	 43	 38	 42	 31	 48	 42	 47	 44	 23	 30	 43	  7	 17	  9	 12	  9	 10	  9	  5	 14	  6
 24	194	 33	 30	 29	 32	 30	 33	 28	 43	 32	 21	 22	 33	 23	  3	  9	  6	 11	  9	 10	 19	 12	 12	 17
 25	211	121	115	118	120	119	114	112	133	119	110	111	121	 96	 88	 91	 92	 86	 93	 94	 87	 99	 91	 91	 90
