nVehicles:   5
nDepots:     1
nCustomers: 25
nPeriods:    9
VEHICLE_TYPE	FLEET_SIZE	CAPACITY
           4	         5	      38	
DEPOT   	X  	Y  	INV_COST	INITIAL_INV 	MIN_LEVEL_INV 	MAX_LEVEL_INV	PRODUCTION_0	PRODUCTION_1	PRODUCTION_2	PRODUCTION_3	PRODUCTION_4	PRODUCTION_5	PRODUCTION_6	PRODUCTION_7	PRODUCTION_8
       0	 55	471	       0	        161	            0	         1465	         167	         167	         167	         167	         167	         167	         167	         167	         167	
CUSTOMER	X  	Y  	INV_COST	INITIAL_INV	MIN_LEVEL_INV 	MAX_LEVEL_INV	DEMAND_0	DEMAND_1	DEMAND_2	DEMAND_3	DEMAND_4	DEMAND_5	DEMAND_6	DEMAND_7	DEMAND_8
       1	 14	278	    0.07	          2	            0	           29	       4	       8	       9	       6	       4	       4	       8	       8	       6
       2	 27	276	    0.03	          1	            0	           26	       5	       6	       9	       8	       6	       5	       6	       8	       8
       3	 10	289	    0.22	          2	            0	           20	       6	       6	       7	       7	       5	       5	       5	       8	       9
       4	 13	280	    0.05	          5	            0	           52	       4	       7	       7	       6	       5	       4	       7	       7	       5
       5	 20	292	    0.29	         11	            0	           28	       5	       7	       9	       7	       6	       6	       7	       7	       8
       6	 26	292	     0.2	          8	            0	           26	       3	       5	       6	       6	       4	       3	       3	       4	       4
       7	 16	284	    0.23	          8	            0	           10	       4	       5	       5	       4	       4	       3	       5	       5	       4
       8	 29	285	    0.12	          6	            0	           26	       4	       4	       5	       6	       6	       5	       4	       4	       3
       9	 21	289	    0.11	          2	            0	           52	       5	       8	       8	      10	      11	       7	       7	       5	       7
      10	 15	286	    0.05	         12	            0	           34	       7	       8	      12	       8	       7	       6	       8	       9	      10
      11	 19	292	    0.01	          6	            0	           50	       8	       9	      14	      10	      11	       6	       7	      10	      13
      12	 17	287	    0.15	          6	            0	           27	       4	       6	       7	       5	       5	       5	       7	       6	       4
      13	 22	249	    0.23	         13	            0	           33	       7	       9	      11	      14	       9	       8	       8	       6	       9
      14	  6	247	    0.17	          2	            0	           62	       5	       8	       8	       7	       5	       5	       8	       9	       7
      15	  7	254	    0.06	          6	            0	           16	       4	       5	       6	       6	       4	       4	       4	       4	       5
      16	  3	249	    0.21	          7	            0	           30	       5	       6	       9	       9	       7	       5	       5	       6	       9
      17	 41	265	    0.18	          3	            0	           14	       3	       4	       6	       7	       6	       4	       4	       4	       4
      18	 16	251	    0.17	          3	            0	           24	       4	       7	       8	       8	       7	       6	       4	       6	       6
      19	 13	264	    0.09	         11	            0	           65	       7	       9	      12	      13	       9	       8	       7	       5	       7
      20	 13	270	    0.16	          1	            0	           45	       7	       9	      13	      12	       8	       8	      11	      10	      12
      21	  8	248	    0.11	         10	            0	           58	       6	       9	       9	       9	       9	       9	       6	       5	       6
      22	 10	253	    0.12	          5	            0	           14	       3	       4	       5	       5	       5	       4	       4	       3	       4
      23	  9	290	    0.17	          2	            0	           57	       7	       7	       9	       7	       6	       6	       7	       9	       8
      24	 27	220	    0.13	          3	            0	           21	       5	       8	       8	      10	       8	       6	       6	       6	       8
      25	  0	  0	    0.05	          4	            0	           39	       5	       6	       9	       8	       9	       7	       6	       7	       8
COST_MATRIX 
	  0	  1	  2	  3	  4	  5	  6	  7	  8	  9	 10	 11	 12	 13	 14	 15	 16	 17	 18	 19	 20	 21	 22	 23	 24	 25
  0
  1	 99
  2	 99	  7
  3	 94	  6	 11
  4	 98	  2	  8	  5
  5	 92	  8	  9	  6	  7
  6	 91	 10	  9	  9	  9	  4
  7	 96	  4	  7	  4	  3	  5	  7
  8	 94	  9	  5	 10	  9	  6	  4	  7
  9	 93	  7	  8	  6	  7	  2	  3	  4	  5
 10	 95	  5	  8	  3	  4	  4	  7	  2	  8	  4
 11	 92	  8	  9	  5	  7	  1	  4	  5	  7	  2	  4
 12	 94	  5	  8	  4	  5	  3	  6	  2	  7	  3	  2	  3
 13	113	 16	 14	 21	 17	 22	 22	 18	 19	 21	 19	 22	 20
 14	115	 17	 18	 22	 17	 24	 25	 20	 23	 23	 21	 24	 21	  9
 15	112	 13	 15	 18	 14	 21	 22	 16	 20	 19	 17	 20	 18	  8	  4
 16	115	 16	 19	 21	 17	 24	 25	 19	 23	 22	 20	 23	 21	 10	  2	  4
 17	104	 15	  9	 20	 16	 18	 16	 16	 12	 16	 17	 18	 17	 13	 20	 18	 21
 18	112	 14	 14	 20	 15	 21	 22	 17	 19	 20	 18	 21	 19	  4	  6	  5	  7	 15
 19	106	  8	 10	 13	  9	 15	 16	 11	 14	 14	 12	 15	 12	  9	 10	  6	 10	 15	  7
 20	103	  5	  8	 10	  6	 12	 13	  8	 11	 11	  9	 12	  9	 12	 13	  9	 12	 15	 10	  4
 21	114	 16	 17	 21	 17	 23	 24	 19	 22	 22	 20	 23	 21	  8	  2	  4	  3	 19	  5	  9	 12
 22	112	 13	 15	 19	 14	 21	 22	 16	 19	 19	 17	 21	 18	  7	  4	  2	  5	 17	  4	  6	  9	  3
 23	 94	  7	 12	  1	  6	  6	  9	  5	 11	  7	  4	  6	  5	 22	 22	 19	 21	 21	 20	 14	 11	 22	 19
 24	127	 30	 29	 36	 31	 37	 37	 33	 33	 35	 34	 37	 34	 15	 18	 20	 19	 24	 17	 24	 26	 17	 19	 37
 25	238	140	139	145	141	147	147	143	144	145	144	147	144	125	124	128	125	135	126	133	136	125	127	146	111
