nVehicles:   46
nDepots:      1
nCustomers: 100
nPeriods:     6
VEHICLE_TYPE	FLEET_SIZE	CAPACITY
           2	        46	      18	
DEPOT   	X  	Y  	INV_COST	INITIAL_INV 	MIN_LEVEL_INV 	MAX_LEVEL_INV	PRODUCTION_0	PRODUCTION_1	PRODUCTION_2	PRODUCTION_3	PRODUCTION_4	PRODUCTION_5
       0	415	434	       0	        753	            0	         4074	         682	         682	         682	         682	         682	         682	
CUSTOMER	X  	Y  	INV_COST	INITIAL_INV	MIN_LEVEL_INV 	MAX_LEVEL_INV	DEMAND_0	DEMAND_1	DEMAND_2	DEMAND_3	DEMAND_4	DEMAND_5
       1	255	356	    0.28	          9	            0	           23	       5	       5	       7	       9	      10	      11
       2	245	353	    0.25	          4	            0	           54	       8	       8	      13	      12	       9	       7
       3	248	342	    0.18	          4	            0	           30	       4	       5	       8	       8	       7	       5
       4	239	362	    0.14	         11	            0	           39	       6	       5	       8	       7	       9	       9
       5	250	360	    0.04	         10	            0	           10	       4	       6	       8	       9	       6	       5
       6	240	368	    0.18	          6	            0	           53	       7	       7	      10	      11	      14	      12
       7	242	358	    0.05	          2	            0	           14	       5	       5	       6	       7	       5	       5
       8	255	348	    0.15	         10	            0	           17	       5	       6	       8	       8	       8	       6
       9	256	365	    0.29	          3	            0	           23	       3	       3	       4	       5	       5	       5
      10	263	341	    0.28	         10	            0	           39	       6	       6	       8	       9	      10	       9
      11	244	339	    0.16	          6	            0	            7	       3	       3	       6	       6	       4	       4
      12	236	357	    0.09	         12	            0	           43	       5	       8	      11	      11	       8	       6
      13	246	348	    0.22	         13	            0	           43	       6	       7	       9	       9	       9	       8
      14	235	353	    0.03	          8	            0	           17	       5	       4	       5	       8	       8	       6
      15	269	390	    0.29	          1	            0	           24	       3	       3	       4	       5	       6	       5
      16	245	351	    0.02	          4	            0	           12	       5	       6	       7	       9	      11	       7
      17	 89	264	    0.14	          4	            0	           15	       3	       3	       5	       6	       5	       3
      18	 84	271	    0.25	          3	            0	           12	       6	       5	       6	       7	       7	       4
      19	 99	237	    0.09	          6	            0	           19	       3	       3	       5	       4	       5	       5
      20	 82	251	    0.13	          4	            0	           20	       5	       5	       7	       9	       7	       4
      21	100	276	     0.3	         12	            0	           16	       6	       6	       6	       9	      13	      11
      22	 63	252	    0.16	          5	            0	           17	       4	       3	       4	       5	       5	       6
      23	 86	280	    0.28	          8	            0	           17	       7	       6	       9	      10	      13	      10
      24	 69	224	    0.25	          2	            0	           30	       4	       4	       6	       8	       6	       5
      25	 64	276	    0.06	          4	            0	           23	       3	       3	       5	       4	       6	       6
      26	 70	256	     0.3	         16	            0	           41	       8	       9	      12	      10	       8	       7
      27	 88	259	    0.17	          5	            0	           15	       5	       7	       8	      12	       8	       6
      28	 80	264	    0.16	          1	            0	           17	       3	       4	       6	       5	       4	       3
      29	 60	254	    0.18	         12	            0	           29	       7	       7	       8	      10	       9	      10
      30	181	292	    0.08	          3	            0	           26	       5	       4	       7	       7	       5	       5
      31	 82	242	    0.29	          5	            0	           25	       4	       3	       4	       5	       5	       6
      32	 99	250	    0.02	          5	            0	           25	       5	       4	       6	       7	       7	       7
      33	163	404	    0.05	          4	            0	           14	       4	       3	       5	       5	       5	       6
      34	198	326	    0.05	          5	            0	            5	       3	       3	       5	       4	       5	       5
      35	144	416	    0.03	          2	            0	           41	       7	       6	       9	       8	      12	       9
      36	148	411	    0.14	          8	            0	           12	       5	       5	       7	       8	       6	       4
      37	169	398	    0.11	         11	            0	           13	       5	       6	       8	       8	       7	       6
      38	145	390	    0.23	          2	            0	           34	       5	       5	       6	       9	       9	       8
      39	156	399	    0.08	          7	            0	           43	       5	       5	      10	      11	       9	       5
      40	221	404	     0.2	          1	            0	           30	       4	       4	       7	       8	       7	       4
      41	158	400	    0.25	          1	            0	           25	       5	       5	       8	      10	      11	      12
      42	156	398	    0.27	          8	            0	           12	       4	       4	       6	       6	       5	       5
      43	165	428	    0.11	          8	            0	           39	       5	       4	       6	       9	       7	       8
      44	159	402	    0.27	          5	            0	           18	       5	       5	       5	       7	       7	       6
      45	169	445	    0.07	          8	            0	            8	       3	       5	       7	       7	       5	       4
      46	169	426	    0.27	          9	            0	           22	       6	       8	      10	      14	      10	       7
      47	167	409	    0.27	          3	            0	           13	       3	       4	       5	       6	       5	       4
      48	153	399	    0.11	         10	            0	           29	       5	       5	       7	      11	       7	       7
      49	175	464	    0.12	          3	            0	           13	       5	       6	       7	      11	       9	       6
      50	163	467	    0.04	          5	            0	           11	       4	       4	       5	       5	       7	       7
      51	171	474	    0.12	          9	            0	           34	       6	       5	       9	      11	       9	       5
      52	175	471	    0.07	          3	            0	           40	       5	       6	       6	      10	      11	       8
      53	163	471	    0.01	          1	            0	           55	       6	       8	      10	      11	      13	       7
      54	170	468	    0.14	         10	            0	           35	       7	       6	      11	      10	      10	      13
      55	169	455	    0.23	          5	            0	           16	       7	       8	       9	      12	       9	       5
      56	183	465	    0.23	          7	            0	           22	       4	       5	       7	       7	       5	       4
      57	191	459	    0.19	          1	            0	           13	       3	       4	       5	       6	       5	       4
      58	184	416	    0.08	         11	            0	           27	       6	       7	      10	      10	       8	       7
      59	166	471	    0.09	          1	            0	           12	       3	       4	       5	       6	       6	       4
      60	227	470	    0.24	          3	            0	           10	       5	       5	       6	       7	       8	       6
      61	121	496	    0.29	          3	            0	           16	       7	       7	       9	       8	      12	       9
      62	172	461	    0.27	          9	            0	           28	       6	       6	       8	      11	       7	       7
      63	186	488	    0.05	         10	            0	           16	       5	       5	       6	       7	      11	       9
      64	176	444	    0.11	          7	            0	           24	       6	       5	       7	       8	      11	      11
      65	 13	187	    0.06	          6	            0	           27	       6	       5	       6	       9	       9	      11
      66	 10	219	    0.13	         12	            0	           22	       6	       6	       8	       8	       6	       6
      67	 26	191	    0.17	          4	            0	            9	       5	       5	       8	       8	       6	       4
      68	  2	200	    0.22	          5	            0	           19	       4	       5	       6	       7	       6	       5
      69	 13	208	    0.04	         13	            0	           14	       7	       6	       8	       8	      10	       9
      70	 23	197	    0.15	          5	            0	           18	       4	       4	       5	       5	       6	       7
      71	 11	203	    0.18	         10	            0	           12	       6	       4	       7	       7	       7	       6
      72	 59	156	     0.2	          1	            0	           17	       5	       5	       8	       7	       8	       4
      73	  9	226	    0.24	          4	            0	           31	       4	       5	       7	       7	       7	       5
      74	  0	199	    0.24	          1	            0	           38	       6	       5	       6	       9	       7	       5
      75	 40	201	    0.03	          2	            0	           48	       7	       7	       8	      11	      13	      10
      76	  9	205	    0.02	          1	            0	           32	       5	       5	       6	       6	       9	       8
      77	 18	195	    0.29	          6	            0	           22	       4	       4	       5	       6	       6	       5
      78	  4	209	    0.17	          1	            0	           44	       7	       6	      13	      11	       9	       8
      79	  6	192	     0.1	          8	            0	           13	       5	       8	      11	      10	       8	       6
      80	 37	197	    0.16	         10	            0	           26	       5	       6	       7	       9	       8	      10
      81	204	356	    0.14	          4	            0	           14	       6	       7	      10	      10	       6	       5
      82	197	360	    0.14	          3	            0	           19	       4	       3	       4	       5	       5	       5
      83	197	365	    0.12	          9	            0	           35	       5	       7	      10	       8	       8	       6
      84	195	361	    0.02	          8	            0	           36	       6	       6	       8	      11	       7	       7
      85	224	340	    0.03	         10	            0	           23	       5	       7	       9	       9	      11	      11
      86	175	363	     0.1	          1	            0	           28	       4	       5	       7	       7	       6	       6
      87	199	377	    0.04	          9	            0	           22	       7	       7	      10	      10	       9	       8
      88	197	362	    0.26	          2	            0	           33	       5	       5	       9	       8	       9	       7
      89	195	355	    0.15	          5	            0	           31	       7	       6	       8	      11	      10	       8
      90	194	359	    0.28	          1	            0	           10	       5	       5	       8	       8	       7	       6
      91	194	354	    0.01	          7	            0	           20	       6	       5	       7	       8	       8	       8
      92	200	320	    0.29	          1	            0	            7	       4	       5	       5	       7	       5	       5
      93	204	353	    0.11	          3	            0	           47	       7	       7	      10	      10	      12	       9
      94	196	358	    0.14	          4	            0	           18	       4	       6	       7	       9	       6	       5
      95	191	382	    0.24	          6	            0	           10	       6	       5	       7	       9	       8	       8
      96	194	363	    0.05	          2	            0	           52	       6	       7	      11	      11	      13	       7
      97	  0	  0	    0.25	          8	            0	           36	       6	       7	       8	      11	       8	       5
      98	  0	  0	    0.26	          1	            0	           54	       6	       7	      10	      11	      10	      10
      99	  0	  0	    0.22	         10	            0	           34	       6	       5	       9	       9	      13	      11
     100	  0	  0	    0.16	          9	            0	           32	       5	       6	       8	       8	      11	      10
COST_MATRIX 
	  0	  1	  2	  3	  4	  5	  6	  7	  8	  9	 10	 11	 12	 13	 14	 15	 16	 17	 18	 19	 20	 21	 22	 23	 24	 25	 26	 27	 28	 29	 30	 31	 32	 33	 34	 35	 36	 37	 38	 39	 40	 41	 42	 43	 44	 45	 46	 47	 48	 49	 50	 51	 52	 53	 54	 55	 56	 57	 58	 59	 60	 61	 62	 63	 64	 65	 66	 67	 68	 69	 70	 71	 72	 73	 74	 75	 76	 77	 78	 79	 80	 81	 82	 83	 84	 85	 86	 87	 88	 89	 90	 91	 92	 93	 94	 95	 96	 97	 98	 99	100
  0
  1	 90
  2	 95	  6
  3	 96	  8	  6
  4	 96	  9	  6	 11
  5	 91	  4	  5	 10	  6
  6	 94	 10	  8	 14	  4	  7
  7	 95	  7	  3	  9	  3	  5	  6
  8	 91	  5	  6	  5	 11	  7	 13	  9
  9	 87	  5	  9	 13	  9	  4	  9	  8	  9
 10	 90	  9	 11	  8	 16	 12	 18	 14	  6	 13
 11	 98	 11	  8	  3	 12	 11	 15	 10	  8	 15	 10
 12	 98	 10	  5	 10	  3	  8	  6	  4	 11	 11	 16	 10
 13	 95	  7	  3	  4	  8	  7	 11	  6	  5	 10	 10	  5	  7
 14	 99	 11	  6	  9	  5	  9	  8	  5	 11	 13	 16	  9	  3	  7
 15	 77	 19	 23	 27	 21	 18	 19	 21	 23	 15	 25	 29	 24	 24	 26
 16	 95	  6	  2	  5	  7	  6	  9	  4	  6	  9	 11	  7	  6	  2	  6	 23
 17	184	 95	 90	 89	 90	 94	 92	 90	 94	 98	 96	 87	 87	 90	 86	110	 90
 18	185	 96	 91	 90	 90	 95	 92	 91	 94	 99	 97	 87	 88	 90	 86	110	 90	  5
 19	187	 99	 94	 92	 94	 98	 97	 94	 96	102	 98	 89	 92	 93	 90	115	 93	 15	 19
 20	190	102	 97	 95	 97	101	 99	 97	100	105	102	 93	 94	 96	 92	117	 96	  8	 11	 12
 21	177	 88	 83	 82	 82	 86	 84	 82	 86	 90	 88	 79	 80	 82	 78	102	 82	  9	  9	 20	 16
 22	199	110	105	103	104	108	106	105	108	112	110	101	102	104	100	124	104	 15	 15	 20	 10	 23
 23	182	 93	 88	 87	 87	 92	 89	 88	 92	 96	 94	 85	 85	 87	 83	107	 88	  9	  5	 23	 15	  8	 19
 24	203	115	110	108	110	114	112	110	112	118	114	105	107	109	106	130	109	 23	 25	 17	 15	 31	 15	 30
 25	193	104	 99	 98	 98	103	100	 98	103	106	105	 96	 96	 98	 94	118	 98	 14	 11	 27	 16	 19	 13	 12	 27
 26	195	106	101	 99	100	104	102	100	104	108	106	 97	 98	100	 96	120	100	 11	 11	 18	  7	 19	  5	 15	 17	 11
 27	186	 97	 92	 91	 92	 96	 94	 92	 95	100	 97	 88	 89	 91	 88	112	 91	  3	  7	 13	  6	 11	 13	 11	 20	 15	 10
 28	188	 99	 94	 93	 94	 98	 96	 94	 98	102	100	 91	 91	 94	 90	114	 94	  5	  5	 17	  7	 12	 11	  9	 21	 11	  7	  5
 29	200	111	105	104	105	109	107	105	109	113	111	102	102	105	101	125	105	 16	 15	 22	 12	 23	  2	 19	 16	 12	  6	 15	 12
 30	137	 49	 45	 42	 46	 49	 49	 45	 47	 53	 48	 40	 43	 43	 41	 66	 44	 49	 50	 50	 54	 42	 63	 48	 66	 60	 59	 50	 53	 64
 31	193	104	 99	 97	 99	103	102	 99	102	107	104	 95	 97	 98	 95	120	 99	 12	 15	  9	  5	 20	 11	 20	 12	 20	 10	 10	 12	 13	 56
 32	183	 95	 90	 88	 90	 94	 92	 90	 93	 98	 94	 86	 87	 89	 86	111	 89	  9	 13	  7	  9	 14	 19	 17	 20	 22	 15	  8	 12	 20	 47	 10
 33	127	 52	 49	 53	 44	 49	 43	 46	 54	 51	 60	 52	 44	 51	 45	 54	 49	 80	 78	 90	 87	 72	 91	 73	102	 81	 88	 82	 82	 91	 57	 91	 84
 34	122	 33	 28	 27	 28	 32	 30	 28	 31	 35	 34	 24	 25	 27	 23	 48	 27	 63	 64	 67	 70	 56	 77	 61	 83	 72	 73	 65	 67	 78	 20	 72	 63	 43
 35	136	 64	 60	 64	 55	 60	 54	 57	 66	 62	 71	 64	 55	 62	 56	 64	 61	 81	 79	 93	 89	 74	 92	 74	104	 81	 89	 84	 83	 92	 65	 93	 86	 12	 53
 36	134	 61	 57	 61	 52	 58	 51	 54	 63	 59	 68	 61	 52	 59	 53	 62	 58	 80	 77	 91	 87	 72	 91	 73	102	 80	 87	 82	 81	 90	 62	 91	 85	  9	 50	  4
 37	125	 48	 45	 49	 40	 45	 39	 42	 50	 47	 55	 48	 40	 46	 40	 51	 45	 79	 77	 88	 86	 71	 91	 73	101	 81	 87	 81	 81	 91	 54	 90	 82	  5	 39	 16	 13
 38	137	 58	 54	 57	 50	 55	 49	 52	 59	 57	 64	 56	 49	 55	 49	 63	 54	 69	 67	 80	 77	 62	 81	 63	 92	 70	 77	 72	 71	 81	 53	 81	 74	 12	 42	 14	 11	 13
 39	131	 54	 51	 55	 46	 51	 45	 48	 56	 53	 61	 54	 46	 52	 46	 57	 51	 76	 74	 86	 83	 68	 87	 70	 98	 77	 84	 78	 78	 87	 55	 87	 80	  5	 43	 11	  8	  7	  8
 40	 99	 30	 29	 34	 23	 27	 21	 26	 33	 27	 38	 35	 25	 31	 27	 26	 30	 97	 96	104	104	 89	110	 92	118	102	106	 99	100	111	 60	107	 99	 30	 41	 39	 37	 27	 39	 33
 41	130	 54	 50	 54	 45	 51	 45	 47	 56	 53	 61	 53	 45	 52	 46	 56	 50	 77	 75	 87	 84	 69	 88	 70	 99	 78	 85	 79	 79	 88	 56	 88	 81	  4	 43	 11	  8	  6	  9	  2	 32
 42	131	 54	 50	 54	 46	 51	 45	 48	 56	 53	 61	 53	 45	 52	 46	 57	 51	 75	 73	 86	 83	 68	 87	 69	 98	 77	 84	 78	 78	 87	 55	 87	 80	  5	 42	 11	  8	  7	  7	  1	 33	  2
 43	126	 58	 55	 60	 50	 55	 49	 53	 61	 56	 66	 60	 51	 57	 52	 56	 56	 91	 89	102	 98	 83	102	 84	113	 92	 99	 93	 93	102	 69	102	 95	 13	 54	 13	 13	 16	 22	 16	 31	 15	 16
 44	129	 54	 50	 54	 45	 51	 44	 47	 56	 52	 61	 53	 45	 52	 46	 56	 50	 78	 76	 88	 85	 70	 90	 72	100	 79	 86	 80	 80	 90	 57	 89	 82	  3	 43	 11	  8	  6	 10	  3	 32	  2	  3	 14
 45	124	 62	 60	 65	 55	 59	 53	 57	 65	 60	 71	 65	 56	 62	 57	 58	 61	 99	 97	110	107	 92	111	 93	122	100	107	102	101	110	 77	111	104	 21	 62	 20	 20	 24	 31	 24	 34	 24	 25	  9	 23
 46	124	 56	 53	 58	 48	 53	 46	 50	 59	 54	 64	 58	 49	 55	 50	 54	 54	 91	 89	101	 98	 83	102	 84	113	 92	 99	 93	 93	102	 68	102	 95	 12	 53	 14	 13	 15	 22	 15	 29	 15	 16	  3	 14	 10
 47	125	 52	 49	 53	 43	 49	 42	 46	 54	 50	 59	 53	 44	 50	 45	 52	 49	 83	 81	 93	 90	 75	 95	 77	105	 85	 91	 85	 85	 95	 59	 94	 87	  4	 45	 13	 10	  6	 15	  8	 28	  7	  8	 10	  6	 19	  9
 48	133	 56	 52	 56	 47	 53	 47	 49	 58	 55	 63	 55	 47	 54	 48	 59	 52	 75	 73	 86	 83	 67	 87	 69	 98	 76	 83	 78	 77	 87	 56	 87	 80	  6	 43	 10	  7	  9	  7	  2	 35	  3	  2	 16	  4	 25	 16	  9
 49	121	 68	 66	 72	 61	 65	 58	 63	 71	 64	 76	 72	 62	 69	 64	 60	 67	109	107	120	117	102	120	103	132	110	117	112	111	120	 87	121	114	 31	 70	 29	 30	 34	 40	 34	 38	 34	 35	 19	 33	 10	 20	 28	 35
 50	128	 73	 71	 76	 65	 69	 63	 68	 76	 70	 81	 76	 67	 73	 68	 66	 72	109	106	120	116	101	119	102	131	108	116	111	110	119	 88	120	114	 32	 73	 28	 29	 35	 40	 35	 43	 34	 35	 20	 33	 12	 21	 30	 35	  7
 51	124	 73	 71	 77	 66	 70	 64	 69	 76	 70	 81	 77	 67	 74	 69	 65	 72	113	111	124	121	106	124	106	136	113	121	116	115	124	 92	125	118	 36	 76	 32	 34	 39	 44	 39	 44	 38	 39	 24	 37	 15	 25	 33	 39	  6	  6
 52	122	 71	 69	 75	 64	 67	 61	 66	 74	 67	 79	 75	 65	 72	 67	 63	 70	113	110	124	120	105	123	106	135	113	120	115	114	123	 90	124	117	 35	 74	 32	 33	 37	 44	 38	 41	 37	 38	 23	 36	 14	 23	 32	 38	  4	  7	  3
 53	128	 74	 72	 78	 67	 71	 65	 69	 77	 71	 83	 78	 68	 75	 70	 67	 73	110	108	122	118	103	121	103	133	110	118	113	112	121	 90	122	116	 34	 75	 30	 31	 37	 42	 37	 45	 36	 37	 22	 35	 14	 23	 32	 37	  7	  3	  5	  7
 54	124	 71	 69	 75	 64	 68	 62	 66	 74	 68	 79	 75	 65	 72	 67	 64	 70	110	108	121	118	103	121	103	133	110	118	113	112	121	 89	122	115	 33	 73	 30	 31	 36	 41	 36	 41	 35	 36	 21	 34	 12	 22	 30	 36	  4	  4	  4	  3	  4
 55	124	 66	 64	 69	 59	 63	 57	 61	 69	 63	 74	 70	 60	 66	 61	 60	 65	104	102	115	111	 96	115	 97	126	104	112	107	106	115	 82	116	109	 26	 67	 24	 25	 29	 35	 29	 37	 29	 30	 14	 27	  6	 15	 24	 30	  6	  7	 10	  9	  9	  7
 56	118	 66	 65	 70	 59	 63	 57	 62	 69	 62	 74	 70	 61	 67	 62	 58	 65	111	109	122	119	104	123	105	134	112	119	114	113	123	 87	123	116	 33	 70	 32	 33	 35	 43	 36	 36	 35	 37	 21	 34	 13	 21	 30	 37	  5	 11	  8	  6	 11	  7	  9
 57	113	 61	 60	 66	 55	 58	 52	 57	 65	 58	 70	 66	 56	 62	 58	 53	 61	111	109	121	118	103	122	104	133	112	119	113	113	122	 84	122	115	 31	 67	 32	 33	 33	 42	 35	 32	 34	 36	 21	 33	 14	 20	 28	 36	  9	 15	 13	 11	 16	 12	 12	  6
 58	116	 47	 44	 49	 39	 44	 37	 42	 50	 45	 55	 49	 40	 47	 41	 45	 45	 90	 89	100	 97	 82	102	 84	112	 93	 99	 93	 93	103	 63	101	 94	 13	 46	 21	 19	 12	 24	 17	 20	 16	 17	 12	 15	 17	 10	 10	 18	 25	 28	 30	 28	 30	 27	 21	 25	 22
 59	126	 73	 72	 77	 66	 70	 64	 69	 76	 70	 82	 77	 67	 74	 69	 66	 72	111	109	122	118	103	122	104	133	111	118	113	113	121	 90	122	116	 34	 75	 30	 32	 37	 42	 37	 44	 36	 37	 22	 35	 14	 23	 32	 37	  6	  3	  3	  5	  2	  3	  9	 10	 14	 29
 60	 96	 59	 60	 65	 55	 57	 52	 57	 63	 55	 67	 67	 57	 62	 59	 46	 61	124	123	133	132	116	137	119	147	127	133	127	127	137	 92	136	128	 46	 74	 50	 50	 47	 58	 51	 34	 50	 51	 38	 49	 32	 37	 43	 52	 27	 33	 29	 27	 33	 29	 30	 23	 19	 35	 31
 61	151	 97	 95	100	 90	 94	 88	 92	100	 95	106	100	 91	 97	 92	 92	 96	118	115	130	125	111	126	110	139	114	123	120	118	125	107	129	124	 51	 94	 42	 45	 55	 55	 52	 68	 52	 53	 41	 51	 36	 43	 50	 52	 32	 26	 28	 30	 25	 29	 32	 35	 40	 51	 26	 55
 62	123	 67	 66	 71	 60	 64	 58	 63	 71	 64	 76	 71	 62	 68	 63	 61	 67	107	105	118	115	100	118	101	130	108	115	110	109	118	 85	119	112	 29	 69	 27	 28	 32	 38	 33	 38	 32	 33	 17	 31	  9	 18	 27	 33	  3	  6	  7	  6	  7	  4	  4	  6	 10	 24	  6	 28	 31
 63	118	 75	 74	 80	 69	 72	 66	 71	 79	 71	 83	 80	 71	 77	 72	 65	 75	123	120	133	130	115	134	116	145	123	130	125	124	133	 99	134	127	 44	 82	 42	 43	 46	 54	 47	 46	 47	 48	 32	 46	 24	 33	 41	 48	 14	 16	 11	 11	 15	 13	 19	 12	 15	 37	 14	 23	 33	 16
 64	120	 60	 58	 63	 52	 56	 50	 55	 63	 57	 68	 63	 53	 60	 55	 54	 58	100	 98	111	108	 93	112	 94	123	101	108	103	103	112	 77	112	105	 22	 61	 22	 22	 24	 32	 25	 31	 24	 26	 10	 23	  4	 10	 19	 26	 11	 14	 16	 14	 15	 13	  7	 12	 11	 15	 15	 29	 38	  9	 23
 65	236	148	143	141	143	147	146	143	146	151	147	139	141	142	139	164	143	 55	 55	 50	 48	 63	 42	 60	 34	 52	 45	 52	 52	 41	100	 45	 54	132	116	132	131	132	122	128	151	129	128	143	130	151	143	136	128	161	159	164	164	161	161	156	163	163	143	162	178	164	159	174	153
 66	230	141	136	134	135	140	138	136	139	144	141	132	133	135	131	156	135	 46	 46	 46	 40	 54	 32	 49	 30	 40	 36	 44	 42	 31	 93	 38	 48	121	109	120	119	120	109	116	141	117	116	131	118	139	131	124	115	148	146	151	151	148	148	143	151	151	132	149	166	150	146	161	140	 17
 67	230	142	137	135	137	141	139	137	139	145	141	132	134	136	133	158	136	 49	 50	 44	 42	 57	 36	 54	 28	 47	 40	 47	 46	 36	 93	 38	 47	127	110	128	126	126	116	123	145	124	123	138	125	146	138	130	122	156	155	159	159	156	157	151	158	158	138	157	172	160	154	169	148	  7	 17
 68	238	149	144	143	144	148	146	144	147	152	149	140	141	143	140	164	144	 55	 55	 52	 48	 63	 41	 59	 36	 50	 45	 53	 51	 40	101	 46	 55	130	117	130	129	130	119	126	150	127	126	141	128	149	141	134	125	158	156	161	161	158	159	153	161	161	142	159	176	160	156	171	150	  9	 11	 13
 69	231	142	137	136	137	141	139	137	140	145	142	133	135	136	133	158	137	 48	 48	 46	 41	 56	 34	 52	 30	 43	 38	 46	 44	 33	 94	 39	 48	124	110	123	122	123	113	120	143	121	119	134	122	142	135	127	119	152	150	155	155	152	152	147	155	154	135	153	170	154	150	165	144	 11	  6	 11	  7
 70	230	141	136	134	136	140	139	136	139	144	140	132	134	135	132	157	136	 48	 48	 43	 40	 56	 35	 53	 27	 45	 38	 45	 44	 34	 93	 38	 47	125	109	126	124	125	115	121	144	122	121	136	124	144	136	129	121	154	153	158	157	154	155	149	157	156	136	155	171	158	152	167	146	  8	 13	  4	 11	  8
 71	233	145	139	138	139	143	142	140	142	147	144	135	137	139	135	160	139	 50	 50	 48	 43	 58	 36	 54	 31	 46	 40	 48	 47	 36	 96	 41	 50	127	112	126	125	126	116	122	146	123	122	137	125	145	137	130	122	155	153	158	158	155	155	149	157	157	138	155	172	157	153	168	147	  9	  9	 10	  5	  3	  7
 72	226	141	136	133	137	140	140	137	138	144	138	131	134	135	133	158	135	 57	 59	 46	 49	 64	 49	 64	 35	 61	 51	 54	 56	 50	 92	 45	 52	135	110	137	136	133	125	131	149	132	131	146	133	155	146	138	131	165	164	169	168	166	166	160	167	166	145	167	179	173	163	178	156	 28	 40	 25	 37	 35	 28	 34
 73	229	140	135	133	134	138	136	134	138	142	140	131	132	134	130	154	134	 45	 44	 46	 39	 52	 30	 48	 31	 38	 34	 43	 41	 30	 93	 38	 47	118	107	117	116	118	107	114	139	115	114	128	116	136	129	121	113	146	144	149	148	145	146	140	148	148	130	146	164	147	143	159	138	 20	  4	 20	 14	 10	 17	 12	 44
 74	239	150	145	144	145	149	147	145	148	153	150	141	143	144	141	165	145	 56	 56	 54	 49	 64	 42	 60	 37	 51	 46	 54	 52	 41	102	 47	 56	131	118	131	130	131	120	127	151	128	127	142	129	150	142	135	126	159	157	162	162	159	160	154	162	162	143	160	177	161	157	172	151	  9	 12	 14	  2	  8	 12	  6	 37	 15
 75	221	133	128	126	128	132	131	128	131	136	132	124	126	127	124	149	128	 40	 42	 35	 33	 49	 28	 46	 19	 40	 32	 38	 38	 29	 84	 30	 39	119	101	120	119	118	109	115	136	116	115	130	117	139	130	122	114	148	147	152	151	149	149	143	151	150	130	149	164	153	146	162	140	 16	 18	  9	 20	 14	  9	 15	 25	 20	 21
 76	234	145	140	138	140	144	142	140	143	148	145	136	137	139	136	160	139	 50	 50	 48	 44	 58	 36	 54	 32	 45	 40	 48	 47	 36	 97	 41	 51	126	113	126	125	126	115	122	146	123	122	137	124	145	137	130	121	154	152	158	157	154	155	149	157	157	138	155	172	156	152	167	146	 10	  8	 12	  5	  3	  9	  2	 36	 11	  6	 16
 77	232	144	139	137	139	143	141	139	142	147	143	134	136	138	135	159	138	 50	 51	 46	 43	 58	 37	 55	 30	 47	 41	 48	 47	 37	 95	 40	 49	128	112	128	127	127	117	124	146	125	123	138	126	147	138	131	123	156	155	160	159	156	157	151	159	158	139	157	173	160	154	169	148	  5	 13	  5	  9	  7	  3	  6	 29	 17	 10	 12	  7
 78	235	146	141	139	141	145	143	141	144	149	146	137	138	140	137	161	140	 51	 51	 50	 45	 59	 37	 55	 34	 45	 41	 49	 47	 36	 98	 43	 52	126	114	125	125	126	115	122	146	123	122	136	124	144	137	130	121	154	152	157	157	154	154	149	157	157	138	155	172	155	152	167	146	 12	  6	 15	  5	  5	 12	  5	 39	  9	  6	 19	  4	 10
 79	238	150	145	143	145	149	147	145	147	153	149	140	142	144	140	165	144	 55	 56	 52	 49	 64	 42	 60	 36	 52	 46	 53	 52	 42	101	 46	 55	132	118	132	131	132	121	128	151	129	128	143	130	151	143	136	127	161	159	164	164	161	161	155	163	163	144	161	178	163	159	174	152	  5	 14	 11	  5	  9	  9	  7	 33	 18	  5	 18	  7	  7	  9
 80	224	135	131	129	131	135	133	131	133	139	134	126	128	129	127	151	130	 43	 44	 37	 36	 51	 31	 49	 21	 42	 34	 41	 40	 31	 87	 32	 41	122	104	122	121	121	111	118	139	119	117	133	120	141	133	125	117	151	149	154	154	151	151	145	153	152	132	152	167	156	149	164	142	 14	 18	  7	 18	 14	  8	 14	 24	 21	 19	  3	 15	 10	 18	 16
 81	113	 26	 21	 24	 18	 24	 19	 20	 26	 27	 31	 22	 17	 22	 16	 37	 21	 74	 74	 80	 81	 66	 88	 71	 95	 81	 84	 76	 78	 89	 35	 84	 75	 32	 16	 43	 40	 28	 35	 33	 26	 32	 32	 41	 33	 48	 40	 33	 34	 56	 60	 62	 60	 62	 59	 53	 56	 52	 32	 61	 59	 82	 55	 67	 47	128	119	122	128	121	121	124	124	118	129	113	124	124	125	129	116
 82	116	 30	 25	 28	 22	 27	 22	 23	 30	 30	 35	 26	 20	 26	 20	 40	 25	 73	 72	 79	 80	 65	 87	 69	 94	 79	 83	 75	 76	 87	 35	 83	 74	 28	 18	 39	 36	 24	 31	 29	 26	 28	 28	 38	 29	 45	 36	 29	 30	 54	 57	 59	 57	 59	 56	 50	 53	 50	 29	 58	 58	 78	 53	 65	 44	127	118	121	127	120	120	122	124	116	128	112	122	122	123	128	115	  5
 83	115	 30	 25	 28	 22	 27	 22	 23	 31	 30	 36	 27	 20	 26	 20	 39	 26	 74	 74	 81	 81	 66	 88	 70	 96	 81	 84	 77	 78	 89	 38	 85	 76	 26	 20	 37	 34	 22	 29	 27	 23	 27	 27	 36	 27	 43	 34	 27	 28	 51	 54	 57	 55	 56	 54	 48	 51	 48	 27	 56	 55	 76	 50	 62	 41	129	119	122	128	121	121	124	126	117	129	114	124	124	125	129	117	  6	  3
 84	116	 31	 26	 29	 23	 28	 23	 24	 31	 31	 36	 27	 21	 27	 21	 40	 26	 72	 72	 79	 79	 64	 86	 68	 94	 79	 82	 74	 76	 87	 36	 83	 74	 27	 18	 38	 35	 23	 29	 28	 26	 27	 27	 37	 28	 44	 36	 28	 29	 53	 56	 58	 56	 58	 55	 49	 53	 50	 29	 57	 57	 77	 52	 64	 43	126	117	120	126	119	119	122	124	115	127	112	122	122	123	127	114	  6	  2	  3
 85	107	 18	 13	 13	 14	 17	 17	 13	 17	 21	 20	 11	 11	 12	  9	 34	 12	 78	 79	 81	 84	 70	 92	 76	 97	 87	 88	 80	 82	 93	 33	 87	 78	 45	 15	 56	 53	 40	 47	 46	 33	 45	 45	 53	 45	 60	 52	 45	 47	 67	 71	 73	 70	 73	 70	 64	 66	 62	 43	 72	 66	 94	 66	 77	 58	131	123	124	132	125	124	127	124	122	133	116	127	126	129	132	118	 13	 17	 19	 18
 86	126	 41	 36	 38	 33	 38	 33	 34	 41	 41	 46	 37	 31	 37	 31	 49	 36	 66	 65	 74	 73	 58	 79	 61	 88	 71	 75	 68	 69	 80	 36	 77	 69	 22	 22	 31	 28	 18	 21	 21	 31	 21	 20	 33	 22	 42	 32	 24	 22	 51	 53	 56	 55	 55	 53	 47	 52	 49	 27	 55	 60	 72	 50	 63	 41	120	110	114	119	113	113	115	119	108	120	106	115	115	116	121	108	 15	 12	 12	 11	 28
 87	112	 30	 26	 31	 22	 27	 21	 24	 32	 30	 37	 30	 22	 28	 22	 36	 27	 79	 79	 87	 86	 71	 93	 75	101	 85	 89	 82	 83	 93	 44	 90	 81	 23	 26	 34	 31	 19	 28	 25	 18	 24	 24	 31	 24	 38	 29	 23	 26	 46	 49	 51	 49	 51	 48	 42	 45	 42	 21	 50	 49	 72	 45	 56	 36	133	124	128	133	126	126	129	131	122	134	119	129	129	129	134	122	 11	  9	  7	  9	 23	 14
 88	115	 30	 25	 28	 22	 27	 22	 23	 30	 30	 35	 27	 20	 26	 20	 39	 25	 73	 73	 80	 80	 65	 87	 70	 95	 80	 83	 75	 77	 88	 36	 84	 75	 28	 19	 38	 35	 23	 30	 28	 25	 28	 28	 37	 28	 44	 35	 28	 29	 53	 56	 58	 56	 58	 55	 49	 52	 49	 28	 57	 57	 78	 52	 64	 43	127	118	121	127	120	120	123	124	117	128	113	123	123	124	128	115	  5	  2	  2	  2	 18	 12	  8
 89	117	 31	 26	 28	 23	 28	 24	 24	 31	 31	 35	 26	 21	 26	 21	 41	 26	 70	 70	 77	 77	 62	 84	 67	 91	 77	 80	 72	 74	 85	 33	 80	 72	 30	 15	 40	 37	 26	 31	 30	 28	 30	 30	 40	 30	 47	 38	 31	 31	 56	 59	 61	 59	 61	 58	 52	 56	 53	 31	 60	 60	 80	 55	 67	 46	124	115	118	124	117	117	120	121	114	125	110	120	120	121	125	112	  5	  3	  6	  4	 17	 11	 12	  4
 90	117	 31	 26	 29	 23	 29	 24	 25	 31	 32	 36	 27	 22	 27	 21	 41	 26	 71	 71	 78	 78	 63	 85	 67	 92	 78	 81	 73	 75	 86	 35	 81	 73	 28	 17	 38	 35	 24	 29	 28	 27	 28	 28	 38	 28	 45	 36	 29	 29	 54	 57	 59	 57	 59	 56	 50	 54	 51	 29	 58	 58	 78	 53	 65	 44	125	116	119	125	118	118	121	122	114	126	111	121	121	122	126	113	  6	  2	  4	  2	 18	 10	 10	  3	  3
 91	118	 31	 26	 28	 23	 29	 25	 25	 31	 32	 36	 27	 22	 27	 21	 42	 26	 70	 69	 76	 77	 62	 84	 66	 91	 76	 80	 72	 73	 84	 32	 80	 71	 30	 15	 40	 37	 26	 31	 30	 29	 30	 30	 40	 30	 48	 39	 31	 31	 56	 59	 62	 60	 61	 59	 53	 56	 53	 32	 61	 61	 80	 55	 68	 46	124	115	118	124	117	117	119	120	113	125	109	119	119	120	125	112	  6	  4	  6	  4	 17	 11	 12	  5	  1	  3
 92	122	 33	 28	 27	 29	 33	 32	 29	 31	 36	 34	 24	 26	 27	 25	 50	 28	 63	 63	 66	 69	 55	 77	 61	 82	 72	 73	 64	 67	 78	 17	 71	 62	 46	  4	 56	 53	 42	 45	 46	 44	 46	 45	 57	 46	 65	 56	 48	 46	 74	 76	 79	 77	 78	 76	 70	 73	 70	 49	 78	 77	 97	 72	 85	 64	115	108	109	116	109	108	112	109	107	117	100	112	111	113	117	103	 19	 21	 23	 21	 16	 25	 29	 22	 18	 20	 18
 93	114	 26	 21	 23	 19	 24	 20	 20	 26	 27	 31	 22	 17	 22	 16	 38	 21	 73	 73	 79	 80	 65	 87	 70	 94	 80	 83	 75	 77	 88	 33	 83	 74	 33	 14	 44	 41	 29	 35	 34	 27	 33	 33	 43	 34	 50	 41	 34	 35	 58	 61	 63	 61	 63	 60	 54	 57	 54	 34	 62	 60	 83	 57	 69	 48	127	118	121	127	120	120	123	123	117	128	112	123	123	124	128	115	  2	  5	  7	  7	 12	 16	 13	  6	  5	  6	  6	 17
 94	116	 30	 25	 28	 22	 28	 23	 24	 30	 31	 35	 26	 21	 26	 20	 40	 25	 72	 71	 78	 79	 64	 86	 68	 93	 78	 82	 74	 75	 86	 34	 82	 73	 29	 17	 39	 36	 25	 31	 29	 27	 29	 29	 39	 29	 46	 37	 30	 30	 55	 57	 60	 58	 59	 57	 51	 54	 51	 30	 59	 59	 79	 53	 66	 45	126	117	120	126	119	119	121	123	115	127	111	121	121	122	127	114	  5	  2	  4	  2	 17	 11	 10	  3	  2	  2	  3	 20	  5
 95	115	 35	 31	 35	 27	 32	 26	 29	 37	 34	 42	 35	 26	 33	 27	 40	 32	 78	 78	 86	 86	 70	 92	 74	100	 83	 88	 81	 82	 92	 46	 89	 81	 18	 29	 30	 26	 14	 24	 20	 19	 19	 20	 27	 19	 34	 25	 19	 21	 42	 45	 48	 46	 47	 45	 39	 42	 39	 18	 47	 48	 67	 41	 54	 32	133	122	127	132	125	125	127	131	120	133	118	127	128	128	133	121	 15	 12	 10	 11	 27	 13	  5	 11	 14	 12	 15	 32	 16	 13
 96	117	 31	 26	 29	 23	 29	 24	 25	 32	 32	 37	 28	 22	 28	 22	 40	 27	 73	 72	 79	 80	 65	 86	 69	 94	 79	 82	 75	 76	 87	 37	 83	 74	 26	 19	 37	 34	 22	 28	 27	 25	 26	 26	 36	 27	 43	 34	 27	 28	 52	 55	 57	 55	 57	 54	 48	 52	 49	 27	 56	 56	 76	 51	 63	 42	127	117	121	126	120	120	122	124	116	128	112	122	122	123	128	115	  7	  3	  2	  2	 19	 10	  8	  2	  5	  3	  5	 22	  8	  3	 10
 97	301	219	215	212	217	220	220	217	216	223	216	209	214	214	213	237	215	140	142	129	133	147	130	147	118	142	133	137	138	131	172	128	135	218	191	221	219	217	209	215	231	216	214	230	217	239	230	221	214	248	248	252	252	250	249	243	250	249	228	250	261	256	247	262	239	 94	110	 97	101	105	100	102	 84	114	100	103	103	 98	105	 97	101	206	206	208	206	204	202	214	207	203	205	202	189	204	205	214	206
 98	301	219	215	212	217	220	220	217	216	223	216	209	214	214	213	237	215	140	142	129	133	147	130	147	118	142	133	137	138	131	172	128	135	218	191	221	219	217	209	215	231	216	214	230	217	239	230	221	214	248	248	252	252	250	249	243	250	249	228	250	261	256	247	262	239	 94	110	 97	101	105	100	102	 84	114	100	103	103	 98	105	 97	101	206	206	208	206	204	202	214	207	203	205	202	189	204	205	214	206	  1
 99	301	219	215	212	217	220	220	217	216	223	216	209	214	214	213	237	215	140	142	129	133	147	130	147	118	142	133	137	138	131	172	128	135	218	191	221	219	217	209	215	231	216	214	230	217	239	230	221	214	248	248	252	252	250	249	243	250	249	228	250	261	256	247	262	239	 94	110	 97	101	105	100	102	 84	114	100	103	103	 98	105	 97	101	206	206	208	206	204	202	214	207	203	205	202	189	204	205	214	206	  1	  1
100	301	219	215	212	217	220	220	217	216	223	216	209	214	214	213	237	215	140	142	129	133	147	130	147	118	142	133	137	138	131	172	128	135	218	191	221	219	217	209	215	231	216	214	230	217	239	230	221	214	248	248	252	252	250	249	243	250	249	228	250	261	256	247	262	239	 94	110	 97	101	105	100	102	 84	114	100	103	103	 98	105	 97	101	206	206	208	206	204	202	214	207	203	205	202	189	204	205	214	206	  1	  1	  1
