nVehicles:   19
nDepots:      1
nCustomers: 100
nPeriods:    12
VEHICLE_TYPE	FLEET_SIZE	CAPACITY
           4	        19	      38	
DEPOT   	X  	Y  	INV_COST	INITIAL_INV 	MIN_LEVEL_INV 	MAX_LEVEL_INV	PRODUCTION_0	PRODUCTION_1	PRODUCTION_2	PRODUCTION_3	PRODUCTION_4	PRODUCTION_5	PRODUCTION_6	PRODUCTION_7	PRODUCTION_8	PRODUCTION_9	PRODUCTION_10	PRODUCTION_11
       0	467	 86	       0	        731	            0	         8170	         684	         684	         684	         684	         684	         684	         684	         684	         684	         684	          684	          684	
CUSTOMER	X  	Y  	INV_COST	INITIAL_INV	MIN_LEVEL_INV 	MAX_LEVEL_INV	DEMAND_0	DEMAND_1	DEMAND_2	DEMAND_3	DEMAND_4	DEMAND_5	DEMAND_6	DEMAND_7	DEMAND_8	DEMAND_9	DEMAND_10	DEMAND_11
       1	 10	197	    0.19	          5	            0	           69	       4	       7	       6	       9	       9	       7	       5	       4	       5	       7	        8	        8
       2	 16	199	    0.11	          3	            0	           78	       5	       5	       8	       8	       8	       8	       5	       5	       6	       8	        8	        7
       3	 22	194	    0.14	          2	            0	           94	       8	       8	      12	      11	       8	       6	       9	      12	      12	      10	        8	        7
       4	 16	182	    0.12	          2	            0	           18	       6	       6	       9	      10	       8	       9	       8	       5	       5	       6	        9	        8
       5	 13	183	    0.19	          5	            0	           28	       4	       4	       5	       6	       7	       4	       4	       5	       6	       6	        7	        5
       6	  5	179	    0.27	          2	            0	           44	       8	       8	      10	      10	      11	       7	       9	      13	      10	       9	        6	        7
       7	  4	194	    0.08	         11	            0	           68	       4	       7	       8	       9	       7	       4	       5	       7	       8	       7	        5	        4
       8	121	151	    0.13	          1	            0	           88	       8	       9	       8	      12	      13	       9	      10	       6	       6	       9	       12	       13
       9	 22	196	    0.14	          3	            0	           27	       4	       5	       7	       7	       5	       5	       6	       7	       5	       4	        4	        7
      10	 15	188	    0.28	          6	            0	           31	       4	       6	       8	       6	       4	       4	       6	       7	       5	       5	        5	        7
      11	 20	178	    0.25	          1	            0	           42	       5	       7	       8	      11	       8	       7	       6	       6	      11	      10	       10	        8
      12	 18	183	    0.03	          4	            0	           26	       5	       6	       8	      10	       9	       6	       5	       7	       7	       8	       10	        8
      13	 13	196	    0.23	          3	            0	           20	       3	       4	       5	       4	       3	       3	       4	       6	       5	       4	        3	        4
      14	 12	183	    0.09	         10	            0	           82	       7	      10	      13	      10	       6	       8	      11	      12	       9	       8	        8	        9
      15	  8	179	    0.17	          8	            0	           47	       4	       5	       7	       8	       8	       6	       5	       3	       4	       6	        7	        8
      16	 10	193	    0.26	          2	            0	           30	       7	       7	      10	      11	      10	       8	       7	      13	      10	      10	        8	        7
      17	462	482	    0.29	          9	            0	           25	       4	       6	       9	       8	       9	       7	       6	       5	       7	       6	        9	        8
      18	454	487	    0.12	          8	            0	           13	       3	       5	       5	       6	       4	       3	       4	       6	       6	       4	        3	        4
      19	426	485	    0.02	          5	            0	           29	       6	       7	       9	       9	      10	       8	       7	       7	       5	       5	        8	        8
      20	446	482	    0.05	          7	            0	           72	       5	       9	       8	      10	       6	       7	       7	      11	       8	       6	        6	        8
      21	460	489	    0.14	          6	            0	           31	       3	       5	       5	       5	       5	       5	       3	       4	       5	       6	        6	        3
      22	483	498	    0.19	          5	            0	           42	       4	       4	       5	       6	       5	       5	       3	       4	       3	       5	        5	        5
      23	453	483	    0.09	          2	            0	           55	       3	       4	       5	       6	       5	       4	       3	       4	       5	       5	        5	        6
      24	468	488	    0.05	          1	            0	           11	       4	       4	       5	       7	       5	       5	       4	       3	       3	       4	        5	        5
      25	464	490	    0.04	          6	            0	           46	       6	       5	       6	       9	       8	       7	       7	       6	       4	       5	        6	        9
      26	446	486	    0.18	          9	            0	           35	       8	       8	       9	      10	      14	      13	       9	       6	       8	       7	        9	       11
      27	448	449	    0.17	          4	            0	           37	       3	       5	       5	       6	       5	       3	       3	       5	       5	       5	        4	        4
      28	462	487	    0.27	          7	            0	           37	       4	       5	       6	       6	       4	       3	       3	       6	       7	       5	        4	        4
      29	475	500	    0.27	         14	            0	           49	       6	       9	      12	      14	       9	       6	       8	      11	      14	       8	        8	        7
      30	461	492	    0.27	         10	            0	           76	       6	       8	       9	       9	       6	       7	       9	      12	      10	       8	        6	        7
      31	472	491	    0.04	         13	            0	          106	       7	       7	      11	      12	      13	      13	      10	       8	       6	       7	       10	       10
      32	454	497	    0.23	          7	            0	           40	       4	       4	       5	       5	       4	       3	       5	       6	       5	       5	        3	        3
      33	339	380	    0.04	          7	            0	           42	       4	       4	       6	       8	       6	       4	       5	       5	       6	       6	        4	        4
      34	346	372	    0.21	         11	            0	           57	       8	       9	      10	      13	      10	       8	       9	      13	      11	       8	        6	        7
      35	354	354	    0.07	         12	            0	          100	       6	       7	      12	      13	      12	       9	       8	       6	       6	       7	       12	       12
      36	350	341	    0.19	          7	            0	           29	       3	       4	       6	       5	       5	       5	       3	       4	       5	       5	        6	        6
      37	352	315	    0.21	         11	            0	           61	       6	       8	       8	      10	      11	       9	       7	       7	       7	      10	       10	       10
      38	350	367	    0.05	         10	            0	           88	       5	       8	      12	      12	       7	       7	       8	      12	      11	       8	        7	        8
      39	348	356	    0.21	          6	            0	           29	       4	       3	       5	       5	       5	       5	       3	       4	       4	       5	        5	        5
      40	348	347	    0.16	          2	            0	           17	       5	       5	       7	       6	       4	       5	       6	       8	       5	       4	        5	        6
      41	331	356	    0.01	         15	            0	           78	       7	       8	      10	      11	       8	       6	       5	       9	      11	      10	        7	        5
      42	377	316	    0.16	          2	            0	           38	       3	       4	       6	       5	       4	       3	       3	       6	       7	       4	        3	        4
      43	326	350	    0.14	          4	            0	           21	       3	       4	       5	       5	       7	       6	       4	       4	       3	       4	        5	        5
      44	319	377	    0.16	          9	            0	           46	       4	       5	       5	       7	       7	       6	       5	       4	       3	       4	        6	        8
      45	346	354	    0.04	          5	            0	           38	       8	       8	       8	      10	      13	      10	       9	       8	       8	      10	       11	       11
      46	346	363	    0.07	          4	            0	           17	       3	       5	       6	       5	       4	       3	       3	       5	       5	       5	        4	        3
      47	334	343	     0.3	          6	            0	           23	       3	       4	       7	       4	       3	       3	       5	       6	       4	       4	        4	        5
      48	354	350	    0.09	          2	            0	           63	       4	       4	       5	       6	       7	       6	       5	       4	       4	       7	        6	        6
      49	464	126	     0.2	          8	            0	           65	       4	       5	       6	       6	       7	       5	       4	       4	       6	       6	        7	        5
      50	449	109	    0.03	         10	            0	           49	       4	       6	       6	       6	       5	       5	       6	       7	       6	       4	        4	        6
      51	429	 92	    0.22	         10	            0	           52	       6	       7	      10	      12	      11	      10	      10	       8	       7	       7	       11	       10
      52	437	 94	    0.05	          2	            0	           44	       4	       5	       7	       7	       7	       5	       4	       4	       5	       7	        7	        6
      53	448	110	    0.11	          3	            0	           40	       3	       4	       5	       6	       3	       4	       4	       5	       6	       4	        3	        4
      54	431	 93	     0.1	          3	            0	           83	       7	       8	       9	      10	      10	       7	       7	       6	       6	       9	       11	        9
      55	453	108	    0.07	          1	            0	           33	       5	       6	       8	       8	       5	       5	       6	       9	       6	       5	        6	        6
      56	464	127	    0.14	          2	            0	           75	       8	       9	      12	      12	       7	       7	       8	      12	       9	       7	        6	        9
      57	460	116	    0.23	          9	            0	           63	       6	       6	       8	      11	      12	      11	       8	       6	       7	       6	        9	        9
      58	453	112	    0.29	          4	            0	           52	       3	       4	       5	       5	       5	       4	       3	       4	       5	       6	        5	        4
      59	444	109	    0.15	          3	            0	           21	       4	       4	       4	       6	       5	       4	       4	       3	       3	       5	        6	        6
      60	428	130	    0.15	          7	            0	           42	       3	       4	       6	       6	       6	       4	       4	       4	       6	       5	        6	        4
      61	450	113	    0.17	          7	            0	           16	       3	       4	       5	       6	       6	       5	       4	       4	       4	       4	        4	        6
      62	478	114	    0.13	         15	            0	           48	       7	      10	      12	      13	       8	       7	      10	      13	      10	       9	        8	        9
      63	458	101	    0.15	          3	            0	           91	       5	       9	      11	       9	      11	       6	       5	       8	      11	      10	        9	        7
      64	459	119	    0.06	          5	            0	           98	       6	       8	      10	       9	      12	       8	       7	       7	       6	       9	       10	       11
      65	163	 93	    0.14	         11	            0	           32	       4	       7	       9	      10	       7	       6	       9	      11	      10	       6	        6	        9
      66	200	103	    0.01	          5	            0	           66	       6	       6	       9	      11	      13	       9	       9	       5	       7	       8	       10	       13
      67	161	 91	    0.25	          7	            0	           46	       3	       5	       6	       8	       6	       7	       4	       3	       5	       5	        6	        7
      68	171	 94	    0.06	         12	            0	           72	       7	      10	      10	      13	       8	       6	       8	      13	      13	       9	        7	       11
      69	157	 86	    0.26	          6	            0	           78	       7	      10	      11	      14	      12	      10	       6	       8	       9	      10	       12	       13
      70	162	 97	    0.28	         11	            0	           53	       7	       8	      11	      12	       8	       6	       8	      12	      13	      10	        7	        9
      71	158	 88	    0.12	          1	            0	           20	       4	       4	       6	       6	       4	       3	       5	       5	       6	       4	        3	        4
      72	140	 79	    0.16	          2	            0	           91	       8	      11	      11	      10	       8	       7	      13	      11	      11	       7	        8	       10
      73	157	104	    0.15	         12	            0	           31	       7	       8	       9	       9	      11	       9	       7	       6	       7	       8	       10	       11
      74	146	120	    0.27	          4	            0	           50	       7	       9	      11	      10	       8	       6	       9	      11	      12	       7	        6	        9
      75	162	 88	       0	          5	            0	           30	       4	       4	       6	       6	       4	       4	       3	       5	       5	       4	        4	        3
      76	168	 91	    0.15	          1	            0	           36	       4	       6	       8	       8	       5	       5	       6	       7	       9	       8	        5	        5
      77	165	101	    0.28	          9	            0	           72	       6	       7	       9	       9	      13	      10	       9	       8	       7	       6	        7	       10
      78	169	 99	    0.04	          9	            0	           89	       6	       9	       9	       9	       8	       7	       6	       9	      10	      11	        7	        7
      79	179	 97	     0.1	          2	            0	           13	       3	       4	       6	       6	       7	       6	       5	       3	       4	       5	        8	        8
      80	154	 95	    0.17	          5	            0	           96	       7	       7	       9	      12	      13	      11	       8	       6	       8	      11	       12	       12
      81	 42	353	    0.23	          3	            0	           60	       4	       7	       8	       9	       7	       8	       5	       5	       8	       8	       10	        7
      82	 52	328	    0.11	         13	            0	           83	       6	      10	      14	       9	       7	       7	      12	      12	      11	       8	        7	       13
      83	 63	355	    0.21	          1	            0	           60	       7	       9	      10	      12	      10	      12	       8	       8	       6	       9	       11	       11
      84	 67	323	     0.2	          4	            0	           20	       4	       5	       7	       8	       6	       5	       4	       4	       5	       6	        6	        7
      85	 48	308	    0.01	          5	            0	           27	       4	       4	       5	       5	       6	       4	       4	       3	       3	       5	        6	        5
      86	 68	311	    0.13	          1	            0	           34	       5	       8	       8	      12	      10	      10	       8	       6	       6	       8	       12	       10
      87	 72	333	    0.27	          9	            0	           49	       4	       5	       6	       5	       5	       4	       4	       4	       6	       6	        6	        5
      88	104	338	    0.09	          5	            0	           28	       4	       6	       8	       9	       7	       6	       6	       7	      10	       8	        7	        5
      89	 53	315	     0.2	          6	            0	           34	       5	       5	       7	       7	       4	       4	       6	       6	       6	       4	        4	        7
      90	 71	326	    0.04	          3	            0	           52	       4	       5	       6	       6	       7	       7	       4	       4	       5	       5	        6	        7
      91	112	317	    0.26	          7	            0	           65	       6	       6	       8	       9	      10	       7	       7	       5	       8	      11	       11	       11
      92	 55	314	    0.09	         11	            0	           39	       5	       7	       8	      10	       9	       6	       6	       8	       8	      11	        7	        5
      93	 63	290	    0.05	          1	            0	           16	       4	       5	       5	       6	       4	       4	       3	       5	       6	       4	        4	        3
      94	 36	347	    0.12	         12	            0	           28	       8	       9	      11	      12	       9	       8	       7	       9	      14	      11	        9	        7
      95	 59	317	    0.15	          5	            0	           19	       3	       4	       5	       5	       6	       4	       4	       4	       4	       4	        6	        5
      96	 61	316	    0.18	          7	            0	           72	       6	       8	      12	      11	       8	       8	       8	      11	      13	      14	        9	        6
      97	  0	  0	    0.04	          9	            0	           52	       4	       6	       7	       6	       5	       4	       6	       8	       5	       5	        5	        6
      98	  0	  0	    0.09	          2	            0	           18	       3	       4	       6	       6	       5	       4	       3	       6	       5	       4	        3	        4
      99	  0	  0	    0.09	          1	            0	           48	       5	       6	       6	       7	       8	       6	       6	       4	       5	       6	        9	        8
     100	  0	  0	    0.27	         12	            0	           68	       6	       7	      10	       9	       8	       8	       6	       6	       8	       9	        9	       10
COST_MATRIX 
	  0	  1	  2	  3	  4	  5	  6	  7	  8	  9	 10	 11	 12	 13	 14	 15	 16	 17	 18	 19	 20	 21	 22	 23	 24	 25	 26	 27	 28	 29	 30	 31	 32	 33	 34	 35	 36	 37	 38	 39	 40	 41	 42	 43	 44	 45	 46	 47	 48	 49	 50	 51	 52	 53	 54	 55	 56	 57	 58	 59	 60	 61	 62	 63	 64	 65	 66	 67	 68	 69	 70	 71	 72	 73	 74	 75	 76	 77	 78	 79	 80	 81	 82	 83	 84	 85	 86	 87	 88	 89	 90	 91	 92	 93	 94	 95	 96	 97	 98	 99	100
  0
  1	236
  2	233	  4
  3	229	  7	  4
  4	231	  9	  9	  7
  5	233	  8	  9	  8	  2
  6	236	 10	 12	 12	  6	  5
  7	238	  4	  7	 10	  9	  8	  8
  8	177	 61	 58	 54	 55	 57	 60	 63
  9	230	  7	  4	  2	  8	  8	 13	 10	 55
 10	232	  6	  6	  5	  4	  3	  7	  7	 57	  6
 11	229	 11	 11	  9	  3	  5	  8	 12	 53	 10	  6
 12	230	  9	  9	  6	  2	  3	  7	  9	 54	  7	  3	  3
 13	234	  2	  3	  5	  8	  7	 10	  5	 59	  5	  5	 10	  7
 14	233	  8	  9	  8	  3	  1	  5	  7	 57	  9	  3	  5	  4	  7
 15	235	 10	 11	 11	  5	  4	  2	  8	 59	 12	  6	  7	  6	  9	  3
 16	235	  3	  5	  7	  7	  6	  8	  4	 60	  7	  4	 10	  7	  3	  6	  8
 17	199	268	265	263	269	270	275	271	238	263	268	269	268	267	271	273	269
 18	201	266	263	261	267	268	273	269	237	261	266	267	266	265	269	272	267	  5
 19	201	253	250	249	255	256	261	257	227	249	254	255	254	253	257	260	255	 19	 15
 20	199	261	258	257	263	264	268	264	232	256	261	262	262	260	264	267	262	  9	  5	 11
 21	202	269	266	265	270	271	276	272	240	264	269	270	269	268	272	275	270	  4	  4	 18	  8
 22	207	281	278	277	282	283	288	284	251	276	281	282	281	280	284	287	282	 14	 16	 30	 21	 13
 23	199	264	261	260	266	267	271	267	235	259	265	265	265	263	267	270	265	  5	  3	 14	  4	  5	 17
 24	202	272	269	268	273	274	279	275	242	267	272	273	272	271	275	278	273	  5	  8	 22	 12	  5	 10	  8
 25	203	271	268	266	272	273	278	274	242	266	271	272	271	270	274	276	272	  5	  6	 20	 10	  3	 11	  7	  3
 26	201	262	259	258	264	265	269	265	234	257	262	263	263	261	265	268	263	  9	  5	 11	  3	  8	 20	  4	 12	 10
 27	182	253	250	249	254	255	260	257	222	248	253	254	253	252	256	259	254	 18	 20	 22	 17	 21	 31	 18	 22	 23	 19
 28	201	269	266	265	271	272	276	272	240	264	269	270	270	268	272	275	270	  3	  5	 19	  9	  2	 12	  5	  4	  2	  9	 21
 29	208	278	275	274	280	281	285	281	249	273	278	279	279	277	281	284	279	 12	 13	 26	 18	 10	  5	 14	  7	  8	 17	 29	 10
 30	204	270	267	266	272	273	277	273	241	265	270	271	271	269	273	276	271	  6	  5	 18	 10	  2	 12	  7	  5	  2	  9	 23	  3	  9
 31	203	274	271	270	276	277	281	278	245	270	275	275	275	273	277	280	275	  7	 10	 24	 14	  7	  7	 11	  3	  5	 14	 25	  6	  5	  6
 32	206	268	265	264	270	271	276	272	241	264	269	270	269	267	272	274	270	  9	  6	 16	  9	  6	 15	  8	  9	  7	  7	 25	  7	 11	  5	 10
 33	161	189	186	184	190	191	195	192	159	184	189	189	189	188	191	194	190	 80	 79	 69	 74	 82	 94	 77	 85	 84	 76	 65	 82	 91	 83	 87	 83
 34	156	190	187	185	191	192	196	193	158	185	190	190	190	189	192	195	191	 80	 79	 70	 75	 82	 94	 78	 85	 84	 76	 64	 82	 91	 84	 87	 83	  6
 35	146	190	186	185	190	191	196	193	155	184	189	189	189	188	192	194	190	 84	 84	 75	 79	 86	 97	 82	 88	 88	 81	 67	 86	 95	 88	 91	 88	 16	 10
 36	141	185	182	180	185	187	191	188	149	180	185	185	184	184	187	190	186	 91	 90	 82	 86	 93	103	 88	 95	 94	 87	 73	 93	102	 94	 97	 94	 21	 16	  7
 37	129	181	178	176	181	182	187	185	142	176	181	180	180	180	183	185	182	100	100	 93	 96	103	113	 99	105	104	 98	 83	103	112	104	107	105	 34	 29	 20	 14
 38	153	191	187	186	191	192	197	194	158	185	190	191	190	189	193	196	191	 81	 80	 71	 75	 83	 94	 78	 85	 84	 77	 64	 83	 92	 84	 87	 84	  9	  4	  7	 14	 27
 39	148	187	184	183	188	189	193	191	153	182	187	187	187	186	189	192	188	 85	 85	 76	 80	 87	 98	 83	 90	 89	 82	 69	 87	 97	 89	 92	 89	 13	  9	  4	  8	 21	  6
 40	144	185	182	181	186	187	191	189	150	180	185	185	185	184	187	190	186	 89	 88	 80	 84	 91	102	 86	 93	 93	 86	 72	 91	100	 92	 96	 92	 18	 13	  5	  4	 17	 11	  5
 41	152	180	176	175	180	182	186	183	147	174	179	180	179	178	182	185	181	 91	 90	 81	 86	 93	105	 89	 96	 95	 87	 75	 93	102	 95	 98	 94	 13	 11	 12	 13	 24	 11	  9	 10
 42	124	193	190	188	193	194	199	197	153	188	192	192	192	192	195	197	194	 94	 94	 88	 90	 96	106	 92	 98	 98	 92	 76	 96	105	 98	100	 99	 38	 33	 23	 19	 13	 29	 25	 22	 31
 43	150	176	173	171	177	178	182	179	143	171	176	176	176	175	178	181	177	 95	 94	 85	 90	 97	108	 92	100	 99	 91	 79	 97	106	 98	102	 98	 17	 15	 15	 13	 22	 15	 12	 12	  4	 31
 44	164	179	176	175	181	182	186	183	151	174	179	180	180	178	182	185	180	 89	 88	 77	 83	 91	102	 86	 93	 92	 84	 74	 91	100	 92	 96	 91	 11	 14	 21	 24	 36	 17	 18	 21	 13	 43	 14
 45	148	186	183	181	187	188	192	189	152	181	186	186	185	185	188	191	187	 87	 86	 77	 82	 89	100	 84	 91	 91	 83	 70	 89	 98	 90	 94	 90	 14	 10	  5	  7	 20	  7	  2	  4	  8	 25	 11	 18
 46	152	188	185	183	189	190	194	191	155	183	188	188	188	187	190	193	189	 84	 83	 73	 78	 85	 97	 81	 88	 87	 80	 67	 85	 95	 87	 90	 87	 10	  5	  7	 12	 25	  3	  4	  9	  9	 29	 12	 16	  5
 47	145	178	175	173	179	180	184	182	144	173	178	178	178	177	180	183	179	 95	 94	 85	 90	 97	108	 92	 99	 99	 91	 78	 97	106	 98	102	 98	 19	 16	 12	  9	 17	 15	 10	  8	  7	 26	  6	 19	  9	 12
 48	144	189	186	184	189	190	195	192	154	183	188	188	188	188	191	193	190	 86	 85	 77	 81	 88	 99	 83	 90	 90	 83	 69	 88	 97	 89	 92	 89	 17	 12	  3	  5	 18	  9	  5	  4	 12	 21	 15	 23	  5	  8	 11
 49	 21	230	227	224	226	228	232	233	172	224	227	224	225	229	228	230	230	179	181	181	179	182	187	179	182	183	181	162	181	188	184	183	186	142	137	127	122	110	134	129	125	133	105	132	145	129	133	127	125
 50	 15	224	222	218	220	222	225	227	166	218	221	218	219	223	222	224	224	187	190	189	187	191	196	188	190	191	189	171	190	196	192	192	195	147	142	132	127	114	139	134	130	137	110	136	149	133	138	131	130	 12
 51	 20	216	214	210	212	213	217	219	157	211	213	209	211	215	214	215	216	196	198	197	196	200	205	196	199	200	198	179	199	206	201	201	203	151	147	137	131	118	144	139	134	141	115	139	153	138	142	135	135	 25	 14
 52	 16	220	217	214	216	217	221	223	161	214	217	213	215	219	218	219	220	195	197	196	195	198	204	195	198	199	197	178	197	204	200	200	202	152	147	137	131	119	144	139	135	142	115	140	154	138	142	135	135	 21	 10	  5
 53	 16	224	221	218	219	221	225	226	165	218	220	217	219	222	222	223	223	187	189	188	187	190	195	187	190	191	189	170	189	196	192	191	194	146	141	131	126	114	138	133	129	137	109	135	149	133	137	130	129	 12	  1	 14	 10
 54	 19	217	215	211	213	214	218	220	158	211	214	210	212	216	215	216	217	196	198	197	195	199	205	196	199	200	197	179	198	205	201	201	203	151	146	137	131	118	143	138	134	141	115	139	153	138	142	135	135	 24	 13	  2	  4	 13
 55	 14	226	224	220	222	224	227	229	168	220	223	220	221	225	224	226	226	188	190	189	188	191	196	188	191	192	190	171	190	197	193	192	195	148	143	133	128	116	140	135	131	139	111	137	151	135	139	132	131	 11	  3	 15	 11	  3	 14
 56	 21	230	227	224	226	228	231	233	172	224	227	224	225	229	228	230	230	178	181	181	178	182	186	179	181	182	180	162	181	187	183	183	186	142	136	127	122	110	133	129	125	133	105	132	145	128	132	127	125	  1	 12	 25	 22	 12	 24	 11
 57	 16	229	226	223	225	226	230	232	171	223	226	223	224	228	227	229	229	184	186	186	184	187	192	184	187	188	186	167	186	193	189	188	191	146	141	131	126	114	138	133	129	137	109	135	149	132	137	130	129	  6	  7	 20	 16	  7	 19	  6	  6
 58	 15	226	223	220	222	223	227	229	168	220	223	220	221	224	224	226	226	186	188	187	186	189	194	186	189	190	188	169	188	195	191	190	193	146	141	131	126	114	138	133	129	137	109	135	149	133	137	130	129	  9	  3	 16	 13	  3	 15	  3	 10	  5
 59	 17	222	219	216	218	219	223	225	163	216	219	215	217	220	220	221	222	187	190	189	187	191	196	188	190	191	189	171	190	197	192	192	195	146	141	131	126	113	138	133	129	136	109	135	148	132	137	130	129	 14	  3	 12	  9	  3	 11	  5	 14	  9	  5
 60	 30	212	209	206	208	210	213	215	154	206	209	206	207	211	210	212	212	177	179	178	177	181	187	177	181	181	179	160	180	187	182	182	184	133	128	118	113	101	125	120	116	123	 97	122	135	120	124	117	117	 19	 15	 20	 19	 15	 19	 17	 19	 18	 16	 14
 61	 16	224	222	218	220	222	225	227	166	218	221	218	219	223	222	224	224	185	188	187	185	189	194	186	188	189	187	169	188	194	190	190	193	145	140	130	125	113	137	132	128	136	108	134	148	132	136	129	128	 10	  3	 15	 12	  2	 14	  3	 10	  6	  2	  4	 14
 62	 16	238	235	232	234	236	239	241	180	232	235	232	233	237	236	238	238	185	187	188	185	188	193	185	188	189	187	169	187	194	190	189	192	151	145	136	131	119	142	138	134	142	113	141	154	137	141	136	134	 10	 15	 27	 23	 16	 26	 13	 10	 10	 13	 18	 27	 15
 63	  9	230	227	223	225	227	230	232	171	224	226	223	224	228	227	229	229	191	194	193	191	195	199	192	194	195	193	175	194	200	196	196	199	152	147	137	132	120	144	139	135	143	115	141	155	139	143	136	135	 13	  7	 16	 12	  7	 15	  5	 14	  8	  7	  9	 21	  8	 12
 64	 17	228	226	222	224	226	229	231	170	222	225	222	223	227	226	228	228	182	185	184	182	186	190	183	185	186	184	166	185	191	187	187	190	144	139	129	124	112	136	131	127	135	107	134	147	131	135	129	127	  5	  8	 21	 17	  8	 20	  7	  5	  2	  5	 10	 17	  6	 10	 10
 65	153	 93	 91	 87	 86	 88	 90	 95	 36	 88	 88	 84	 86	 91	 88	 89	 92	246	245	237	241	248	259	244	250	250	243	229	248	257	250	252	249	169	167	162	156	146	166	161	158	157	155	153	163	160	164	152	161	152	144	134	138	143	135	146	152	149	146	141	134	144	158	148	149
 66	134	106	104	100	101	102	105	109	 47	101	102	 98	100	105	103	104	106	231	231	222	226	233	243	229	235	235	228	213	233	242	235	237	235	155	154	148	141	131	152	147	143	143	139	139	150	146	150	138	146	133	125	115	119	125	116	127	133	131	127	123	115	126	140	130	130	 20
 67	154	 93	 91	 87	 86	 88	 90	 94	 37	 88	 88	 83	 86	 91	 88	 89	 92	247	247	238	242	249	260	245	251	251	244	230	249	258	251	254	251	170	169	164	157	148	168	163	159	158	156	154	164	161	165	153	162	153	145	135	139	144	136	147	153	151	147	142	135	145	159	149	150	  2	 21
 68	149	 96	 94	 90	 90	 91	 94	 98	 38	 91	 92	 87	 89	 95	 92	 92	 95	243	243	234	238	245	256	241	247	247	240	226	245	254	247	250	247	166	165	159	153	143	164	159	155	154	152	150	160	157	161	149	158	148	140	130	134	139	131	142	148	145	142	137	130	140	154	144	145	  5	 16	  6
 69	156	 93	 91	 87	 86	 87	 90	 94	 38	 88	 88	 83	 85	 91	 88	 88	 91	250	250	241	246	253	263	248	255	254	247	233	252	262	254	257	254	173	172	167	160	151	171	166	162	161	160	157	167	164	168	157	165	155	147	137	141	146	138	149	155	153	149	144	138	148	162	151	152	  5	 24	  4	  9
 70	153	 91	 90	 86	 85	 87	 89	 93	 34	 86	 87	 82	 84	 90	 87	 88	 90	245	244	235	240	247	257	242	249	248	241	227	247	256	248	251	248	167	166	161	155	145	165	160	156	155	154	151	161	159	162	151	159	152	144	134	138	144	135	146	152	150	146	142	135	145	159	149	149	  3	 20	  4	  5	  7
 71	155	 92	 91	 87	 86	 87	 90	 94	 37	 87	 88	 83	 85	 91	 88	 88	 91	249	249	240	245	252	262	247	254	253	246	232	251	260	253	256	253	172	171	166	159	150	170	165	161	160	159	156	166	163	167	155	164	155	146	136	140	146	137	148	155	152	148	144	137	147	161	151	152	  4	 23	  3	  8	  2	  5
 72	164	 88	 87	 83	 81	 83	 85	 90	 38	 84	 83	 78	 81	 87	 83	 83	 87	258	258	249	254	261	271	256	263	262	255	241	260	270	262	265	262	181	180	175	168	159	179	174	170	169	168	165	174	172	176	164	173	164	156	145	149	155	146	158	164	162	158	153	147	156	170	160	161	 14	 33	 13	 18	 10	 15	 11
 73	156	 87	 86	 82	 81	 83	 85	 89	 30	 82	 83	 78	 80	 86	 83	 84	 86	243	243	234	238	245	256	241	248	247	240	226	245	254	247	250	247	166	164	160	153	144	164	159	155	154	153	150	159	157	161	149	158	154	147	137	141	146	138	149	154	152	149	144	137	147	161	151	152	  7	 22	  7	  9	 10	  5	  9	 16
 74	162	 79	 77	 73	 73	 74	 77	 81	 20	 73	 74	 70	 72	 77	 75	 76	 78	241	240	231	236	243	254	238	245	244	237	224	243	252	244	247	244	162	161	157	151	142	161	156	152	150	152	147	155	154	158	146	156	160	152	143	147	152	144	154	160	158	154	150	142	153	167	157	157	 16	 29	 17	 19	 18	 15	 18	 21	 10
 75	153	 94	 92	 88	 87	 89	 91	 96	 38	 89	 89	 85	 87	 93	 89	 90	 93	248	248	239	243	250	261	246	252	252	245	231	250	259	252	255	252	171	170	165	158	149	169	164	160	159	157	155	165	162	166	154	163	153	144	134	138	144	135	146	153	150	146	142	135	145	159	149	150	  3	 21	  2	  6	  3	  5	  3	 12	  9	 18
 76	150	 96	 94	 90	 89	 91	 93	 97	 39	 90	 91	 86	 88	 94	 91	 92	 95	245	245	236	240	247	258	243	249	249	242	228	247	256	249	252	249	168	167	162	155	145	166	161	157	156	154	152	162	159	163	151	160	150	141	131	135	141	132	143	150	147	143	139	132	142	156	146	147	  3	 18	  4	  3	  7	  5	  6	 16	  9	 19	  4
 77	152	 92	 90	 86	 85	 87	 90	 93	 34	 86	 87	 83	 85	 90	 87	 88	 91	242	242	233	237	244	255	240	246	246	239	225	244	253	246	249	246	165	163	158	152	143	163	157	154	153	151	149	159	156	160	148	157	151	143	133	137	142	134	145	151	148	145	140	133	143	157	147	148	  5	 18	  6	  5	  9	  3	  8	 17	  5	 14	  7	  6
 78	150	 94	 92	 88	 88	 89	 92	 96	 36	 89	 89	 85	 87	 92	 90	 90	 93	242	241	232	237	244	254	239	246	245	238	224	244	253	245	248	245	165	163	158	152	142	162	157	153	152	151	149	158	156	159	148	156	149	141	131	135	140	132	143	149	146	143	138	131	141	155	145	146	  5	 16	  6	  3	  9	  4	  8	 18	  7	 16	  7	  5	  3
 79	145	 99	 97	 93	 92	 94	 97	101	 40	 93	 94	 90	 92	 97	 94	 95	 98	239	239	230	235	242	252	237	244	243	236	222	241	251	243	246	243	163	161	156	149	140	160	155	151	151	148	147	157	154	158	146	154	144	136	126	130	135	127	138	144	141	138	133	126	136	150	140	141	  9	 11	 10	  5	 13	  9	 12	 22	 12	 21	 10	  7	  8	  6
 80	157	 89	 87	 83	 82	 84	 86	 90	 33	 84	 84	 79	 81	 87	 84	 85	 88	248	247	238	243	250	261	245	252	252	245	231	250	259	251	254	251	170	169	164	158	148	168	163	160	158	157	154	164	162	165	154	163	156	148	138	142	148	139	150	156	154	150	146	139	149	163	153	153	  5	 24	  5	  9	  5	  5	  5	 11	  5	 14	  6	  8	  7	  8	 13
 81	251	 80	 79	 81	 87	 87	 89	 82	109	 80	 84	 89	 86	 80	 87	 89	 82	220	217	204	213	220	233	216	224	222	213	209	221	229	221	226	219	150	153	157	155	157	155	154	154	145	169	143	140	153	153	147	157	240	238	234	237	237	234	240	240	241	239	236	223	237	249	244	240	144	148	144	145	146	142	145	146	138	128	146	146	141	142	146	141
 82	241	 69	 67	 69	 76	 76	 79	 72	 95	 68	 73	 77	 75	 69	 76	 78	 71	219	217	203	212	220	232	215	223	222	213	208	220	229	221	226	219	146	149	152	150	151	151	149	149	141	163	138	136	148	149	142	152	230	227	223	226	227	223	229	230	230	228	225	213	227	239	233	229	130	135	131	132	132	128	132	133	124	115	133	132	127	129	132	128	 14
 83	243	 84	 82	 84	 90	 90	 93	 86	107	 83	 87	 92	 89	 84	 90	 93	 86	210	207	193	202	210	222	206	214	212	203	199	211	219	211	216	208	139	142	146	144	146	144	143	143	135	159	132	129	142	142	136	146	231	229	226	229	229	226	231	231	232	230	227	215	229	240	235	231	141	144	141	142	143	139	142	144	135	125	143	143	137	139	142	138	 11	 15
 84	233	 70	 68	 69	 75	 76	 79	 72	 91	 68	 73	 77	 75	 70	 76	 78	 71	213	211	197	206	214	226	209	217	216	207	201	214	223	215	220	213	139	142	145	142	143	144	142	142	134	156	131	129	141	141	134	145	222	219	215	218	219	216	221	222	223	220	217	205	219	231	225	221	125	129	126	126	127	123	127	128	119	109	127	127	122	124	127	123	 20	  8	 17
 85	238	 59	 57	 59	 66	 65	 68	 62	 87	 58	 63	 67	 65	 59	 66	 68	 61	225	222	209	218	226	238	221	229	228	218	213	226	235	227	231	224	150	153	155	152	153	154	152	152	144	165	141	140	151	152	145	155	228	224	219	222	224	220	226	227	228	225	222	210	224	236	230	227	122	128	123	124	124	120	123	124	116	107	124	124	119	121	125	119	 23	 11	 25	 13
 86	230	 64	 62	 63	 70	 70	 74	 67	 85	 62	 67	 71	 69	 64	 70	 73	 66	215	213	200	208	216	228	211	219	218	209	203	216	225	217	222	215	140	143	145	142	143	144	142	142	134	155	131	130	141	142	134	145	219	216	212	215	215	212	218	219	219	217	214	202	216	228	222	218	119	124	120	121	121	117	121	122	113	104	122	121	116	118	121	117	 25	 12	 23	  7	 11
 87	233	 75	 73	 74	 81	 81	 84	 78	 95	 73	 78	 82	 80	 75	 81	 84	 77	209	206	193	202	210	222	205	213	212	203	197	210	219	211	216	208	136	139	142	140	141	141	139	139	131	153	128	126	138	138	132	142	222	220	216	219	219	216	222	222	223	221	218	205	219	231	226	222	129	132	129	130	131	127	130	132	123	113	131	131	125	127	130	126	 19	 11	 12	  6	 18	 12
 88	221	 85	 83	 83	 90	 90	 94	 88	 94	 82	 88	 91	 89	 85	 91	 93	 87	193	191	177	186	194	206	189	197	196	187	181	194	203	195	200	193	120	123	126	124	125	124	123	123	114	137	112	110	122	122	116	126	209	208	204	207	207	205	209	209	210	208	205	193	207	218	214	209	127	127	127	127	129	124	128	131	120	112	129	128	123	124	127	125	 32	 27	 23	 20	 32	 23	 17
 89	237	 63	 61	 63	 70	 69	 73	 66	 89	 62	 67	 71	 69	 63	 70	 72	 65	221	219	205	214	222	234	217	225	224	215	209	222	231	223	228	221	147	150	152	150	150	151	149	149	141	163	138	137	148	149	142	152	227	224	219	222	223	220	226	226	227	225	221	210	223	236	230	226	124	129	125	126	126	122	126	126	118	109	126	126	121	123	126	122	 20	  7	 21	  9	  5	  8	 14	 28
 90	232	 72	 70	 71	 78	 78	 81	 75	 92	 70	 75	 79	 77	 72	 78	 80	 74	211	208	195	204	211	224	207	215	213	204	199	212	220	212	217	210	137	140	143	140	141	141	140	139	131	154	129	127	139	139	132	143	221	218	214	217	218	215	220	221	222	219	216	204	218	230	224	220	126	129	126	127	128	124	127	129	120	110	128	128	122	124	127	123	 20	 10	 16	  3	 15	  8	  4	 18	 11
 91	212	 79	 77	 77	 83	 84	 88	 82	 84	 76	 81	 84	 82	 79	 84	 87	 81	194	191	179	187	195	207	190	198	197	188	181	195	204	196	200	194	118	121	123	120	121	122	120	119	112	133	109	108	119	120	112	123	201	199	195	198	198	195	200	201	201	199	196	184	198	210	204	200	115	116	116	116	118	113	117	120	109	100	118	117	112	113	115	113	 40	 31	 32	 23	 33	 23	 22	 12	 30	 21
 92	236	 63	 61	 63	 69	 69	 72	 66	 88	 62	 67	 71	 69	 63	 69	 72	 65	221	218	205	213	221	233	217	225	223	214	208	222	230	222	227	220	146	149	151	149	149	150	148	148	140	162	137	136	147	148	141	151	226	223	218	221	222	219	225	225	226	224	220	208	222	234	228	225	123	129	124	125	125	121	125	125	117	108	126	125	120	122	125	121	 21	  8	 21	  8	  5	  7	 13	 28	  2	 11	 29
 93	227	 54	 52	 53	 59	 60	 63	 57	 76	 52	 57	 60	 59	 54	 60	 62	 56	222	219	207	215	223	235	218	226	225	216	209	223	232	224	228	222	146	148	149	146	146	149	147	146	139	158	135	136	146	147	139	149	217	214	209	212	213	209	216	217	217	215	211	200	213	226	219	216	111	116	111	112	113	109	112	113	105	 95	113	113	108	110	113	108	 34	 20	 33	 17	 12	 11	 22	 32	 14	 19	 28	 13
 94	252	 77	 75	 77	 84	 83	 86	 79	107	 76	 81	 85	 83	 77	 83	 86	 79	224	221	207	216	224	236	220	228	226	217	213	225	233	225	230	223	153	156	160	158	159	158	157	157	148	172	146	143	156	156	150	160	241	239	235	238	238	235	241	241	242	240	237	225	238	250	245	241	142	147	143	144	144	140	144	144	136	127	145	145	139	141	145	140	  5	 13	 15	 20	 21	 25	 20	 35	 19	 21	 41	 20	 32
 95	235	 65	 63	 65	 71	 71	 75	 68	 89	 64	 69	 73	 71	 65	 72	 74	 67	218	216	202	211	219	231	214	222	221	212	206	219	228	220	225	218	144	147	149	146	147	148	146	146	138	160	135	134	145	146	139	149	224	222	217	220	221	218	224	224	225	223	219	207	221	233	227	224	124	129	124	125	126	122	125	126	118	108	126	126	121	123	126	121	 20	  7	 20	  6	  8	  6	 11	 25	  4	  8	 27	  3	 14	 19
 96	234	 65	 63	 65	 71	 71	 75	 68	 88	 64	 69	 72	 70	 65	 71	 74	 67	218	215	202	210	218	230	214	221	220	211	205	218	227	219	224	217	143	146	148	146	146	147	145	145	137	159	134	133	144	145	138	148	223	220	216	219	220	217	222	223	224	221	218	206	220	232	226	223	123	128	124	124	125	121	124	125	117	107	125	125	120	122	125	120	 21	  8	 20	  5	  8	  5	 11	 25	  5	  8	 26	  4	 14	 20	  2
 97	238	 99	100	 98	 92	 92	 90	 98	 97	 99	 95	 90	 92	 99	 92	 90	 97	334	333	323	329	336	347	332	339	338	330	318	336	345	338	341	337	255	255	251	245	237	254	249	246	244	246	240	247	248	251	240	249	241	232	220	224	231	221	233	241	238	234	229	224	232	246	235	238	 94	113	 93	 98	 90	 95	 91	 81	 95	 95	 93	 96	 97	 98	102	 91	178	167	181	165	156	160	171	177	160	167	169	160	149	175	162	161
 98	238	 99	100	 98	 92	 92	 90	 98	 97	 99	 95	 90	 92	 99	 92	 90	 97	334	333	323	329	336	347	332	339	338	330	318	336	345	338	341	337	255	255	251	245	237	254	249	246	244	246	240	247	248	251	240	249	241	232	220	224	231	221	233	241	238	234	229	224	232	246	235	238	 94	113	 93	 98	 90	 95	 91	 81	 95	 95	 93	 96	 97	 98	102	 91	178	167	181	165	156	160	171	177	160	167	169	160	149	175	162	161	  1
 99	238	 99	100	 98	 92	 92	 90	 98	 97	 99	 95	 90	 92	 99	 92	 90	 97	334	333	323	329	336	347	332	339	338	330	318	336	345	338	341	337	255	255	251	245	237	254	249	246	244	246	240	247	248	251	240	249	241	232	220	224	231	221	233	241	238	234	229	224	232	246	235	238	 94	113	 93	 98	 90	 95	 91	 81	 95	 95	 93	 96	 97	 98	102	 91	178	167	181	165	156	160	171	177	160	167	169	160	149	175	162	161	  1	  1
100	238	 99	100	 98	 92	 92	 90	 98	 97	 99	 95	 90	 92	 99	 92	 90	 97	334	333	323	329	336	347	332	339	338	330	318	336	345	338	341	337	255	255	251	245	237	254	249	246	244	246	240	247	248	251	240	249	241	232	220	224	231	221	233	241	238	234	229	224	232	246	235	238	 94	113	 93	 98	 90	 95	 91	 81	 95	 95	 93	 96	 97	 98	102	 91	178	167	181	165	156	160	171	177	160	167	169	160	149	175	162	161	  1	  1	  1
