nVehicles:   42
nDepots:      1
nCustomers: 100
nPeriods:     9
VEHICLE_TYPE	FLEET_SIZE	CAPACITY
           2	        42	      18	
DEPOT   	X  	Y  	INV_COST	INITIAL_INV 	MIN_LEVEL_INV 	MAX_LEVEL_INV	PRODUCTION_0	PRODUCTION_1	PRODUCTION_2	PRODUCTION_3	PRODUCTION_4	PRODUCTION_5	PRODUCTION_6	PRODUCTION_7	PRODUCTION_8
       0	 65	174	       0	       1232	            0	         6588	         734	         734	         734	         734	         734	         734	         734	         734	         734	
CUSTOMER	X  	Y  	INV_COST	INITIAL_INV	MIN_LEVEL_INV 	MAX_LEVEL_INV	DEMAND_0	DEMAND_1	DEMAND_2	DEMAND_3	DEMAND_4	DEMAND_5	DEMAND_6	DEMAND_7	DEMAND_8
       1	377	 29	    0.19	         17	            0	           18	      10	      12	       8	       7	       9	      12	      10	       8	       6
       2	398	 43	    0.26	          9	            0	           54	       9	       9	       6	       4	       5	       6	       8	       7	       4
       3	380	 30	    0.02	          7	            0	           32	       5	       8	       6	       5	       3	       4	       5	       6	       6
       4	381	 33	    0.23	          6	            0	           45	      13	      13	       9	       8	       8	      12	      14	       9	       7
       5	357	 50	    0.01	          6	            0	           33	       7	       7	       7	       5	       5	       5	       5	       8	       8
       6	426	 20	    0.01	          4	            0	           18	      10	      11	      10	       9	       6	       7	       7	       8	       8
       7	366	 22	       0	         11	            0	           20	       6	       6	       6	       4	       4	       4	       5	       6	       8
       8	360	 33	    0.04	          7	            0	           61	      10	      10	       8	       6	       6	      10	      12	       8	       7
       9	334	 63	     0.2	         10	            0	           18	       5	       7	       5	       3	       3	       4	       4	       5	       4
      10	397	 75	     0.2	          3	            0	           39	       5	       5	       5	       4	       4	       4	       5	       6	       5
      11	374	 43	    0.29	          4	            0	           29	       9	       9	      10	       8	       7	       7	       8	      11	      12
      12	388	 14	    0.29	         14	            0	           18	       8	      10	      10	       7	       6	       5	       8	       9	       9
      13	389	  8	    0.09	          1	            0	           53	       8	       9	       7	       5	       5	       7	       9	       9	       7
      14	370	 24	     0.2	          2	            0	           35	       6	       8	       6	       4	       5	       7	       8	       7	       5
      15	377	 28	    0.24	          3	            0	           49	      12	      11	       8	       8	       7	       7	      11	      11	       9
      16	382	 34	    0.28	         20	            0	           71	      12	      10	      10	       8	       6	       8	       9	       9	      13
      17	359	261	    0.26	         11	            0	           17	      10	      10	       7	       6	       5	       9	      12	      13	       9
      18	344	284	     0.1	          3	            0	           23	      11	      12	       8	       7	       6	      11	      10	       9	       6
      19	354	257	    0.09	          1	            0	           19	       6	       8	       6	       5	       4	       5	       7	       6	       5
      20	368	256	    0.14	          1	            0	           57	       8	       7	       7	       6	       6	       6	       9	       9	       6
      21	346	258	    0.11	          6	            0	           33	       9	       9	       9	       6	       6	      10	      10	       7	       5
      22	350	201	    0.16	         15	            0	           61	       9	       8	       7	       7	       5	       5	       7	       8	       7
      23	332	328	    0.18	         10	            0	           43	       9	      10	      10	       7	       6	       5	       7	       8	      12
      24	351	256	    0.22	          6	            0	           70	      10	      13	      10	       8	       6	       7	       7	      10	      11
      25	343	260	    0.17	          7	            0	           16	       6	       7	       5	       4	       6	       6	       7	       5	       3
      26	346	259	     0.2	          2	            0	           73	      11	      12	       8	       9	       8	       9	      13	      13	      11
      27	330	257	    0.01	          6	            0	           27	       5	       5	       4	       4	       5	       6	       6	       4	       4
      28	345	266	    0.22	          1	            0	           48	       9	       8	       6	       6	       5	       5	       7	       7	       9
      29	332	248	    0.28	          8	            0	           33	       9	      12	       8	       8	       8	       7	       7	      11	      12
      30	361	259	    0.15	          9	            0	           23	       9	       9	       7	       5	       4	       6	       8	       7	       8
      31	347	259	    0.27	         14	            0	           27	      11	      14	       9	       9	       8	       8	      11	      11	      11
      32	301	264	    0.08	          5	            0	           15	       5	       5	       4	       3	       4	       5	       5	       4	       3
      33	262	378	    0.22	          3	            0	           14	       6	       6	       5	       4	       5	       6	       7	       7	       5
      34	236	390	    0.13	          6	            0	           18	       9	       8	      10	       7	       5	       5	       5	       7	      11
      35	304	404	    0.17	          4	            0	           52	       9	       8	       6	       5	       5	       6	       7	       8	       7
      36	257	385	    0.08	         12	            0	           14	       7	       7	       7	       6	       5	       8	       8	       6	       5
      37	250	392	    0.28	          3	            0	           35	       8	       7	       6	       4	       5	       7	       6	       7	       5
      38	273	386	    0.27	          8	            0	           26	       8	       9	       5	       5	       7	       8	       8	       6	       5
      39	269	379	    0.07	         10	            0	           40	       8	      10	       9	       6	       6	       5	       8	       9	       9
      40	268	380	    0.22	         25	            0	           28	      11	      14	       9	       8	      10	      11	      12	       8	       6
      41	268	379	    0.02	         20	            0	           49	      13	      14	       9	       8	       9	       6	       7	       8	      12
      42	266	383	    0.22	          5	            0	           24	       8	       9	      10	       7	       5	       6	       6	       9	       8
      43	257	402	    0.26	          8	            0	            8	       5	       5	       5	       4	       3	       3	       5	       5	       5
      44	273	382	    0.19	          9	            0	           21	       8	       8	       8	       5	       5	       7	       7	       8	       8
      45	275	378	    0.03	          6	            0	           43	       7	       7	       5	       4	       4	       5	       7	       7	       6
      46	259	379	    0.06	          9	            0	           57	      12	      12	      10	       8	       5	       8	      11	      10	       7
      47	321	339	    0.13	         15	            0	           52	       8	       9	       7	       5	       6	       8	       9	       6	       4
      48	247	356	    0.03	         19	            0	           71	      10	      13	      11	       9	       6	       6	       7	       9	      11
      49	340	339	     0.2	         11	            0	           19	       6	       6	       5	       4	       4	       3	       4	       5	       5
      50	270	335	     0.2	          5	            0	           35	      11	      14	      10	       7	       7	       7	       8	      11	      11
      51	267	320	    0.25	          7	            0	           17	       5	       6	       5	       4	       4	       3	       5	       4	       5
      52	282	366	    0.13	         12	            0	           79	       9	      12	       8	       6	      10	      11	       9	       8	       7
      53	279	321	    0.29	          4	            0	           50	      10	       8	       7	       5	       7	       8	       8	       9	       6
      54	290	322	    0.11	          3	            0	           27	       9	       8	       7	       5	       5	       7	       7	       7	       7
      55	270	326	     0.1	         14	            0	           31	      11	      11	       8	       6	       9	      10	      12	       9	       7
      56	284	338	     0.1	         11	            0	           21	       8	       9	       7	       5	       5	       7	       7	       7	       8
      57	266	320	    0.28	          7	            0	           31	       6	       6	       6	       4	       4	       5	       8	       6	       7
      58	267	291	     0.2	         15	            0	           34	       8	       7	       7	       6	       5	       5	       6	       8	       8
      59	269	324	    0.07	         13	            0	           25	      12	       9	       8	       5	       7	      10	       9	       9	       6
      60	317	352	    0.29	          4	            0	           54	      12	      12	       9	       8	       7	       6	       8	      10	      10
      61	275	310	    0.17	          4	            0	           18	       6	       7	       4	       3	       3	       4	       6	       6	       4
      62	263	318	    0.07	         10	            0	           20	       6	       7	       6	       5	       4	       7	       8	       5	       4
      63	229	299	    0.07	         18	            0	           54	       9	       9	       7	       5	       6	       8	      10	      10	       7
      64	258	334	    0.01	          2	            0	           70	       8	      11	       7	       6	       5	       8	      10	      10	       7
      65	186	402	    0.25	          1	            0	           16	      11	      10	       8	       5	       6	       9	       9	       8	       7
      66	152	376	    0.06	         11	            0	           57	      10	      10	       7	       9	       6	       6	       6	       6	       9
      67	174	408	    0.19	          6	            0	           69	      13	      14	      11	       8	       8	       8	       9	      10	      13
      68	184	435	    0.03	          7	            0	           49	      11	      12	       9	       9	       7	       6	       6	       7	       9
      69	183	414	    0.23	          3	            0	           12	       4	       5	       4	       3	       3	       5	       6	       5	       5
      70	160	401	    0.26	          1	            0	           37	       6	       6	       4	       3	       4	       4	       5	       6	       5
      71	169	401	     0.1	         17	            0	           48	       9	      11	       9	       7	       6	       6	      10	      11	      11
      72	175	405	    0.06	         14	            0	           48	      11	      10	      12	       8	       6	       6	       8	      11	      13
      73	176	409	    0.22	          5	            0	           38	       6	       6	       5	       3	       4	       5	       5	       5	       3
      74	176	406	    0.23	          3	            0	           19	      12	      10	      13	      11	       8	       7	       6	       8	      11
      75	170	416	    0.11	          3	            0	           31	       6	       7	       7	       5	       4	       4	       5	       8	       7
      76	182	416	    0.05	          2	            0	           25	      11	       9	      11	       7	       7	       7	       8	      10	       9
      77	200	377	    0.21	         16	            0	           55	      10	      11	       9	       5	       5	       7	       8	      10	       8
      78	175	406	    0.13	          5	            0	           16	       9	      12	       8	       5	       7	      10	      11	       7	       7
      79	148	411	    0.27	         13	            0	           58	       8	       8	       8	       6	       7	      10	      10	       9	       5
      80	233	333	    0.27	         12	            0	           27	      10	      10	       7	       5	       8	      11	       7	       5	       5
      81	 81	  1	    0.08	          5	            0	           42	       6	       7	       5	       5	       3	       3	       3	       5	       6
      82	 81	 12	    0.23	         10	            0	           15	       6	       6	       5	       4	       4	       5	       7	       7	       5
      83	 71	  1	    0.17	          6	            0	           32	       6	       8	       7	       6	       5	       4	       5	       5	       7
      84	 85	  7	    0.05	         11	            0	           59	       9	      11	       8	       8	       6	       7	      10	       9	      10
      85	 89	  0	    0.17	         22	            0	           79	      11	      13	       9	       7	       6	      11	      11	      10	       7
      86	 74	  1	    0.25	         13	            0	           36	       6	       9	       7	       4	       5	       6	       8	       8	       6
      87	113	 18	    0.19	          4	            0	           37	       7	       6	       4	       4	       6	       6	       5	       5	       4
      88	 81	  3	    0.02	         10	            0	           16	       8	       7	       8	       6	       4	       6	       7	       8	       9
      89	 33	 21	    0.01	         15	            0	           76	      11	      10	       9	       7	       8	       8	      11	      11	       6
      90	 85	  5	    0.08	         13	            0	           13	       7	       8	       5	       4	       3	       6	       7	       6	       6
      91	 70	  5	    0.14	          9	            0	           39	       6	       7	       5	       6	       4	       4	       5	       5	       8
      92	 80	 15	    0.07	          2	            0	           35	      10	      10	       9	       6	       9	      11	       9	       5	       7
      93	 60	 14	    0.19	          6	            0	           23	       9	      11	       8	       5	       8	      12	      12	       7	       7
      94	 61	 38	    0.04	         13	            0	           15	       7	       7	       6	       4	       5	       6	      10	       8	       6
      95	 95	 24	    0.14	          4	            0	           14	       7	       8	       7	       5	       6	       7	       7	       5	       5
      96	 84	  5	    0.03	         12	            0	           35	       5	       7	       5	       4	       4	       4	       4	       4	       5
      97	  0	  0	    0.12	         15	            0	           41	       9	       7	       8	       7	       5	       5	       7	       7	       7
      98	  0	  0	    0.24	         14	            0	           56	      11	      13	       9	       6	       8	      10	      11	      10	       9
      99	  0	  0	    0.22	          5	            0	           36	       6	       7	       5	       5	       4	       4	       4	       4	       7
     100	  0	  0	    0.16	         22	            0	           56	      11	      11	       9	       6	       9	      11	      14	       7	       6
COST_MATRIX 
	  0	  1	  2	  3	  4	  5	  6	  7	  8	  9	 10	 11	 12	 13	 14	 15	 16	 17	 18	 19	 20	 21	 22	 23	 24	 25	 26	 27	 28	 29	 30	 31	 32	 33	 34	 35	 36	 37	 38	 39	 40	 41	 42	 43	 44	 45	 46	 47	 48	 49	 50	 51	 52	 53	 54	 55	 56	 57	 58	 59	 60	 61	 62	 63	 64	 65	 66	 67	 68	 69	 70	 71	 72	 73	 74	 75	 76	 77	 78	 79	 80	 81	 82	 83	 84	 85	 86	 87	 88	 89	 90	 91	 92	 93	 94	 95	 96	 97	 98	 99	100
  0
  1	173
  2	179	 13
  3	174	  2	 12
  4	174	  3	 10	  2
  5	159	 15	 21	 16	 15
  6	197	 25	 19	 24	 24	 38
  7	169	  7	 20	  9	 10	 15	 31
  8	164	  9	 20	 11	 11	  9	 34	  7
  9	146	 28	 34	 29	 28	 14	 51	 27	 20
 10	174	 26	 17	 25	 23	 24	 32	 31	 28	 33
 11	168	  8	 13	  8	  7	 10	 29	 12	  9	 23	 20
 12	181	 10	 16	  9	 11	 24	 20	 12	 17	 37	 31	 17
 13	183	 13	 19	 12	 14	 27	 20	 14	 20	 39	 34	 20	  4
 14	170	  5	 17	  6	  8	 15	 29	  3	  7	 27	 29	 10	 11	 13
 15	173	  1	 13	  2	  4	 15	 25	  7	  9	 28	 26	  8	  9	 12	  5
 16	174	  4	 10	  3	  1	 15	 24	 11	 12	 29	 22	  7	 11	 14	  8	  4
 17	154	117	111	116	115	106	126	120	115	100	 95	110	125	128	119	117	115
 18	150	129	124	129	127	118	139	132	126	111	108	122	137	140	131	130	127	 14
 19	151	115	110	115	113	104	124	118	113	 98	 94	108	123	126	117	116	113	  4	 15
 20	157	114	108	114	112	104	122	118	112	 98	 92	107	122	125	117	115	112	  6	 19	  8
 21	147	116	111	116	114	105	126	119	113	 98	 95	109	124	127	118	117	114	  7	 14	  5	 12
 22	144	 88	 83	 87	 86	 76	 99	 90	 85	 70	 68	 80	 96	 99	 90	 88	 86	 31	 42	 29	 29	 29
 23	155	152	147	151	150	140	162	154	149	133	131	145	160	163	154	152	150	 37	 23	 38	 41	 36	 65
 24	149	115	110	114	113	104	124	118	112	 97	 94	108	123	126	117	115	113	  5	 15	  2	  9	  3	 28	 38
 25	146	117	112	117	116	106	127	120	114	 99	 97	110	126	129	119	118	115	  9	 13	  6	 13	  2	 30	 35	  5
 26	147	117	112	116	115	105	127	119	114	 99	 96	109	125	128	119	117	114	  7	 13	  5	 12	  1	 30	 36	  3	  2
 27	139	117	113	117	115	105	128	119	114	 98	 97	110	125	128	119	117	115	 15	 16	 13	 20	  9	 30	 36	 11	  7	  9
 28	148	120	115	120	118	109	130	123	117	102	 99	113	128	131	122	121	118	  8	 10	  7	 13	  5	 33	 32	  6	  4	  4	  9
 29	139	112	108	112	111	100	124	115	109	 93	 93	105	121	124	114	113	110	 15	 19	 12	 19	  9	 26	 41	 11	  9	  9	  5	 12
 30	154	116	110	115	114	105	124	119	114	 99	 94	109	124	127	118	116	113	  2	 16	  4	  4	  8	 30	 38	  6	 10	  8	 16	  9	 16
 31	148	116	111	116	115	105	126	119	114	 99	 96	109	125	128	119	117	114	  7	 13	  4	 11	  1	 30	 36	  3	  3	  1	  9	  4	 10	  8
 32	127	124	121	124	123	111	138	126	120	102	106	117	133	136	125	124	122	 30	 24	 27	 34	 23	 40	 36	 26	 22	 23	 15	 23	 18	 31	 24
 33	142	184	181	184	183	171	197	186	180	162	166	177	193	196	186	185	183	 76	 63	 77	 81	 74	 99	 44	 76	 72	 73	 70	 70	 74	 78	 74	 61
 34	138	194	192	194	193	181	208	196	189	171	177	187	203	206	195	195	193	 90	 76	 89	 95	 86	111	 58	 89	 85	 86	 82	 83	 86	 91	 86	 71	 15
 35	166	192	187	191	190	179	202	194	188	172	171	184	200	203	193	192	190	 77	 64	 78	 81	 76	105	 41	 78	 75	 76	 75	 72	 80	 78	 76	 71	 25	 35
 36	143	188	185	188	187	175	202	190	184	166	171	181	197	200	190	189	187	 81	 67	 81	 86	 78	104	 48	 80	 76	 78	 74	 75	 79	 82	 78	 65	  5	 11	 26
 37	143	193	190	193	192	180	206	194	188	170	175	186	202	205	194	193	191	 86	 72	 86	 91	 83	108	 53	 85	 81	 83	 79	 79	 83	 87	 83	 69	 10	  8	 28	  5
 38	149	186	183	186	185	174	199	188	182	165	168	179	195	198	188	187	185	 76	 63	 77	 81	 74	101	 42	 76	 73	 74	 71	 70	 76	 78	 74	 63	  7	 19	 18	  9	 12
 39	145	184	180	184	182	171	196	185	179	162	165	177	192	195	185	184	182	 75	 61	 75	 79	 72	 98	 41	 74	 71	 72	 69	 69	 73	 76	 72	 60	  4	 18	 22	  7	 12	  5
 40	145	184	181	184	183	171	197	186	180	162	166	177	193	196	186	185	183	 75	 62	 76	 80	 73	 99	 42	 75	 71	 72	 69	 69	 74	 77	 73	 61	  4	 17	 22	  7	 11	  4	  1
 41	145	184	181	184	182	171	197	186	180	162	166	177	193	196	185	184	182	 75	 61	 75	 80	 72	 98	 41	 75	 71	 72	 69	 69	 73	 76	 72	 60	  4	 17	 22	  7	 12	  5	  1	  1
 42	145	186	183	186	185	173	199	188	182	164	168	179	195	198	187	186	184	 77	 64	 77	 82	 75	101	 43	 77	 73	 74	 71	 71	 76	 79	 75	 63	  4	 16	 22	  5	 10	  4	  3	  2	  3
 43	150	196	193	196	195	183	209	198	192	174	178	189	205	208	198	197	195	 88	 74	 88	 92	 85	111	 53	 87	 84	 85	 82	 81	 86	 89	 85	 73	 13	 13	 24	  9	  7	 12	 13	 13	 13	 11
 44	148	185	181	184	183	172	197	186	180	163	166	177	193	196	186	185	183	 75	 61	 75	 79	 72	 99	 40	 75	 71	 72	 69	 69	 74	 76	 72	 61	  6	 19	 20	  9	 13	  3	  3	  3	  3	  4	 13
 45	147	182	179	182	181	170	195	184	178	161	164	175	191	194	184	183	181	 73	 59	 73	 77	 70	 97	 38	 72	 69	 70	 67	 67	 71	 74	 70	 59	  7	 21	 20	 10	 15	  5	  4	  4	  4	  6	 16	  3
 46	142	185	182	185	184	172	198	187	181	163	167	178	194	197	186	186	184	 78	 64	 78	 83	 75	100	 45	 77	 73	 75	 71	 72	 75	 79	 75	 62	  2	 13	 26	  4	  8	  8	  6	  5	  5	  5	 12	  8	  9
 47	153	158	153	158	156	146	168	161	155	139	138	151	166	169	160	159	156	 44	 30	 45	 48	 43	 71	  8	 45	 42	 42	 42	 39	 46	 45	 43	 39	 36	 50	 34	 40	 45	 34	 33	 34	 34	 36	 45	 33	 31	 37
 48	129	176	174	177	175	163	191	178	172	153	160	169	185	188	178	177	175	 74	 61	 73	 79	 70	 94	 45	 73	 68	 70	 65	 67	 69	 75	 70	 54	 14	 18	 38	 16	 19	 20	 16	 16	 16	 17	 24	 19	 18	 13	 38
 49	161	157	151	156	155	145	166	160	154	139	136	149	165	168	159	157	154	 41	 28	 42	 44	 41	 70	  7	 42	 40	 41	 42	 37	 46	 42	 41	 43	 44	 58	 38	 48	 53	 41	 41	 42	 42	 44	 53	 40	 38	 46	 10	 48
 50	131	163	160	163	161	149	176	164	158	140	145	155	172	174	164	163	161	 58	 45	 58	 63	 55	 79	 32	 57	 53	 54	 50	 51	 54	 60	 55	 39	 22	 33	 39	 26	 31	 26	 23	 23	 23	 25	 35	 24	 22	 23	 26	 16	 36
 51	125	156	154	156	155	143	170	158	151	133	139	149	165	168	157	157	155	 55	 43	 54	 60	 51	 73	 33	 53	 49	 50	 45	 48	 49	 57	 51	 33	 30	 39	 46	 33	 37	 34	 30	 31	 30	 32	 42	 32	 30	 30	 29	 21	 38	  8
 52	145	176	172	176	174	163	188	178	172	154	157	168	184	187	177	176	174	 66	 52	 66	 70	 63	 90	 32	 65	 62	 63	 60	 60	 65	 67	 63	 52	 12	 26	 22	 16	 21	 11	 10	 10	 10	 12	 22	 10	  7	 14	 24	 19	 32	 17	 25
 53	130	155	152	155	153	142	168	156	150	132	137	147	163	166	156	155	153	 51	 38	 50	 56	 46	 70	 27	 49	 45	 46	 41	 43	 46	 52	 47	 31	 30	 41	 44	 34	 39	 33	 30	 31	 30	 32	 42	 31	 29	 31	 23	 24	 32	  9	  7	 23
 54	135	153	150	153	152	141	166	155	149	132	135	146	162	165	155	154	152	 47	 34	 46	 52	 43	 68	 22	 45	 41	 43	 39	 40	 43	 48	 43	 30	 32	 44	 42	 36	 41	 34	 31	 32	 31	 33	 44	 32	 29	 33	 18	 28	 27	 12	 12	 23	  6
 55	128	158	156	158	157	145	172	160	154	136	141	151	167	170	160	159	157	 56	 43	 55	 61	 51	 75	 32	 54	 50	 51	 46	 49	 50	 57	 52	 35	 27	 37	 43	 31	 35	 31	 27	 28	 27	 29	 39	 29	 27	 28	 27	 19	 36	  5	  4	 21	  6	 11
 56	137	162	159	162	161	149	175	164	158	140	144	155	171	174	163	162	160	 54	 41	 54	 59	 51	 77	 25	 53	 49	 51	 47	 48	 52	 56	 51	 38	 23	 36	 35	 28	 32	 25	 22	 23	 23	 25	 35	 23	 21	 25	 19	 21	 29	  8	 13	 15	  9	  9	 10
 57	125	156	154	156	155	143	171	158	152	133	139	149	165	168	157	157	155	 56	 43	 55	 61	 51	 73	 34	 54	 49	 51	 45	 48	 49	 57	 51	 34	 30	 39	 47	 33	 37	 34	 30	 31	 30	 32	 42	 32	 30	 30	 30	 21	 39	  8	  1	 25	  7	 13	  4	 13
 58	117	143	141	143	142	129	158	144	138	119	127	136	152	155	144	143	141	 49	 39	 47	 54	 43	 62	 38	 46	 42	 43	 36	 41	 39	 50	 44	 22	 44	 52	 60	 48	 52	 48	 45	 45	 45	 47	 56	 46	 44	 45	 37	 35	 44	 23	 15	 39	 17	 20	 18	 25	 15
 59	127	158	155	158	156	144	172	159	153	135	140	150	167	170	159	158	156	 55	 43	 55	 61	 51	 74	 32	 54	 49	 51	 46	 48	 50	 57	 51	 35	 28	 37	 44	 32	 36	 32	 28	 29	 28	 30	 40	 30	 28	 28	 28	 20	 37	  6	  3	 22	  6	 11	  2	 11	  3	 17
 60	155	165	160	165	163	153	175	167	161	145	145	158	173	176	167	165	163	 51	 37	 51	 55	 50	 78	 15	 51	 48	 49	 48	 46	 53	 52	 49	 45	 31	 45	 27	 35	 40	 28	 28	 29	 28	 30	 40	 27	 25	 32	  7	 36	 14	 25	 30	 19	 25	 21	 27	 18	 31	 40	 28
 61	126	150	147	150	149	137	164	152	145	127	133	143	159	162	151	150	149	 49	 37	 48	 54	 45	 67	 30	 47	 43	 44	 39	 42	 43	 50	 45	 27	 35	 45	 50	 39	 43	 39	 35	 36	 35	 37	 47	 37	 35	 36	 28	 27	 36	 13	  7	 29	  6	 10	  9	 15	  7	 11	  8	 30
 62	123	156	154	156	155	143	170	157	151	133	139	149	165	168	157	156	154	 56	 44	 55	 61	 52	 73	 35	 54	 50	 51	 46	 49	 50	 58	 52	 34	 31	 39	 48	 34	 38	 35	 31	 32	 31	 33	 43	 33	 31	 31	 31	 21	 40	 10	  3	 26	  9	 14	  6	 15	  2	 14	  5	 32	  8
 63	104	154	154	155	154	140	171	155	149	130	141	148	164	167	155	155	153	 68	 58	 66	 73	 62	 78	 54	 65	 61	 62	 55	 61	 58	 69	 63	 41	 43	 46	 65	 46	 48	 49	 45	 45	 45	 46	 54	 47	 46	 43	 51	 30	 59	 28	 22	 43	 28	 33	 25	 34	 22	 20	 24	 52	 24	 20
 64	126	164	162	164	163	151	179	166	159	141	147	157	173	176	165	165	163	 63	 50	 62	 68	 59	 81	 38	 61	 57	 58	 53	 56	 57	 64	 59	 42	 23	 31	 42	 26	 30	 28	 24	 24	 24	 25	 35	 26	 24	 23	 32	 13	 42	  7	  9	 21	 13	 18	  8	 14	  9	 22	  8	 31	 15	  9	 23
 65	130	210	209	210	209	196	226	211	204	185	195	203	219	222	211	210	209	112	 99	111	117	108	130	 82	111	106	108	103	105	107	113	108	 90	 40	 26	 60	 37	 33	 45	 44	 43	 43	 42	 36	 45	 47	 39	 75	 39	 84	 54	 58	 52	 62	 66	 57	 59	 58	 69	 57	 71	 65	 57	 56	 50
 66	110	207	208	208	207	193	225	207	201	182	195	201	217	219	208	208	207	119	107	118	124	114	133	 94	117	112	114	108	112	111	120	114	 94	 56	 43	 78	 53	 50	 61	 59	 59	 59	 58	 55	 61	 62	 54	 87	 49	 96	 63	 64	 66	 70	 75	 65	 69	 64	 72	 65	 84	 70	 63	 55	 58	 22
 67	130	215	215	216	215	202	232	216	210	191	201	209	225	228	216	216	214	119	106	118	124	115	136	 89	117	113	114	109	112	113	120	115	 97	 47	 33	 66	 44	 39	 51	 50	 50	 50	 48	 42	 52	 53	 45	 82	 45	 90	 61	 65	 58	 69	 73	 64	 66	 64	 75	 64	 77	 71	 64	 62	 56	  7	 20
 68	144	225	224	225	224	212	241	226	220	201	210	218	234	237	226	226	224	124	111	124	129	120	144	 92	123	119	120	116	117	120	125	120	104	 49	 35	 62	 45	 40	 51	 51	 51	 51	 49	 41	 52	 54	 47	 84	 51	 92	 66	 71	 60	 75	 78	 70	 70	 71	 84	 70	 79	 78	 71	 72	 63	 17	 34	 15
 69	134	216	215	216	215	202	232	217	211	192	201	209	225	228	217	217	215	117	104	117	122	113	136	 87	116	112	113	108	110	112	119	113	 96	 44	 30	 61	 40	 36	 48	 47	 46	 46	 45	 38	 48	 50	 42	 79	 44	 87	 59	 64	 56	 67	 71	 62	 64	 63	 75	 63	 74	 70	 63	 62	 55	  7	 25	  6	 11
 70	124	216	215	216	215	202	233	216	210	191	202	209	225	228	216	216	215	122	110	121	127	118	138	 94	120	116	118	112	115	116	124	118	 99	 53	 39	 73	 50	 46	 57	 56	 56	 56	 54	 49	 58	 59	 51	 87	 49	 96	 65	 68	 64	 72	 77	 67	 70	 67	 77	 67	 83	 74	 67	 62	 60	 14	 14	  8	 21	 14
 71	125	214	213	214	213	200	230	214	208	189	199	207	223	226	214	214	213	119	106	118	124	114	135	 90	117	112	114	109	111	112	120	114	 96	 48	 34	 68	 45	 41	 53	 52	 51	 51	 50	 45	 53	 55	 47	 83	 46	 91	 61	 64	 60	 69	 73	 63	 66	 64	 74	 64	 78	 70	 63	 60	 56	  9	 16	  5	 19	 10	  5
 72	128	214	213	214	213	200	230	214	208	189	199	207	223	226	215	214	213	117	104	117	122	113	135	 88	116	111	113	108	110	112	119	113	 95	 46	 32	 65	 43	 39	 50	 49	 49	 49	 47	 42	 51	 52	 44	 81	 44	 89	 60	 63	 57	 67	 71	 62	 64	 63	 74	 63	 76	 69	 62	 60	 55	  6	 19	  2	 16	  7	  8	  4
 73	130	215	215	216	215	202	232	216	210	191	201	209	225	228	216	216	214	118	105	118	123	114	136	 88	117	112	114	109	111	113	120	114	 96	 46	 32	 65	 43	 38	 50	 49	 49	 49	 47	 41	 51	 52	 45	 81	 45	 90	 60	 64	 58	 68	 72	 63	 65	 64	 75	 63	 77	 71	 63	 62	 56	  7	 21	  2	 14	  5	  9	  6	  3
 74	129	214	213	214	213	200	230	215	208	189	199	207	223	226	215	215	213	117	104	117	122	113	135	 88	116	111	113	108	110	112	119	113	 95	 46	 32	 65	 42	 38	 50	 49	 48	 48	 47	 41	 50	 52	 44	 80	 44	 89	 59	 63	 57	 67	 71	 62	 64	 63	 74	 62	 76	 69	 62	 60	 55	  6	 20	  2	 16	  6	  9	  5	  1	  2
 75	132	220	219	220	219	206	236	221	214	195	205	213	229	232	221	220	219	123	110	122	128	119	141	 93	121	117	118	113	116	117	124	119	101	 50	 36	 68	 47	 42	 54	 53	 53	 53	 51	 45	 55	 56	 49	 85	 49	 94	 65	 69	 62	 73	 77	 68	 70	 68	 80	 68	 81	 75	 68	 66	 61	 11	 22	  5	 12	  7	 10	  8	  7	  5	  6
 76	135	217	216	217	216	203	233	218	212	193	202	210	226	229	218	218	216	118	105	118	123	114	137	 87	117	113	114	109	111	113	120	114	 97	 45	 30	 62	 41	 37	 48	 48	 47	 47	 46	 39	 49	 51	 43	 80	 45	 88	 60	 65	 56	 68	 72	 63	 65	 64	 76	 64	 75	 71	 64	 64	 56	  8	 26	  6	 10	  2	 14	 10	  7	  5	  6	  7
 77	122	196	195	196	195	182	212	196	190	171	181	189	205	208	196	196	195	 99	 86	 98	104	 95	116	 71	 97	 93	 94	 89	 92	 93	100	 95	 76	 32	 20	 54	 29	 27	 37	 35	 35	 35	 34	 32	 37	 38	 30	 64	 26	 73	 41	 44	 42	 49	 53	 44	 47	 44	 55	 44	 60	 51	 44	 42	 37	 15	 25	 21	 31	 21	 24	 20	 19	 21	 19	 25	 22
 78	129	214	214	215	214	200	231	215	209	190	200	207	224	226	215	215	213	118	105	117	123	114	135	 88	116	112	113	108	111	112	119	114	 95	 46	 32	 65	 43	 39	 51	 49	 49	 49	 47	 42	 51	 52	 45	 81	 44	 90	 60	 63	 58	 68	 72	 63	 65	 63	 74	 63	 76	 70	 63	 60	 55	  6	 19	  2	 16	  6	  8	  4	  1	  2	  1	  6	  7	 20
 79	126	223	223	224	223	209	240	223	217	198	210	216	232	235	224	224	222	130	117	129	135	126	146	101	128	124	125	120	123	123	131	126	107	 60	 46	 79	 57	 52	 64	 63	 62	 63	 61	 55	 65	 66	 58	 94	 57	103	 72	 75	 71	 80	 84	 75	 78	 75	 85	 75	 90	 82	 74	 70	 68	 20	 18	 14	 22	 18	  8	 12	 14	 15	 15	 12	 18	 32	 14
 80	116	169	167	169	168	155	184	170	163	145	153	162	178	181	170	169	168	 73	 61	 72	 78	 68	 89	 50	 71	 67	 68	 62	 66	 66	 74	 68	 49	 27	 29	 51	 29	 31	 34	 30	 30	 29	 30	 37	 32	 31	 27	 45	 14	 54	 19	 19	 30	 24	 30	 19	 26	 18	 28	 19	 44	 24	 17	 18	 13	 42	 46	 48	 57	 48	 50	 47	 47	 48	 47	 53	 49	 28	 47	 58
 81	 87	149	160	151	151	141	173	143	141	131	163	148	154	155	145	149	152	191	194	188	192	185	168	207	186	185	185	179	188	177	191	186	172	210	210	231	212	213	216	212	212	211	213	219	214	212	209	208	196	213	192	185	209	189	192	188	197	185	173	187	212	183	183	167	189	208	191	209	224	213	204	205	208	210	208	213	214	198	208	208	183
 82	 82	149	160	150	151	140	173	143	140	130	162	148	154	155	145	149	151	187	190	184	189	181	165	202	182	181	182	175	184	173	187	182	168	205	205	226	207	208	211	207	207	206	208	214	209	208	204	203	191	209	188	180	204	184	187	184	193	180	168	183	207	178	179	162	184	202	186	204	218	208	199	200	203	205	203	207	209	192	203	203	178	  6
 83	 87	154	165	156	156	146	178	148	146	136	168	153	159	160	150	154	157	195	197	191	196	189	172	210	190	188	189	183	191	180	195	189	175	212	212	233	214	216	218	214	214	214	215	222	216	215	212	211	199	216	195	188	211	191	195	191	200	187	176	190	215	186	186	169	191	209	192	210	225	214	205	206	209	211	210	214	215	199	210	209	185	  6	  8
 84	 85	147	158	148	149	138	171	141	139	128	160	146	152	153	143	147	150	187	190	184	189	182	165	203	183	181	182	176	184	173	187	182	168	206	206	227	208	210	212	208	208	208	209	216	210	209	206	204	193	210	189	182	205	185	188	185	194	181	169	184	208	179	180	163	185	204	188	206	220	210	201	202	205	207	205	209	211	194	205	205	180	  4	  4	  8
 85	 88	145	156	147	147	137	169	139	137	127	159	145	150	151	142	145	148	188	191	185	190	183	165	205	184	182	183	177	185	174	188	183	170	208	209	229	211	212	214	210	211	210	211	218	213	211	208	206	195	211	191	184	207	187	190	187	196	183	171	186	210	181	182	166	188	207	191	209	223	213	204	205	208	210	208	212	214	197	208	208	182	  5	  8	 10	  5
 86	 87	153	164	154	155	144	177	147	144	134	166	152	158	158	149	153	155	193	196	190	195	188	171	209	189	187	188	182	190	179	193	188	174	211	211	233	213	215	217	213	213	213	214	221	215	214	211	210	198	216	194	187	211	191	194	190	199	187	175	189	214	185	185	168	191	209	192	210	224	214	205	206	209	211	209	213	215	199	209	209	185	  4	  7	  2	  7	  8
 87	 82	133	144	134	135	124	157	127	124	113	145	132	138	139	129	133	135	173	177	170	175	168	150	190	169	167	168	162	170	159	173	168	155	195	196	216	198	200	201	197	197	197	198	206	199	198	195	192	182	197	177	170	194	173	176	173	182	170	157	172	196	167	168	153	174	196	181	198	212	202	193	194	196	199	197	202	202	185	197	198	169	 19	 17	 23	 16	 16	 22
 88	 86	149	160	151	151	140	173	143	141	131	163	148	154	155	145	149	152	190	193	187	192	184	168	206	186	184	185	178	187	176	190	185	171	209	209	230	211	213	215	211	211	210	212	219	213	212	209	207	196	213	192	184	208	188	191	188	196	184	172	187	211	182	182	166	188	207	190	208	223	212	203	204	207	209	208	212	213	197	207	207	182	  2	  5	  6	  3	  5	  4	 18
 89	 79	173	183	174	175	163	197	167	164	152	184	171	178	179	169	173	175	203	204	200	205	197	183	215	198	196	197	190	199	188	203	198	181	213	211	235	214	215	219	215	215	215	216	221	217	216	212	215	199	222	197	190	213	194	198	194	203	190	179	193	219	189	188	171	193	206	188	206	221	211	201	202	205	207	206	210	212	197	206	204	186	 27	 25	 22	 27	 30	 23	 41	 26
 90	 86	147	158	149	149	138	171	141	139	128	160	146	152	153	143	147	150	188	191	185	190	182	165	204	183	182	183	176	185	174	188	183	169	207	207	228	209	211	213	209	209	209	210	217	211	210	207	205	194	211	190	182	206	186	189	186	194	182	170	185	209	180	181	164	186	205	189	207	221	211	202	203	206	208	206	210	212	195	206	206	180	  3	  5	  8	  2	  4	  6	 16	  3	 28
 91	 85	154	166	156	157	146	179	149	146	136	168	154	160	160	151	154	157	194	196	190	195	188	171	208	189	187	188	182	190	179	194	188	174	210	210	232	212	214	216	212	213	212	213	220	215	213	210	209	197	215	193	186	210	190	193	190	198	186	174	188	213	184	184	168	190	207	190	209	223	213	204	205	207	209	208	212	213	198	208	207	184	  6	  7	  3	  8	 10	  3	 23	  6	 21	  8
 92	 80	149	160	151	151	140	174	144	141	130	162	148	155	155	146	149	152	186	189	183	188	181	164	201	182	180	181	174	183	172	187	181	167	204	204	225	206	207	210	206	206	205	207	213	208	207	203	202	190	208	187	179	203	183	186	183	192	179	167	182	206	177	177	161	183	201	185	203	217	207	198	199	201	203	202	206	207	191	202	201	177	  8	  2	  9	  5	  9	  8	 17	  7	 24	  6	  8
 93	 81	159	170	161	161	150	184	154	151	140	172	158	165	165	156	159	162	194	196	191	196	188	173	208	190	188	189	182	191	180	195	189	174	209	208	231	211	212	215	211	211	211	212	218	213	212	208	209	195	215	192	185	209	189	193	189	197	185	173	187	213	183	183	166	189	204	187	206	220	210	200	202	204	206	205	209	211	195	205	204	182	 13	 11	  9	 13	 17	 10	 27	 12	 14	 14	  7	 11
 94	 69	159	169	160	161	149	183	153	150	138	170	157	164	165	155	159	161	187	188	183	189	181	166	199	182	180	181	174	183	172	187	181	165	198	197	220	200	201	204	200	200	200	201	207	203	201	198	199	185	206	182	175	198	179	183	178	187	175	164	177	203	174	173	156	178	193	176	194	208	198	189	190	193	195	193	197	199	184	193	192	171	 22	 17	 20	 20	 24	 20	 28	 21	 17	 21	 18	 15	 13
 95	 77	142	152	143	144	132	166	136	133	122	154	140	147	148	138	142	144	178	181	175	180	172	156	193	173	172	172	166	174	164	178	173	159	196	197	217	198	200	202	198	198	198	199	206	200	199	196	194	183	200	179	172	195	175	179	175	184	171	159	174	199	169	170	153	176	195	179	197	211	200	192	193	195	197	196	200	201	185	196	196	170	 14	 10	 17	 10	 13	 16	 10	 13	 32	 11	 16	  9	 19	 19
 96	 86	147	159	149	150	139	172	142	139	129	161	147	153	153	144	147	150	188	191	185	190	183	166	204	184	182	183	177	185	174	188	183	169	207	207	228	209	211	213	209	209	209	210	217	211	210	207	205	194	211	190	183	206	186	190	186	195	182	170	185	209	180	181	164	187	205	189	207	221	211	202	203	206	208	206	210	212	195	206	206	181	  3	  4	  7	  2	  4	  6	 16	  2	 27	  1	  8	  6	 13	 21	 11
 97	 93	190	201	191	192	181	214	184	181	170	203	189	195	195	186	190	192	222	224	219	225	216	202	234	218	216	217	210	218	208	223	217	201	230	228	253	232	233	237	233	233	233	234	239	235	234	230	234	217	241	216	209	232	213	217	212	221	209	198	211	237	208	207	189	212	222	203	222	237	227	216	218	221	223	222	225	228	214	222	219	204	 41	 41	 36	 43	 45	 38	 58	 41	 20	 43	 36	 41	 31	 36	 49	 43
 98	 93	190	201	191	192	181	214	184	181	170	203	189	195	195	186	190	192	222	224	219	225	216	202	234	218	216	217	210	218	208	223	217	201	230	228	253	232	233	237	233	233	233	234	239	235	234	230	234	217	241	216	209	232	213	217	212	221	209	198	211	237	208	207	189	212	222	203	222	237	227	216	218	221	223	222	225	228	214	222	219	204	 41	 41	 36	 43	 45	 38	 58	 41	 20	 43	 36	 41	 31	 36	 49	 43	  1
 99	 93	190	201	191	192	181	214	184	181	170	203	189	195	195	186	190	192	222	224	219	225	216	202	234	218	216	217	210	218	208	223	217	201	230	228	253	232	233	237	233	233	233	234	239	235	234	230	234	217	241	216	209	232	213	217	212	221	209	198	211	237	208	207	189	212	222	203	222	237	227	216	218	221	223	222	225	228	214	222	219	204	 41	 41	 36	 43	 45	 38	 58	 41	 20	 43	 36	 41	 31	 36	 49	 43	  1	  1
100	 93	190	201	191	192	181	214	184	181	170	203	189	195	195	186	190	192	222	224	219	225	216	202	234	218	216	217	210	218	208	223	217	201	230	228	253	232	233	237	233	233	233	234	239	235	234	230	234	217	241	216	209	232	213	217	212	221	209	198	211	237	208	207	189	212	222	203	222	237	227	216	218	221	223	222	225	228	214	222	219	204	 41	 41	 36	 43	 45	 38	 58	 41	 20	 43	 36	 41	 31	 36	 49	 43	  1	  1	  1
