nVehicles:  11
nDepots:     1
nCustomers: 25
nPeriods:    6
VEHICLE_TYPE	FLEET_SIZE	CAPACITY
           2	        11	      18	
DEPOT   	X  	Y  	INV_COST	INITIAL_INV 	MIN_LEVEL_INV 	MAX_LEVEL_INV	PRODUCTION_0	PRODUCTION_1	PRODUCTION_2	PRODUCTION_3	PRODUCTION_4	PRODUCTION_5
       0	253	493	       0	        215	            0	         1068	         181	         181	         181	         181	         181	         181	
CUSTOMER	X  	Y  	INV_COST	INITIAL_INV	MIN_LEVEL_INV 	MAX_LEVEL_INV	DEMAND_0	DEMAND_1	DEMAND_2	DEMAND_3	DEMAND_4	DEMAND_5
       1	500	290	    0.18	          4	            0	           34	       7	       9	      10	      11	      10	       6
       2	300	172	    0.28	          4	            0	           17	       5	       8	       7	       9	       7	       6
       3	134	305	    0.23	          9	            0	           28	       5	       5	       7	       6	       5	       4
       4	177	267	     0.3	         16	            0	           16	       6	      12	      11	       8	       8	       8
       5	192	339	    0.14	          2	            0	           20	       4	       4	       5	       7	       5	       5
       6	281	375	    0.19	          1	            0	           34	       5	       7	       9	       8	       5	       5
       7	 44	249	    0.03	         16	            0	           20	       7	      10	      12	       7	       6	       8
       8	429	 62	    0.11	         13	            0	           22	       7	       9	       9	      12	      11	       7
       9	410	348	    0.07	          8	            0	           15	       3	       5	       6	       4	       3	       3
      10	344	305	    0.11	          3	            0	           43	       6	       8	       9	      10	       9	       8
      11	234	439	    0.19	          4	            0	           17	       5	       6	       6	       8	       7	       6
      12	179	328	    0.18	         14	            0	           36	       6	       9	      11	      13	      12	      11
      13	  2	116	    0.17	         12	            0	           35	       5	       8	       8	       6	       5	       5
      14	182	 16	    0.12	          5	            0	           21	       5	       6	      11	       9	       7	       5
      15	106	343	    0.16	          2	            0	           22	       5	       6	       8	       7	       5	       5
      16	244	172	    0.03	          3	            0	           24	       6	       7	       9	       9	       6	       5
      17	161	338	    0.13	          8	            0	           28	       6	       9	      12	      12	       6	       6
      18	415	175	    0.09	          8	            0	           22	       4	       5	       6	       7	       6	       5
      19	187	421	     0.1	         15	            0	           40	       8	      11	      13	      10	       7	       7
      20	 59	262	    0.23	          1	            0	           32	       6	       6	       9	       9	       8	       6
      21	403	453	    0.07	          2	            0	           56	       7	      10	      12	      11	      10	       7
      22	330	112	    0.09	          2	            0	           10	       5	       6	       7	       7	       6	       6
      23	132	244	    0.13	          2	            0	           27	       6	       9	      14	      13	       9	       7
      24	231	455	    0.09	          3	            0	           12	       3	       4	       5	       6	       5	       4
      25	310	364	     0.3	          7	            0	           19	       5	       6	       8	       7	       5	       4
COST_MATRIX 
	  0	  1	  2	  3	  4	  5	  6	  7	  8	  9	 10	 11	 12	 13	 14	 15	 16	 17	 18	 19	 20	 21	 22	 23	 24	 25
  0
  1	160
  2	163	117
  3	112	184	107
  4	120	162	 78	 29
  5	 83	156	100	 34	 37
  6	 61	118	102	 82	 75	 49
  7	161	229	134	 54	 68	 87	135
  8	233	120	 85	192	163	183	174	215
  9	107	 54	104	140	124	110	 66	190	144
 10	105	 79	 71	106	 86	 78	 48	153	129	 40
 11	 29	153	138	 84	 91	 55	 40	135	213	100	 87
 12	 91	162	 99	 26	 31	  9	 57	 79	183	116	 84	 62
 13	227	264	152	116	116	147	191	 70	216	235	196	199	139
 14	242	210	 98	147	126	162	187	136	126	202	166	214	157	103
 15	106	199	130	 24	 53	 44	 89	 57	215	153	121	 81	 38	125	168
 16	161	141	 29	 87	 59	 88	104	108	108	121	 84	134	 85	125	 84	110
 17	 91	172	109	 22	 37	 16	 63	 74	193	125	 93	 63	 11	137	162	 28	 93
 18	179	 72	 58	155	128	139	121	190	 57	 87	 75	161	141	209	142	176	 86	151
 19	 49	170	137	 64	 78	 42	 53	112	217	118	 98	 26	 47	179	203	 57	128	 44	168
 20	151	221	129	 44	 60	 77	125	 10	211	181	145	125	 69	 79	138	 47	103	 64	184	103
 21	 78	 95	150	154	147	120	 73	207	196	 53	 80	 85	129	262	245	159	162	134	140	110	197
 22	195	124	 34	138	109	133	134	159	 56	125	 97	171	132	165	 89	161	 53	142	 53	171	155	175
 23	139	186	 92	 31	 26	 57	100	 45	175	149	111	111	 49	 92	117	 52	 67	 50	146	 93	 38	172	119
 24	 22	158	146	 90	 98	 62	 48	140	221	105	 94	  9	 69	205	221	 84	142	 69	168	 28	130	 87	179	117
 25	 71	102	 97	 93	 83	 61	 16	145	163	 51	 35	 54	 68	198	186	103	102	 76	109	 68	136	 65	127	108	 61
