nVehicles:  25
nDepots:     1
nCustomers: 25
nPeriods:   12
VEHICLE_TYPE	FLEET_SIZE	CAPACITY
           1	        25	       8	
DEPOT   	X  	Y  	INV_COST	INITIAL_INV 	MIN_LEVEL_INV 	MAX_LEVEL_INV	PRODUCTION_0	PRODUCTION_1	PRODUCTION_2	PRODUCTION_3	PRODUCTION_4	PRODUCTION_5	PRODUCTION_6	PRODUCTION_7	PRODUCTION_8	PRODUCTION_9	PRODUCTION_10	PRODUCTION_11
       0	121	433	       0	        210	            0	         2188	         183	         183	         183	         183	         183	         183	         183	         183	         183	         183	          183	          183	
CUSTOMER	X  	Y  	INV_COST	INITIAL_INV	MIN_LEVEL_INV 	MAX_LEVEL_INV	DEMAND_0	DEMAND_1	DEMAND_2	DEMAND_3	DEMAND_4	DEMAND_5	DEMAND_6	DEMAND_7	DEMAND_8	DEMAND_9	DEMAND_10	DEMAND_11
       1	413	432	    0.07	          5	            0	           94	       8	       6	       9	       9	       7	       6	       8	      11	      11	       9	        7	        9
       2	321	272	    0.28	         14	            0	           70	       7	       7	      11	      10	      10	       9	       8	      10	      10	      10	        7	        8
       3	 86	458	    0.19	          3	            0	           47	       6	       5	       6	      10	       9	       7	       5	       6	       9	      11	       11	        6
       4	 23	280	     0.2	          7	            0	           41	       4	       3	       3	       5	       7	       6	       4	       3	       4	       5	        6	        6
       5	229	119	     0.1	          5	            0	           40	       4	       3	       7	       9	       7	       4	       4	       7	       7	       6	        6	        7
       6	469	255	    0.13	          7	            0	           67	       6	       5	       5	       7	       8	      10	       9	       9	       7	       6	        5	        7
       7	170	130	    0.17	          2	            0	           26	       4	       4	       5	       5	       6	       8	       6	       6	       5	       4	        5	        4
       8	 49	382	    0.05	          8	            0	           94	       0	       0	       3	       7	       4	       2	       1	       3	       9	       8	        5	        5
       9	471	406	    0.21	         14	            0	           52	       5	       4	       5	      10	       7	       7	       4	       6	       9	       8	        8	        5
      10	400	173	    0.19	         10	            0	           61	       6	       6	       8	       9	      10	       8	       6	       7	       9	       8	        8	        6
      11	368	424	    0.18	          7	            0	           26	       5	       3	       5	       5	       7	       6	       7	       5	       4	       4	        6	        7
      12	 63	423	    0.07	          5	            0	           34	       0	       0	       0	       0	       3	       4	       0	       0	       2	       7	        9	        7
      13	226	 59	    0.14	          7	            0	           25	       5	       4	       6	       6	       9	       8	       5	       4	       6	       7	        8	        7
      14	 12	460	    0.19	          8	            0	           38	       7	       6	       8	       8	      10	       7	       5	       7	       8	       8	        7	        5
      15	 55	312	    0.15	          4	            0	           47	       4	       4	       4	       6	       5	       5	       4	       4	       5	       5	        5	        5
      16	401	236	    0.27	          1	            0	           70	       0	       0	       0	       0	       0	       0	       0	       1	       3	       2	        2	        6
      17	441	472	    0.27	          5	            0	           44	       4	       3	       3	       5	       6	       6	       5	       4	       3	       4	        4	        6
      18	 59	250	    0.14	          3	            0	           59	       0	       0	       0	       2	       4	       3	       3	       1	       4	       6	        9	        9
      19	  7	312	    0.09	          3	            0	           59	       0	       0	       0	       0	       2	       3	       5	       2	       3	       5	        6	        9
      20	 48	159	    0.07	          1	            0	           26	       0	       0	       0	       0	       0	       0	       0	       0	       1	       2	        7	       10
      21	248	326	    0.26	         12	            0	           59	       6	       6	       6	      10	      11	       9	       7	       6	       6	       7	        9	        9
      22	374	302	    0.03	          1	            0	           55	       4	       4	       5	       6	       8	       6	       6	       5	       4	       5	        7	        7
      23	475	221	    0.26	         10	            0	           36	       6	       4	       6	       7	       6	       4	       6	       8	       7	       7	        5	        6
      24	340	453	    0.29	         10	            0	           57	       3	       1	       3	       5	       4	       2	       1	       3	       6	       7	        6	        5
      25	414	156	    0.26	         10	            0	           55	       6	       4	       5	       6	       6	       7	       8	       8	       6	       5	        6	        6
COST_MATRIX 
	  0	  1	  2	  3	  4	  5	  6	  7	  8	  9	 10	 11	 12	 13	 14	 15	 16	 17	 18	 19	 20	 21	 22	 23	 24	 25
  0
  1	147
  2	129	 93
  3	 22	165	150
  4	 91	210	150	 95
  5	167	182	 90	184	131
  6	196	 93	 75	217	224	138
  7	154	194	104	170	106	 31	163
  8	 45	184	147	 43	 53	160	220	140
  9	176	 32	101	195	233	188	 76	205	212
 10	191	130	 64	213	196	 90	 54	117	205	122
 11	124	 23	 80	143	187	168	 99	178	161	 53	127
 12	 30	176	150	 21	 75	174	220	156	 22	205	210	153
 13	195	209	117	212	151	 31	157	 46	185	213	105	196	200
 14	 57	201	181	 38	 91	203	251	183	 44	232	242	179	 32	228
 15	 69	189	135	 75	 23	130	209	108	 36	214	186	167	 56	153	 78
 16	172	 99	 44	193	191	105	 36	128	191	 92	 32	 96	194	125	225	178
 17	162	 25	117	178	230	206	110	219	202	 37	151	 44	191	233	215	209	120
 18	 97	200	132	105	 24	108	206	 82	 67	221	175	178	 87	127	108	 32	172	221
 19	 84	212	159	 84	 18	148	233	123	 41	237	209	189	 63	168	 75	 25	201	232	 41
 20	142	228	148	151	 62	 93	216	 63	112	245	177	208	133	103	152	 77	181	252	 46	 80
 21	 84	 99	 46	105	115	104	117	106	104	119	108	 78	105	134	136	 97	 89	122	102	121	131
 22	143	 68	 31	164	176	117	 53	134	168	 72	 66	 62	167	143	198	160	 36	 92	160	184	178	 65
 23	207	110	 82	228	228	134	 18	160	228	 93	 45	115	230	149	261	215	 38	127	209	239	216	126	 65
 24	110	 38	 91	128	181	176	119	183	150	 70	144	 21	140	206	165	159	113	 52	174	181	208	 79	 78	135
 25	202	139	 75	223	206	 95	 57	123	215	129	 12	136	221	106	253	196	 41	159	184	218	184	119	 76	 45	154
