nVehicles:  24
nDepots:     1
nCustomers: 25
nPeriods:    9
VEHICLE_TYPE	FLEET_SIZE	CAPACITY
           1	        24	       8	
DEPOT   	X  	Y  	INV_COST	INITIAL_INV 	MIN_LEVEL_INV 	MAX_LEVEL_INV	PRODUCTION_0	PRODUCTION_1	PRODUCTION_2	PRODUCTION_3	PRODUCTION_4	PRODUCTION_5	PRODUCTION_6	PRODUCTION_7	PRODUCTION_8
       0	198	157	       0	        202	            0	         1567	         175	         175	         175	         175	         175	         175	         175	         175	         175	
CUSTOMER	X  	Y  	INV_COST	INITIAL_INV	MIN_LEVEL_INV 	MAX_LEVEL_INV	DEMAND_0	DEMAND_1	DEMAND_2	DEMAND_3	DEMAND_4	DEMAND_5	DEMAND_6	DEMAND_7	DEMAND_8
       1	316	257	    0.08	          6	            0	           36	       5	       7	       7	       9	       6	       5	       5	       6	       8
       2	177	212	    0.23	          7	            0	           21	       5	       8	      11	      11	       6	       7	       9	      11	      10
       3	290	271	    0.25	          8	            0	           17	       7	       8	      11	       9	       9	       8	       7	       9	      11
       4	109	200	    0.05	          2	            0	           72	       0	       0	       2	       0	       1	       1	       4	       9	       7
       5	314	309	    0.13	          4	            0	           46	       4	       6	       8	       8	       6	       5	       4	       7	       9
       6	315	 60	    0.18	          1	            0	           54	       5	       7	       8	       8	       5	       6	       7	       8	       7
       7	 70	257	     0.1	          7	            0	           37	       3	       5	       6	       5	       4	       3	       3	       5	       6
       8	110	282	     0.2	          6	            0	           34	       4	       5	       7	       6	       5	       4	       5	       6	       6
       9	263	135	    0.11	         15	            0	           40	       6	      10	      12	      13	       6	       6	       8	      12	      11
      10	172	460	    0.04	          2	            0	           50	       5	       6	       7	       7	       5	       4	       5	       6	       6
      11	449	352	    0.24	          2	            0	           50	       5	       5	       8	       8	       9	       7	       6	       4	       6
      12	124	408	    0.18	          3	            0	           42	       0	       0	       0	       0	       0	       0	       1	       7	      11
      13	321	342	    0.02	          2	            0	           51	       3	       4	       8	       8	       5	       6	       6	       9	       9
      14	 49	246	     0.2	          1	            0	            9	       4	       5	       6	       5	       5	       4	       3	       4	       4
      15	274	 89	    0.13	          8	            0	           20	       3	       5	       6	       6	       5	       3	       3	       5	       5
      16	  4	306	    0.06	         12	            0	           85	       4	       4	       9	      10	       9	       5	       4	       5	       8
      17	227	176	    0.04	          4	            0	           36	       4	       6	       6	       8	       5	       4	       5	       7	       8
      18	220	 44	    0.26	          1	            0	           39	       3	       4	       5	       5	       5	       4	       3	       5	       6
      19	193	317	    0.08	          2	            0	           70	       4	       5	       9	       6	       3	       4	       5	       8	       9
      20	 65	159	    0.07	          9	            0	           37	       4	       5	       6	       5	       4	       3	       4	       4	       6
      21	458	232	    0.11	          3	            0	           37	       3	       3	       5	       6	       8	       6	       6	       6	       6
      22	271	 44	     0.1	          4	            0	           26	       3	       4	       5	       6	       5	       6	       4	       4	       3
      23	 93	374	    0.15	          1	            0	           45	       0	       1	       3	       3	       1	       4	       6	       8	       8
      24	201	377	    0.03	          6	            0	           51	       0	       0	       3	       2	       4	       3	       3	       5	      11
      25	409	152	    0.04	         15	            0	           45	       2	       5	       4	       8	       5	       5	       5	       5	       7
COST_MATRIX 
	  0	  1	  2	  3	  4	  5	  6	  7	  8	  9	 10	 11	 12	 13	 14	 15	 16	 17	 18	 19	 20	 21	 22	 23	 24	 25
  0
  1	 78
  2	 30	 74
  3	 74	 15	 64
  4	 50	108	 35	 98
  5	 96	 27	 84	 23	117
  6	 76	 99	103	107	125	125
  7	 82	124	 59	111	 35	125	158
  8	 77	104	 49	 91	 42	103	152	 24
  9	 35	 67	 58	 70	 84	 91	 46	115	107
 10	153	125	125	112	134	104	213	114	 95	169
 11	159	 82	153	 90	187	 71	161	196	174	143	149
 12	131	123	102	108	105	108	199	 81	 64	154	 36	165
 13	112	 43	 98	 39	128	 17	142	133	110	108	 96	 65	104
 14	 87	134	 67	122	 38	137	163	 12	 36	121	124	207	 90	145
 15	 51	 87	 79	 92	100	112	 26	133	127	 24	193	158	177	129	138
 16	123	158	 99	145	 75	156	199	 42	 55	156	114	224	 79	160	 38	174
 17	 18	 61	 31	 57	 61	 80	 73	 89	 79	 28	145	142	127	 96	 96	 50	130
 18	 58	117	 87	119	 96	141	 49	131	132	 51	210	192	189	158	133	 36	170	 67
 19	 81	 69	 54	 54	 73	 61	143	 69	 46	 98	 73	130	 58	 66	 81	121	 95	 73	138
 20	 67	135	 62	126	 31	146	135	 50	 66	100	160	215	128	158	 45	111	 80	 82	 97	102
 21	136	 73	141	 87	176	 82	112	195	176	109	183	 61	189	 88	205	117	230	119	152	140	200
 22	 68	109	 97	114	113	135	 24	147	144	 46	214	178	197	152	151	 23	188	 70	 26	142	118	133
 23	121	126	 92	112	 88	116	193	 60	 47	147	 59	179	 24	116	 68	169	 57	120	177	 58	109	196	188
 24	111	 84	 84	 70	100	 66	169	 89	 66	125	 44	125	 42	 63	101	149	105	102	167	 31	129	148	171	 55
 25	106	 71	120	 85	152	 92	 66	178	164	 74	195	102	192	105	187	 75	217	 92	109	136	173	 47	 88	194	154
