nVehicles:   94
nDepots:      1
nCustomers: 100
nPeriods:     9
VEHICLE_TYPE	FLEET_SIZE	CAPACITY
           1	        94	       8	
DEPOT   	X  	Y  	INV_COST	INITIAL_INV 	MIN_LEVEL_INV 	MAX_LEVEL_INV	PRODUCTION_0	PRODUCTION_1	PRODUCTION_2	PRODUCTION_3	PRODUCTION_4	PRODUCTION_5	PRODUCTION_6	PRODUCTION_7	PRODUCTION_8
       0	198	137	       0	        882	            0	         6274	         698	         698	         698	         698	         698	         698	         698	         698	         698	
CUSTOMER	X  	Y  	INV_COST	INITIAL_INV	MIN_LEVEL_INV 	MAX_LEVEL_INV	DEMAND_0	DEMAND_1	DEMAND_2	DEMAND_3	DEMAND_4	DEMAND_5	DEMAND_6	DEMAND_7	DEMAND_8
       1	215	243	    0.26	         13	            0	           23	       9	       7	       6	       6	       5	       8	       9	      10	       9
       2	392	468	    0.11	          4	            0	           29	       6	       4	       3	       4	       4	       5	       5	       4	       3
       3	 12	 49	    0.01	         11	            0	           24	      10	      10	       7	       5	       9	      12	       9	       9	       7
       4	310	171	    0.22	          2	            0	           35	       5	       6	       4	       4	       4	       5	       6	       6	       4
       5	 45	354	    0.17	         12	            0	           73	      11	       8	       7	       6	       8	       9	      11	       8	       6
       6	240	364	    0.02	          5	            0	           32	       8	       9	       6	       5	       6	      10	       8	       7	       5
       7	482	 30	    0.29	         11	            0	           38	      10	       9	       8	       6	       6	       8	       8	       9	      11
       8	495	 21	    0.05	         11	            0	           43	       6	       6	       4	       4	       7	       8	       4	       5	       6
       9	232	372	    0.01	         13	            0	           55	       8	       7	       4	       6	       8	       7	       6	       6	       6
      10	345	 46	    0.23	          2	            0	           39	       6	       5	       4	       4	       6	       7	       7	       5	       4
      11	411	281	    0.15	         13	            0	           31	       7	       7	       4	       5	       9	       9	       5	       5	       5
      12	 47	104	    0.29	         16	            0	           46	      14	      11	       7	       7	      10	      12	      10	       7	       8
      13	443	118	    0.14	         18	            0	           58	      13	       7	       5	       7	       9	       9	       6	       6	       7
      14	372	 28	    0.24	          2	            0	           38	       8	       5	       5	       4	       4	       7	       8	       7	       4
      15	422	  3	    0.19	         19	            0	           47	      10	       9	       8	       8	       9	      13	      10	       9	       6
      16	166	464	    0.19	          9	            0	           15	       7	       6	       4	       5	       5	       6	       7	       6	       5
      17	  5	207	    0.28	         20	            0	           22	      12	       9	       7	       6	      10	      11	      13	       9	       9
      18	 49	285	    0.13	         17	            0	           49	       9	       8	       6	       8	      12	      12	       8	       6	       7
      19	349	 75	    0.21	         10	            0	           62	      11	       7	       6	       5	       7	       7	      11	       8	       7
      20	446	102	    0.06	          6	            0	           41	       8	       7	       6	       5	       7	       8	      11	       6	       6
      21	106	319	    0.12	         12	            0	           26	       6	       7	       5	       4	       5	       6	       7	       8	       6
      22	106	332	     0.3	         11	            0	           20	       9	      10	       7	       6	       6	       9	      12	      10	       8
      23	148	161	    0.14	          7	            0	           42	       7	       4	       4	       3	       4	       5	       5	       5	       5
      24	183	160	    0.27	         11	            0	           29	      10	       7	       5	       7	      12	      10	       9	       7	       9
      25	 75	195	    0.22	          3	            0	           19	       9	       7	       6	       5	       7	       9	      11	       9	       7
      26	352	380	    0.14	          5	            0	           10	       5	       4	       4	       3	       3	       4	       5	       6	       7
      27	278	383	    0.25	          9	            0	           54	       7	       6	       5	       5	       9	       8	       6	       5	       7
      28	212	435	    0.04	         12	            0	           13	       9	       6	       5	       5	       5	       8	       7	       9	       7
      29	147	388	    0.16	         22	            0	           51	      11	      12	       9	       6	       8	       9	      10	      13	      10
      30	315	485	    0.02	          9	            0	           37	       6	       5	       4	       4	       4	       4	       5	       6	       4
      31	 31	289	    0.28	         14	            0	           40	       7	       8	       4	       4	       6	       8	       9	       6	       5
      32	102	 36	    0.13	         20	            0	           43	      12	      11	       7	       7	       8	      12	      11	       8	       6
      33	321	338	    0.21	          4	            0	           35	       9	       5	       5	       6	       6	       8	       6	       7	       5
      34	 59	269	    0.08	          8	            0	           28	      12	       9	       6	       8	       9	      10	       9	       7	       7
      35	460	392	       0	          8	            0	           43	       7	       7	       5	       4	       5	       6	       7	       9	       8
      36	120	359	     0.2	          9	            0	           34	       8	       7	       5	       6	       9	       8	       8	       5	       4
      37	 66	195	    0.29	         15	            0	           27	      10	       9	       9	       6	       8	       7	      11	      10	      12
      38	272	131	    0.23	          2	            0	           46	       8	       6	       4	       4	       4	       7	       7	       7	       5
      39	157	410	    0.22	         11	            0	           55	      11	      11	       9	       7	       7	       6	       9	       9	      12
      40	436	168	    0.21	          5	            0	           70	      10	       9	       6	       6	       5	       8	      10	      10	       7
      41	396	177	    0.17	          3	            0	           30	       7	       7	       5	       5	       6	       7	       9	       9	       6
      42	228	401	    0.26	          8	            0	           28	       5	       5	       4	       3	       5	       6	       4	       3	       4
      43	442	223	    0.07	         13	            0	           28	       9	       7	       5	       6	       8	       9	       6	       4	       7
      44	436	362	    0.26	          6	            0	           26	       5	       4	       4	       3	       4	       5	       5	       5	       6
      45	145	129	    0.24	          6	            0	           38	       6	       5	       4	       4	       4	       4	       6	       6	       4
      46	 47	151	    0.29	         17	            0	           20	      10	       8	       6	       9	      11	      11	      10	       8	      10
      47	412	241	    0.29	         10	            0	           34	       6	       6	       5	       5	       4	       5	       7	       6	       6
      48	469	314	    0.23	          2	            0	           29	       9	       6	       6	       5	       7	      11	       9	       6	       7
      49	216	480	    0.23	          5	            0	           33	       6	       4	       4	       4	       6	       6	       4	       3	       4
      50	 68	326	    0.23	          5	            0	           25	       7	       6	       5	       4	       5	       6	       7	       8	       7
      51	327	317	    0.06	          3	            0	           37	       6	       5	       4	       4	       5	       5	       6	       4	       3
      52	211	147	    0.18	         12	            0	           46	       7	       7	       5	       6	       7	       7	       7	       5	       6
      53	151	 96	    0.26	         13	            0	           33	       8	       6	       4	       6	       6	       6	       4	       4	       5
      54	 48	500	    0.18	          1	            0	           31	       7	       8	       5	       4	       6	       6	       8	       6	       5
      55	435	 50	    0.11	          6	            0	           19	       7	       5	       4	       3	       4	       4	       5	       5	       6
      56	370	444	    0.28	         13	            0	           36	       9	       9	       6	       6	       9	      10	       6	       7	       7
      57	252	188	    0.18	          1	            0	           29	       6	       5	       3	       4	       3	       6	       6	       5	       5
      58	419	393	    0.11	          8	            0	           61	      11	       7	       5	       6	       8	       9	       9	       6	       5
      59	415	457	     0.1	         19	            0	           40	      10	       9	       6	       7	      10	      10	       7	       6	       7
      60	117	335	    0.28	         10	            0	           34	       5	       5	       4	       3	       4	       4	       6	       6	       4
      61	 88	315	    0.24	          7	            0	           22	       9	       9	       5	       7	       9	      11	       6	       6	       8
      62	109	  1	    0.23	         11	            0	           14	       6	       5	       4	       5	       6	       8	       6	       6	       5
      63	265	144	    0.03	          4	            0	           24	       8	       6	       4	       3	       6	       6	       7	       8	       5
      64	194	 62	    0.16	         19	            0	           71	       8	      10	       6	       5	       6	       5	       7	      10	       9
      65	119	330	    0.18	         13	            0	           29	       8	       6	       3	       3	       3	       6	       8	       5	       6
      66	349	466	    0.17	          8	            0	           49	       5	       6	       1	       2	       5	       7	       7	       6	       7
      67	274	 94	    0.21	          2	            0	           18	       8	       8	       4	       5	       6	       8	       7	       6	       4
      68	464	382	    0.04	         11	            0	           72	       8	       9	       6	       3	       4	       5	       7	      10	      12
      69	 58	193	    0.14	          2	            0	           74	       0	       0	       0	       0	       0	       3	       5	       4	       6
      70	246	330	    0.19	          7	            0	           61	       5	       7	       5	       2	       2	       3	       8	       9	      11
      71	 36	124	    0.25	         12	            0	           31	       7	       5	       4	       4	       7	       8	       5	       5	       4
      72	 76	380	    0.04	         13	            0	           61	       7	       3	       2	       3	       6	       6	       4	       5	       8
      73	 28	424	    0.17	          8	            0	           22	       7	       6	       4	       4	       6	       6	       7	       5	       4
      74	239	247	    0.01	          6	            0	           70	       6	       3	       3	       2	       4	       6	       7	       8	       5
      75	324	178	    0.07	          3	            0	           27	       2	       3	       1	       0	       3	       6	       7	       7	       7
      76	322	494	     0.2	         14	            0	           56	      12	       8	       6	       6	       5	       5	       8	      11	      11
      77	352	360	    0.23	          5	            0	           34	       6	       6	       5	       4	       4	       5	       5	       6	       6
      78	164	466	    0.04	          8	            0	           24	       6	       6	       4	       2	       3	       3	       7	       6	       8
      79	259	261	     0.2	          2	            0	           67	       4	       4	       1	       1	       5	       6	       6	       7	       6
      80	480	495	    0.06	          7	            0	           40	       5	       4	       4	       4	       4	       5	       6	       4	       4
      81	160	107	    0.27	          3	            0	           20	       0	       0	       0	       0	       3	       3	       2	       2	       7
      82	 74	170	    0.06	          1	            0	           44	       6	       6	       4	       4	       4	       6	       6	       7	       9
      83	151	213	     0.1	          4	            0	           20	       6	       4	       4	       3	       4	       6	       5	       4	       4
      84	375	393	    0.07	          7	            0	           18	       5	       5	       4	       4	       5	       6	       6	       4	       4
      85	446	  6	    0.21	         20	            0	           41	       7	       9	       5	       4	       5	       6	       7	       8	      10
      86	 79	488	    0.26	          3	            0	           27	       6	       5	       4	       4	       5	       8	       7	       6	       5
      87	447	256	    0.05	         17	            0	           18	       3	       4	       0	       1	       2	       6	       6	       5	       7
      88	225	383	    0.08	          9	            0	           21	       7	       5	       4	       4	       6	       8	       5	       4	       5
      89	177	293	    0.04	         15	            0	           23	       7	       6	       3	       4	       6	       8	       6	       5	       7
      90	496	483	    0.23	          1	            0	           28	       6	       5	       4	       3	       3	       4	       6	       5	       5
      91	272	  7	    0.15	          5	            0	           19	       6	       5	       3	       4	       6	       6	       4	       4	       4
      92	430	101	    0.11	          5	            0	           42	       8	       7	       5	       5	       8	      10	       7	       4	       5
      93	306	403	     0.1	         11	            0	           62	       6	       6	       3	       2	       3	       6	       8	       7	       5
      94	402	 84	    0.13	         16	            0	           61	       5	       4	       3	       3	       5	       6	       7	       7	       6
      95	479	398	    0.02	          3	            0	           24	       4	       4	       2	       1	       2	       3	       6	       6	       7
      96	353	473	    0.29	         16	            0	           71	       4	       2	       0	       0	       1	       4	       5	       9	       8
      97	251	471	    0.28	          7	            0	           42	       6	       6	       5	       4	       4	       6	       7	       7	       7
      98	344	256	    0.25	          7	            0	           39	       8	       5	       3	       5	       6	       7	       5	       5	       4
      99	128	 18	    0.16	         14	            0	           72	       7	       7	       5	       4	       4	       7	       6	       9	       6
     100	109	241	    0.24	          7	            0	           17	       7	       6	       5	       4	       4	       6	       7	       6	       6
COST_MATRIX 
	  0	  1	  2	  3	  4	  5	  6	  7	  8	  9	 10	 11	 12	 13	 14	 15	 16	 17	 18	 19	 20	 21	 22	 23	 24	 25	 26	 27	 28	 29	 30	 31	 32	 33	 34	 35	 36	 37	 38	 39	 40	 41	 42	 43	 44	 45	 46	 47	 48	 49	 50	 51	 52	 53	 54	 55	 56	 57	 58	 59	 60	 61	 62	 63	 64	 65	 66	 67	 68	 69	 70	 71	 72	 73	 74	 75	 76	 77	 78	 79	 80	 81	 82	 83	 84	 85	 86	 87	 88	 89	 90	 91	 92	 93	 94	 95	 96	 97	 98	 99	100
  0
  1	 54
  2	192	144
  3	103	141	283
  4	 59	 60	155	162
  5	133	102	183	154	162
  6	116	 62	 93	195	103	 98
  7	152	171	224	236	112	273	207
  8	160	179	230	242	120	280	214	  8
  9	119	 66	 94	196	108	 94	  6	212	220
 10	 87	119	213	167	 65	215	168	 69	 77	173
 11	129	100	 94	231	 75	187	 96	131	137	101	123
 12	 78	110	251	 33	136	126	162	221	228	163	152	203
 13	123	131	177	219	 72	232	160	 49	 56	166	 61	 84	199
 14	103	134	221	181	 78	231	181	 56	 62	186	 17	128	167	 58
 15	131	159	233	207	101	258	203	 33	 38	208	 45	140	195	 59	 28
 16	165	114	114	222	164	 82	 63	269	276	 57	228	153	190	222	242	264
 17	103	107	234	 80	154	 77	142	255	263	141	189	207	 56	224	205	233	152
 18	106	 86	195	120	143	 35	104	252	260	102	191	182	 91	214	207	234	107	 45
 19	 82	108	198	170	 52	207	155	 71	 78	160	 15	108	152	 52	 27	 52	215	185	184
 20	126	136	185	219	 77	237	167	 41	 48	173	 58	 92	200	  9	 53	 51	229	227	219	 51
 21	102	 67	162	143	127	 36	 71	238	246	 69	182	154	112	197	198	224	 79	 76	 34	173	202
 22	108	 71	159	150	130	 33	 69	242	250	 67	187	155	118	200	202	229	 73	 81	 37	177	206	  7
 23	 28	 53	197	 89	 82	110	112	180	188	114	115	145	 58	150	131	159	152	 76	 80	110	152	 82	 89
 24	 14	 45	187	102	 64	120	106	164	171	109	100	130	 74	132	116	143	153	 93	 92	 94	135	 89	 95	 18
 25	 68	 75	210	 80	119	 81	119	220	228	119	155	174	 48	188	171	199	142	 36	 47	150	192	 64	 71	 41	 57
 26	144	 97	 49	238	107	155	 57	187	194	 61	168	 58	206	139	177	192	103	194	159	153	147	127	126	150	139	167
 27	130	 77	 72	214	108	118	 22	204	212	 24	172	 84	182	157	184	204	 70	163	125	159	164	 92	 90	129	122	139	 38
 28	150	 97	 92	218	141	 93	 39	244	251	 34	206	126	185	197	219	241	 28	154	111	193	204	 79	 74	141	139	139	 76	 43
 29	129	 81	129	183	136	 54	 49	246	253	 44	198	143	151	201	213	237	 40	116	 72	187	207	 41	 35	114	116	103	103	 66	 41
 30	184	131	 40	266	158	151	 72	243	249	 71	221	113	233	195	231	247	 76	209	167	206	203	134	130	183	176	189	 56	 55	 58	 97
 31	113	 95	202	121	152	 34	112	261	268	109	199	191	 93	224	215	243	111	 44	 10	192	228	 41	 44	 87	100	 52	167	133	117	 77	173
 32	 70	118	261	 46	124	162	178	191	197	181	122	198	 44	176	136	161	217	 99	128	126	176	142	149	 67	 75	 81	213	195	207	178	249	132
 33	118	 72	 75	212	 84	139	 43	174	181	 48	147	 54	181	126	158	175	100	172	139	133	134	108	108	124	113	143	 27	 32	 73	 91	 74	148	187
 34	 96	 80	194	113	135	 44	103	243	251	101	182	177	 83	207	198	226	112	 42	 10	175	211	 35	 40	 70	 83	 38	157	124	113	 75	168	 18	119	136
 35	183	144	 51	283	134	209	111	182	187	115	183	 61	252	138	188	196	152	246	213	168	146	181	180	195	181	217	 55	 92	126	157	 87	221	253	 75	210
 36	118	 75	147	165	134	 38	 61	245	253	 57	193	151	133	202	209	234	 58	 96	 52	183	208	 22	 16	100	105	 86	117	 80	 60	 20	117	 57	162	102	 55	171
 37	 73	 79	213	 78	123	 81	122	224	232	122	159	178	 47	193	175	203	144	 32	 46	154	196	 66	 72	 45	 62	  5	171	142	141	105	192	 51	 82	147	 38	221	 87
 38	 38	 63	179	137	 28	160	118	117	125	123	 57	103	114	 86	 72	 99	175	139	136	 48	 89	126	131	 64	 47	104	131	127	155	143	179	145	 98	107	127	161	138	108
 39	139	 89	122	195	142	 63	 48	251	258	 43	205	143	163	205	220	243	 28	127	 83	194	212	 53	 47	125	126	116	 99	 62	 31	 13	 88	 88	190	 90	 86	152	 32	117	151
 40	121	117	152	221	 64	217	139	 73	 80	145	 77	 58	198	 26	 77	 83	201	217	203	 64	 34	182	185	145	127	182	115	134	175	182	170	212	180	103	196	113	185	186	 85	185
 41	102	 97	146	203	 44	197	122	 86	 93	128	 71	 53	179	 38	 76	 88	184	197	182	 57	 46	162	165	125	107	161	104	119	159	164	160	191	164	 89	175	113	166	166	 67	167	 21
 42	133	 80	 89	207	123	 95	 20	225	233	 15	187	110	174	178	200	222	 45	148	107	174	186	 74	 71	127	123	129	 63	 27	 19	 42	 61	114	194	 57	108	117	 58	132	137	 36	157	141
 43	130	114	126	232	 71	210	124	 99	105	129	101	 33	207	 53	104	111	184	219	199	 88	 61	175	177	151	134	185	 91	115	157	170	146	209	195	 84	193	 85	175	189	 97	171	 28	 33	140
 44	164	126	 58	264	115	196	 99	168	174	103	165	 43	234	123	171	180	145	230	198	150	131	167	166	176	162	199	 43	 80	118	146	 87	206	234	 59	195	 20	159	203	142	142	 98	 95	106	 70
 45	 27	 67	210	 78	 86	124	127	176	184	130	109	154	 51	150	125	153	168	 81	 92	106	152	 97	104	 17	 25	 49	163	144	157	130	198	 99	 52	137	 83	206	116	 52	 64	141	147	128	143	156	187
 46	 76	 96	235	 54	132	102	144	226	234	145	158	194	 24	199	174	202	168	 36	 68	156	201	 90	 96	 51	 69	 27	191	164	165	129	215	 70	 64	166	 60	240	111	 24	113	141	195	175	155	201	222	 51
 47	119	 99	114	222	 62	193	106	112	118	112	104	 21	195	 64	109	120	167	205	183	 89	 72	158	160	138	122	171	 76	 98	140	152	132	193	186	 67	178	 80	158	175	 90	153	 39	 33	122	 18	 62	145	188
 48	162	132	 87	265	107	213	118	143	148	122	148	 34	236	 99	152	158	170	239	211	134	107	182	182	178	163	206	 68	102	143	166	116	220	231	 75	207	 40	176	211	135	164	 75	 78	129	 48	 30	187	227	 47
 49	172	119	 89	239	162	107	 60	262	269	 55	227	140	207	214	240	260	 27	173	129	214	222	 98	 93	164	161	159	 85	 58	 23	 58	 50	133	230	 89	132	130	 78	162	177	 46	191	177	 40	172	125	180	185	155	152
 50	115	 85	177	142	144	 19	 89	255	263	 86	197	173	112	215	213	240	 85	 68	 23	189	220	 20	 20	 92	101	 66	145	109	 91	 51	147	 27	146	127	 29	199	 31	 66	142	 62	201	181	 89	194	185	106	 89	178	201	107
 51	111	 68	 83	207	 74	143	 50	164	171	 55	136	 46	176	116	147	165	110	171	140	122	123	111	111	119	107	140	 34	 42	 83	 97	 85	149	180	 11	137	 77	106	145	 97	 97	 93	 79	 65	 75	 59	131	163	 58	 72	 99	130
 52	  9	 49	185	111	 51	133	110	148	156	113	 84	121	 85	117	101	128	161	108	107	 78	120	101	107	 33	 16	 73	137	123	145	125	177	115	 78	111	 98	175	116	 77	 32	135	113	 94	128	122	156	 35	 83	111	154	167	115	103
 53	 32	 81	222	 74	 88	140	142	169	177	144	101	160	 53	147	116	144	185	 92	108	100	148	114	121	 33	 36	 63	174	157	173	147	212	114	 39	148	 98	214	133	 66	 63	158	147	130	158	159	195	 17	 59	150	193	195	123	142	 40
 54	197	154	173	227	211	 74	118	320	328	113	272	212	199	275	287	312	 62	149	108	261	282	 96	 89	177	183	154	164	130	 89	 75	134	106	234	159	116	213	 80	153	216	 71	256	238	103	241	206	192	175	224	231	 85	 88	167	195	209
 55	127	147	211	212	 87	248	185	 26	 34	191	 46	117	196	 35	 34	 25	247	229	226	 45	 27	213	217	154	138	195	171	185	223	223	226	235	167	155	218	172	221	199	 92	228	 60	 67	204	 87	157	151	201	 97	134	242	230	145	123	144	297
 56	176	127	 17	267	140	169	 77	215	221	 78	200	 85	235	168	209	223	103	218	180	185	176	147	144	180	171	194	 34	 56	 80	115	 35	187	245	 59	179	 52	133	197	164	108	142	135	 75	117	 53	194	219	104	 82	 80	163	 68	169	206	164	200
 57	 38	 34	157	139	 31	133	 89	140	148	 93	 85	 93	111	102	101	126	145	124	113	 75	107	 99	103	 54	 38	 89	109	 99	126	113	152	122	107	 83	105	146	109	 94	 31	121	 93	 73	108	 97	127	 62	105	 85	126	148	116	 75	 29	 69	187	115	141
 58	170	127	 40	267	124	189	 91	185	190	 95	178	 57	236	139	185	196	132	227	193	163	147	161	160	179	166	199	 35	 71	106	137	 70	201	239	 57	191	 21	151	203	151	132	113	109	 96	 86	 18	191	222	 77	 47	111	179	 60	162	201	194	172	 36	133
 59	194	147	 13	287	153	193	100	217	222	101	209	 89	255	171	216	228	125	241	203	194	179	170	167	200	189	215	 50	 78	103	139	 52	210	263	 76	202	 40	156	219	178	132	145	141	 98	118	 49	213	240	109	 77	101	186	 83	186	224	185	204	 24	158	 33
 60	107	 68	153	153	127	 38	 64	238	246	 61	185	150	121	196	200	226	 69	 86	 43	175	202	 10	  6	 89	 94	 74	120	 85	 69	 31	125	 49	150	103	 44	174	 13	 75	129	 43	181	161	 65	172	161	104	 99	155	177	 88	 25	106	106	121	 90	214	138	100	154	162
 61	105	 73	171	139	133	 30	 80	244	252	 78	187	163	108	203	202	229	 85	 69	 25	178	209	 10	 13	 83	 91	 61	136	101	 87	 47	142	 32	140	118	 28	190	 28	 62	131	 59	189	169	 83	183	176	 98	 85	167	191	105	 12	120	105	114	 95	219	156	104	171	179	 18
 62	 82	133	274	 55	132	180	193	188	194	196	121	206	 61	177	133	157	234	116	146	126	176	160	166	 83	 88	 99	226	209	224	195	264	150	 18	200	137	263	180	100	105	206	184	169	209	201	244	 67	 82	194	239	246	164	192	 90	 52	252	165	258	118	250	275	168	158
 63	 34	 56	175	136	 27	153	111	123	131	116	 64	101	111	 90	 79	106	168	134	129	 55	 93	119	124	 60	 42	 99	126	120	148	136	173	138	 98	101	121	158	130	103	  8	144	 87	 68	130	 97	139	 61	110	 89	133	170	135	 92	 28	 62	209	 98	159	 23	147	174	121	124	106
 64	 38	 92	226	 92	 80	164	153	145	152	157	 76	155	 77	128	 91	118	202	120	133	 78	128	136	142	 55	 50	 90	178	166	187	165	220	140	 48	152	124	212	154	 93	 53	175	133	117	171	148	193	 42	 86	142	187	210	147	144	 44	 28	231	121	211	 70	201	227	142	138	 53	 55
 65	105	 65	153	151	125	 39	 63	236	244	 61	182	149	119	194	197	223	 72	 84	 42	172	200	  9	  7	 86	 91	 71	120	 84	 71	 33	125	 49	148	102	 43	174	 15	 73	126	 45	178	159	 66	171	160	102	 97	154	176	 90	 26	105	103	119	 93	212	138	 98	154	162	  3	 18	165	119	140
 66	181	131	 22	269	149	162	 75	228	235	 76	211	 98	236	181	220	235	 92	216	176	196	189	143	139	183	175	193	 44	 55	 71	109	 20	182	248	 66	176	 67	127	196	172	101	156	147	 69	131	 68	197	219	117	 97	 67	157	 76	174	210	152	213	 16	148	 51	 34	134	151	262	167	217	134
 67	 44	 81	197	133	 43	174	137	109	117	141	 43	116	114	 86	 60	 87	193	146	148	 39	 87	141	146	 72	 57	112	149	145	174	161	197	156	 91	125	139	176	154	116	 19	169	 90	 74	156	106	157	 67	118	101	147	196	156	115	 42	 62	233	 84	182	 49	167	195	144	145	 95	 26	 44	142	190
 68	181	143	 57	281	131	210	113	177	182	117	179	 58	251	133	183	191	155	246	214	164	141	182	181	193	180	216	 57	 94	129	159	 91	222	251	 75	211	  6	173	220	159	155	108	108	119	 81	 18	204	239	 76	 35	134	200	 76	173	212	217	167	 57	144	 24	 45	176	191	261	156	210	175	 72	173
 69	 76	 83	217	 76	127	 81	125	228	235	125	162	182	 45	197	178	206	146	 28	 47	158	200	 68	 74	 48	 65	  9	175	146	144	108	195	 50	 82	151	 39	225	 89	  5	112	120	190	170	135	193	208	 55	 22	179	215	164	 67	149	 80	 68	154	202	201	 98	207	223	 77	 63	100	107	 95	 75	200	119	224
 70	100	 47	101	183	 86	102	 18	191	199	 23	151	 87	151	145	164	186	 79	136	102	138	152	 71	 71	 98	 91	109	 59	 31	 56	 58	 85	110	164	 38	 99	112	 65	113	101	 60	125	108	 37	112	 97	113	134	 95	112	 77	 90	 42	 94	127	131	169	 85	 72	 93	106	 65	 80	179	 94	137	 64	 86	119	113	117
 71	 82	108	248	 40	140	116	158	228	236	159	160	204	 12	204	175	203	183	 45	 81	159	206	104	110	 59	 76	 41	204	178	179	144	229	 83	 56	179	 74	251	125	 39	119	156	202	182	169	209	233	 55	 15	197	237	200	103	175	 89	 60	189	203	232	113	235	253	114	 99	 72	115	 85	112	232	120	250	 37	148
 72	136	 98	165	169	157	 21	 83	269	276	 79	215	175	139	226	230	256	 62	 94	 50	205	232	 34	 29	116	123	 93	139	102	 74	 36	131	 51	173	125	 57	193	 25	 93	159	 44	209	190	 77	200	181	131	116	182	200	 87	 28	130	135	147	 62	244	151	131	172	174	 31	 34	191	152	170	 33	144	174	195	 94	 89	130
 73	167	131	184	188	190	 37	111	301	309	106	247	205	161	258	263	289	 72	110	 71	238	264	 66	 61	145	154	117	164	127	 93	 63	147	 68	198	153	 80	217	 57	117	191	 65	241	222	101	231	207	159	137	213	228	 99	 53	159	166	176	 40	277	172	163	197	195	 63	 63	216	184	200	 66	162	206	220	117	119	151	 33
 74	 59	 13	135	151	 53	111	 59	163	171	 63	114	 88	120	121	129	153	115	119	 97	103	127	 76	 79	 63	 52	 87	 88	 71	 95	 85	125	107	126	 62	 91	133	 82	 91	 61	 92	107	 86	 78	103	115	 76	108	 87	120	118	 95	 57	 52	 88	159	139	119	 31	116	138	 76	 83	140	 54	 96	 73	123	 79	132	 95	 42	119	106	138
 75	 67	 64	149	169	  8	165	103	109	117	108	 67	 68	144	 67	 79	101	164	161	148	 53	 72	130	134	 89	 72	125	102	106	141	138	154	157	132	 81	141	127	137	130	 36	143	 57	 37	122	 64	108	 93	140	 55	100	161	148	 70	 59	 96	213	 85	135	 37	118	147	130	137	140	 35	 88	128	145	 49	124	134	 86	147	160	193	 55
 76	189	137	 38	272	162	156	 77	246	252	 76	225	116	239	198	235	251	 80	214	172	210	206	139	136	188	181	194	 59	 60	 63	103	  6	178	255	 79	174	 86	122	197	184	 93	173	163	 67	149	 88	203	220	135	117	 54	153	 89	183	217	138	230	 35	157	 71	 51	130	148	269	178	226	131	 20	202	 91	201	 91	234	136	152	131	159
 77	136	 91	 58	231	 97	154	 57	178	184	 61	158	 50	200	130	167	182	107	190	157	143	138	125	124	143	131	162	 11	 39	 80	104	 66	165	205	 20	154	 57	117	166	122	101	105	 95	 66	 82	 43	156	185	 67	 63	 91	144	 25	128	166	168	161	 43	100	 38	 58	119	134	217	117	169	118	 54	139	 58	170	 56	198	139	166	 80	 93	 69
 78	166	115	115	222	165	 82	 64	270	278	 59	229	155	191	224	243	266	  2	152	108	217	231	 80	 74	153	154	143	104	 71	 29	 40	 77	111	218	102	112	153	 58	145	176	 29	202	186	 46	185	146	169	169	168	171	 27	 85	111	162	186	 61	249	104	146	133	126	 70	 85	235	169	203	 72	 93	194	156	147	 80	183	 62	 72	116	165	 81	108
 79	 70	 24	124	163	 52	117	 53	161	169	 58	116	 77	132	117	130	153	112	130	106	104	123	 82	 85	 75	 64	 98	 76	 62	 91	 85	116	115	138	 50	101	120	 86	102	 66	 91	100	 81	 72	 94	102	 88	120	 78	109	112	101	 45	 62	 99	160	138	108	 37	104	126	 81	 90	151	 59	105	 79	112	 84	120	107	 36	131	110	142	 13	 53	121	 68	113
 80	228	183	 47	324	183	229	137	233	238	139	235	113	292	190	240	248	158	278	240	220	198	207	204	236	224	253	 87	116	138	175	 83	248	298	112	239	 53	193	256	210	167	165	165	135	138	 71	249	277	132	 91	133	223	118	220	259	217	224	 61	192	 60	 38	199	216	309	206	260	199	 68	226	 58	260	144	290	211	229	173	177	 80	 94	159	161
 81	 25	 74	215	 80	 82	137	135	166	173	138	 98	153	 57	142	114	141	179	 93	105	 96	144	110	116	 28	 29	 62	167	151	167	141	205	112	 46	141	 96	207	128	 65	 58	152	142	124	151	153	188	 14	 61	143	186	189	119	135	 33	  8	205	141	199	 62	193	217	117	111	 59	 56	 29	114	203	 58	205	 67	120	 63	143	172	 81	 90	210	159	180	 92	252
 82	 65	 80	218	 68	119	 94	128	216	224	129	150	178	 36	187	166	193	155	 40	 59	146	190	 77	 83	 38	 55	 13	175	148	150	115	199	 64	 69	150	 51	223	 98	 14	101	127	182	162	139	186	205	 41	 17	173	211	171	 79	147	 70	 54	166	191	202	 90	206	223	 86	 73	 87	 97	 81	 84	203	107	222	 15	118	 30	106	130	 92	126	205	169	155	104	261	 54
 83	 45	 36	176	108	 83	 89	 88	190	197	 90	128	135	 76	154	145	172	126	 74	 63	121	158	 58	 64	 27	 31	 40	131	107	116	 88	159	 72	 92	106	 54	179	 75	 44	 74	 99	145	124	102	146	161	 43	 61	132	167	138	 71	103	 45	 59	153	164	160	 53	162	180	 64	 60	109	 67	 79	 61	161	 86	178	 48	 76	 73	 92	123	 48	 89	165	125	127	 60	217	 54	 45
 84	156	110	 39	251	116	167	 70	190	196	 73	175	 59	219	142	183	197	111	208	172	160	150	140	138	163	151	180	 14	 49	 85	115	 55	180	225	 39	170	 43	129	184	141	110	117	109	 74	 92	 35	176	204	 79	 62	 91	158	 45	148	187	173	175	 26	120	 23	 38	133	149	237	137	189	132	 39	158	 45	188	 72	217	150	175	100	111	 58	 21	112	 88	 74	179	188	144
 85	141	166	233	219	107	266	207	 22	 26	212	 55	139	206	 57	 39	 13	269	243	243	 60	 49	232	236	168	153	209	193	207	245	243	249	252	173	178	234	194	241	213	108	249	 82	 90	226	109	179	163	213	119	155	264	248	167	138	155	318	 23	223	134	194	227	233	237	169	114	130	231	236	 97	189	216	191	214	264	296	159	106	252	184	270	159	246	152	204	181	197
 86	186	141	157	223	197	 70	102	306	313	 97	258	196	193	260	273	298	 46	146	103	247	267	 86	 80	168	173	147	147	113	 72	 61	119	103	227	143	110	197	 68	147	203	 56	240	223	 87	225	190	183	170	208	214	 69	 82	151	183	200	 17	283	148	174	177	169	 79	 87	244	196	221	 82	136	220	200	148	115	184	 55	 41	145	198	122	151	 44	145	201	195	160	143	156	303
 87	138	117	110	241	 81	207	117	115	120	123	117	 22	214	 70	121	128	175	223	200	103	 78	174	175	157	141	189	 79	106	148	164	133	209	205	 76	195	 69	172	193	108	165	 45	 48	132	 17	 54	164	207	 20	 32	161	193	 68	130	169	234	104	102	104	 70	102	170	182	212	107	160	169	116	119	 64	198	108	216	196	226	105	 73	135	 71	177	 95	121	162	192	150	 78	126	218
 88	124	 71	 94	199	115	 92	 13	219	226	  7	179	107	166	172	193	215	 51	141	101	167	179	 68	 65	118	114	121	 64	 27	 27	 40	 69	108	185	 54	101	118	 54	124	129	 37	151	134	 10	135	107	134	147	118	127	 49	 84	 61	119	149	107	197	 79	 99	 98	102	 60	 77	200	122	162	 60	 75	147	120	127	 29	161	 75	101	 69	114	 74	 65	 52	 64	140	142	131	 93	 76	219	 90	128
 89	 79	 32	139	148	 91	 73	 48	202	210	 49	150	118	115	160	165	190	 86	 97	 65	139	165	 38	 41	 68	 67	 71	 98	 68	 74	 50	119	 74	134	 76	 61	150	 44	 75	 94	 60	144	124	 60	138	135	 84	 97	121	147	 96	 57	 76	 75	100	122	178	123	 65	131	145	 37	 46	150	 87	116	 35	122	111	151	 78	 40	111	 67	100	 39	 94	124	 94	 87	 45	183	 94	 81	 43	111	197	110	137	 52
 90	229	185	 53	326	182	235	142	227	232	144	232	110	294	185	236	243	166	282	245	217	193	212	210	238	225	256	 89	120	145	181	 91	252	298	114	244	 49	198	259	209	174	161	161	141	133	 68	250	280	129	 86	141	228	119	221	260	225	219	 66	192	 60	 43	204	221	310	206	260	204	 74	224	 53	263	147	292	217	236	175	176	 88	 95	167	163	 11	253	263	220	 76	240	209	117	145	186
 91	 75	122	239	132	 85	208	180	106	112	184	 42	154	123	102	 52	 76	235	167	179	 52	100	177	183	 99	 89	137	191	189	217	201	240	186	 87	168	169	215	192	140	 63	210	115	106	199	138	196	 89	134	137	183	239	190	158	 77	 76	271	 85	224	 92	207	237	182	180	 82	 69	 48	179	233	 44	211	142	163	132	211	242	122	 90	245	181	236	128	266	 76	129	120	200	 88	260	153	190	151	264
 92	118	129	185	211	 70	231	163	 45	 52	168	 51	 91	192	 11	 47	 50	225	220	212	 43	  9	196	199	145	127	184	145	161	200	202	201	221	168	131	204	147	202	188	 81	207	 34	 42	181	 62	131	144	194	 71	109	218	214	120	112	140	277	 26	175	100	147	179	196	202	169	 86	120	194	187	 79	142	192	147	198	226	258	121	 66	204	136	226	118	199	136	182	151	149	 49	262	 78	175	159	194	 92
 93	144	 93	 54	231	117	133	 39	207	214	 41	180	 81	198	159	191	209	 77	180	142	166	166	109	107	145	137	156	 26	 18	 50	 80	 42	149	210	 34	141	 78	 96	159	138	 75	135	122	 40	113	 69	159	181	 97	 93	 60	126	 45	137	172	138	188	 39	111	 57	 61	101	118	224	132	180	101	 39	156	 80	163	 48	195	116	140	 85	113	 47	 32	 78	 75	 99	166	165	123	 35	211	122	102	 42	 85	104	199	164
 94	106	123	193	196	 64	224	162	 49	 57	168	 35	 99	178	 27	 32	 42	224	208	204	 27	 24	189	194	133	116	173	151	162	200	199	206	212	152	134	195	157	197	177	 70	204	 46	 47	181	 73	141	131	181	 79	120	219	207	123	101	126	274	 24	181	 92	155	187	190	195	153	 75	105	188	193	 65	153	181	146	185	221	253	116	 62	209	141	226	114	210	122	170	142	156	 45	259	 89	174	154	205	 76	 17	167
 95	192	154	 56	292	142	219	121	185	189	125	189	 68	262	142	193	200	160	256	223	175	149	191	190	204	190	227	 65	101	135	167	 93	231	262	 85	220	 10	181	231	169	162	117	119	126	 90	 29	215	249	 86	 43	138	209	 87	184	223	222	176	 60	155	 31	 44	184	200	272	167	221	184	 74	184	 11	235	122	261	202	226	142	135	 93	 67	162	130	 49	216	233	189	 53	197	206	 73	128	160	 44	222	151	 87	162
 96	186	135	 20	273	153	166	 79	231	237	 79	214	101	240	184	223	238	 94	220	179	200	192	146	143	187	179	197	 47	 59	 74	112	 20	186	252	 70	179	 68	130	200	176	103	159	150	 73	133	 70	201	223	120	 99	 69	161	 80	178	214	154	216	 17	152	 52	 33	137	155	266	171	221	138	  5	194	 72	204	 90	236	147	165	127	149	 19	 57	 95	116	 65	207	206	165	 42	239	138	119	 79	126	 72	237	190	 43	197	 74
 97	170	116	 71	243	153	119	 54	249	256	 51	218	125	210	201	230	250	 43	181	138	204	209	106	101	164	160	164	 68	 47	 27	 67	 33	143	230	 76	140	112	 87	167	171	 57	178	164	 37	157	108	180	190	141	135	 19	117	 86	164	195	103	230	 62	142	 93	 83	 96	113	246	164	207	 97	 50	189	116	170	 71	205	 99	114	113	151	 38	 76	 44	106	116	188	175	139	 74	253	 87	146	 46	 97	123	233	206	 44	208	120	 52
 98	 95	 65	109	196	 46	158	 75	133	140	 81	106	 36	167	 85	115	133	137	172	149	 91	 93	124	125	109	 94	138	 63	 72	112	119	116	158	164	 43	143	 90	124	143	 73	122	 64	 48	 93	 52	 71	119	158	 35	 69	129	143	 32	 86	126	192	113	 95	 58	 79	107	121	132	174	 69	123	119	106	 89	 88	147	 62	168	148	179	 53	 41	120	 53	139	 43	138	119	142	 99	 71	136	177	 52	 88	 86	137	130	 89	 76	 91	 98	109	118
 99	 70	121	261	 61	119	174	182	178	184	185	110	194	 60	166	123	148	224	113	140	115	165	151	158	 73	 77	 93	213	198	213	186	252	144	 16	187	131	251	171	 94	 92	197	172	156	198	188	231	 57	 78	181	226	236	157	180	 77	 41	245	155	245	106	238	263	159	150	 13	 94	 40	157	250	 83	248	 95	167	 71	183	210	128	127	258	205	225	139	297	 48	 81	 99	225	160	237	200	189	140	297	 73	157	213	141	259	254	235	161
100	 69	 54	182	108	107	 65	 90	215	223	 90	154	153	 76	178	170	197	116	 55	 38	146	183	 40	 46	 45	 55	 29	140	111	110	 76	160	 46	103	117	 29	192	 60	 32	 99	 88	168	148	100	167	175	 59	 55	152	184	131	 48	116	 70	 76	134	189	166	 77	173	188	 48	 39	121	 92	100	 45	165	111	191	 36	 82	 69	 72	101	 66	113	166	136	116	 76	225	 72	 40	 26	154	206	125	170	 92	 43	229	143	176	128	167	201	169	136	118	112
