nVehicles:  100
nDepots:      1
nCustomers: 100
nPeriods:     9
VEHICLE_TYPE	FLEET_SIZE	CAPACITY
           4	       100	      38	
DEPOT   	X  	Y  	INV_COST	INITIAL_INV 	MIN_LEVEL_INV 	MAX_LEVEL_INV	PRODUCTION_0	PRODUCTION_1	PRODUCTION_2	PRODUCTION_3	PRODUCTION_4	PRODUCTION_5	PRODUCTION_6	PRODUCTION_7	PRODUCTION_8
       0	 30	  4	       0	        626	            0	         5209	         583	         583	         583	         583	         583	         583	         583	         583	         583	
CUSTOMER	X  	Y  	INV_COST	INITIAL_INV	MIN_LEVEL_INV 	MAX_LEVEL_INV	DEMAND_0	DEMAND_1	DEMAND_2	DEMAND_3	DEMAND_4	DEMAND_5	DEMAND_6	DEMAND_7	DEMAND_8
       1	342	262	    0.23	         12	            0	           58	       6	       6	       7	      12	      11	      10	       8	       6	       7
       2	366	365	    0.01	          3	            0	           13	       3	       3	       4	       6	       5	       3	       3	       3	       5
       3	291	247	    0.13	          8	            0	           45	       5	       5	       5	       6	       7	       7	       8	       6	       5
       4	351	234	    0.01	          5	            0	           15	       6	       5	       5	       8	       7	       8	       8	       6	       5
       5	 84	125	    0.21	          7	            0	           28	       4	       5	       6	       7	       7	       5	       4	       4	       5
       6	346	378	    0.23	         11	            0	           43	       6	       6	       8	      11	       8	       6	       6	       6	       7
       7	125	220	    0.17	          3	            0	           29	       5	       5	       8	       8	       6	       4	       5	       8	       7
       8	108	180	    0.22	         10	            0	           16	       6	       5	       6	      10	      12	      10	      10	       6	       5
       9	 52	 46	    0.24	          1	            0	           42	       8	       6	       6	       9	      12	      11	       8	       9	       6
      10	210	195	    0.07	          6	            0	           23	       3	       3	       4	       4	       3	       3	       3	       4	       4
      11	139	 60	    0.18	          6	            0	           26	       5	       4	       6	       8	       7	       9	       5	       5	       5
      12	429	119	    0.03	          3	            0	           32	       3	       3	       5	       5	       5	       4	       4	       3	       3
      13	 58	121	    0.26	          9	            0	           43	       7	       6	       9	      10	      11	      11	       7	       5	       7
      14	246	184	     0.1	          1	            0	           62	       7	       6	       6	       8	      10	      10	       7	       5	       7
      15	  4	219	    0.29	         10	            0	           52	       6	       6	       8	       8	       8	       5	       6	       7	       9
      16	296	 93	    0.23	          4	            0	           35	       5	       4	       6	       7	       8	       7	       6	       5	       5
      17	396	126	    0.15	          3	            0	           35	       6	       6	       8	       9	      10	      12	       8	       6	       6
      18	414	461	    0.01	          3	            0	           16	       3	       3	       4	       5	       4	       3	       3	       5	       5
      19	266	284	    0.02	          4	            0	           33	       6	       5	       6	       6	      10	       7	       6	       6	       6
      20	100	 34	    0.19	          1	            0	           20	       5	       5	       6	       9	       8	       5	       5	       6	       8
      21	144	408	    0.25	          6	            0	           29	       5	       5	       8	       9	       9	       6	       4	       6	       8
      22	135	354	    0.25	          2	            0	           21	       3	       3	       4	       4	       4	       3	       3	       4	       4
      23	176	301	    0.26	         13	            0	           46	       7	       6	      10	      11	      11	       8	       7	       7	       9
      24	 70	485	    0.01	         11	            0	           23	       6	       6	       8	      10	       8	       9	       8	       6	       5
      25	140	 66	    0.01	          6	            0	           24	       4	       4	       5	       5	       6	       4	       3	       4	       6
      26	307	175	    0.09	          6	            0	           12	       5	       5	       6	      10	       8	       5	       4	       6	       8
      27	361	240	    0.09	          8	            0	           34	       5	       4	       4	       6	       6	       7	       7	       5	       4
      28	100	133	    0.17	          3	            0	           11	       3	       3	       4	       4	       5	       4	       3	       3	       3
      29	418	107	    0.29	          2	            0	           24	       5	       4	       4	       8	       8	       7	       4	       4	       4
      30	284	271	    0.28	          2	            0	           39	       5	       5	       6	       9	       8	       7	       6	       5	       5
      31	318	262	    0.01	          3	            0	            9	       3	       4	       4	       5	       5	       5	       4	       3	       4
      32	444	487	    0.09	          2	            0	           17	       5	       4	       6	       8	       8	       7	       5	       4	       5
      33	454	 66	    0.25	          2	            0	           27	       5	       4	       5	       5	       7	       7	       6	       5	       5
      34	 95	412	    0.02	          2	            0	           42	       7	       5	       8	       8	       8	       7	       6	       9	      10
      35	402	390	       0	         12	            0	           71	       5	       7	       9	      10	       9	       7	       6	       8	      10
      36	305	 32	    0.01	          3	            0	           33	       5	       4	       7	       8	       9	       8	       6	       4	       5
      37	313	255	    0.16	          4	            0	           30	       6	       6	       8	       8	       8	       6	       5	       7	       9
      38	473	 90	    0.16	          7	            0	           31	       5	       6	       7	       8	       8	       6	       6	       9	       9
      39	 41	348	    0.19	          6	            0	           20	       4	       5	       5	       7	       7	       7	       6	       4	       5
      40	473	152	    0.26	          5	            0	           37	       5	       4	       7	       7	       9	       6	       5	       5	       7
      41	437	 10	     0.3	          3	            0	           32	       3	       4	       5	       6	       4	       4	       3	       5	       6
      42	 44	472	    0.16	          9	            0	           21	       4	       6	       7	       7	       8	       6	       4	       6	       6
      43	171	479	    0.16	          2	            0	           22	       2	       3	       3	       4	       3	       3	       3	       3	       4
      44	146	 97	    0.12	          4	            0	           64	       7	       6	       7	      10	       9	      10	       7	       6	       5
      45	100	 35	    0.19	          4	            0	           51	       5	       4	       5	       8	       7	       8	       7	       6	       5
      46	384	 93	    0.27	         11	            0	           57	       6	       6	       7	      10	       6	       6	       5	       8	       7
      47	242	222	    0.27	          5	            0	            8	       4	       3	       4	       5	       6	       5	       4	       4	       4
      48	334	185	    0.19	          1	            0	           15	       6	       6	       6	      10	      11	       8	       5	       5	       7
      49	254	390	    0.08	          1	            0	           13	       5	       4	       7	       7	       8	       7	       5	       4	       6
      50	152	 96	     0.1	          3	            0	           24	       3	       3	       4	       5	       6	       5	       4	       3	       4
      51	386	458	    0.21	          8	            0	           15	       5	       5	       7	      10	       7	       5	       5	       5	       7
      52	389	351	    0.02	          3	            0	           32	       4	       4	       5	       5	       5	       5	       4	       3	       4
      53	467	344	    0.16	          4	            0	           12	       3	       3	       4	       5	       5	       4	       3	       3	       4
      54	193	254	    0.28	          4	            0	           69	       5	       6	       7	       9	      11	       9	       6	       6	      10
      55	 63	321	    0.23	          2	            0	           19	       5	       4	       4	       7	       7	       6	       6	       5	       5
      56	 55	293	    0.08	          4	            0	           60	       7	       5	       9	       9	       9	       5	       5	       7	      11
      57	240	248	    0.08	          5	            0	           31	       5	       4	       4	       7	       8	       6	       6	       4	       4
      58	  1	498	    0.21	          6	            0	           26	       3	       3	       4	       5	       5	       6	       6	       4	       3
      59	392	 15	    0.17	          8	            0	           18	       4	       5	       5	       7	       7	       7	       7	       6	       5
      60	390	395	    0.19	          1	            0	           10	       3	       3	       4	       4	       6	       6	       4	       3	       3
      61	405	143	    0.14	          8	            0	           36	       6	       7	       8	      11	       8	       8	       7	       9	      12
      62	483	157	    0.27	          8	            0	           17	       4	       4	       5	       5	       6	       4	       4	       3	       4
      63	167	321	    0.28	          4	            0	           44	       4	       5	       6	       6	       7	       5	       4	       4	       6
      64	418	313	    0.05	          5	            0	           21	       4	       3	       5	       5	       4	       3	       5	       6	       6
      65	177	267	    0.05	         10	            0	           56	       5	       7	       6	       9	      12	      11	       8	       6	       8
      66	 13	192	     0.1	          1	            0	           14	       3	       3	       4	       5	       5	       6	       4	       4	       3
      67	132	109	    0.21	          6	            0	           50	       6	       5	       7	      11	       8	       8	       6	       5	       6
      68	471	143	     0.1	         11	            0	           31	       6	       5	       8	       8	       9	       9	       6	       5	       7
      69	218	249	    0.21	          4	            0	           55	       5	       6	       6	       9	      10	       8	       8	       8	       6
      70	287	 11	    0.14	          7	            0	           48	       6	       5	       6	       8	       9	       8	       6	       6	       5
      71	 16	468	    0.19	          1	            0	           33	       4	       4	       5	       7	       7	       6	       4	       4	       5
      72	 99	417	    0.06	          1	            0	           36	       3	       3	       5	       6	       5	       4	       3	       4	       6
      73	 13	 97	     0.2	         10	            0	           42	       6	       6	       7	       9	      10	       8	       8	       5	       7
      74	387	262	    0.06	          9	            0	           33	       4	       5	       7	       8	       9	       7	       5	       4	       5
      75	108	369	    0.08	          6	            0	           33	       3	       3	       3	       5	       6	       6	       4	       3	       3
      76	427	386	    0.28	          3	            0	           22	       3	       3	       4	       5	       6	       7	       6	       4	       4
      77	268	319	    0.24	          2	            0	           47	       5	       5	       6	       8	       7	       8	       9	       6	       4
      78	 34	310	    0.17	          5	            0	           26	       3	       2	       4	       4	       4	       3	       2	       3	       4
      79	495	102	    0.23	          5	            0	           14	       4	       3	       4	       5	       5	       4	       3	       4	       4
      80	132	135	    0.29	          2	            0	           26	       6	       5	       6	       8	       9	       6	       5	       7	       8
      81	327	 49	    0.07	          6	            0	            9	       4	       3	       5	       6	       5	       4	       3	       4	       6
      82	409	349	    0.11	          1	            0	           10	       4	       4	       4	       5	       6	       5	       4	       3	       4
      83	402	 55	    0.04	          1	            0	           28	       6	       5	       7	       8	       7	       5	       5	       8	       7
      84	472	 71	     0.2	          8	            0	           27	       5	       4	       7	       9	       8	       7	       4	       5	       7
      85	290	230	    0.28	          9	            0	           50	       6	       6	       6	       9	       9	       8	       7	       6	       6
      86	417	482	    0.16	          4	            0	           26	       3	       3	       3	       5	       5	       3	       3	       3	       4
      87	 19	247	    0.26	          1	            0	           18	       4	       4	       6	       6	       8	       7	       5	       4	       5
      88	228	201	    0.05	          7	            0	           44	       5	       4	       6	       7	       7	       7	       8	       6	       6
      89	 78	125	    0.15	          7	            0	           14	       4	       4	       5	       7	       6	       5	       4	       6	       6
      90	437	413	    0.04	          1	            0	           34	       5	       5	       6	       7	       7	       6	       6	       7	       9
      91	 88	298	     0.2	          7	            0	           51	       6	       5	       5	       6	       7	       8	       7	       6	       5
      92	456	136	    0.09	          4	            0	           27	       5	       5	       7	      10	      10	       7	       6	       5	       7
      93	425	 84	    0.29	          3	            0	           25	       6	       5	       8	      10	       6	       6	       6	      10	       8
      94	253	340	    0.03	          5	            0	           21	       4	       4	       5	       5	       6	       7	       7	       6	       5
      95	  4	172	    0.21	          1	            0	           19	       4	       5	       6	       6	       6	       7	       4	       5	       4
      96	217	 83	    0.15	         10	            0	           24	       5	       5	       6	      10	      10	       9	       7	       5	       5
      97	353	160	    0.19	          2	            0	           32	       4	       4	       5	       6	       6	       6	       5	       4	       4
      98	456	329	    0.14	          4	            0	           24	       4	       4	       4	       6	       7	       8	       6	       5	       5
      99	 57	337	    0.15	         10	            0	           47	       6	       5	       6	       7	       7	       7	       8	       6	       5
     100	 55	216	    0.27	          4	            0	           19	       3	       2	       3	       4	       5	       5	       4	       4	       3
COST_MATRIX 
	  0	  1	  2	  3	  4	  5	  6	  7	  8	  9	 10	 11	 12	 13	 14	 15	 16	 17	 18	 19	 20	 21	 22	 23	 24	 25	 26	 27	 28	 29	 30	 31	 32	 33	 34	 35	 36	 37	 38	 39	 40	 41	 42	 43	 44	 45	 46	 47	 48	 49	 50	 51	 52	 53	 54	 55	 56	 57	 58	 59	 60	 61	 62	 63	 64	 65	 66	 67	 68	 69	 70	 71	 72	 73	 74	 75	 76	 77	 78	 79	 80	 81	 82	 83	 84	 85	 86	 87	 88	 89	 90	 91	 92	 93	 94	 95	 96	 97	 98	 99	100
  0
  1	203
  2	247	 53
  3	179	 27	 70
  4	198	 15	 66	 31
  5	 67	147	186	121	145
  6	245	 59	 12	 72	 73	183
  7	118	111	141	 85	114	 52	136
  8	 97	124	159	 98	125	 31	155	 22
  9	 24	181	224	157	177	 43	222	 95	 73
 10	132	 75	116	 49	 74	 73	115	 45	 52	109
 11	 62	144	191	121	138	 43	190	 81	 62	 45	 77
 12	208	 84	127	 95	 70	173	136	161	164	193	116	148
 13	 61	159	197	133	158	 14	193	 60	 39	 38	 85	 51	186
 14	141	 62	109	 39	 59	 87	110	 64	 70	120	 19	 82	 98	100
 15	109	171	196	145	174	 62	189	 61	 56	 90	104	105	219	 56	123
 16	141	 88	141	 78	 76	108	145	107	104	125	 67	 81	 68	120	 52	160
 17	193	 74	121	 81	 59	157	129	144	147	177	100	133	 17	170	 81	202	 53
 18	299	106	 54	124	118	236	 54	189	208	276	168	244	172	247	162	239	194	168
 19	184	 40	 65	 23	 50	121	 62	 78	 95	161	 53	129	116	133	 51	135	 97	103	116
 20	 39	167	213	144	161	 47	212	 94	 74	 25	 98	 24	170	 49	105	105	103	155	266	151
 21	210	124	114	110	136	145	103	 95	116	187	112	175	203	150	124	118	175	190	138	 87	189
 22	183	114	116	 95	124	118	107	 68	 89	160	 88	148	189	123	102	 95	154	174	150	 75	161	 28
 23	166	 86	101	 64	 94	100	 94	 48	 70	142	 56	122	156	108	 69	 96	121	141	144	 46	139	 56	 34
 24	242	176	160	163	189	181	149	136	154	220	162	216	257	183	175	138	227	243	173	141	226	 54	 74	107
 25	 64	141	188	118	135	 41	187	 78	 60	 46	 74	  4	147	 50	 80	103	 80	132	241	126	 26	172	145	119	213
 26	163	 47	100	 37	 37	115	104	 94	100	143	 50	102	 68	128	 31	154	 42	 51	153	 59	126	143	125	 91	196	100
 27	204	 15	 63	 36	  6	150	 70	119	131	183	 79	143	 70	163	 64	179	 81	 60	114	 53	167	138	127	 98	191	141	 43
 28	 74	138	177	112	136	  9	174	 46	 24	 50	 64	 42	165	 22	 78	 65	101	149	228	113	 50	140	112	 93	177	 40	106	142
 29	201	 87	132	 95	 72	168	141	158	160	186	113	142	  9	181	 95	215	 62	 15	178	117	164	204	188	156	257	141	 66	 73	160
 30	185	 30	 63	 13	 39	124	 62	 84	100	162	 54	129	106	136	 48	143	 90	 92	116	 12	151	 98	 86	 57	152	126	 50	 42	116	106
 31	194	 13	 57	 16	 22	136	 60	 99	113	172	 64	135	 91	148	 54	159	 86	 79	111	 29	158	114	103	 74	167	133	 44	 25	127	 93	 18
 32	319	124	 73	143	135	256	 74	208	228	296	188	263	185	266	181	258	211	183	 20	135	285	156	169	164	188	260	171	131	247	191	135	129
 33	215	113	156	122	 99	188	166	182	183	202	139	158	 30	200	120	238	 81	 42	199	144	178	231	215	183	285	158	 92	 99	181	 28	134	120	211
 34	207	145	138	129	156	144	127	 98	117	185	123	178	223	147	137	107	189	208	162	107	190	 25	 36	 69	 39	175	159	159	140	223	118	135	179	250
 35	269	 71	 22	 91	 83	207	 29	163	181	246	137	211	137	219	130	217	158	133	 37	 87	234	130	135	122	173	209	118	 78	199	142	 84	 77	 53	165	154
 36	139	117	170	108	104	120	175	131	124	127	 95	 85	 76	132	 82	178	 31	 66	222	128	103	205	183	150	256	 85	 72	108	115	 68	120	116	238	 77	218	186
 37	190	 15	 62	 12	 22	132	 64	 96	110	168	 60	131	 90	145	 49	156	 82	 77	115	 28	154	114	102	 73	168	129	 41	 26	123	 91	 17	  5	134	118	135	 81	112
 38	226	109	148	121	 95	196	158	186	188	212	142	168	 27	209	123	244	 89	 43	188	142	189	229	215	183	283	167	 94	 94	188	 29	131	116	200	 16	249	155	 89	115
 39	173	157	163	135	166	114	154	 77	 91	152	114	153	226	114	132	 68	181	210	195	117	160	 60	 48	 72	 71	150	159	169	112	224	128	146	214	251	 42	182	206	144	252
 40	234	 86	120	103	 74	195	130	178	184	218	134	174	 28	209	115	237	 94	 41	158	123	196	209	197	167	262	172	 84	 72	187	 36	112	 96	169	 45	230	125	104	 96	 32	238
 41	204	135	182	140	120	186	190	189	186	194	147	152	 55	198	130	241	 82	 62	226	162	169	248	229	196	301	152	106	122	180	 50	152	140	239	 30	264	191	 67	138	 44	261	 74
 42	235	183	170	168	195	175	159	133	150	214	162	212	262	176	176	129	228	247	186	146	221	 60	 75	109	 15	209	199	197	172	262	157	173	201	289	 40	184	256	173	288	 63	268	304
 43	248	139	113	131	153	183	102	132	153	225	144	211	222	188	153	155	203	210	122	109	226	 38	 66	 90	 51	208	167	153	177	224	119	132	137	251	 51	124	234	133	247	 93	223	270	 64
 44	 75	129	174	105	124	 35	173	 63	 46	 54	 59	 19	142	 46	 67	 94	 76	126	227	112	 40	156	129	104	198	 16	 90	130	 30	137	112	120	246	155	160	195	 86	115	164	137	166	152	195	192
 45	 39	166	212	143	161	 46	212	 94	 73	 25	 98	 24	170	 48	105	104	103	155	265	150	  1	188	161	139	226	 26	125	166	 50	164	150	158	285	178	189	234	103	154	189	160	196	169	221	225	 39
 46	183	 88	137	 90	 73	151	144	145	145	168	101	124	 26	164	 83	201	 45	 18	185	113	146	199	181	148	252	123	 57	 75	144	 19	103	 91	200	 38	216	149	 50	 89	 45	214	 54	 50	255	221	120	145
 47	153	 54	 95	 28	 55	 93	 94	 59	 71	130	 21	 96	107	105	 20	120	 70	 91	148	 34	118	106	 85	 52	158	 94	 41	 61	 84	106	 33	 43	167	132	121	117	101	 40	134	119	121	145	160	134	 79	118	 96
 48	177	 39	 92	 38	 26	129	 97	106	114	158	 63	116	 58	142	 45	166	 50	 43	144	 61	140	147	131	 99	200	114	 15	 31	120	 58	 50	 40	161	 85	165	108	 78	 37	 85	168	 72	102	205	169	104	139	 53	 50
 49	224	 78	 58	 74	 92	158	 47	107	128	200	100	175	162	167	104	152	150	150	 88	 54	194	 56	 63	 60	104	172	111	 93	150	164	 62	 72	107	191	 81	 75	181	 74	186	109	162	211	113	 61	157	194	163	 85	111
 50	 77	127	172	103	122	 37	172	 64	 48	 56	 58	 20	139	 49	 65	 97	 73	123	225	110	 41	157	130	104	199	 17	 87	127	 32	134	110	118	245	152	161	193	 83	114	161	138	163	149	196	192	  4	 41	117	 78	102	156
 51	289	101	 48	116	114	225	 45	177	197	266	159	235	171	236	154	226	188	167	 15	106	256	124	136	132	159	232	147	110	217	177	107	104	 33	199	148	 35	217	108	190	182	160	226	172	109	217	256	183	139	139	 75	216
 52	250	 51	 14	 72	 62	190	 26	148	165	228	119	192	118	202	110	204	138	113	 57	 71	215	126	128	110	174	190	 98	 58	182	123	 67	 57	 74	147	151	 21	165	 62	138	175	109	173	183	127	176	215	130	 98	 88	 71	175	 54
 53	277	 75	 52	101	 80	221	 63	182	198	256	149	217	115	233	137	240	152	115	 65	105	241	165	167	148	211	215	117	 75	212	122	 99	 86	 73	140	190	 40	176	 89	128	214	 97	168	221	163	203	240	133	128	104	109	201	 70	 40
 54	150	 75	103	 50	 80	 85	 99	 39	 57	126	 31	101	136	 95	 44	 97	 96	120	152	 40	120	 81	 58	 25	131	 98	 70	 85	 77	135	 47	 63	172	161	 93	125	125	 61	163	 90	150	173	133	114	 82	119	125	 30	 79	 75	 82	141	110	145
 55	160	143	154	120	151	 99	145	 60	 75	138	 97	136	210	101	115	 59	163	193	189	104	145	 60	 40	 58	 83	134	143	155	 96	208	114	131	208	234	 49	173	189	130	236	 18	222	244	 77	 96	120	145	197	103	152	102	121	176	164	203	 74
 56	146	145	160	121	151	 86	152	 51	 63	124	 92	124	207	 87	110	 45	157	190	199	106	132	 73	 51	 61	 97	122	140	156	 84	204	116	133	218	230	 63	181	181	131	233	 29	221	238	 90	110	109	131	193	101	150	111	110	185	170	208	 72	 15
 57	161	 52	 86	 26	 56	100	 84	 60	 75	138	 31	107	115	111	 33	119	 83	100	138	 23	128	 94	 75	 42	146	104	 50	 61	 91	114	 25	 40	158	141	110	108	113	 37	141	112	127	155	149	121	 89	128	106	 14	 57	 72	 88	128	 91	124	 24	 96	 96
 58	248	208	195	192	220	192	183	153	168	228	185	230	286	191	200	140	251	272	208	171	238	 85	 99	132	 36	227	223	222	190	286	182	198	222	313	 64	208	279	198	312	 78	293	328	 26	 86	214	237	279	184	229	138	215	194	208	246	156	 94	106	173
 59	182	127	176	127	112	164	183	169	165	171	128	129	 56	176	112	220	 62	 56	224	149	147	233	213	180	285	129	 91	114	158	 48	139	129	238	 41	248	188	 45	127	 56	242	 80	 23	288	257	130	147	 40	128	 90	200	127	222	169	169	156	225	219	140	311
 60	266	 71	 20	 90	 83	205	 24	159	178	243	135	210	140	216	128	213	159	135	 36	 84	232	124	130	117	167	207	118	 79	196	145	 82	 76	 54	168	148	  7	187	 80	159	177	129	194	178	118	193	232	152	114	109	 69	192	 32	 23	 47	122	168	176	106	202	191
 61	200	 68	113	 78	 53	161	122	146	150	184	101	140	 17	174	 83	205	 60	 10	160	 99	162	186	172	140	240	138	 52	 54	153	 20	 89	 74	174	 46	206	124	 75	 73	 44	209	 35	 69	245	205	132	162	 28	 91	 42	145	129	158	105	106	120	193	191	 98	269	 65	127
 62	240	 88	120	107	 77	201	131	182	188	223	138	179	 34	214	120	242	 99	 47	156	126	202	211	200	170	264	178	 89	 74	192	 42	115	 98	167	 48	233	124	109	 99	 34	241	  6	 78	271	225	172	201	 59	125	 76	164	169	159	108	 94	153	226	225	130	296	 85	128	 40
 63	173	 93	102	 73	102	107	 94	 55	 77	150	 67	132	166	114	 80	 97	131	151	142	 53	148	 45	 23	 11	 96	129	102	106	100	165	 64	 82	162	192	 59	123	161	 81	192	 65	175	206	 98	 80	113	147	158	 63	108	 56	113	130	113	151	 36	 53	 58	 52	122	190	118	149	179
 64	249	 46	 37	 72	 52	192	 49	154	169	227	120	189	 98	205	108	213	126	 95	 75	 78	212	146	143	122	195	186	 89	 47	183	104	 71	 57	 88	125	169	 40	152	 60	115	190	 86	152	204	149	174	212	112	100	 77	 91	172	 75	 24	 29	117	178	182	 95	229	150	 44	 86	 85	126
 65	151	 83	107	 58	 89	 85	102	 36	 56	127	 40	106	147	 95	 54	 90	106	131	154	 46	123	 73	 49	 18	122	103	 80	 93	 78	145	 54	 71	173	172	 84	129	134	 69	173	 80	159	183	123	107	 87	123	136	 40	 89	 73	 87	142	115	151	 11	 64	 63	 33	146	166	125	130	163	 28	123
 66	 95	169	197	142	171	 49	191	 58	 48	 76	 99	 92	212	 43	117	 15	150	195	242	135	 91	127	102	 99	150	 90	148	176	 53	207	142	157	262	230	118	219	167	154	236	 80	231	231	141	164	 82	 90	192	116	161	156	 85	230	205	240	 96	 70	 55	117	154	210	215	198	236	101	212	 91
 67	 74	130	174	106	127	 26	172	 56	 38	 51	 59	 25	149	 38	 69	 85	 83	133	226	111	 41	150	123	 99	191	 22	 94	132	 21	144	112	121	246	163	153	195	 95	117	171	128	172	161	187	187	 10	 41	127	 79	108	154	 12	216	177	205	 79	112	100	 89	206	139	193	138	178	108	176	 83	 73
 68	232	 88	123	104	 76	194	134	178	183	216	134	172	 25	207	115	237	 92	 39	162	125	194	211	199	168	264	170	 84	 74	186	 33	114	 97	173	 40	232	129	100	 97	 27	239	  5	 69	270	226	165	194	 51	122	 72	165	162	164	112	101	150	223	222	127	295	 76	133	 34	 10	177	 90	160	231	171
 69	155	 63	 95	 37	 67	 92	 91	 49	 65	132	 28	103	124	103	 36	109	 88	109	145	 30	123	 88	 67	 34	140	100	 58	 72	 83	123	 35	 51	165	150	103	116	117	 48	151	102	137	163	142	118	 85	123	114	 19	 67	 73	 84	135	100	134	 13	 86	 85	 12	166	146	113	108	141	 45	105	 23	107	 83	138
 70	129	129	182	119	117	117	186	133	124	119	100	 78	 90	128	 89	176	 42	 80	234	137	 95	211	188	156	261	 79	 83	121	112	 82	131	127	251	 88	223	199	 14	123	102	209	117	 76	261	242	 83	 95	 64	108	 91	191	 80	229	178	190	131	192	183	121	283	 53	199	 89	123	167	165	140	165	 92	114	124
 71	233	193	183	177	205	175	172	136	152	212	168	214	271	175	183	125	235	256	200	156	222	 71	 83	116	 29	211	207	207	173	271	167	183	215	298	 49	197	262	183	297	 62	278	312	 15	 78	197	221	263	168	213	126	199	186	196	234	139	 78	 90	157	 17	295	191	254	281	106	216	129	139	189	280	149	266
 72	210	145	137	129	156	147	126	100	119	187	125	180	223	150	138	110	190	208	160	107	192	 23	 37	 70	 37	177	160	159	143	223	118	135	177	250	  4	153	219	135	249	 46	230	265	 39	 48	162	192	216	121	166	 79	163	145	149	188	 95	 52	 66	111	 64	249	146	206	232	 59	168	 85	121	155	232	103	224	 49
 73	 48	185	222	158	183	 39	218	 84	 64	 33	111	 66	209	 26	125	 62	142	193	271	158	 54	169	143	131	197	 66	153	189	 48	203	162	174	291	222	163	244	150	170	231	127	232	217	189	207	 67	 54	186	131	167	190	 70	260	227	259	120	115	101	137	201	194	241	198	237	136	230	119	 48	 60	231	128	144	186	166
 74	221	 23	 53	 49	 23	167	 62	133	146	200	 95	160	 75	179	 81	193	 96	 69	101	 62	184	142	135	108	194	158	 60	 18	158	 80	 52	 35	117	104	165	 65	123	 38	 97	179	 70	129	202	154	147	183	 85	 76	 47	 93	144	 99	 45	 58	 98	165	167	 74	227	124	 67	 61	 72	114	 30	106	191	149	 73	 85	136	213	164	205
 75	187	129	130	110	139	123	120	 75	 95	164	101	156	204	127	116	 92	167	189	160	 90	168	 27	 16	 49	 62	153	139	142	119	203	101	118	179	230	 23	148	196	118	230	 36	213	244	 61	 64	138	168	196	100	146	 74	139	146	141	180	 72	 33	 47	 90	 84	227	142	187	216	 39	158	 62	101	131	214	 82	201	 68	 25	145	150
 76	276	 76	 33	 98	 85	216	 41	173	190	254	145	218	134	228	136	228	161	131	 39	 96	241	142	147	133	186	215	122	 81	207	140	 92	 83	 52	161	167	 13	188	 87	150	194	120	189	197	137	202	240	149	124	111	 87	200	 42	 26	 30	135	185	192	117	221	187	 20	122	118	135	 37	139	229	203	124	125	201	210	165	253	 66	160
 77	198	 47	 55	 38	 60	134	 49	 87	106	175	 69	145	129	145	 69	142	114	116	102	 18	166	 77	 69	 47	130	142	 75	 62	126	130	 26	 38	122	158	 99	 76	145	 40	154	115	133	177	136	 94	127	165	128	 51	 75	 37	126	 92	 63	101	 50	103	108	 39	161	165	 72	112	135	 51	 76	 53	143	126	135	 44	155	147	 98	170	 66	 84	 87
 78	154	156	169	133	163	 96	160	 64	 75	133	106	136	220	 96	124	 48	171	204	205	117	142	 74	 56	 72	 90	134	153	168	 95	218	127	145	224	243	 60	189	195	143	246	 20	234	252	 82	109	121	142	206	113	163	118	123	191	179	218	 85	 16	 14	108	 96	232	184	204	238	 67	193	 75	 60	112	234	 97	196	 80	 63	108	179	 48	201	118
 79	238	111	147	126	 98	206	157	195	198	224	150	180	 35	219	132	253	100	 51	185	147	201	233	220	188	287	179	101	 97	199	 39	136	120	195	 28	254	152	102	119	 13	259	 28	 55	292	249	175	201	 56	141	 91	188	172	187	136	122	170	243	240	147	317	 68	156	 50	 29	198	113	180	246	182	 24	157	114	302	254	242	 97	236	147	158	253
 80	 84	123	165	 98	121	 25	162	 43	 26	 60	 50	 38	149	 38	 63	 77	 85	133	216	101	 53	137	110	 86	178	 35	 90	126	 17	144	102	113	236	165	140	186	101	109	172	116	171	165	175	174	 21	 53	128	 71	105	142	 22	206	168	198	 67	100	 88	 79	193	144	184	137	176	 95	169	 70	 66	 14	170	 72	100	177	142	 63	143	118	194	115	101	183
 81	151	107	160	101	 94	128	165	133	128	138	 94	 95	 62	140	 79	183	 27	 52	211	122	114	202	181	147	254	 94	 64	 98	122	 54	114	107	227	 65	216	175	 14	104	 76	207	 90	 59	255	229	 94	114	 37	 97	 69	175	 91	207	155	164	123	190	183	109	278	 37	176	 62	 95	158	140	133	173	103	 86	114	 28	261	217	159	111	194	176	139	197	 89	107
 82	257	 55	 23	 78	 65	198	 35	156	173	235	126	198	116	210	116	213	140	112	 57	 79	221	136	138	119	183	196	101	 60	189	122	 74	 63	 72	144	161	 21	167	 68	134	185	104	171	193	136	183	221	129	105	 91	 81	181	 56	 11	 30	118	174	180	 99	218	168	 25	104	103	122	 19	124	213	184	108	108	180	206	159	235	 45	151	 21	 73	189	131	176	156
 83	188	108	157	111	 94	163	164	162	160	176	119	132	 35	176	102	216	 57	 36	204	134	152	219	201	168	272	132	 77	 95	156	 28	124	112	218	 27	236	168	 50	110	 40	233	 61	 29	275	242	130	152	 22	116	 74	184	127	202	149	149	145	216	211	126	299	 21	171	 45	 66	178	130	155	207	138	 56	134	 62	283	237	196	104	216	166	149	224	 53	141	 38	148
 84	224	116	157	127	102	196	166	189	190	211	145	167	 33	209	127	246	 89	 47	198	149	187	236	221	188	289	167	 98	102	189	 33	138	123	209	 10	255	164	 86	122	 10	257	 41	 36	294	254	164	187	 46	138	 90	194	161	199	147	137	167	240	237	146	318	 49	168	 50	 44	198	124	178	238	172	 37	156	 98	303	255	230	105	236	160	161	250	 20	173	 74	143	 36
 85	173	 31	 78	  9	 31	116	 80	 83	 95	151	 44	114	 89	129	 32	144	 69	 75	132	 30	137	116	100	 68	169	112	 29	 36	107	 89	 21	 22	150	116	134	 98	100	 17	116	138	100	133	173	138	 99	137	 84	 25	 32	 83	 97	124	 79	106	 50	123	122	 27	198	119	 97	 73	104	 77	 77	 60	140	100	101	 38	110	182	134	154	 52	115	104	 46	135	121	 93	 93	 85	104	121
 86	308	117	 64	134	129	245	 63	197	217	285	177	253	182	255	172	245	204	179	 11	125	275	142	155	151	174	250	164	125	236	188	125	121	 14	209	165	 47	232	125	198	200	168	237	187	124	236	274	196	157	155	 94	235	 20	 67	 74	160	195	205	147	209	234	 46	170	166	149	 85	162	249	235	172	154	245	201	163	280	112	165	 49	111	210	194	225	222	 67	214	208	142
 87	122	162	184	137	167	 70	177	 55	 56	102	 99	112	215	 66	118	 16	159	198	225	125	114	102	 79	 84	122	109	149	172	 70	212	134	150	245	236	 91	205	179	148	241	 52	232	241	114	139	 99	114	199	113	161	138	101	212	193	230	 88	 44	 30	111	126	220	200	200	237	 83	203	 80	 28	 90	232	100	179	111	 94	 76	185	 76	216	130	 33	249	 80	184	202	215	243	136	232
 88	140	 65	108	 40	 64	 82	107	 53	 61	118	 10	 84	109	 94	 13	113	 64	 92	160	 46	106	112	 90	 57	163	 81	 42	 70	 73	106	 45	 55	180	132	125	129	 93	 51	135	119	125	142	164	142	 67	105	 95	 13	 54	 96	 65	151	111	140	 32	103	 98	 25	187	124	127	 94	130	 68	111	 42	108	 67	125	 25	100	171	126	120	 86	104	136	 63	112	143	 59	 91	117	114	139	 35	170	108
 89	 66	149	188	123	147	  4	185	 53	 32	 42	 75	 45	176	 11	 90	 60	111	160	238	124	 47	146	118	101	181	 43	118	153	 12	171	127	139	258	191	144	210	123	135	199	114	198	189	175	184	 37	 47	154	 96	132	160	 40	227	193	224	 87	 99	 85	102	191	167	207	164	204	108	195	 87	 47	 29	197	 94	120	175	147	 36	170	123	218	136	 96	209	 28	131	200	166	199	119	247	 68	 85
 90	289	 90	 43	111	100	228	 49	184	202	266	158	231	148	240	150	238	175	145	 27	108	254	147	154	143	187	229	136	 95	220	154	105	 97	 38	174	172	 21	202	101	163	201	132	202	199	138	215	254	163	137	126	 93	214	 35	 40	 38	146	193	201	129	223	201	 26	136	131	143	 51	150	240	216	137	137	215	213	170	265	 80	166	 15	 97	208	159	207	191	 35	180	172	118	 36	225	149	231
 91	150	129	143	105	136	 87	136	 44	 60	128	 80	122	193	 90	 98	 58	147	177	183	 90	133	 62	 37	 45	 94	119	126	140	 83	191	 99	117	202	217	 58	164	172	115	219	 35	206	227	 90	100	105	132	181	 86	136	 95	106	170	153	191	 57	 17	 17	 81	110	208	159	177	210	 42	166	 48	 65	 98	207	 70	175	 93	 60	108	151	 37	176	 91	 28	226	 85	173	163	199	224	107	189	 43	 86	 87	184
 92	223	 85	124	100	 72	187	133	171	176	207	127	163	 16	200	108	230	 83	 31	164	121	186	207	195	163	261	162	 78	 71	179	 24	110	 94	176	 36	228	130	 92	 94	 25	234	 12	 64	266	223	157	186	 42	116	 66	163	154	165	113	105	145	218	216	122	291	 69	134	 26	 18	172	 91	155	224	163	  9	132	106	276	228	223	 72	210	126	132	229	 26	163	 78	110	 49	 34	 96	175	226	119	190	139	202
 93	202	 99	144	106	 84	172	153	165	166	188	121	144	 18	185	103	222	 65	 26	189	128	165	215	199	166	268	143	 75	 85	165	 13	118	104	202	 18	233	154	 66	103	 25	233	 42	 38	272	235	140	165	 21	115	 68	176	137	189	135	132	144	217	213	124	297	 39	157	 32	 47	176	115	155	213	148	 38	133	 79	281	234	207	 92	214	152	142	226	 37	149	 53	133	 19	 25	100	200	219	115	175	165	200	 31
 94	202	 60	 58	 51	 73	137	 51	 88	108	179	 76	152	142	147	 79	139	126	129	101	 29	172	 65	 60	 44	117	149	 87	 74	129	143	 38	 51	121	170	 87	 79	157	 53	167	107	145	189	124	 81	133	171	140	 60	 88	 26	133	 89	 69	108	 53	 96	102	 47	149	177	 74	125	147	 45	 84	 53	141	131	147	 49	166	135	 87	171	 78	 74	 90	 13	111	170	120	151	 79	161	174	 59	109	126	 71	139	 99	 86	144	155
 95	 86	175	206	149	177	 47	200	 66	 53	 68	104	 88	215	 38	122	 24	152	198	251	143	 85	138	113	108	160	 87	152	182	 52	210	149	164	271	232	129	227	166	160	239	 90	235	232	152	175	 81	 84	195	122	166	166	 84	239	213	247	104	 81	 66	124	164	210	223	202	240	111	219	 99	 11	 72	234	114	163	149	132	 38	197	112	238	152	 71	248	 67	173	221	208	240	146	259	 39	113	 44	248	 76	227	216	151
 96	102	110	160	 90	101	 70	161	 83	 73	 85	 57	 41	108	 82	 53	127	 40	 93	214	104	 64	167	142	111	215	 40	 65	107	 64	102	100	103	232	119	176	180	 51	 99	129	160	133	116	213	200	 37	 64	 84	 71	 78	155	 34	206	160	181	 87	142	133	 84	234	 94	179	 99	139	122	153	 95	116	 45	131	 84	 51	218	178	103	124	154	185	121	146	140	 50	 58	165	 94	128	 83	224	129	 60	 73	199	126	123	105	130	116
 97	180	 52	103	 54	 38	136	110	118	123	161	 74	119	 44	149	 55	177	 44	 28	154	 76	142	163	146	114	216	117	 25	 41	128	 42	 66	 54	170	 69	181	118	 69	 52	 70	183	 61	 86	220	184	109	142	 37	 64	 16	126	106	150	 98	109	 93	166	164	 72	245	 76	119	 28	 66	124	 84	103	171	114	 60	 81	 82	229	181	173	 54	162	119	 91	177	 77	112	 58	 99	 58	 75	 48	165	173	 66	139	134	150	 53	 53	103	175	 79
 98	268	 67	 49	 93	 71	213	 61	175	190	247	141	208	106	225	128	233	143	106	 70	 98	232	161	161	141	209	206	108	 66	204	113	 91	 77	 80	132	186	 41	167	 81	120	208	 89	160	219	162	194	231	124	120	 95	106	192	 74	 36	 10	137	197	202	116	243	161	 47	 97	 88	145	 21	143	232	196	 94	126	181	231	184	251	 49	176	 32	 95	212	116	189	155	 26	140	130	 97	 79	223	131	215	 44	185	 97	124	102	240	172	 99
 99	168	148	156	126	156	107	146	 68	 83	146	105	145	216	109	122	 65	171	200	189	108	154	 57	 40	 63	 75	142	149	160	105	215	119	136	208	241	 43	175	197	135	242	 10	228	251	 68	 92	128	153	205	109	158	103	130	176	167	206	 80	  9	 23	102	 86	233	170	200	232	 56	181	 70	 76	121	229	 92	200	 69	 46	123	170	 31	187	106	 18	249	108	198	177	223	247	129	195	 49	110	107	194	 25	224	224	 99	 87	151	173	200
100	107	146	173	120	149	 48	167	 36	 33	 86	 79	 89	194	 48	 97	 26	136	177	218	111	 94	106	 80	 74	135	 87	128	154	 48	190	118	134	238	214	101	195	156	131	219	 67	212	218	129	144	 75	 94	176	 94	141	133	 78	206	181	216	 72	 53	 39	 94	144	197	190	179	217	 77	188	 67	 25	 66	212	 84	155	128	103	 64	168	 81	205	119	 49	228	 56	160	190	192	221	118	225	 24	 87	 47	215	 45	205	197	117	 34	105	152	209	 61
