nVehicles:  48
nDepots:     1
nCustomers: 50
nPeriods:    9
VEHICLE_TYPE	FLEET_SIZE	CAPACITY
           1	        48	       8	
DEPOT   	X  	Y  	INV_COST	INITIAL_INV 	MIN_LEVEL_INV 	MAX_LEVEL_INV	PRODUCTION_0	PRODUCTION_1	PRODUCTION_2	PRODUCTION_3	PRODUCTION_4	PRODUCTION_5	PRODUCTION_6	PRODUCTION_7	PRODUCTION_8
       0	102	200	       0	        336	            0	         3151	         351	         351	         351	         351	         351	         351	         351	         351	         351	
CUSTOMER	X  	Y  	INV_COST	INITIAL_INV	MIN_LEVEL_INV 	MAX_LEVEL_INV	DEMAND_0	DEMAND_1	DEMAND_2	DEMAND_3	DEMAND_4	DEMAND_5	DEMAND_6	DEMAND_7	DEMAND_8
       1	145	 76	    0.27	          8	            0	           48	       5	       5	       7	       8	       7	       6	       5	       5	       6
       2	 35	201	     0.1	          5	            0	           45	       0	       2	       3	       3	       0	       1	       6	       9	       8
       3	234	478	    0.19	          6	            0	           55	       4	       6	       9	       6	       6	       5	       7	       7	       8
       4	233	280	    0.05	          1	            0	           17	       3	       3	       5	       5	       5	       6	       4	       3	       3
       5	330	 52	    0.06	          6	            0	           37	       4	       5	       7	       7	       5	       4	       4	       7	       8
       6	103	250	    0.27	         15	            0	           63	       7	       8	      11	       9	       7	       7	      12	      12	      12
       7	157	408	    0.06	          4	            0	           44	       6	       8	       9	      11	       9	       8	       7	       6	       9
       8	245	185	    0.11	          1	            0	           43	       4	       5	       7	       7	       5	       4	       5	       7	       5
       9	258	326	    0.03	          9	            0	           58	       7	       9	      10	       8	       6	       8	      10	      12	       8
      10	319	 85	    0.07	          5	            0	           69	       5	       8	       9	       9	       8	       6	       6	       9	      10
      11	377	104	    0.27	          1	            0	           22	       5	       6	       7	       9	       7	       5	       5	       5	       6
      12	475	 71	    0.24	          2	            0	           38	       4	       4	       6	       8	       6	       6	       5	       5	       4
      13	235	262	    0.09	          2	            0	           46	       5	       5	       8	       7	       6	       5	       4	       4	       6
      14	486	496	    0.14	         16	            0	           60	       6	       9	      14	      10	       6	       7	      10	      10	       8
      15	283	 27	    0.01	          6	            0	           32	       3	       4	       5	       5	       5	       4	       5	       6	       6
      16	 19	426	    0.11	         10	            0	           18	       5	       6	       9	       9	       7	       5	       5	       6	       9
      17	 20	326	    0.16	          5	            0	           16	       2	       5	       9	       8	       6	       4	       5	       7	       9
      18	183	421	    0.06	          8	            0	           15	       4	       5	       8	       9	       7	       6	       4	       4	       6
      19	433	318	    0.12	          7	            0	           21	       3	       4	       5	       5	       4	       3	       5	       5	       4
      20	139	483	    0.05	          8	            0	           30	       5	      10	       9	       9	       7	       6	       8	       9	      11
      21	394	344	    0.29	          8	            0	           44	       5	       6	       6	       7	       7	       6	       4	       6	       7
      22	 89	 38	    0.25	          5	            0	           66	       2	       4	       6	      10	       6	       5	       5	       8	      11
      23	 38	404	    0.15	         13	            0	           67	       5	       8	      10	      11	       8	       7	       5	       8	      10
      24	427	304	    0.09	         11	            0	           27	       6	       5	       8	       8	       7	       7	       5	       4	       6
      25	  6	259	    0.04	         13	            0	           29	       6	       6	      11	      13	      11	       9	       6	       7	       9
      26	441	314	    0.05	          6	            0	           43	       5	       5	       7	       5	       5	       4	       5	       8	       5
      27	198	334	    0.27	          8	            0	           38	       4	       5	       7	       6	       4	       4	       7	       7	       5
      28	252	 40	    0.06	         10	            0	           18	       5	       6	       8	       9	       9	       8	       7	       6	       6
      29	 11	375	    0.03	          9	            0	           72	       4	       5	       8	       9	       7	       5	       5	       7	      11
      30	463	412	    0.19	          9	            0	           53	       5	       5	       7	       7	      10	       8	       6	       5	       5
      31	 11	490	    0.08	         18	            0	           61	       3	       6	       9	       7	       3	       4	       8	       9	       6
      32	265	401	    0.06	          9	            0	           13	       4	       6	       8	       9	       6	       4	       4	       6	       9
      33	480	342	    0.16	          7	            0	           30	       5	       6	       8	       9	       6	       5	       5	       5	       7
      34	386	203	    0.13	          6	            0	           66	       0	       2	       4	       4	       4	       5	       5	       4	       7
      35	428	 17	    0.19	          2	            0	           60	       1	       4	       6	       4	       4	       3	       4	       8	       9
      36	250	293	    0.24	          5	            0	           24	       3	       5	       5	       5	       4	       3	       4	       3	       6
      37	223	440	    0.16	          2	            0	           23	       4	       4	       6	       5	       6	       5	       4	       3	       4
      38	463	381	    0.12	          9	            0	           21	       5	       7	       7	       7	       6	       4	       5	       6	       7
      39	478	343	    0.18	          3	            0	           41	       4	       6	       8	       6	       6	       5	       4	       5	       5
      40	342	314	     0.1	          8	            0	           30	       6	       8	      11	       8	       6	       7	       7	       8	       9
      41	 73	129	    0.02	         14	            0	           24	       4	       6	       8	       7	       9	       6	       6	       6	       6
      42	 53	 18	    0.22	          9	            0	           17	       0	       0	       0	       1	       5	       2	       2	       5	       6
      43	 81	346	    0.23	         12	            0	           55	       5	       5	       9	       7	       6	       4	       3	       6	       8
      44	 81	476	    0.28	          9	            0	           52	       1	       2	       4	       4	       7	       6	       5	       7	       7
      45	427	390	    0.12	          3	            0	           60	       0	       0	       0	       2	       5	       5	       3	       4	       5
      46	281	423	    0.21	         11	            0	           39	       2	       4	       6	       5	       3	       3	       6	       8	       6
      47	318	471	    0.28	          4	            0	           13	       4	       7	       7	       7	       7	       6	       6	       7	       8
      48	201	314	    0.15	          3	            0	           11	       4	       6	       6	       6	       4	       4	       7	       8	       6
      49	320	379	    0.17	          7	            0	           27	       5	       5	       7	       7	       4	       4	       5	       5	       7
      50	 78	106	     0.3	          2	            0	           57	       0	       0	       3	       4	       4	       4	       3	       5	       7
COST_MATRIX 
	  0	  1	  2	  3	  4	  5	  6	  7	  8	  9	 10	 11	 12	 13	 14	 15	 16	 17	 18	 19	 20	 21	 22	 23	 24	 25	 26	 27	 28	 29	 30	 31	 32	 33	 34	 35	 36	 37	 38	 39	 40	 41	 42	 43	 44	 45	 46	 47	 48	 49	 50
  0
  1	 66
  2	 34	 84
  3	154	206	171
  4	 77	112	107	100
  5	136	 94	166	219	124
  6	 26	 90	 42	132	 67	151
  7	108	167	121	 53	 75	198	 84
  8	 72	 74	106	147	 48	 79	 79	120
  9	101	138	128	 77	 27	142	 87	 66	 71
 10	123	 88	154	202	107	 18	136	181	 63	125
 11	146	117	178	201	114	 36	156	188	 78	126	 31
 12	198	166	230	237	160	 74	207	232	129	168	 79	 52
 13	 74	104	105	109	 10	116	 67	 83	 39	 35	 98	107	154
 14	243	271	270	127	167	236	228	171	197	143	222	204	213	172
 15	126	 74	152	227	129	 27	144	201	 82	151	 35	 61	 99	120	256
 16	121	186	113	111	130	244	 98	 70	166	130	228	241	289	136	237	240
 17	 76	140	 63	132	109	207	 57	 80	133	120	193	211	261	113	249	200	 51
 18	118	174	133	 39	 75	199	 95	 15	123	 61	182	186	228	 84	157	204	 83	 95
 19	176	189	208	128	102	143	169	146	116	 88	130	111	126	103	 93	164	214	207	136
 20	143	204	151	 48	112	236	118	 39	159	 99	219	224	266	121	174	240	 67	 99	 39	169
 21	163	183	194	105	 87	150	153	123	109	 69	135	121	143	 90	 89	168	192	188	113	 24	146
 22	 82	 34	 86	232	141	121	107	189	108	167	118	148	194	134	304	 98	198	149	198	222	224	217
 23	107	173	102	105	116	229	 84	 60	151	117	213	227	275	122	229	225	 15	 41	 73	203	 65	181	185
 24	171	182	203	130	 98	136	165	145	109	 86	123	104	119	 99	101	157	213	204	136	  8	170	 26	216	201
 25	 57	115	 33	159	114	193	 49	107	126	131	180	202	253	115	268	181	 84	 35	120	216	131	199	119	 75	212
 26	179	190	211	133	106	143	173	150	118	 92	130	110	123	107	 94	164	219	211	140	  5	174	 28	224	207	  9	220
 27	 83	132	106	 75	 33	156	 64	 43	 79	 31	139	146	191	 41	166	160	101	 90	 45	118	 81	 99	158	 88	116	104	122
 28	110	 57	136	220	121	 40	129	191	 73	144	 41	 71	113	112	257	 17	226	185	194	166	229	168	 82	212	159	165	167	150
 29	 99	164	 88	123	121	227	 78	 75	151	126	212	228	278	126	246	221	 26	 25	 90	213	 84	193	173	 20	212	 59	218	 96	207
 30	210	232	239	120	133	192	198	154	158	112	179	160	171	137	 44	213	223	226	141	 50	166	 49	265	213	 57	241	 51	139	214	227
 31	152	218	145	112	153	271	129	 84	193	149	255	266	313	160	238	269	 33	 83	 93	228	 65	205	230	 46	228	116	233	122	256	 58	230
 32	130	174	153	 42	 63	178	111	 55	109	 38	161	159	196	 72	121	188	124	129	 43	 94	 76	 71	202	114	 95	148	 99	 48	181	128	100	135
 33	202	214	234	141	128	164	195	165	142	112	152	130	136	129	 78	186	235	231	154	 27	185	 44	248	224	 33	241	 25	142	190	236	 37	246	112
 34	143	137	176	158	 86	 81	144	154	 72	 89	 68	 50	 80	 82	155	102	215	194	149	 63	187	 71	170	201	 55	193	 62	115	106	207	112	237	117	 84
 35	187	145	217	251	164	 53	200	238	125	177	 65	 51	 36	156	242	 73	290	256	237	151	275	165	170	275	144	244	149	196	 89	275	199	316	209	165	 96
 36	 88	121	117	 93	 11	127	 77	 74	 55	 17	110	114	159	 18	156	135	134	117	 73	 93	111	 77	151	120	 89	124	 97	 34	127	127	122	155	 55	118	 82	165
 37	135	187	153	 20	 81	202	113	 37	128	 60	184	185	224	 90	135	209	103	117	 23	122	 48	 99	212	 95	123	142	126	 55	201	111	121	109	 29	138	144	236	 75
 38	202	221	233	125	126	178	192	154	147	107	165	146	156	129	 59	199	224	224	142	 35	170	 40	254	213	 43	237	 36	135	201	227	 16	233	100	 22	 97	183	116	124
 39	202	214	233	140	127	164	194	164	141	111	152	130	137	129	 77	186	234	230	153	 26	184	 43	248	223	 33	240	 24	141	190	235	 36	245	111	  2	 84	165	117	137	 21
 40	133	155	164	 99	 58	132	124	104	 81	 43	116	107	139	 60	117	147	171	162	 96	 46	133	 31	188	159	 43	171	 50	 73	145	169	 78	188	 59	 71	 60	155	 48	 87	 70	 70
 41	 39	 45	 41	193	111	135	 63	146	 91	136	125	153	204	105	277	117	151	103	157	204	181	194	 47	139	198	 74	206	121	100	127	241	184	167	230	161	187	121	173	233	230	164
 42	 95	 55	 92	248	159	140	119	202	128	185	138	168	213	153	323	116	205	155	212	243	237	236	 21	194	236	123	245	174	101	180	285	237	219	269	191	188	170	228	274	268	207	 57
 43	 74	139	 77	102	 83	193	 50	 50	115	 90	177	192	241	 88	216	189	 51	 33	 64	177	 75	157	155	 37	175	 58	181	 59	176	 38	194	 81	 97	200	169	240	 89	 86	192	199	132	109	165
 44	139	203	140	 77	125	246	114	 51	168	117	229	238	283	132	203	247	 40	 81	 58	193	 30	170	220	 42	194	115	198	 92	235	 62	194	 36	100	211	205	288	125	 74	197	210	154	174	230	 66
 45	189	212	218	107	112	176	177	136	138	 91	162	146	162	116	 61	196	205	207	123	 37	152	 29	245	195	 44	221	 39	118	196	209	 22	214	 82	 36	 96	187	101	106	 19	 35	 58	220	264	175	179
 46	143	187	166	 37	 76	188	125	 63	121	 50	171	167	201	 84	109	199	132	140	 50	 93	 78	 69	216	122	 95	161	 97	 61	193	138	 92	140	 14	108	122	216	 67	 31	 94	107	 63	181	233	108	104	 75
 47	174	216	196	 43	105	210	155	 87	148	 79	194	186	215	113	 85	223	152	166	 72	 96	 90	 75	245	144	100	189	100	 92	219	161	 79	154	 44	104	139	234	 96	 50	 86	103	 80	211	263	134	119	 68	 31
 48	 76	123	101	 84	 24	147	 59	 52	 69	 30	129	138	184	 32	170	150	107	 91	 55	117	 91	 98	149	 94	114	102	121	 11	140	100	140	130	 55	141	108	187	 27	 64	136	140	 71	113	166	 63	101	120	 68	 98
 49	142	175	169	 66	 66	164	127	 83	104	 41	148	141	173	 73	102	177	153	153	 72	 65	105	 41	206	142	 66	169	 69	 66	173	155	 74	165	 30	 83	 94	189	 56	 58	 72	 82	 35	176	225	121	129	 54	 30	 47	 68
 50	 49	 37	 53	202	117	129	 74	157	 93	143	121	150	200	111	283	110	163	114	167	207	191	198	 35	151	201	 85	210	129	 94	139	246	195	175	234	162	181	128	183	237	233	169	 12	 46	121	186	225	189	219	121	183
