nVehicles:  21
nDepots:     1
nCustomers: 50
nPeriods:   12
VEHICLE_TYPE	FLEET_SIZE	CAPACITY
           2	        21	      18	
DEPOT   	X  	Y  	INV_COST	INITIAL_INV 	MIN_LEVEL_INV 	MAX_LEVEL_INV	PRODUCTION_0	PRODUCTION_1	PRODUCTION_2	PRODUCTION_3	PRODUCTION_4	PRODUCTION_5	PRODUCTION_6	PRODUCTION_7	PRODUCTION_8	PRODUCTION_9	PRODUCTION_10	PRODUCTION_11
       0	278	255	       0	        556	            0	         4422	         370	         370	         370	         370	         370	         370	         370	         370	         370	         370	          370	          370	
CUSTOMER	X  	Y  	INV_COST	INITIAL_INV	MIN_LEVEL_INV 	MAX_LEVEL_INV	DEMAND_0	DEMAND_1	DEMAND_2	DEMAND_3	DEMAND_4	DEMAND_5	DEMAND_6	DEMAND_7	DEMAND_8	DEMAND_9	DEMAND_10	DEMAND_11
       1	216	404	    0.28	         13	            0	           65	       8	       7	       7	       6	       5	       5	       6	       9	       7	       6	        5	        5
       2	310	238	    0.29	          3	            0	           40	       5	       6	       6	       4	       4	       4	       5	       8	       6	       6	        4	        4
       3	250	 93	    0.14	          5	            0	           61	       7	      10	       7	       5	       5	       7	       9	       9	       7	       5	        5	        7
       4	 33	305	    0.01	          8	            0	           88	       9	      10	      12	       8	       6	       7	       8	       9	       9	       7	        6	        6
       5	369	 54	    0.12	         15	            0	           86	       8	       9	       9	       7	       5	       6	       9	      11	       7	       6	        7	        8
       6	 25	258	    0.26	          9	            0	           67	       6	       8	       7	       5	       4	       4	       5	       7	       8	       8	        5	        5
       7	174	134	    0.27	          9	            0	           41	       4	       5	       6	       5	       4	       3	       4	       5	       6	       6	        6	        5
       8	409	359	    0.25	          8	            0	           42	       5	       5	       5	       3	       4	       6	       5	       5	       4	       3	        6	        6
       9	291	443	    0.17	         16	            0	           28	      10	      12	      11	      10	      10	       7	       6	       8	      11	      10	       10	        9
      10	451	198	     0.2	         21	            0	           27	      10	      11	      11	       7	       7	       7	      11	      10	       9	       7	        7	        9
      11	181	102	    0.21	          6	            0	           43	       7	      10	       9	       7	       5	       7	       9	       9	       9	       6	        5	        8
      12	408	  7	    0.22	         18	            0	           47	      10	      12	      11	       6	       6	       7	      12	      10	       8	       6	        9	       12
      13	149	 27	    0.16	          7	            0	           50	       7	       7	       8	       6	       4	       4	       4	       5	       6	       6	        6	        6
      14	157	  5	    0.23	          4	            0	           52	       5	       7	       7	       6	       5	       4	       4	       5	       6	       5	        7	        6
      15	 57	 53	    0.21	          9	            0	           20	       6	       7	       6	       4	       5	       6	       8	       5	       4	       5	        7	        6
      16	383	303	    0.26	          1	            0	           23	       4	       5	       5	       4	       3	       4	       6	       6	       4	       3	        3	        4
      17	399	 35	    0.23	          8	            0	           46	       4	       6	       6	       4	       3	       5	       5	       5	       4	       3	        4	        5
      18	227	186	    0.07	         11	            0	           33	      10	      13	      12	      12	       8	       8	       8	       9	      10	      14	       12	        8
      19	333	117	    0.01	         20	            0	           48	      10	      11	      12	      10	       8	       6	       8	      10	      14	      10	        8	        6
      20	125	449	    0.13	          4	            0	           76	       9	       9	      11	       8	       9	       6	       5	       6	       7	      12	        9	       12
      21	 31	439	    0.27	          6	            0	           83	       9	      11	      13	      10	       8	       8	       7	       8	      11	      12	       14	       12
      22	331	349	    0.05	         11	            0	           15	       5	       8	       7	       4	       4	       5	       5	       6	       6	       4	        4	        4
      23	323	422	    0.16	         11	            0	           26	       7	       7	       7	       5	       5	       7	       8	       8	       7	       5	        4	        7
      24	347	 61	    0.21	         11	            0	           89	       9	      10	       9	       6	       7	      10	      10	       8	       7	       6	        9	       10
      25	477	442	    0.04	         13	            0	           57	      10	      14	      12	      10	       8	       8	       9	      11	      13	      10	        7	        8
      26	349	 43	    0.12	          7	            0	           68	       8	       9	       8	       6	       5	       8	       9	       8	       8	       5	        5	        7
      27	270	335	    0.12	         16	            0	           66	      10	       9	       9	       6	       5	       5	      10	      11	       8	       5	        5	        6
      28	 99	293	    0.08	          6	            0	           68	      10	      11	      12	       9	       7	       6	       6	       6	       8	      10	       12	        8
      29	292	128	     0.2	          7	            0	           18	       8	       7	      10	       7	       6	       5	       5	       6	       8	       9	        9	        8
      30	222	163	    0.17	          2	            0	           19	       8	       7	       7	       5	       5	       6	       7	       9	       8	       7	        4	        5
      31	233	 80	    0.05	          5	            0	           66	       8	       9	       7	       6	       7	      10	      10	       7	       5	       8	       10	        8
      32	369	 17	    0.16	         17	            0	          103	       9	      14	       9	       8	       7	      10	      12	       8	       6	       8	       13	       10
      33	267	108	    0.03	          6	            0	           12	       5	       5	       6	       6	       5	       3	       3	       3	       5	       6	        7	        6
      34	390	147	    0.19	          4	            0	           71	       7	       8	       9	       6	       4	       6	      10	       8	       5	       4	        7	        7
      35	207	400	    0.16	         10	            0	           38	       6	      10	       8	       6	       5	       5	       7	       9	       8	       5	        4	        6
      36	252	394	    0.22	         18	            0	           35	      10	      11	      12	      11	       8	       6	      10	      10	      13	      13	        8	        8
      37	492	363	    0.08	          5	            0	           47	       6	       8	       6	       4	       5	       6	       8	       5	       4	       6	        7	        7
      38	499	114	    0.07	          8	            0	           53	       8	       9	       8	       7	       6	       4	       5	       6	       8	       8	        7	        6
      39	229	284	     0.3	          6	            0	           94	      11	      10	       9	       7	       6	      10	      14	       8	       7	       7	       10	       13
      40	399	358	    0.11	          4	            0	           54	       9	       9	       9	       7	       5	       7	       8	      11	       7	       6	        5	        8
      41	252	447	    0.05	         14	            0	           43	       9	      12	       9	      10	       7	       6	       6	       7	       9	      12	        9	       10
      42	  7	337	    0.09	         15	            0	           73	      10	      12	       9	       8	       7	       6	       7	       7	       8	      10	       10	       10
      43	  7	307	    0.06	          1	            0	          106	       8	      11	      11	      11	       9	       7	       6	       7	       9	      10	       11	       12
      44	 85	260	    0.11	         17	            0	          100	      11	      13	      11	       9	       6	       8	      13	       9	      10	       7	        7	       13
      45	336	460	    0.06	          6	            0	           78	       9	       8	       9	       7	       5	       5	       7	      11	       8	       6	        5	        6
      46	302	262	    0.04	          9	            0	           53	       6	       8	       7	       5	       4	       6	       6	       8	       5	       5	        4	        5
      47	315	260	    0.25	          2	            0	           71	       8	       9	       7	       7	       5	       4	       6	       7	       9	       7	        8	        6
      48	342	434	    0.03	          9	            0	           52	       9	       9	       9	       8	       7	       5	       6	       5	       6	       8	        8	       10
      49	301	 81	    0.28	          5	            0	           65	       6	      10	       9	       5	       4	       5	       7	       8	       7	       5	        4	        6
      50	387	467	    0.19	          6	            0	           55	       7	      10	       7	       6	       5	       7	       9	       9	       8	       6	        6	        7
COST_MATRIX 
	  0	  1	  2	  3	  4	  5	  6	  7	  8	  9	 10	 11	 12	 13	 14	 15	 16	 17	 18	 19	 20	 21	 22	 23	 24	 25	 26	 27	 28	 29	 30	 31	 32	 33	 34	 35	 36	 37	 38	 39	 40	 41	 42	 43	 44	 45	 46	 47	 48	 49	 50
  0
  1	 81
  2	 19	 96
  3	 83	157	 79
  4	126	105	143	152
  5	111	191	 97	 63	210
  6	127	121	143	140	 24	200
  7	 80	137	 86	 44	111	106	 97
  8	 84	100	 79	155	190	154	199	163
  9	 95	 43	103	177	147	199	163	166	 73
 10	 92	157	 74	114	216	 83	216	143	 84	147
 11	 91	153	 94	 35	126	 98	111	 17	172	180	144
 12	141	221	126	 90	240	 31	229	134	177	226	 98	124
 13	131	192	133	 61	151	111	132	 55	211	220	174	 41	130
 14	139	202	140	 65	163	109	143	 66	218	230	176	 50	126	 12
 15	150	193	157	 99	127	157	104	 72	234	228	210	 67	178	 48	 56
 16	 58	 98	 49	125	176	125	181	135	 31	 84	 63	143	149	181	188	206
 17	126	206	111	 80	228	 18	218	123	163	212	 86	115	 15	126	122	172	135
 18	 43	110	 49	 48	114	 97	108	 38	126	133	113	 48	128	 89	 98	108	 98	115
 19	 75	155	 62	 44	178	 37	170	 80	127	165	 72	 77	 67	103	105	142	 97	 53	 64
 20	124	 51	141	189	 86	233	108	160	149	 84	206	176	263	212	223	201	149	249	142	196
 21	155	 95	172	205	 68	257	 91	169	194	131	243	185	287	215	226	194	189	274	161	221	 48
 22	 54	 64	 57	135	151	149	160	134	 40	 52	 97	145	176	185	193	202	 35	161	 97	117	115	157
 23	 87	 55	 93	169	157	186	171	163	 54	 20	129	176	212	216	225	228	 67	198	128	153	100	147	 37
 24	103	184	 91	 52	199	 12	189	 94	153	194	 87	 86	 41	101	100	146	123	 30	 87	 29	224	247	145	181
 25	137	132	132	209	233	202	245	217	 54	 94	123	226	221	265	271	287	 84	208	179	178	177	224	 87	 78	202
 26	112	193	100	 56	206	 12	195	 99	161	203	 93	 90	 35	101	 98	147	132	 26	 94	 38	232	254	154	190	 10	210
 27	 41	 44	 53	122	120	149	129	112	 71	 56	114	125	178	166	175	177	 59	164	 78	114	 93	131	 32	 51	143	117	152
 28	 92	 81	110	126	 34	181	 41	 88	159	122	183	104	211	136	147	122	143	198	 84	147	 80	 81	120	130	170	204	177	 89
 29	 64	144	 56	 28	157	 54	149	 60	130	158	 87	 58	 84	 88	 92	124	 99	 71	 44	 22	181	204	113	148	 44	183	 52	105	127
 30	 54	121	 58	 38	119	 92	110	 29	136	145	116	 37	122	 78	 86	100	107	110	 12	 61	152	168	108	139	 81	189	 88	 90	 90	 40
 31	 91	163	 88	 11	151	 70	137	 40	165	184	124	 29	 95	 50	 54	 90	135	 86	 54	 54	193	206	144	177	 58	219	 61	129	126	 39	 42
 32	128	209	115	 71	222	 19	211	114	173	217	100	104	 21	111	107	158	144	 18	111	 54	249	271	168	204	 25	220	 17	167	194	 68	104	 75
 33	 74	151	 69	 12	153	 58	143	 49	145	168	103	 44	 87	 72	 76	109	114	 76	 44	 34	185	204	125	160	 47	198	 53	114	125	 17	 36	 23	 69
 34	 78	156	 61	 76	196	 48	191	109	107	157	 40	107	 71	135	137	174	 79	 57	 84	 33	201	232	106	142	 49	154	 56	112	163	 50	 85	 86	 66	 65
 35	 81	  5	 96	155	100	192	116	135	104	 48	159	150	221	189	200	190	101	207	108	155	 48	 91	 68	 60	184	137	193	 46	 77	143	119	161	208	150	157
 36	 71	 19	 84	151	119	180	133	136	 81	 32	140	151	209	191	201	197	 80	194	105	145	 70	113	 46	 39	174	116	183	 31	 92	135	117	158	198	144	142	 23
 37	120	140	111	182	232	167	240	196	 42	109	 86	204	183	241	246	268	 63	171	160	147	189	234	 81	 90	168	 41	176	112	200	155	169	192	184	171	120	144	121
 38	132	203	114	125	252	 72	248	163	131	195	 49	160	 71	181	180	224	111	 64	141	 84	252	285	145	178	 81	165	 83	160	220	104	141	135	 82	117	 57	205	187	125
 39	 29	 61	 47	 97	 99	135	103	 80	 98	 86	120	 95	165	135	145	145	 78	151	 50	 99	 98	126	 61	 84	127	148	135	 33	 66	 85	 61	103	151	 91	106	 60	 57	138	160
 40	 80	 95	 75	153	185	153	194	159	  6	 69	 85	169	176	208	214	230	 29	162	122	125	145	189	 35	 50	151	 58	160	 66	154	127	132	162	172	142	106	 99	 76	 47	132	 93
 41	 97	 29	109	178	131	206	148	162	 90	 20	160	177	234	217	227	220	 98	219	132	170	 64	111	 63	 38	199	113	208	 57	109	161	143	184	223	170	166	 33	 27	128	208	 83	 86
 42	142	110	160	173	 21	230	 41	132	202	152	233	147	260	171	183	145	189	248	134	197	 82	 53	163	164	219	241	226	132	 51	177	139	172	242	174	214	105	126	243	271	115	197	135
 43	138	116	156	162	 14	221	 27	121	203	158	229	135	251	157	169	130	189	239	126	189	 93	 68	164	169	210	245	217	133	 47	169	130	161	232	164	208	111	130	245	265	112	198	142	 16
 44	 97	 98	114	118	 35	176	 31	 78	170	138	186	 93	206	121	133	105	151	194	 81	144	 97	 94	131	144	165	217	171	100	 18	123	 84	117	187	119	163	 93	108	210	220	 73	165	126	 55	 46
 45	107	 67	112	189	171	204	186	183	 63	 25	144	196	230	236	245	247	 82	215	148	172	106	153	 56	 21	200	 72	209	 71	145	168	160	197	223	180	159	 72	 54	 92	192	103	 60	 43	176	182	161
 46	 13	 84	 13	 89	137	110	139	 91	 73	 91	 82	101	139	141	148	162	 46	124	 54	 75	129	162	 46	 81	103	126	112	 40	103	 68	 64	 98	127	 79	 73	 84	 71	108	124	 39	 69	 96	153	150	109	101
 47	 19	 88	 12	 90	143	107	146	 95	 69	 93	 75	104	135	144	150	166	 41	121	 58	 73	134	168	 46	 82	101	122	110	 44	110	 67	 68	 99	125	 80	 68	 89	 75	103	118	 45	 65	 99	159	156	116	101	  7
 48	 96	 65	100	177	168	191	182	172	 51	 26	130	185	217	226	234	238	 69	202	137	159	109	156	 43	 12	187	 68	196	 62	141	156	149	186	209	168	146	 70	 50	 83	179	 94	 48	 46	175	180	156	 14	 89	 89
 49	 88	167	 79	 27	175	 37	164	 69	150	182	 96	 61	 66	 81	 82	123	119	 55	 65	 25	204	225	135	171	 26	201	 31	128	147	 24	 57	 35	 47	 22	 56	167	159	171	101	108	147	185	195	186	141	191	 91	 90	178
 50	120	 92	121	200	195	207	210	198	 56	 50	139	210	231	251	259	265	 83	217	162	178	132	179	 66	 40	204	 47	213	 89	169	177	173	209	226	190	161	 97	 77	 74	186	121	 55	 69	201	207	184	 26	111	110	 28	198
