nVehicles:   95
nDepots:      1
nCustomers: 100
nPeriods:     6
VEHICLE_TYPE	FLEET_SIZE	CAPACITY
           1	        95	       8	
DEPOT   	X  	Y  	INV_COST	INITIAL_INV 	MIN_LEVEL_INV 	MAX_LEVEL_INV	PRODUCTION_0	PRODUCTION_1	PRODUCTION_2	PRODUCTION_3	PRODUCTION_4	PRODUCTION_5
       0	275	 41	       0	        873	            0	         4216	         704	         704	         704	         704	         704	         704	
CUSTOMER	X  	Y  	INV_COST	INITIAL_INV	MIN_LEVEL_INV 	MAX_LEVEL_INV	DEMAND_0	DEMAND_1	DEMAND_2	DEMAND_3	DEMAND_4	DEMAND_5
       1	428	218	    0.06	          7	            0	           23	       5	       4	       6	       8	       7	       8
       2	494	227	    0.15	         12	            0	           20	       8	       8	       7	      13	      11	       8
       3	457	388	    0.08	          2	            0	           16	       6	       5	       7	       9	      10	       6
       4	 61	 74	    0.08	          7	            0	            8	       4	       3	       5	       5	       6	       4
       5	482	374	     0.1	         11	            0	           32	       8	       6	       6	       8	       9	       8
       6	135	331	    0.18	         12	            0	           49	       7	       8	       7	       9	      11	      13
       7	491	 80	    0.02	          1	            0	           31	       6	       3	       5	       9	       9	       7
       8	220	145	    0.04	          6	            0	           30	       6	       5	       8	      11	       9	       8
       9	123	215	     0.1	          1	            0	           26	       7	       5	       7	       7	       9	       8
      10	 63	114	    0.14	          2	            0	           14	       8	       7	       7	       9	      11	       8
      11	245	380	    0.19	          1	            0	           15	       5	       5	       3	       7	      10	      12
      12	343	173	    0.18	          5	            0	           16	       4	       3	       4	       6	       6	       5
      13	296	257	    0.22	          6	            0	           38	       5	       6	       7	      11	       9	       8
      14	 50	241	    0.09	          9	            0	           15	       7	       6	       7	       8	       8	       7
      15	 39	305	    0.13	          5	            0	           23	       9	       5	       7	      10	      10	       9
      16	352	317	    0.27	         11	            0	           25	       8	       6	       5	       6	      10	      10
      17	221	471	    0.05	          1	            0	            6	       5	       3	       4	       5	       5	       4
      18	 82	277	    0.11	          8	            0	           15	       4	       4	       4	       6	       6	       6
      19	284	 56	    0.08	          1	            0	           28	       6	       4	       5	       5	       9	      10
      20	289	292	    0.16	         13	            0	           24	       7	       8	       8	      12	      12	      11
      21	237	454	    0.01	          1	            0	           14	       4	       3	       4	       4	       6	       5
      22	 76	404	    0.13	          3	            0	            9	       4	       5	       5	       6	       7	       4
      23	391	 87	    0.14	          4	            0	           18	       7	       6	       5	       6	       9	      10
      24	 25	117	    0.03	          7	            0	           36	       6	       4	       5	       5	       7	       9
      25	226	 25	    0.11	          4	            0	           44	       6	       6	       6	       8	      11	      10
      26	111	366	    0.29	          2	            0	           23	       4	       3	       4	       6	       6	       5
      27	244	 76	    0.08	          1	            0	           39	       5	       5	       6	       8	       9	       7
      28	  5	331	    0.25	          2	            0	           30	       6	       5	       5	       8	       9	      11
      29	 85	275	    0.17	         15	            0	           51	       9	       7	       7	       9	      11	      11
      30	466	171	    0.16	         11	            0	           38	      10	       6	       9	      10	      11	       8
      31	379	202	     0.2	          1	            0	           23	       4	       4	       5	       7	       7	       4
      32	196	369	    0.16	          7	            0	           41	       7	       7	       8	       9	      12	       9
      33	 70	312	    0.12	          8	            0	           11	       4	       4	       4	       4	       5	       5
      34	  5	271	    0.13	          3	            0	           32	       6	       4	       6	       7	       8	       9
      35	198	211	    0.16	         11	            0	           30	       6	       5	       7	      10	       9	       8
      36	329	473	    0.17	         14	            0	           35	       8	       6	       8	      11	      11	       7
      37	346	  8	    0.23	          7	            0	           44	       8	       5	       6	       6	       8	      11
      38	187	 84	    0.09	          6	            0	           41	       5	       5	       5	       7	      10	      10
      39	394	182	    0.23	          2	            0	           29	       5	       4	       5	       6	       8	       7
      40	232	403	    0.15	         10	            0	           12	       6	       4	       5	       6	       7	       9
      41	123	466	    0.04	          1	            0	           16	       4	       4	       4	       5	       7	       7
      42	 95	394	    0.14	          6	            0	           20	       5	       4	       6	       7	       7	       5
      43	168	489	    0.24	          4	            0	           22	       6	       6	       6	       9	      10	      12
      44	299	333	    0.01	         13	            0	           21	       7	       6	       9	      10	      11	       8
      45	472	166	    0.02	          4	            0	           34	       5	       4	       6	       7	       8	       5
      46	310	129	    0.07	          2	            0	           24	       4	       3	       3	       4	       5	       6
      47	345	478	     0.3	          3	            0	           20	       4	       4	       4	       6	       7	       6
      48	372	214	    0.06	          3	            0	           18	       8	       6	       5	       8	      11	      12
      49	360	353	    0.03	          2	            0	           37	       5	       4	       5	       6	       7	      10
      50	451	  5	    0.05	          3	            0	           42	       8	       5	       8	      12	       8	       7
      51	171	195	    0.09	          8	            0	           29	       8	       4	       6	       9	       9	      10
      52	457	 93	    0.01	          4	            0	           23	       4	       5	       4	       7	       6	       5
      53	 67	 41	    0.17	          9	            0	           52	       9	       7	       8	      11	      10	      11
      54	341	279	    0.19	         11	            0	           43	       7	       6	       6	       7	      12	      10
      55	214	 52	    0.08	          8	            0	           11	       7	       6	       6	       6	      10	       9
      56	182	 89	    0.25	          7	            0	           48	       7	       7	       7	       9	      12	      12
      57	133	127	    0.11	          2	            0	           33	       6	       4	       5	       7	       9	       6
      58	161	401	    0.09	          8	            0	           14	       4	       4	       4	       4	       5	       4
      59	272	122	    0.28	          2	            0	           32	       6	       4	       5	       6	       8	       7
      60	105	456	    0.04	          4	            0	           30	       5	       5	       5	       6	       6	       4
      61	391	289	    0.26	          6	            0	           18	       7	       5	       7	       7	       9	      11
      62	  0	 49	    0.11	          7	            0	           19	       5	       4	       5	       7	       6	       7
      63	152	108	     0.2	          3	            0	           18	       4	       3	       4	       4	       5	       7
      64	150	146	    0.03	         11	            0	           21	       6	       6	       7	      10	       9	       9
      65	189	275	    0.15	          6	            0	           19	       7	       5	       7	      10	       8	       5
      66	370	395	    0.18	         12	            0	           40	       7	       7	       9	      12	      11	       7
      67	371	431	     0.2	          1	            0	           18	       5	       4	       5	       6	       9	       8
      68	239	226	    0.09	          3	            0	           21	       5	       4	       5	       6	       8	       9
      69	330	 29	    0.16	          3	            0	           20	       5	       5	       6	       9	      11	       7
      70	318	313	     0.1	          2	            0	           15	       8	       5	       5	       8	      10	      10
      71	484	280	    0.24	          7	            0	           44	       7	       6	       7	       7	       8	       9
      72	 40	  7	    0.24	          8	            0	           32	       5	       5	       7	       8	       8	       6
      73	405	 84	    0.18	          5	            0	            5	       3	       4	       4	       5	       5	       4
      74	220	 37	    0.24	         13	            0	           54	       6	       5	       6	      11	      11	      12
      75	232	450	    0.27	          4	            0	           19	       6	       4	       6	       8	       7	       4
      76	108	 59	    0.09	          9	            0	           33	       5	       4	       5	       6	       7	       7
      77	347	287	    0.05	          5	            0	           14	       4	       4	       3	       4	       6	       5
      78	169	300	    0.12	          8	            0	           25	       7	       5	       8	       8	       8	       8
      79	266	446	    0.22	         11	            0	           13	       4	       4	       4	       5	      10	       8
      80	434	 89	    0.05	          7	            0	           37	       5	       4	       5	       7	       8	       7
      81	118	379	    0.09	          8	            0	           29	       5	       4	       4	       7	       6	       6
      82	335	469	    0.28	          3	            0	           27	       6	       5	       6	       7	       7	      10
      83	140	 32	    0.23	          7	            0	           20	       4	       3	       4	       6	       5	       3
      84	409	355	     0.1	          2	            0	           16	       3	       1	       3	       6	       8	       6
      85	 19	255	    0.02	          9	            0	           20	       5	       3	       4	       4	       7	      10
      86	285	163	    0.22	         13	            0	           56	       6	       5	       5	       7	      11	       7
      87	486	491	    0.23	         10	            0	           53	       5	       2	       5	       6	       8	      10
      88	234	496	    0.14	          2	            0	           25	       4	       4	       4	       4	       5	       6
      89	479	210	    0.06	          9	            0	           22	       5	       5	       6	       8	       7	       8
      90	482	150	    0.09	          9	            0	           30	       6	       4	       6	       8	       8	       7
      91	 25	437	    0.28	          3	            0	           36	       4	       5	       3	       5	      10	      10
      92	488	434	    0.13	          2	            0	           37	       5	       4	       5	       5	       9	       7
      93	188	174	    0.12	          6	            0	           14	       4	       3	       4	       5	       6	       6
      94	  6	  8	    0.17	          5	            0	           26	       5	       5	       6	       9	       7	       6
      95	417	  1	    0.13	          7	            0	           13	       6	       5	       6	       8	       7	       7
      96	475	 87	    0.21	          1	            0	            9	       3	       2	       4	       4	       7	       7
      97	 57	478	    0.03	          5	            0	           35	       3	       0	       2	       6	       8	       6
      98	 32	246	    0.23	          3	            0	           23	       3	       3	       3	       5	       7	       6
      99	200	453	    0.04	          3	            0	           14	       5	       4	       6	       7	       8	       5
     100	429	 41	    0.18	          5	            0	           17	       4	       3	       5	       7	       8	       5
COST_MATRIX 
	  0	  1	  2	  3	  4	  5	  6	  7	  8	  9	 10	 11	 12	 13	 14	 15	 16	 17	 18	 19	 20	 21	 22	 23	 24	 25	 26	 27	 28	 29	 30	 31	 32	 33	 34	 35	 36	 37	 38	 39	 40	 41	 42	 43	 44	 45	 46	 47	 48	 49	 50	 51	 52	 53	 54	 55	 56	 57	 58	 59	 60	 61	 62	 63	 64	 65	 66	 67	 68	 69	 70	 71	 72	 73	 74	 75	 76	 77	 78	 79	 80	 81	 82	 83	 84	 85	 86	 87	 88	 89	 90	 91	 92	 93	 94	 95	 96	 97	 98	 99	100
  0
  1	117
  2	144	 34
  3	196	 87	 83
  4	109	198	230	253
  5	197	 83	 74	 15	259
  6	162	158	187	164	134	175
  7	110	 76	 74	155	216	148	218
  8	 59	111	144	170	 88	174	103	140
  9	116	153	186	189	 78	197	 59	196	 60
 10	113	190	223	240	 21	247	115	215	 81	 59
 11	171	123	147	107	179	119	 61	194	119	103	162
 12	 75	 49	 81	122	150	123	131	 88	 64	112	144	115
 13	109	 69	101	104	149	110	 89	132	 68	 90	137	 67	 49
 14	151	190	223	217	 84	227	 62	235	 98	 39	 64	120	151	124
 15	178	200	231	214	117	225	 50	253	121	 62	 97	110	166	131	 33
 16	144	 63	 85	 64	190	 71	109	138	109	126	177	 63	 73	 42	156	157
 17	217	164	184	126	215	140	 83	238	164	138	196	 48	162	114	144	124	102
 18	153	176	208	196	103	206	 38	227	 96	 38	 83	 97	141	108	 25	 26	137	120
 19	  9	109	136	188	112	188	157	105	 55	114	115	164	 66	101	150	175	135	210	150
 20	126	 79	108	 97	158	105	 80	147	 82	 92	144	 50	 66	 18	123	126	 34	 96	104	119
 21	208	152	172	115	210	129	 80	227	155	133	191	 38	151	103	142	124	 90	 12	118	201	 86
 22	207	200	227	191	166	204	 47	264	149	 98	146	 86	177	133	 83	 53	145	 80	 64	203	121	 85
 23	 63	 69	 87	155	166	151	177	 51	 91	149	165	164	 50	 98	188	208	117	210	182	 56	115	200	224
 24	131	208	241	255	 29	263	121	234	 99	 70	 20	172	162	153	 64	 95	192	203	 85	134	159	200	146	184
 25	 26	140	168	216	 87	217	160	136	 61	109	 93	178	 95	122	140	169	160	224	146	 33	138	215	204	 89	111
 26	183	175	204	174	149	186	 22	238	124	 76	129	 68	151	108	 70	 48	123	 77	 47	178	 97	 77	 26	198	132	180
 27	 24	117	147	189	 92	191	139	124	 37	 93	 93	153	 70	 95	128	154	133	198	130	 23	111	190	185	 74	112	 28	160
 28	199	219	250	228	132	240	 66	274	143	 83	113	123	187	151	 51	 22	174	129	 48	196	144	132	 51	229	108	189	 56	175
 29	151	174	206	195	102	205	 38	226	 94	 36	 82	 96	139	106	 25	 28	136	120	  2	148	103	118	 65	180	 85	144	 48	128	 49
 30	116	 31	 32	109	209	102	184	 48	124	173	204	153	 62	 96	211	224	 93	194	200	108	108	183	228	 57	223	141	203	121	244	198
 31	 96	 26	 59	101	172	101	139	 83	 85	129	165	112	 24	 50	166	178	 60	156	154	 88	 64	145	183	 58	183	117	158	 93	198	152	 47
 32	169	139	166	131	163	144	 36	207	113	 86	144	 26	123	 76	 98	 85	 83	 53	 74	163	 61	 48	 63	172	153	173	 43	149	 98	 73	168	124
 33	170	186	217	198	120	209	 34	241	113	 56	100	 94	154	117	 37	 16	142	110	 19	167	110	110	 47	197	101	164	 34	147	 34	 20	211	164	 70
 34	178	214	246	234	103	244	 72	262	125	 66	 84	132	176	146	 28	 25	176	148	 39	177	143	148	 76	214	 78	166	 72	155	 31	 41	236	191	108	 39
 35	 94	116	149	157	 97	164	 68	161	 35	 38	 84	 88	 75	 55	 76	 93	 94	131	 67	 89	 61	124	115	115	 99	 95	 89	 72	114	 65	136	 91	 80	 82	102
 36	218	137	149	 77	241	 92	121	213	173	166	224	 63	151	110	182	168	 79	 55	158	210	 93	 47	132	196	235	230	122	203	177	158	166	138	 85	153	191	147
 37	 40	113	133	198	147	196	193	 81	 94	153	152	193	 83	127	189	214	155	240	189	 40	145	230	240	 46	170	 61	215	 62	235	187	102	 99	196	206	216	126	233
 38	 49	138	170	204	 64	207	127	153	 35	 73	 64	151	 90	103	105	133	143	195	110	 51	116	187	170	103	 83	 36	147	 29	154	109	147	113	143	129	131	 64	208	 89
 39	 93	 25	 55	108	176	106	150	 71	 89	137	169	124	 26	 62	175	188	 71	169	164	 84	 77	158	194	 48	188	115	169	 92	209	162	 37	 13	137	175	200	100	150	 91	115
 40	183	135	158	113	186	126	 61	208	130	109	168	 14	128	 80	122	109	 74	 35	 98	176	 63	 26	 79	177	177	190	 64	164	120	 98	165	125	 25	 93	132	 98	 60	206	162	138
 41	226	197	221	172	199	186	 68	267	168	126	179	 75	184	136	119	 91	137	 50	 97	221	121	 58	 39	233	182	227	 51	205	 90	 98	227	184	 61	 82	114	133	104	255	194	197	 63
 42	199	189	217	182	161	194	 38	253	140	 91	141	 76	167	122	 80	 53	135	 74	 59	194	110	 78	 11	214	143	196	 17	176	 55	 60	217	172	 53	 43	 77	105	124	231	162	184	 69	 39
 43	231	188	210	154	215	168	 81	261	174	139	195	 67	181	133	138	113	126	 28	115	225	116	 39	 63	230	200	234	 68	210	114	115	218	179	 62	102	137	140	 81	257	203	191	 54	 26	 60
 44	147	 87	111	 84	176	 94	 83	159	102	106	161	 36	 83	 39	133	131	 28	 80	113	139	 22	 68	118	132	175	159	 96	132	148	111	117	 77	 55	115	151	 80	 72	165	137	 90	 49	111	107	102
 45	117	 35	 33	112	211	105	188	 45	127	177	207	156	 65	100	215	228	 97	198	203	109	112	186	232	 57	225	142	207	123	248	202	  4	 50	172	214	240	139	170	102	149	 40	169	231	221	222	121
 46	 48	 74	105	149	128	150	134	 94	 46	103	124	130	 28	 65	142	162	 97	177	136	 39	 83	167	181	 46	143	 67	155	 43	183	135	 81	 51	133	151	169	 70	173	 64	 66	 50	143	193	171	194	103	 84
 47	222	137	146	 72	247	 87	129	212	178	173	231	 71	153	114	190	176	 81	 63	166	214	 98	 56	140	197	242	235	130	208	186	165	165	140	 93	161	200	153	  9	236	213	151	 68	112	132	 89	 77	169	176
 48	100	 29	 62	 97	171	 98	133	 90	 84	125	163	105	 26	 44	162	173	 53	150	149	 91	 57	138	176	 65	181	120	152	 95	193	147	 52	  7	118	159	186	 88	132	104	114	 20	118	178	166	172	 70	 56	 53	133
 49	162	 76	 92	 52	205	 62	114	152	126	138	191	 60	 91	 58	165	163	 19	 92	145	154	 47	 80	145	134	205	178	125	151	178	143	106	 77	 83	147	183	108	 62	173	160	 88	 69	132	135	118	 33	109	115	 63	 70
 50	 90	108	114	192	199	186	228	 43	136	195	202	214	100	148	233	255	164	260	230	 88	165	249	274	 51	221	113	248	110	277	228	 84	105	223	245	260	164	242	 53	138	 93	228	283	264	281	181	 82	 94	243	112	180
 51	 93	130	163	173	 82	180	 71	171	 36	 27	 68	100	 87	 70	 65	 86	110	141	 61	 90	 77	134	115	123	 83	 90	 91	 70	108	 59	148	105	 88	 78	 92	 16	160	129	 57	112	109	138	107	148	 95	152	 77	167	101	124	170
 52	 95	 65	 70	148	199	142	201	 19	122	178	198	179	 70	115	217	235	124	223	209	 89	131	212	246	 34	217	121	221	107	256	208	 40	 68	190	223	243	143	201	 70	136	 55	192	251	236	246	144	 38	 76	201	 74	139	 45	152
 53	105	202	233	262	 17	267	149	213	 93	 92	 37	192	153	158	101	133	199	229	119	109	168	224	182	164	 44	 80	164	 91	149	118	210	176	177	136	120	108	253	141	 64	179	199	215	178	230	187	212	130	259	176	215	193	 93	197
 54	124	 54	 81	 80	174	 86	107	125	 91	114	162	 70	 54	 26	147	152	 20	114	130	116	 27	102	147	100	178	140	123	113	171	129	 83	 43	 86	137	169	 80	 98	136	125	 56	 83	144	136	137	 35	 87	 77	100	 37	 39	148	 95	110	182
 55	 31	136	166	208	 78	210	145	140	 47	 94	 82	165	 89	111	126	154	150	210	131	 36	126	202	190	 91	100	 15	166	 20	175	129	140	112	159	149	152	 80	219	 70	 21	112	176	212	182	220	147	142	 62	223	114	168	121	 75	124	 74	131
 56	 53	139	171	204	 61	207	124	155	 34	 70	 61	149	 91	102	101	130	143	192	107	 54	115	185	167	105	 80	 39	143	 32	150	105	148	114	141	125	127	 62	206	 92	  4	116	159	191	159	201	136	151	 68	211	114	160	141	 54	138	 63	124	 25
 57	 84	155	188	209	 45	214	103	181	 45	 45	 36	139	108	105	 71	101	145	178	 80	 84	114	172	142	131	 55	 70	121	 62	121	 78	168	129	126	 98	 97	 54	199	122	 35	134	147	170	135	182	133	171	 89	206	128	161	171	 39	163	 55	129	 56	 32
 58	189	162	188	149	171	162	 38	231	132	 95	152	 44	146	 99	 98	 78	105	 47	 74	184	 85	 47	 43	195	158	191	 31	168	 86	 74	192	148	 24	 64	102	 97	 92	218	160	160	 36	 38	 34	 45	 77	195	156	100	141	103	246	104	214	187	109	177	157	138
 59	 41	 92	123	163	109	165	125	112	 29	 88	105	130	 44	 69	126	149	106	177	123	 34	 86	167	172	 63	124	 54	147	 27	170	121	101	 67	130	139	153	 58	178	 68	 47	 68	142	188	163	191	107	103	 20	182	 68	124	107	 63	 94	111	 86	 46	 48	 70	151
 60	225	201	226	180	193	193	 65	270	166	121	173	 80	185	138	111	 83	142	 59	 91	220	124	 67	 30	234	175	224	 46	203	 81	 92	230	187	 63	 75	106	132	113	255	191	200	 69	 11	 32	 36	115	234	193	121	181	138	285	135	253	209	148	210	188	166	 40	187
 61	137	 41	 61	 60	197	 63	130	116	112	140	186	 87	 63	 51	173	177	 25	125	155	129	 52	113	168	102	203	156	146	130	195	154	 70	 44	106	161	194	105	 98	143	145	 54	 98	161	158	150	 51	 74	 90	 98	 39	 36	146	120	104	205	 26	148	145	153	128	103	166
 62	138	231	263	285	 33	291	157	246	121	104	 46	206	183	181	100	130	222	239	122	143	189	235	182	197	 37	114	168	123	142	121	241	205	188	137	112	128	269	175	 96	208	212	218	179	236	207	244	161	276	204	236	227	113	230	 34	206	108	 94	 78	194	141	211	230
 63	 71	149	182	208	 49	212	112	171	 39	 56	 45	144	101	104	 84	114	145	185	 92	 71	115	179	153	120	 64	 56	131	 49	134	 90	161	123	133	110	110	 57	203	110	 22	127	153	180	146	191	135	163	 80	209	123	161	159	 45	153	 55	128	 42	 18	 14	147	 61	176	150	 82
 64	 82	144	177	196	 58	202	 93	174	 36	 38	 47	127	 98	 92	 69	 97	133	167	 74	 81	101	161	135	125	 65	 72	112	 59	118	 73	159	118	114	 93	 96	 41	187	120	 37	124	135	161	128	172	120	162	 81	193	117	148	167	 27	156	 67	117	 57	 33	 13	128	 63	157	141	 90	 20
 65	125	123	155	146	120	155	 39	180	 67	 45	103	 60	 93	 55	 72	 77	 85	100	 54	120	 51	 93	 86	138	114	127	 60	104	 97	 53	148	102	 48	 63	 93	 33	122	155	 96	113	 68	102	 76	108	 63	152	 95	129	 97	 94	189	 42	162	132	 77	113	 94	 80	 65	 88	100	102	148	 86	 68
 66	184	 94	105	 44	223	 57	122	169	146	153	209	 63	112	 79	178	172	 41	 84	156	175	 66	 73	148	155	222	199	131	172	186	155	122	 97	 88	156	193	126	 45	194	181	108	 70	129	138	112	 48	126	137	 44	 91	 22	200	142	158	233	 60	189	180	179	105	146	136	 55	254	181	167	109
 67	201	111	120	 49	237	 63	129	186	162	165	221	 68	130	 95	187	178	 58	 78	164	193	 81	 68	149	173	234	216	135	189	190	163	139	115	 93	162	200	140	 30	212	197	126	 71	126	140	106	 61	142	155	 27	109	 40	217	155	175	248	 78	206	196	194	107	163	134	 72	267	196	181	120	 19
 68	 95	 95	128	136	118	143	 74	146	 42	 59	105	 78	 59	 33	 95	108	 73	123	 83	 88	 42	115	121	103	121	101	 95	 76	129	 81	117	 72	 75	 95	120	 22	132	122	 76	 81	 89	134	111	137	 62	121	 61	137	 67	 88	154	 38	128	127	 58	 88	 75	 73	 96	 55	134	 83	149	 74	 60	 36	107	122
 69	 29	107	129	191	137	189	180	 85	 80	140	141	181	 73	116	176	201	145	228	176	 27	134	218	227	 43	159	 53	201	 50	222	174	 99	 90	183	193	203	113	223	 14	 77	 83	194	242	218	244	153	 99	 51	225	 95	163	 62	115	 72	132	126	 60	 80	111	205	 55	242	134	166	 98	108	142	185	203	109
 70	138	 73	 98	 79	176	 88	 92	146	 98	110	162	 50	 72	 31	139	140	 18	 93	120	130	 18	 82	130	119	177	152	107	125	157	119	103	 64	 68	125	158	 79	 81	154	132	 76	 63	124	119	116	 14	107	 93	 84	 57	 30	168	 95	131	186	 21	141	132	132	 90	 99	129	 39	207	132	119	 68	 49	 65	 59	143
 71	159	 42	 27	 56	236	 48	177	101	149	184	227	130	 89	 95	218	223	 69	163	202	151	 98	152	214	108	244	182	192	158	241	200	 56	 66	151	208	240	148	124	153	178	 67	141	204	203	190	 97	 58	116	121	 66	 72	139	163	 95	241	 72	177	179	192	173	133	209	 47	269	187	180	148	 81	 95	126	148	 85
 72	119	221	253	283	 36	288	169	229	114	112	 55	213	173	179	118	150	220	250	137	125	190	245	200	181	 56	 94	183	108	163	136	229	196	198	154	134	130	275	154	 83	198	221	234	196	250	209	231	149	281	196	236	206	115	213	 22	203	 90	 82	 76	207	130	227	226	 30	 76	 89	154	255	269	148	146	207	261
 73	 69	 68	 85	155	173	151	183	 44	 98	156	172	169	 55	103	195	214	120	215	189	 63	120	204	230	  8	191	 95	204	 81	236	187	 54	 61	177	203	221	122	199	 49	110	 50	182	238	220	235	136	 53	 53	200	 68	137	 46	130	 27	171	103	 97	112	138	201	 70	239	103	204	128	132	145	157	175	110	 47	123	106	187
 74	 28	138	167	212	 82	214	154	138	 55	102	 88	172	 92	117	133	162	155	218	139	 34	133	209	198	 90	106	  7	174	 23	183	137	141	115	167	157	159	 88	225	 65	 29	114	184	220	190	228	154	142	 65	230	117	173	117	 83	122	 77	136	  9	 33	 63	185	 50	218	153	111	 50	 65	121	195	211	 95	 56	147	180	 92	 96
 75	206	152	173	117	207	131	 77	226	153	130	189	 36	150	102	139	121	 90	 12	115	199	 84	  4	 82	199	197	213	 74	188	129	115	183	145	 45	107	145	121	 50	229	185	157	 24	 56	 75	 38	 68	186	166	 59	138	 81	248	132	211	221	102	200	183	169	 44	166	 64	114	232	176	158	 91	 75	 71	113	217	 81	152	242	203	207
 76	 84	179	211	240	 25	245	137	192	 71	 79	 36	175	131	137	 96	128	178	214	110	 89	148	208	174	143	 51	 62	154	 69	146	109	188	154	162	128	118	 89	235	122	 42	156	183	204	168	218	168	190	107	241	154	194	174	 75	176	 23	161	 54	 40	 37	174	 88	199	183	 55	 33	 49	116	214	228	107	113	165	219	 43	150	 58	206
 77	129	 54	 80	 75	179	 81	109	127	 96	118	167	 70	 58	 30	151	155	 16	112	133	120	 30	100	148	103	183	145	125	118	173	132	 84	 46	 86	140	172	 84	 94	140	130	 58	 82	144	137	135	 34	 87	 82	 96	 39	 34	151	100	112	187	  6	136	129	134	110	 91	148	 23	211	133	122	 80	 56	 73	 63	130	 20	 69	208	106	141	100	166
 78	140	136	167	151	126	161	 24	195	 82	 49	108	 56	108	 68	 67	 66	 92	 90	 45	135	 61	 85	 70	154	117	141	 44	119	 84	 44	162	116	 38	 50	 84	 47	118	171	109	128	 61	 87	 60	 95	 68	166	111	126	111	100	205	 53	178	140	 87	127	106	 89	 51	103	 85	112	152	 97	 78	 17	112	121	 51	158	 75	158	161	160	134	 82	125	 90
 79	203	140	159	100	213	114	 88	215	153	136	195	 35	142	 96	149	134	 78	 26	125	196	 78	 16	 98	191	204	212	 88	186	143	125	171	135	 53	119	158	123	 35	223	186	147	 28	 73	 90	 54	 59	174	161	 43	128	 67	240	135	201	226	 92	199	184	173	 58	163	 81	101	239	179	161	 94	 58	 54	111	211	 72	138	247	194	206	 18	210	 90	 88
 80	 84	 65	 76	150	187	145	193	 29	111	168	186	174	 62	109	207	226	122	219	200	 77	125	208	239	 22	205	109	213	 96	247	198	 45	 63	184	214	234	133	200	 60	124	 51	187	245	229	241	140	 43	 66	200	 70	138	 43	142	 12	186	106	112	127	152	208	 83	247	103	218	142	145	154	157	174	120	 61	127	 99	202	 15	111	207	164	109	170	198
 81	187	175	203	170	156	183	 26	240	128	 83	136	 64	153	108	 77	 55	122	 70	 55	182	 96	 71	 25	200	140	186	  8	165	 62	 55	203	158	 40	 42	 79	 94	116	218	152	170	 59	 44	 14	 61	 94	207	158	124	152	122	251	 96	222	171	123	171	149	127	 25	150	 40	144	176	137	118	 63	127	130	 98	205	106	190	191	206	179	 68	161	124	 48	 82	215
 82	217	134	145	 74	241	 88	122	210	172	166	224	 64	149	108	183	170	 77	 58	159	209	 92	 50	134	194	235	229	124	202	179	159	163	136	 86	155	193	147	  4	231	207	147	 62	107	126	 85	 71	167	171	  7	129	 60	240	160	198	253	 96	218	205	199	 94	177	116	 95	269	203	187	122	 41	 27	131	221	 79	121	275	196	224	 53	235	 92	119	 37	197	118
 83	 68	172	203	239	 45	242	150	178	 70	 92	 57	182	124	137	114	146	178	224	126	 73	150	217	189	129	 72	 44	168	 57	165	125	178	147	171	145	138	 95	240	104	 36	148	192	218	183	229	171	180	 98	246	148	195	157	 83	162	 37	160	 39	 36	 48	185	 80	213	180	 71	 39	 58	124	215	231	109	 96	167	213	 52	136	 41	215	 21	165	135	217	150	174	240
 84	171	 70	 77	 30	224	 38	138	144	142	160	211	 83	 97	 75	189	187	 35	111	169	163	 68	100	169	135	226	189	150	163	203	167	 97	 78	107	171	207	128	 72	177	176	 87	 92	154	159	138	 57	100	124	 70	 73	 25	177	144	134	233	 51	181	175	179	127	136	161	 35	256	179	167	118	 28	 43	107	168	 51	 54	254	136	185	101	212	 47	124	 85	134	146	 68	211
 85	167	206	238	229	 93	240	 70	252	115	 56	 74	130	168	139	 18	 27	170	148	 34	166	137	148	 80	205	 70	155	 73	144	 39	 35	228	182	106	 39	 11	 93	190	205	120	192	130	118	 80	139	146	231	159	198	178	178	250	 82	234	110	162	141	117	 86	102	143	110	187	104	100	 86	 86	189	197	111	193	153	233	125	212	149	145	108	165	 79	157	224	 80	191	127	202
 86	 62	 77	110	142	121	145	113	112	 34	 86	114	111	 30	 48	124	143	 84	158	117	 54	 65	148	160	 66	133	 76	134	 49	164	115	 91	 51	113	131	151	 50	157	 84	 63	 56	123	172	150	174	 86	 94	 22	161	 51	103	115	 60	 93	125	 65	 66	 64	 79	135	 22	172	 83	154	 72	 69	 74	124	141	 40	 71	 77	116	146	 72	 71	146	103	 70	 90	142	 84	137	156	 98	115	141
 87	249	140	133	 54	298	 59	193	206	219	229	284	133	175	151	252	243	110	133	229	240	141	126	210	208	297	267	198	241	254	228	161	155	158	227	265	201	 80	252	253	162	135	182	202	160	123	163	202	 71	150	 94	244	217	200	308	129	259	253	254	169	214	192	112	329	255	241	184	 76	 65	182	244	123	106	330	208	264	129	288	124	186	113	203	193	 77	288	 79	262	193
 88	229	170	188	124	229	139	 97	245	176	152	210	 59	171	124	158	137	108	 15	134	222	106	 22	 92	220	217	236	 90	211	142	134	200	164	 67	124	161	144	 49	251	208	177	 47	 58	 87	 34	 88	204	188	 57	157	 96	269	154	231	243	121	223	206	192	 60	188	 68	130	253	199	180	113	 85	 76	136	239	101	166	264	224	230	 24	228	119	104	 30	227	 83	 53	237	113	162	169	127
 89	133	 26	 12	 90	220	 83	183	 66	134	179	214	145	 71	 95	216	226	 84	184	202	125	104	172	224	 76	232	157	200	136	245	200	 21	 51	163	211	239	141	152	121	160	 45	157	220	213	209	110	 23	 94	150	 54	 94	104	155	 60	223	 78	155	161	178	186	113	224	 60	253	172	168	149	108	123	121	118	 96	 36	242	 74	156	173	201	 77	162	159	 65	200	149	192	 81	232	100	141	189
 90	117	 44	 39	120	214	113	196	 36	132	183	211	166	 71	108	221	235	106	207	210	110	120	196	240	 56	230	143	215	125	256	209	 14	 58	181	222	247	146	179	 99	152	 47	178	240	229	232	130	 10	 87	178	 64	119	 75	158	 32	215	 96	143	154	175	204	106	243	 84	247	167	167	160	135	152	128	 98	116	 66	233	 51	143	196	193	 97	174	184	 39	216	176	181	109	238	 99	171	213	 31
 91	235	230	257	218	183	231	 77	294	176	122	163	114	207	163	 99	 67	175	100	 85	231	151	107	 31	254	161	230	 56	212	 54	 87	258	213	 93	 67	 84	143	154	268	195	225	105	 52	 42	 77	147	262	210	162	207	173	304	142	277	200	177	215	191	165	 71	201	 42	198	195	177	159	116	174	174	151	255	160	243	216	260	223	104	194	178	100	121	269	 55	156	211	197	 92	189	233	109	254	270
 92	224	113	104	 28	280	 31	184	178	198	213	267	125	150	131	240	234	 90	135	218	215	123	126	207	181	281	243	192	217	247	217	132	129	150	218	255	183	 82	225	231	135	129	184	198	163	108	135	177	 75	125	 76	216	199	172	288	107	236	231	235	165	190	192	 88	311	235	223	170	 63	 59	163	218	105	 78	310	180	240	129	267	102	174	112	175	188	 79	266	 56	251	170	 29	131	113	143	232
 93	 80	123	156	172	 81	178	 83	159	 22	 39	 70	107	 78	 69	 77	100	109	150	 74	 77	 78	143	128	111	 87	 77	104	 57	121	 73	140	 97	 98	 91	104	 20	166	115	 46	104	117	150	120	158	 97	143	 66	172	 95	125	157	 14	141	 90	 93	 63	 43	 37	115	 50	147	117	113	 38	 24	 51	144	158	 37	102	 96	158	112	118	 71	140	 71	 98	 64	142	131	109	165	 75	143	 94	 49	218	163	147	148	155	199
 94	136	236	268	295	 43	301	174	246	128	119	 61	222	188	192	119	150	232	256	140	142	201	252	202	197	 56	111	187	124	162	140	245	211	204	156	132	140	284	171	 99	213	228	237	199	254	219	247	164	290	210	248	223	125	230	 35	216	107	 97	 88	212	145	230	239	 21	 89	100	162	266	280	160	163	219	275	 18	204	108	249	 58	221	168	255	218	194	284	 69	266	124	160	341	270	258	249	215	322	124
 95	 74	109	120	195	182	190	218	 55	123	182	186	209	 94	142	220	243	162	255	218	 72	159	244	264	 45	205	 97	239	 95	264	216	 89	103	215	233	247	152	241	 36	123	 92	222	276	255	274	177	 87	 84	242	109	179	 18	157	 51	177	145	105	126	156	238	 95	276	145	210	143	152	179	199	217	144	 46	164	144	189	 42	101	243	158	148	195	235	 45	241	238	140	178	237	105	248	264	110	 82	294	220	144	206
 96	103	 70	 71	151	208	144	210	  9	131	188	207	187	 79	124	227	244	131	231	219	 97	139	219	255	 43	226	129	230	116	265	217	 43	 75	199	232	253	152	207	 76	145	 63	200	259	245	253	152	 40	 86	207	 82	145	 43	162	 10	206	118	132	147	173	223	103	262	110	239	162	166	172	163	180	137	 79	138	 97	222	 36	130	219	185	119	187	208	 21	231	204	170	139	243	103	203	238	 62	 32	286	174	150	238	 52
 97	245	227	252	206	203	219	 84	295	186	136	183	107	210	163	119	 87	169	 83	102	240	149	 91	 39	258	182	242	 63	222	 78	103	256	213	 89	 84	107	151	137	276	208	225	 96	 34	 47	 56	142	260	216	145	206	164	308	153	278	219	174	228	205	180	 65	208	 27	192	217	192	173	122	162	159	156	263	155	236	236	263	236	 89	212	174	106	106	271	 59	140	227	187	114	195	215	 89	250	269	 27	217	166	237	299	287
 98	159	199	232	225	 88	234	 67	245	107	 49	 68	126	160	133	 10	 30	164	147	 30	158	131	147	 83	197	 65	148	 72	136	 45	 31	221	175	103	 39	 19	 85	187	198	113	184	128	120	 81	140	141	224	151	195	171	173	242	 75	226	104	156	134	109	 79	101	136	112	181	100	 92	 78	 80	185	194	104	185	147	227	120	204	141	143	101	159	 74	154	216	 80	189	120	197	  8	134	258	161	225	231	 96	247	 86	120	229	236	117
 99	210	164	186	133	202	147	 70	237	155	126	183	 43	158	110	130	110	102	 14	106	203	 92	 19	 67	207	190	215	 63	190	116	106	194	155	 43	 96	134	122	 66	235	185	167	 30	 40	 61	 25	 78	198	172	 74	148	 95	257	130	222	217	112	201	183	167	 33	170	 48	126	226	175	156	 90	 90	 87	116	222	 92	167	237	212	209	 17	203	111	 79	 34	217	 56	 68	213	116	135	152	145	 28	185	207	 88	145	140	243	251	229	 73	134
100	 78	 89	 99	175	185	169	207	 37	117	177	187	193	 79	127	215	236	144	239	210	 73	144	228	254	 30	206	102	228	 95	257	209	 68	 85	202	225	242	144	222	 45	123	 73	207	262	243	260	160	 67	 75	223	 92	160	 22	151	 30	182	127	108	126	155	225	 89	264	126	215	143	150	168	180	198	133	 50	147	123	196	 25	105	227	161	130	184	219	 25	230	220	145	158	232	 95	227	248	 89	 61	283	199	138	213	 21	 33	287	224	236
