nVehicles:  12
nDepots:     1
nCustomers: 25
nPeriods:   12
VEHICLE_TYPE	FLEET_SIZE	CAPACITY
           2	        12	      18	
DEPOT   	X  	Y  	INV_COST	INITIAL_INV 	MIN_LEVEL_INV 	MAX_LEVEL_INV	PRODUCTION_0	PRODUCTION_1	PRODUCTION_2	PRODUCTION_3	PRODUCTION_4	PRODUCTION_5	PRODUCTION_6	PRODUCTION_7	PRODUCTION_8	PRODUCTION_9	PRODUCTION_10	PRODUCTION_11
       0	204	356	       0	        310	            0	         2226	         187	         187	         187	         187	         187	         187	         187	         187	         187	         187	          187	          187	
CUSTOMER	X  	Y  	INV_COST	INITIAL_INV	MIN_LEVEL_INV 	MAX_LEVEL_INV	DEMAND_0	DEMAND_1	DEMAND_2	DEMAND_3	DEMAND_4	DEMAND_5	DEMAND_6	DEMAND_7	DEMAND_8	DEMAND_9	DEMAND_10	DEMAND_11
       1	479	130	    0.28	          6	            0	           81	       5	       6	       7	       8	       9	       8	       6	       5	       5	       6	        7	        9
       2	334	222	    0.25	         10	            0	           62	       7	       9	      11	       8	       5	       6	       9	      10	       8	       5	        5	        8
       3	282	157	    0.26	          3	            0	           32	       5	       7	       6	       5	       3	       5	       7	       8	       5	       4	        5	        6
       4	196	272	    0.13	          2	            0	           50	       6	       7	       9	       6	       5	       5	       5	       6	       8	       9	        6	        5
       5	375	396	    0.25	          3	            0	           57	       4	       7	       8	       6	       4	       5	       6	       8	       6	       5	        4	        5
       6	352	454	    0.04	          6	            0	           37	       4	       5	       7	       7	       7	       4	       4	       4	       5	       7	        8	        8
       7	246	366	     0.1	         19	            0	           93	       8	      12	      12	      11	       8	       7	      10	      14	      11	       9	        6	       10
       8	344	144	    0.01	          7	            0	           93	       7	      11	      13	      10	       7	       8	      14	      11	       8	       8	        8	       12
       9	321	406	    0.22	          3	            0	           81	       7	      10	      10	      12	      11	       9	       7	       6	       7	       8	        9	       11
      10	348	421	    0.01	         10	            0	           51	       5	       8	       7	       5	       6	       5	       9	       8	       7	       5	        5	        8
      11	155	 59	    0.18	          1	            0	           56	       7	       9	      10	       9	       8	       6	       6	       6	       7	       9	       10	       11
      12	265	490	    0.15	         11	            0	           67	       6	       9	       9	       5	       5	       6	       8	       9	       8	       5	        6	        8
      13	117	423	     0.2	          6	            0	           14	       5	       6	       6	       6	       4	       5	       6	       6	       8	       6	        4	        5
      14	 67	  1	    0.11	          7	            0	           45	       4	       7	       7	       7	       5	       5	       5	       7	       6	       5	        5	        5
      15	238	368	    0.14	          1	            0	           51	       4	       5	       6	       4	       3	       5	       5	       5	       4	       3	        5	        6
      16	434	 72	    0.07	         14	            0	           44	       7	       7	       9	       8	       9	       8	       5	       5	       5	       9	       10	        9
      17	203	227	    0.09	         14	            0	           81	       8	       9	      14	       9	       6	       8	      10	      10	       9	       6	       10	       12
      18	 93	 48	    0.09	          2	            0	           62	       6	       8	      11	      11	       9	       6	       5	       7	       8	       9	        8	       10
      19	 52	450	    0.06	          5	            0	           66	       8	      12	      11	       9	       7	       6	      11	      11	      13	       8	        7	        8
      20	300	 18	    0.08	         15	            0	           98	       9	      12	      12	      13	       8	       8	       6	      10	      10	      14	        9	        7
      21	332	491	    0.26	          3	            0	           34	       8	      10	      11	       8	       7	       7	       9	      10	      10	       5	        7	       10
      22	 67	151	    0.07	         13	            0	           82	       8	       9	      12	       9	       6	       9	      11	      12	      10	       7	        7	       11
      23	234	367	    0.26	          6	            0	           51	       3	       5	       6	       4	       4	       3	       4	       6	       5	       4	        3	        5
      24	118	416	    0.02	          7	            0	           71	       6	       8	      10	      10	       9	       6	       6	       7	       7	      10	        8	        8
      25	382	402	    0.16	         16	            0	           67	       8	       9	       9	      11	       6	       6	       8	       9	      11	       8	        7	        7
COST_MATRIX 
	  0	  1	  2	  3	  4	  5	  6	  7	  8	  9	 10	 11	 12	 13	 14	 15	 16	 17	 18	 19	 20	 21	 22	 23	 24	 25
  0
  1	178
  2	 94	 86
  3	107	100	 42
  4	 43	159	 74	 72
  5	 88	143	 90	129	109
  6	 89	175	117	153	120	 32
  7	 22	166	 85	107	 54	 67	 69
  8	128	 68	 40	 32	 98	127	156	122
  9	 64	160	 93	127	 92	 28	 29	 43	132
 10	 79	160	100	137	107	 19	 17	 58	139	 16
 11	151	166	122	 81	109	202	221	161	104	193	206
 12	 74	210	139	167	115	 73	 48	 63	178	 51	 54	223
 13	 55	233	148	157	 86	130	119	 71	180	103	116	183	 82
 14	191	216	174	133	151	251	268	204	156	240	253	 53	264	213
 15	 19	170	 88	108	 53	 70	 72	  5	124	 46	 62	160	 63	 67	203
 16	183	 37	 91	 88	156	165	196	175	 58	177	180	140	226	237	187	178
 17	 65	147	 66	 53	 23	121	136	 73	 82	108	122	 88	136	108	132	 73	140
 18	164	198	149	110	124	224	241	177	135	213	226	 32	238	188	 27	176	171	106
 19	 90	267	182	187	115	164	151	106	212	137	149	203	109	 36	225	102	269	135	203
 20	176	106	104	 71	138	193	220	177	 67	195	203	 76	237	223	117	178	 73	116	105	250
 21	 94	195	135	169	129	 53	 22	 76	174	 43	 36	234	 34	113	279	 78	216	147	252	142	238
 22	124	207	139	108	 89	197	208	140	139	180	195	 64	197	139	 76	139	188	 78	 54	150	135	216
 23	 16	171	 89	108	 52	 72	 74	  7	125	 48	 64	159	 64	 65	202	  3	179	 72	175	101	178	 80	137
 24	 53	231	146	154	 82	129	119	 69	177	102	116	180	 83	  4	210	 65	234	104	185	 38	219	114	135	 63
 25	 92	145	 94	133	114	  5	 31	 71	131	 31	 20	206	 74	133	255	 74	168	126	229	167	197	 52	202	 77	133
