nVehicles:   22
nDepots:      1
nCustomers: 100
nPeriods:    12
VEHICLE_TYPE	FLEET_SIZE	CAPACITY
           4	        22	      38	
DEPOT   	X  	Y  	INV_COST	INITIAL_INV 	MIN_LEVEL_INV 	MAX_LEVEL_INV	PRODUCTION_0	PRODUCTION_1	PRODUCTION_2	PRODUCTION_3	PRODUCTION_4	PRODUCTION_5	PRODUCTION_6	PRODUCTION_7	PRODUCTION_8	PRODUCTION_9	PRODUCTION_10	PRODUCTION_11
       0	320	119	       0	        597	            0	         8074	         676	         676	         676	         676	         676	         676	         676	         676	         676	         676	          676	          676	
CUSTOMER	X  	Y  	INV_COST	INITIAL_INV	MIN_LEVEL_INV 	MAX_LEVEL_INV	DEMAND_0	DEMAND_1	DEMAND_2	DEMAND_3	DEMAND_4	DEMAND_5	DEMAND_6	DEMAND_7	DEMAND_8	DEMAND_9	DEMAND_10	DEMAND_11
       1	 80	333	    0.12	          7	            0	           76	       7	       7	       7	      11	       9	      10	       7	       6	       7	      10	       11	       12
       2	303	132	    0.19	          9	            0	           76	       5	       5	       6	       7	       9	       7	       6	       4	       7	       9	        7	        7
       3	396	378	    0.07	         11	            0	           53	       6	       6	       8	       9	      10	      10	       8	       5	       6	       6	        9	        9
       4	447	276	    0.16	          3	            0	           65	       8	       6	       9	       9	      12	      14	      12	       7	       7	       7	        8	        9
       5	365	153	    0.15	          8	            0	           20	       5	       4	       7	       8	       9	       9	       6	       5	       5	       5	        7	        8
       6	143	495	    0.27	          8	            0	           76	       6	       6	       8	      11	       8	       7	       6	       9	      11	       9	       10	        6
       7	360	 34	    0.18	          4	            0	           19	       3	       4	       4	       5	       6	       5	       4	       3	       3	       5	        6	        6
       8	167	265	    0.06	          6	            0	           86	       5	       8	       9	       9	       9	      11	       7	       6	       7	       9	       12	       12
       9	213	319	    0.14	          3	            0	           14	       4	       3	       5	       5	       5	       6	       5	       3	       4	       5	        6	        5
      10	173	166	     0.1	          5	            0	           20	       4	       4	       4	       6	       6	       5	       4	       4	       4	       4	        4	        5
      11	243	228	    0.01	          7	            0	           23	       3	       4	       6	       5	       5	       3	       3	       4	       6	       5	        4	        3
      12	 18	 72	    0.09	         12	            0	           89	       6	       8	       8	      12	       9	       6	       6	       9	      12	       9	        8	        7
      13	383	 38	    0.21	          6	            0	           26	       3	       4	       5	       6	       6	       4	       3	       3	       4	       4	        6	        6
      14	 99	417	    0.17	         10	            0	           52	       7	       7	       7	      11	      13	       9	      10	       6	       6	       6	        9	        9
      15	286	179	    0.04	          3	            0	           15	       3	       4	       4	       5	       6	       5	       4	       3	       4	       4	        5	        5
      16	136	392	    0.23	          6	            0	           37	       3	       4	       5	       5	       5	       4	       4	       5	       5	       4	        3	        4
      17	 60	 46	    0.05	          3	            0	           39	       4	       4	       4	       6	       6	       6	       5	       5	       3	       4	        5	        7
      18	490	176	    0.08	          2	            0	           30	       6	       7	      10	      11	       8	       6	       8	      11	       9	       7	        6	        7
      19	170	433	    0.27	          6	            0	           52	       3	       4	       5	       6	       6	       5	       3	       3	       3	       5	        6	        6
      20	298	 51	    0.08	         12	            0	           83	       5	       7	       7	       9	       9	      11	      10	       8	       5	       7	        7	       10
      21	474	 71	    0.07	          4	            0	           39	       4	       3	       4	       6	       6	       6	       4	       4	       3	       4	        5	        7
      22	331	 95	    0.27	          6	            0	           34	       4	       5	       7	       6	       7	       5	       4	       6	       7	       7	        6	        4
      23	158	495	    0.17	          3	            0	           26	       4	       6	       8	       9	       6	       5	       6	       7	       8	       9	        7	        5
      24	248	255	    0.06	          9	            0	           36	       5	       8	      10	      11	      10	       8	       5	       7	       8	      12	       11	        8
      25	195	142	    0.29	          3	            0	           93	       8	       9	       9	      11	      12	      10	       6	       7	      10	      11	       12	        7
      26	420	 77	    0.09	          2	            0	           56	       4	       5	       6	       9	       8	       5	       6	       5	       8	       8	        6	        4
      27	  8	167	    0.26	          1	            0	           73	       5	       7	      10	       9	       6	       5	       8	      11	       9	       6	        7	       10
      28	 72	257	    0.03	          2	            0	           54	       7	       6	       9	      12	      10	       7	       6	       6	       7	      11	       10	       11
      29	438	210	     0.1	          5	            0	           48	       3	       3	       5	       5	       5	       4	       5	       3	       4	       4	        4	        5
      30	 18	128	    0.23	          7	            0	           59	       5	       4	       5	       7	       7	       7	       6	       4	       3	       4	        6	        5
      31	 36	340	    0.18	          4	            0	           28	       4	       6	       7	       7	       9	       5	       4	       5	       9	       8	        7	        6
      32	285	410	    0.15	          8	            0	          101	       7	       7	       8	      10	      12	       8	       8	       6	       7	      10	       12	       12
      33	377	326	    0.07	         12	            0	           60	       7	       9	      12	      13	      10	       7	       8	       7	      12	      11	       12	        8
      34	143	281	    0.11	          4	            0	           51	       5	       5	       7	       8	       9	       7	       4	       5	       5	       6	        8	        9
      35	184	272	     0.2	          1	            0	           15	       4	       4	       4	       5	       4	       3	       4	       6	       5	       3	        4	        4
      36	497	235	    0.05	          4	            0	           43	       5	       6	       7	       8	       8	       8	       9	       6	       5	       5	        6	        7
      37	 99	244	    0.14	          3	            0	           78	       7	       9	      11	      13	       9	       7	       8	       9	      12	      10	        8	        6
      38	349	 13	    0.02	          6	            0	           87	       7	       7	       8	      12	       9	       8	       6	       8	      12	      10	        9	        6
      39	140	 25	       0	          2	            0	           41	       3	       4	       5	       5	       6	       4	       4	       4	       6	       6	        6	        3
      40	192	131	    0.07	         10	            0	           43	       7	       7	      11	      10	      14	       9	       8	       8	       9	      11	       13	        9
      41	134	172	    0.07	         11	            0	           94	       5	       6	       9	      10	      11	      11	       7	       5	       8	       8	       11	       13
      42	414	182	    0.17	          9	            0	           46	       5	       5	       7	       8	       6	       5	       7	       8	       7	       4	        6	        8
      43	456	 55	    0.16	          2	            0	           63	       5	       6	       7	       8	       8	       6	       4	       5	       9	       8	        6	        5
      44	249	218	    0.12	          1	            0	           29	       3	       5	       4	       6	       7	       6	       6	       4	       4	       5	        6	        6
      45	 42	271	    0.13	          8	            0	           63	       4	       5	       6	       6	       8	       6	       4	       4	       5	       7	        8	        7
      46	 99	274	    0.23	          3	            0	           50	       4	       4	       5	       7	       6	       7	       6	       5	       4	       4	        4	        7
      47	 40	139	    0.05	          7	            0	           56	       7	       7	       8	      10	      12	      12	      11	       7	       5	       6	        7	       10
      48	436	285	    0.29	          3	            0	           21	       5	       5	       5	       9	       9	       6	       4	       4	       7	       8	        9	        8
      49	 72	107	    0.06	          9	            0	           47	       5	       5	       8	       9	       8	       6	       5	       5	       8	       9	        9	        5
      50	366	282	    0.17	          6	            0	           23	       6	       6	       8	      10	       9	       6	       5	      10	      13	       8	        7	        7
      51	241	101	    0.29	          6	            0	           45	       4	       4	       5	       7	       6	       4	       3	       4	       5	       5	        5	        4
      52	385	 29	    0.27	          5	            0	           14	       3	       5	       6	       6	       4	       4	       5	       6	       6	       4	        4	        6
      53	181	 94	    0.01	          4	            0	           25	       3	       3	       4	       6	       6	       5	       4	       4	       3	       3	        4	        6
      54	441	280	    0.29	          4	            0	           35	       7	       6	       9	      11	       9	       6	       9	       9	       8	       6	        6	       10
      55	432	310	    0.02	         10	            0	           73	       6	       6	       8	       9	       7	       5	       9	      11	       7	       7	        6	        9
      56	338	152	    0.17	          1	            0	           48	       3	       4	       5	       5	       5	       4	       4	       5	       6	       5	        3	        4
      57	298	481	    0.18	          9	            0	           61	       5	       5	       8	       8	       7	       7	       6	       5	       6	       7	        7	        8
      58	476	124	    0.26	         13	            0	           91	       7	       7	       7	       9	      11	       9	      11	       7	       6	       7	        6	       10
      59	157	316	    0.22	          1	            0	           69	       5	       5	       7	       8	       7	       8	       5	       5	       5	       6	        8	        8
      60	104	335	    0.19	          3	            0	           99	       7	       7	       8	      12	      14	       9	       8	       7	       6	       8	       11	       10
      61	432	115	    0.16	          2	            0	           53	       5	       4	       5	       7	       8	       6	       6	       4	       5	       6	        8	        8
      62	476	494	    0.24	         11	            0	           75	       6	       7	       9	       9	       7	       5	       5	       7	       8	       8	        7	        5
      63	473	172	    0.29	         11	            0	           33	       7	       6	       8	      10	      10	       6	       7	      10	      13	       9	        6	        6
      64	437	 52	    0.01	          6	            0	           18	       5	       6	       7	       8	       9	      11	      10	       7	       5	       6	        6	        8
      65	432	419	     0.2	          2	            0	           30	       4	       4	       6	       8	       7	       5	       4	       4	       5	       6	        6	        6
      66	283	107	    0.12	          4	            0	           14	       4	       4	       5	       6	       6	       4	       3	       4	       5	       5	        5	        4
      67	118	191	     0.1	          5	            0	           58	       6	       7	       7	       9	      10	       9	       5	       5	       8	       8	        8	        9
      68	311	165	    0.19	          9	            0	           85	       8	       8	       9	      14	      11	       7	       7	       9	      10	       9	        8	        7
      69	201	195	       0	          9	            0	           90	       7	       6	       9	      12	      12	       8	       7	       6	       8	       9	       10	       10
      70	175	 89	    0.26	          1	            0	           28	       6	       6	       9	      10	       8	       5	       7	       9	      11	       7	        5	        5
      71	 38	218	    0.23	          7	            0	           32	       4	       5	       5	       6	       4	       3	       4	       5	       6	       3	        4	        4
      72	242	315	    0.15	          3	            0	           27	       3	       3	       4	       6	       5	       5	       4	       3	       5	       6	        5	        6
      73	130	485	    0.19	          2	            0	           22	       3	       4	       5	       6	       6	       4	       4	       5	       6	       6	        4	        3
      74	477	140	    0.16	          5	            0	           37	       5	       4	       5	       6	       6	       6	       5	       4	       6	       8	        7	        7
      75	 41	 16	    0.05	          1	            0	           14	       3	       3	       5	       6	       5	       6	       5	       3	       3	       4	        5	        6
      76	133	235	    0.19	          4	            0	           44	       5	       6	       7	       9	      10	       6	       5	       5	       7	       9	        8	        8
      77	300	 56	    0.12	          2	            0	           27	       5	       6	       9	      10	       7	       7	       6	      10	      11	       8	        7	        6
      78	 56	302	    0.24	          7	            0	           25	       3	       4	       6	       7	       5	       4	       4	       6	       6	       6	        4	        3
      79	465	 10	    0.26	          7	            0	          101	       7	       9	      11	      11	      12	       8	       7	      11	      13	      11	        9	        7
      80	136	259	    0.22	          7	            0	           26	       3	       4	       6	       6	       4	       4	       4	       6	       5	       5	        4	        3
      81	406	 38	    0.04	          4	            0	           22	       5	       5	       7	       8	       6	       6	       4	       7	       9	       8	        6	        5
      82	171	297	    0.15	          1	            0	           69	       8	       7	      13	      11	      12	       7	       6	       9	      12	      12	       10	        8
      83	422	 43	    0.13	          5	            0	           88	       6	       6	       8	      10	      12	      11	       7	       7	       6	       7	       11	       13
      84	374	412	    0.22	          3	            0	           45	       3	       4	       4	       6	       6	       5	       5	       3	       3	       4	        4	        5
      85	358	224	     0.1	          8	            0	           27	       7	       7	       8	      10	       8	       6	       7	       9	      10	       8	        7	        9
      86	412	427	     0.3	          9	            0	           62	       5	       6	       7	      10	      10	      10	       7	       6	       6	       6	        9	        8
      87	137	 60	    0.19	          1	            0	           39	       6	       6	      10	       9	      11	       7	       7	       5	       6	      10	        9	       10
      88	242	482	    0.12	          1	            0	           24	       4	       4	       7	       6	       5	       4	       5	       7	       8	       5	        5	        5
      89	231	154	    0.28	          4	            0	           45	       6	       5	       7	       9	       8	      11	      10	       8	       5	       5	        6	        8
      90	229	 54	    0.03	          5	            0	           40	       3	       4	       6	       7	       7	       4	       4	       7	       7	       6	        4	        4
      91	365	453	    0.03	          4	            0	           38	       8	       9	       9	      11	      13	       8	       6	       7	      10	      13	       14	        9
      92	258	387	    0.11	          6	            0	           50	       6	       8	      12	      12	      13	       9	       8	       7	      11	      10	       13	       10
      93	140	397	    0.25	          2	            0	           35	       3	       4	       6	       5	       5	       4	       4	       5	       5	       5	        3	        3
      94	243	409	       0	          6	            0	           15	       4	       4	       5	       7	       6	       5	       4	       4	       6	       8	        7	        6
      95	226	121	    0.23	          7	            0	           36	       4	       5	       8	       8	       6	       7	       4	       5	       6	       9	        9	        5
      96	226	363	    0.01	         10	            0	           61	       6	       7	       7	       9	      11	       8	       7	       6	       6	       7	        9	        9
      97	415	416	    0.14	          9	            0	           36	       5	       6	       7	       7	       6	       4	       6	       8	       9	       7	        5	        5
      98	189	 62	    0.26	          7	            0	           99	       7	       7	       8	      10	      12	      11	       9	       7	       8	       6	        8	        9
      99	157	166	    0.25	         13	            0	          100	       6	       7	       9	      12	      12	      10	       8	       7	       8	       9	       12	       11
     100	106	353	    0.09	         13	            0	           89	       6	       7	      10	       9	      12	      10	       9	       6	       7	       7	       10	       12
COST_MATRIX 
	  0	  1	  2	  3	  4	  5	  6	  7	  8	  9	 10	 11	 12	 13	 14	 15	 16	 17	 18	 19	 20	 21	 22	 23	 24	 25	 26	 27	 28	 29	 30	 31	 32	 33	 34	 35	 36	 37	 38	 39	 40	 41	 42	 43	 44	 45	 46	 47	 48	 49	 50	 51	 52	 53	 54	 55	 56	 57	 58	 59	 60	 61	 62	 63	 64	 65	 66	 67	 68	 69	 70	 71	 72	 73	 74	 75	 76	 77	 78	 79	 80	 81	 82	 83	 84	 85	 86	 87	 88	 89	 90	 91	 92	 93	 94	 95	 96	 97	 98	 99	100
  0
  1	161
  2	 11	151
  3	135	160	132
  4	101	186	102	 58
  5	 29	169	 33	114	 74
  6	208	 87	199	140	188	204
  7	 47	205	 57	173	129	 60	255
  8	106	 56	 96	128	141	114	116	151
  9	114	 67	104	 97	119	113	 95	161	 36
 10	 78	 96	 68	154	148	 97	166	115	 50	 80
 11	 67	 97	 57	108	105	 72	143	114	 43	 48	 47
 12	153	135	146	244	238	179	221	173	122	158	 91	137
 13	 52	212	 62	171	124	 59	259	 12	157	165	123	119	184
 14	186	 44	176	150	188	188	 45	232	 84	 76	131	119	178	237
 15	 35	129	 25	114	 94	 42	174	 82	 74	 79	 57	 33	145	 86	152
 16	165	 41	155	131	166	166	 52	212	 66	 54	115	 98	171	216	 23	131
 17	136	144	129	237	226	162	229	151	122	157	 83	130	 25	162	187	132	178
 18	 90	220	 97	112	 55	 64	236	 97	168	156	159	127	242	 88	230	103	208	225
 19	174	 68	165	117	160	171	 34	221	 85	 61	134	109	196	225	 37	140	 27	202	206
 20	 36	179	 41	171	135	 62	236	 33	126	141	 85	 93	141	 43	209	 65	189	120	115	202
 21	 81	237	 91	159	104	 69	269	 60	182	181	158	140	229	 49	256	109	234	208	 54	237	 89
 22	 14	173	 24	146	108	 34	221	 34	119	127	 87	 80	157	 39	199	 48	178	138	 90	188	 28	 73
 23	205	 90	196	133	182	200	  8	252	116	 93	165	141	223	255	 49	171	 53	230	231	 32	233	265	218
 24	 77	 93	 68	 97	101	 78	131	124	 41	 37	 59	 14	147	128	111	 43	 89	141	128	 98	106	146	 91	129
 25	 64	112	 55	155	143	 86	179	 99	 64	 89	 17	 50	 96	108	146	 50	129	 83	149	147	 69	144	 72	178	 63
 26	 55	213	 65	151	101	 47	251	 37	158	160	132	117	202	 27	234	 85	213	181	 61	218	 63	 28	 46	247	124	118
 27	158	 91	149	221	227	179	178	189	 94	128	 83	122	 48	199	134	140	130	 66	242	156	157	238	166	181	128	 95	211
 28	142	 39	132	173	188	156	125	183	 48	 78	 68	 87	 97	191	 82	114	 75	106	213	101	153	222	153	127	 89	 85	196	 56
 29	 75	190	 78	 87	 34	 47	206	 97	139	126	135	 98	222	 91	199	 78	177	207	 32	175	106	 72	 79	200	 98	127	 68	217	185
 30	152	108	143	227	227	174	194	178	102	137	 80	124	 29	188	151	137	145	 47	238	171	146	230	158	197	132	 89	203	 21	 70	214
 31	180	 23	170	182	208	190	 95	223	 76	 90	111	118	135	231	 50	149	 57	148	242	 82	196	258	192	 99	115	127	233	 88	 46	212	107
 32	147	110	140	 58	106	135	 83	192	 94	 59	135	 94	216	193	 94	116	 76	214	156	 59	180	195	160	 77	 80	142	180	185	132	126	195	130
 33	108	149	104	 28	 44	 87	145	147	110	 83	130	 84	220	145	147	 87	125	212	 94	117	144	137	118	139	 74	130	127	201	157	 66	205	171	 63
 34	120	 41	110	136	153	129	108	165	 15	 40	 60	 57	122	171	 72	 88	 56	125	182	 78	139	196	133	108	 55	 75	173	 89	 38	152	 99	 62	 96	120
 35	103	 61	 92	119	132	109	114	149	 10	 28	 54	 37	130	154	 85	 70	 65	129	161	 81	125	177	116	113	 34	 66	154	103	 57	131	110	 82	 86	101	 21
 36	106	215	110	 88	 33	 78	220	122	166	149	166	128	253	114	219	110	197	239	 30	192	136	 83	109	214	125	158	 88	247	213	 33	246	237	138	 76	179	158
 37	127	 46	117	163	175	141	128	168	 36	 69	 54	 73	 96	176	 87	 99	 77	101	199	101	139	207	138	129	 75	 71	181	 60	 15	171	 71	 58	125	145	 29	 45	200
 38	 55	210	 64	185	141	 71	263	 12	156	168	117	120	169	 22	238	 89	218	146	108	229	 32	 69	 42	260	132	101	 48	188	185	109	176	227	202	158	170	154	134	171
 39	102	157	 98	219	199	130	236	111	121	152	 73	114	 66	122	198	107	184	 42	191	205	 81	169	102	236	128	 65	143	 97	121	176	 80	166	206	192	129	126	208	112	105
 40	 65	116	 56	161	147	 88	184	 97	 69	 95	 20	 55	 92	107	151	 53	134	 79	151	152	 67	145	 72	183	 69	  6	118	 94	 88	130	 88	131	148	135	 79	 71	162	 74	 99	 60
 41	 97	 85	 87	167	165	116	162	133	 50	 84	 20	 62	 77	142	124	 77	111	 74	179	132	102	178	106	162	 71	 34	151	 64	 53	154	 63	 98	141	144	 55	 56	185	 41	134	 74	 36
 42	 57	184	 61	 99	 50	 29	208	 79	131	122	121	 89	206	 74	197	 65	175	190	 39	176	 88	 64	 61	203	 91	112	 53	204	176	 19	200	205	131	 75	145	124	 50	161	 91	158	114	141
 43	 76	234	 86	165	111	 67	270	 50	179	180	152	138	220	 38	255	106	233	199	 63	238	 80	 13	 66	266	145	138	 22	231	217	 79	223	254	198	142	194	174	 93	202	 58	159	138	172	 67
 44	 61	103	 51	109	104	 67	149	108	 48	 54	 47	  6	137	113	125	 27	104	128	123	115	 88	135	 74	146	 19	 47	111	124	 91	 95	124	123	 98	 84	 62	 43	125	 77	115	111	 53	 62	 85	132
 45	159	 37	148	185	203	172	123	199	 63	 89	 84	103	101	207	 79	131	 77	113	229	104	169	239	170	127	104	101	213	 55	 17	201	 73	 35	140	170	 51	 72	229	 32	201	133	103	 68	192	234	107
 46	135	 31	125	158	175	147	113	178	 35	 62	 66	 76	109	185	 72	105	 62	116	202	 88	150	214	147	115	 76	 82	189	 71	 16	173	 84	 46	116	142	 23	 43	200	 16	181	127	 86	 54	165	210	 81	 29
 47	141	100	132	215	215	163	186	169	 90	125	 68	111	 36	179	143	125	136	 48	226	161	137	220	148	188	120	 78	193	 22	 62	203	 13	101	183	193	 88	 99	234	 61	167	 76	 77	 50	189	213	112	 67	 74
 48	102	180	102	 51	  8	 75	181	132	135	113	145	101	235	127	181	 92	160	223	 61	153	136	109	109	175	 96	141	105	222	183	 38	224	202	 99	 36	147	127	 40	170	143	197	145	162	 53	116	100	198	169	212
 49	125	114	117	212	206	149	198	149	 93	128	 59	105	 33	160	156	113	147	 32	212	171	117	202	130	199	115	 64	175	 44	 76	191	 29	118	186	188	 94	100	222	 70	147	 54	 62	 45	176	194	105	 84	 85	 23	203
 50	 85	146	 82	 51	 41	 65	155	125	100	 79	113	 68	204	123	150	 66	128	194	 82	124	121	119	 96	149	 61	111	106	189	148	 51	191	168	 76	 23	112	 92	 70	135	135	172	116	129	 56	123	 67	163	134	178	 36	172
 51	 41	142	 35	159	136	 68	204	 69	 90	110	 48	 64	113	 78	174	 46	155	 95	131	170	 38	118	 46	202	 78	 31	 91	122	115	113	113	158	157	132	103	 91	145	101	 70	 64	 29	 65	 96	110	 59	131	112	103	135	 85	110
 52	 56	216	 66	175	128	 63	263	 13	161	169	127	123	185	  5	242	 90	221	163	 91	229	 45	 50	 43	260	133	111	 30	201	194	 95	191	234	197	149	175	158	118	179	 20	123	110	145	 78	 38	117	210	189	182	131	162	127	 81
 53	 71	130	 64	179	162	 97	202	 95	 86	114	 37	 74	 83	105	167	 68	151	 66	160	170	 63	147	 76	201	 88	 26	120	 94	 99	141	 84	143	167	152	 96	 90	174	 86	 94	 41	 20	 46	125	139	 71	113	 99	 75	160	 55	132	 31	108
 54	101	183	102	 54	  4	 75	184	130	138	116	146	103	236	125	185	 93	163	224	 58	156	135	106	108	178	 98	142	103	224	185	 36	225	205	102	 40	150	129	 36	172	142	198	146	163	 51	113	101	200	172	213	  4	204	 38	135	129	160
 55	111	177	110	 39	 19	 86	172	143	135	110	149	104	239	139	175	 99	154	229	 74	145	146	122	119	166	 97	146	117	224	182	 51	227	199	 89	 29	146	126	 50	170	155	205	150	165	 65	129	103	196	168	214	 13	207	 36	142	143	166	 16
 56	 19	158	 21	117	 83	 14	198	 61	103	105	 83	 61	165	 62	179	 30	157	149	 77	164	 55	 80	 29	194	 69	 72	 56	166	143	 58	161	178	132	 90	117	 98	 90	129	 70	118	 74	103	 41	 77	 56	160	135	150	 83	135	 67	 55	 66	 84	 83	 92
 57	182	132	175	 72	127	168	 78	226	127	 92	170	130	248	226	105	152	 93	248	181	 69	216	224	194	 71	116	178	212	214	160	153	226	149	 37	 87	127	120	159	155	236	242	183	175	161	228	134	166	144	215	120	219	106	193	231	203	124	109	166
 58	 79	224	 87	134	 78	 58	250	 74	170	164	153	128	231	 64	239	 99	217	212	 27	218	 97	 27	 74	245	132	141	 37	235	213	 48	230	246	172	113	185	164	 57	198	 85	176	143	173	 43	 36	123	230	203	219	 83	203	 97	119	 66	149	 80	 96	 71	200
 59	128	 40	118	124	147	133	 90	174	 26	 29	 76	 62	141	180	 59	 95	 40	144	181	 59	151	201	141	 90	 55	 90	178	106	 52	151	117	 62	 80	111	 19	 26	175	 47	180	146	 95	 73	145	199	 68	 62	 36	107	141	113	106	116	184	112	144	138	123	109	187
 60	153	 13	143	148	175	160	 83	198	 48	 56	 92	 88	139	204	 42	120	 33	147	209	 60	172	228	166	 85	 83	107	204	 97	 43	179	113	 35	 98	137	 34	 51	203	 46	203	157	112	 83	173	225	 94	 45	 31	104	168	116	134	136	208	127	171	165	149	122	214	 29
 61	 57	208	 66	133	 81	 39	239	 55	153	150	132	111	209	 46	225	 80	203	190	 43	207	 75	 31	 52	235	116	120	 20	214	194	 48	208	228	165	110	167	147	 69	179	 66	153	121	152	 35	 33	105	211	185	197	 86	181	 90	 96	 50	126	 83	 98	 51	195	 23	171	198
 62	204	214	201	 71	110	180	167	238	193	158	224	177	312	233	193	184	178	306	160	157	239	212	213	160	166	226	211	286	235	144	294	234	105	 98	198	184	130	227	249	289	231	235	160	220	179	244	219	282	107	280	120	229	237	249	109	 95	185	 90	186	183	203	191
 63	 81	213	 88	110	 54	 55	231	 90	160	150	151	119	233	 81	224	 94	202	216	  9	200	107	 51	 81	226	120	140	 55	233	205	 26	229	235	152	 91	174	153	 34	191	101	183	142	170	 30	 60	115	222	194	218	 60	204	 77	122	 84	152	 57	 72	 69	178	 25	174	202	 36	162
 64	 68	228	 79	165	113	 63	266	 40	172	175	144	131	210	 28	249	 99	228	189	 68	233	 70	 21	 58	262	139	130	 16	223	210	 80	213	247	195	141	187	168	 97	195	 49	150	129	163	 67	 10	126	226	203	204	117	185	121	102	 29	130	115	130	 71	226	 41	193	219	 32	222	 63
 65	161	182	158	 28	 72	138	150	196	154	121	182	135	271	193	167	141	149	264	125	132	196	176	170	143	124	183	172	247	198	105	254	202	 74	 55	161	145	 98	189	208	246	188	194	119	183	136	209	182	241	 68	239	 77	186	197	206	 70	 55	142	 74	150	147	170	153	 44	126	184
 66	 20	152	 17	147	118	 48	207	 54	 99	112	 63	 64	134	 61	181	 37	161	116	110	173	 29	 98	 25	204	 77	 48	 71	141	130	 94	133	170	152	120	112	 97	125	115	 58	 83	 48	 82	 76	 91	 59	146	125	123	118	106	 97	 22	 65	 52	118	126	 36	188	 97	123	145	 75	217	101	 82	173
 67	108	 74	 98	168	170	125	153	145	 45	 80	 31	 66	 78	153	114	 85	101	 79	187	124	115	188	117	154	 73	 46	162	 57	 41	161	 60	 86	138	147	 47	 53	191	 29	146	 84	 48	 13	149	183	 67	 56	 43	 47	166	 48	133	 77	157	 58	168	168	112	171	183	 66	 73	162	235	178	174	195	 93
 68	 24	143	 17	115	 88	 28	186	 70	 88	 92	 70	 47	154	 73	165	 15	144	139	 90	152	 58	 95	 37	182	 55	 60	 71	152	129	 68	148	163	124	 88	103	 84	100	114	 79	111	 62	 89	 53	 92	 41	145	120	137	 87	123	 65	 48	 78	 75	 87	 95	 15	159	 86	108	134	 66	185	 82	 85	141	 33	 98
 69	 71	 92	 60	134	130	 85	153	114	 39	 63	 21	 27	111	121	123	 44	104	103	145	121	 87	150	 83	152	 39	 27	125	 98	 72	119	 98	110	116	110	 52	 40	150	 57	118	 91	 33	 36	107	146	 27	 89	 65	 86	126	 79	 94	 52	124	 52	128	130	 72	152	143	 65	 86	123	204	137	138	161	 61	 42	 58
 70	 75	131	 68	182	166	101	204	 97	 89	117	 39	 78	 79	108	169	 72	153	 62	164	173	 65	150	 79	204	 91	 29	123	 93	 99	145	 81	144	170	156	 98	 92	177	 87	 95	 37	 23	 47	129	142	 75	113	101	 72	164	 53	136	 34	110	  4	164	170	 88	206	152	114	129	130	253	155	133	210	 55	 59	 78	 55
 71	150	 62	140	197	207	167	149	186	 69	102	 73	103	 74	195	105	126	100	 87	227	127	155	231	159	151	107	 88	204	 30	 26	201	 47	 62	157	178	 62	 78	230	 34	187	110	 89	 54	189	225	106	 27	 42	 40	202	 59	168	118	198	 95	204	203	154	185	224	 78	 68	204	259	219	217	222	135	 43	140	 83	 95
 72	106	 82	 97	 84	105	102	103	153	 46	 15	 83	 44	166	156	 88	 72	 66	163	143	 70	135	169	119	100	 31	 90	149	139	 90	112	146	104	 53	 68	 53	 37	134	 80	161	154	 96	 90	109	169	 49	103	 75	134	 99	135	 65	108	160	115	102	 96	 95	 88	152	 43	 70	138	148	136	164	109	107	 88	 83	 64	118	113
 73	207	 81	197	144	190	204	  9	254	112	 93	161	141	214	257	 38	172	 47	223	238	 33	233	270	220	 15	130	175	251	171	118	207	188	 87	 87	147	103	110	223	122	261	231	180	157	208	270	147	116	107	179	183	192	156	200	262	198	187	175	197	 85	251	 86	 77	239	174	233	266	155	204	148	184	150	200	142	102
 74	 80	221	 88	126	 70	 57	244	 79	168	160	153	126	233	 70	235	 98	213	214	 20	213	100	 35	 77	239	129	142	 43	235	211	 41	230	243	166	106	182	161	 49	197	 91	179	143	173	 38	 44	121	228	201	219	 76	204	 91	120	 73	150	 73	 88	 70	193	  9	183	211	 26	178	 17	 49	142	 99	182	 84	141	154	223	147	245
 75	149	160	144	254	242	176	245	160	140	175	100	147	 31	172	203	148	194	 18	239	219	130	219	151	247	159	100	192	 78	122	221	 58	163	232	229	142	147	253	118	155	 50	 95	 91	205	209	145	128	133	 62	239	 49	210	109	173	 81	240	245	164	266	225	161	163	202	324	230	199	281	130	 96	155	121	 77	102	181	239	227
 76	111	 56	100	150	159	124	131	152	 23	 59	 40	 56	100	160	 93	 82	 79	102	181	101	124	190	122	131	 59	 56	164	 72	 33	154	 79	 72	116	131	 24	 32	183	 18	155	106	 60	 32	143	185	 59	 49	 26	 67	154	 71	119	 87	163	 75	156	155	111	149	181	 43	 53	162	215	173	178	176	 99	 24	 96	 40	 76	 49	 68	126	179	119
 77	 34	177	 39	169	133	 59	234	 32	124	139	 85	 91	142	 43	207	 62	187	121	113	200	  3	 88	 25	231	103	 68	 61	157	152	104	146	194	178	141	138	123	134	138	 33	 82	 66	102	 85	 79	 85	168	149	137	134	117	118	 38	 45	 63	133	144	 52	213	 95	149	171	 73	237	105	 69	194	 27	114	 55	 86	 65	155	133	231	 98	132	123
 78	161	 20	150	175	196	172	106	203	 59	 79	 90	101	117	211	 62	131	 61	129	226	 87	175	239	173	110	 99	106	214	 72	 24	197	 90	 22	127	161	 45	 66	224	 37	206	145	110	 76	189	236	106	 18	 26	 82	191	 98	156	137	214	122	193	189	160	151	229	 51	 30	210	231	219	228	197	150	 64	145	 91	122	 43	 94	 99	226	144	 52	174
 79	 91	252	102	188	134	 88	292	 54	197	200	166	156	226	 44	274	124	253	204	 84	258	 86	 31	 80	287	164	151	 41	242	233	101	232	271	220	165	211	193	114	218	 59	163	150	185	 90	 23	150	249	226	223	139	203	145	121	 42	149	136	151	 96	250	 58	218	243	 56	243	 82	 26	206	104	196	110	162	151	238	189	291	 66	213	201	 86	252
 80	116	 47	105	143	156	127	119	159	 16	 49	 51	 56	111	166	 82	 86	 67	114	182	 89	132	194	128	119	 57	 66	169	 79	 33	153	 89	 65	107	126	 12	 25	181	 20	163	118	 70	 44	145	190	 61	 48	 20	 77	151	 83	116	 95	170	 86	153	151	115	138	183	 31	 42	165	207	175	183	169	106	 36	100	 46	 88	 54	 60	114	181	131	 13	131	 46	207
 81	 60	220	 70	171	121	 62	264	 24	165	171	133	126	195	 12	244	 93	223	174	 81	231	 55	 38	 48	260	135	118	 21	210	200	 88	200	239	196	145	180	162	109	185	 32	134	117	152	 73	 27	120	217	194	190	125	171	124	 89	 12	116	123	137	 67	228	 56	187	212	 41	231	 75	 18	191	 71	164	 80	130	119	205	161	263	 63	183	169	 54	220	 33	175
 82	117	 49	106	120	139	121	100	162	 17	 24	 66	 50	137	168	 70	 83	 51	138	171	 69	139	190	129	100	 44	 79	167	105	 54	141	114	 71	 81	105	 17	 15	166	 45	168	137	 84	 66	135	187	 56	 66	 38	103	133	108	 98	105	172	102	136	131	111	112	176	 12	 39	160	182	164	181	145	111	 60	 97	 54	105	 78	 37	 97	172	155	 37	137	 58	206	 26	175
 83	 64	225	 75	169	118	 62	266	 32	170	174	139	129	203	 20	248	 97	226	182	 75	233	 63	 30	 53	262	138	124	 18	217	206	 84	207	244	196	144	184	166	104	191	 40	142	124	158	 70	 19	124	222	199	197	122	178	123	 96	 20	124	119	134	 69	228	 49	191	216	 37	228	 70	  9	189	 77	170	 83	135	126	211	164	265	 56	191	174	 62	225	 28	180	  9	179
 84	149	153	145	 21	 78	130	123	190	127	 93	159	113	247	188	138	125	120	242	132	103	185	178	160	116	101	162	170	221	170	106	228	173	 45	 44	133	119	108	162	200	227	168	170	117	184	116	181	154	216	 71	215	 66	170	192	186	 75	 59	132	 52	153	119	141	152	 66	130	183	 30	160	170	128	139	190	194	 82	128	146	259	150	182	169	207	142	188	117	187
 85	 56	150	 54	 80	 52	 36	173	 96	 98	 87	 97	 58	187	 94	162	 43	140	174	 71	141	 92	 97	 66	169	 58	 92	 80	178	144	 41	177	172	100	 52	112	 91	 70	130	106	148	 96	115	 36	 98	 55	160	132	165	 50	155	 30	 85	 99	110	 51	 57	 38	132	 78	111	139	 66	148	 64	 95	105	 70	122	 38	 80	114	161	 74	174	 73	190	113	 89	156	120	113	 97	101	 96	 95
 86	161	173	158	 26	 78	140	139	199	147	114	177	131	266	196	157	140	140	260	132	122	197	181	171	132	119	180	176	241	191	110	248	193	 65	 54	154	138	105	182	210	243	185	189	123	188	133	201	175	236	 73	234	 77	185	200	203	 75	 60	143	 64	155	140	161	157	 47	132	188	 11	173	189	141	157	207	215	102	144	148	277	170	194	189	211	162	195	137	193	 21	106
 87	 97	140	 91	206	189	124	218	113	104	135	 56	100	 60	124	180	 96	167	 40	186	188	 81	169	 99	218	113	 51	142	 84	104	169	 69	149	191	180	111	109	201	 94	109	 18	 45	 57	152	160	 97	116	109	 63	188	 41	160	 56	125	 28	188	194	111	226	173	129	139	151	276	178	151	233	 77	 67	102	 75	 24	 94	138	213	175	 53	 88	 82	128	166	100	135	120	143	213	138	230
 88	186	111	178	 93	146	176	 50	232	115	 83	162	128	234	233	 79	154	 70	237	197	 44	218	236	199	 43	114	172	222	197	142	168	210	126	 42	104	113	109	178	139	241	235	178	165	173	239	133	146	127	200	139	206	118	191	238	197	142	129	172	 29	214	 94	101	207	118	194	237	101	189	159	163	145	200	167	 84	 57	208	254	135	215	130	262	124	237	100	238	 75	142	 90	218
 89	 48	118	 38	140	125	 68	177	 89	 65	 83	 30	 38	115	 96	148	 31	129	102	130	143	 62	129	 59	175	 52	 19	103	112	 95	108	108	135	131	113	 78	 64	140	 80	 92	 79	 23	 50	 93	123	 34	112	 90	 96	122	 83	 94	 27	100	 40	123	128	 54	167	124	 90	111	103	210	122	115	167	 36	 60	 41	 26	 43	102	 81	174	124	118	 64	 60	115	138	 71	105	 78	111	148	 73	164	 67	165
 90	 56	159	 54	183	156	 85	225	 67	110	133	 63	 88	106	 78	193	 69	176	 85	145	192	 35	123	 55	224	101	 48	 97	125	129	131	112	173	181	155	122	112	162	116	 64	 47	 43	 76	113	114	 83	144	128	104	156	 83	133	 25	 79	 32	155	164	 74	217	129	136	154	106	253	136	105	209	 38	 89	 70	 72	 33	126	131	222	132	 96	103	 36	152	121	113	 89	125	 97	194	107	208	 47	215	 51
 91	169	155	164	 41	 98	151	113	210	137	102	173	128	258	208	135	143	119	255	152	 99	204	199	180	106	115	178	191	229	177	127	238	174	 46	 64	141	128	128	170	221	242	183	182	138	205	132	186	161	226	 92	227	 86	187	213	202	 95	 79	152	 37	174	125	144	173	 60	151	204	 38	178	181	147	153	206	202	 93	119	167	273	160	202	172	228	151	209	125	207	 21	115	 27	228	 64	164	211
 92	138	 94	130	 70	110	129	 79	184	 77	 41	119	 80	199	186	 81	105	 62	198	157	 50	170	192	151	 74	 67	127	175	167	114	127	177	114	 18	 67	 79	 69	142	107	193	191	133	125	129	194	 85	123	 98	166	103	169	 76	144	190	152	106	 96	125	 52	171	 62	 82	162	122	153	190	 89	141	121	115	101	155	139	 37	 81	166	215	 99	167	110	216	 89	190	 63	191	 60	 96	 80	175	 49	118	168	 63
 93	166	 44	156	129	165	166	 50	213	 68	 54	117	 99	174	217	 23	132	  4	181	207	 24	191	234	179	 50	 90	131	213	133	 78	176	148	 60	 73	124	 59	 67	197	 80	219	187	136	113	175	233	105	 80	 65	139	159	149	127	157	222	153	162	153	158	 90	217	 42	 36	203	175	201	228	147	162	104	145	106	155	104	 66	 45	212	197	 82	189	 64	253	 70	224	 53	227	118	140	137	169	 67	130	178	116	 60
 94	151	 90	142	 79	122	142	 66	197	 82	 48	127	 91	203	199	 73	117	 55	204	170	 39	182	205	164	 61	 78	136	189	169	115	140	180	110	 22	 79	 82	 75	154	110	205	199	142	131	143	207	 96	122	 99	169	115	174	 89	155	203	161	119	107	137	 46	185	 64	 79	175	125	166	204	 95	153	126	127	110	164	141	 48	 69	179	221	103	179	108	229	 93	203	 67	204	 66	109	 85	183	 37	128	178	 65	 14	 52
 95	 48	129	 39	155	135	 72	192	 80	 78	100	 35	 55	107	 89	162	 42	143	 92	135	159	 51	127	 55	191	 68	 19	100	112	103	115	105	145	148	128	 91	 79	148	 89	 82	 65	 18	 53	 99	120	 50	119	100	 94	134	 78	107	 13	 92	 27	134	140	 59	184	126	104	124	104	225	127	111	182	 30	 65	 48	 40	 31	106	 98	189	126	107	 74	 50	125	132	 83	100	 93	106	164	 84	180	 54	181	 17	 34	180	134	145	145
 96	131	 75	122	 86	119	126	 78	178	 58	 23	103	 69	179	181	 70	 97	 48	179	162	 45	161	192	144	 75	 56	112	173	147	 94	131	157	 96	 38	 78	 59	 51	150	 88	186	175	118	107	131	193	 74	103	 78	146	113	150	 81	132	185	137	116	107	120	 70	173	 42	 63	162	142	157	188	107	132	102	108	 85	140	119	 26	 78	168	197	 80	158	 91	214	 69	186	 43	188	 78	 96	 99	158	 61	105	155	 83	 21	 47	 25	122
 97	156	173	153	 22	 72	134	142	193	146	113	174	128	263	190	159	135	141	257	126	123	192	176	166	135	116	176	170	239	190	104	246	194	 66	 49	152	137	100	180	205	240	181	187	118	182	130	201	174	234	 67	231	 72	180	195	200	 70	 54	138	 67	150	139	161	151	 50	126	183	  9	169	187	136	154	203	213	101	147	142	274	168	189	189	205	161	190	136	187	 21	101	  6	226	 93	161	204	 32	 80	138	 87	176	 99
 98	 72	147	 67	189	168	100	218	 87	103	130	 53	 88	 86	 98	184	 76	168	 65	161	186	 55	143	 73	218	101	 41	116	105	114	145	 92	159	181	163	112	106	177	102	 84	 31	 35	 62	128	134	 84	128	116	 84	167	 63	142	 33	100	 17	167	174	 88	217	147	129	143	125	260	153	125	216	 53	 74	 80	 67	 16	109	130	214	150	 78	 91	 56	138	141	103	110	118	117	198	118	214	 27	212	 51	 21	215	167	170	176	 35	152	210
 99	 85	 92	 75	160	156	105	165	122	 50	 82	  9	 54	 84	130	129	 65	114	 78	167	134	 91	166	 94	165	 64	 23	139	 75	 63	143	 73	106	138	137	 58	 55	174	 49	123	 72	 25	 12	129	160	 53	 78	 62	 61	152	 52	120	 54	133	 38	154	156	 91	173	161	 76	 89	140	229	159	152	187	 70	 24	 78	 27	 40	 65	 86	161	161	 95	 37	 91	 85	173	 48	140	 66	147	165	105	183	 54	164	 38	 67	178	122	116	129	 42	105	180	 55
100	159	 17	149	146	175	164	 74	204	 54	 57	100	 93	148	210	 33	126	 25	156	212	 52	179	232	172	 76	 87	115	210	106	 51	181	121	 36	 94	137	 41	 57	205	 55	209	165	120	 92	177	230	 99	 53	 40	112	169	125	135	143	214	135	172	165	154	116	218	 32	 10	202	198	205	224	167	152	 82	140	 93	137	 76	 71	 68	214	172	 61	178	 36	249	 50	218	 43	222	138	142	158	148	 94	118	162	139	 78	 28	 75	131	 61	158	152	 97
