nVehicles:   98
nDepots:      1
nCustomers: 100
nPeriods:    12
VEHICLE_TYPE	FLEET_SIZE	CAPACITY
           1	        98	       8	
DEPOT   	X  	Y  	INV_COST	INITIAL_INV 	MIN_LEVEL_INV 	MAX_LEVEL_INV	PRODUCTION_0	PRODUCTION_1	PRODUCTION_2	PRODUCTION_3	PRODUCTION_4	PRODUCTION_5	PRODUCTION_6	PRODUCTION_7	PRODUCTION_8	PRODUCTION_9	PRODUCTION_10	PRODUCTION_11
       0	261	437	       0	        181	            0	         8440	         704	         704	         704	         704	         704	         704	         704	         704	         704	         704	          704	          704	
CUSTOMER	X  	Y  	INV_COST	INITIAL_INV	MIN_LEVEL_INV 	MAX_LEVEL_INV	DEMAND_0	DEMAND_1	DEMAND_2	DEMAND_3	DEMAND_4	DEMAND_5	DEMAND_6	DEMAND_7	DEMAND_8	DEMAND_9	DEMAND_10	DEMAND_11
       1	157	 60	    0.27	         14	            0	           67	       8	       8	      10	      10	       8	       6	       8	      10	       9	       9	        6	        6
       2	466	177	    0.22	          6	            0	           14	       3	       5	       6	       6	       6	       5	       4	       3	       4	       4	        6	        5
       3	168	293	    0.17	          1	            0	           71	       0	       0	       0	       0	       0	       1	       1	       2	       5	       6	        8	        8
       4	151	107	    0.15	          4	            0	           25	       4	       4	       5	       5	       3	       3	       5	       5	       5	       4	        4	        5
       5	128	320	    0.09	          3	            0	           84	       0	       1	       5	       2	       2	       0	       2	       6	       8	       5	        3	        6
       6	 33	158	    0.18	          3	            0	           54	       0	       0	       0	       0	       0	       0	       0	       1	       2	       5	        7	        9
       7	202	 29	     0.3	         12	            0	           87	       6	      10	      11	       9	       9	       7	       6	       8	      10	      12	        9	        8
       8	 13	201	    0.07	          7	            0	           52	       6	       8	       9	       5	       4	       7	       8	       7	       5	       5	        7	       10
       9	303	112	    0.22	          6	            0	           52	       4	       5	       6	       5	       3	       4	       5	       5	       4	       3	        6	        6
      10	316	273	    0.02	          3	            0	           14	       4	       6	       7	       7	       4	       3	       5	       7	       7	       7	        4	        5
      11	376	 23	    0.04	          7	            0	           73	       5	       7	       9	       9	       7	       6	       5	       5	       6	       8	        8	        7
      12	 87	432	     0.2	          8	            0	           26	       4	       6	       8	       6	       4	       3	       5	       7	       6	       5	        4	        4
      13	156	 12	    0.28	          7	            0	           33	       4	       7	       9	       5	       6	       5	       7	       9	       7	       5	        6	        8
      14	222	141	     0.3	          6	            0	           30	       0	       0	       0	       0	       0	       0	       0	       4	       6	       8	       10	        8
      15	 16	440	    0.25	          9	            0	           35	       5	       6	       6	       6	       6	       5	       5	       4	       3	       6	        6	        7
      16	353	223	    0.15	          9	            0	           86	       5	       6	       7	       8	       8	       6	       5	       7	       8	       8	        8	        9
      17	 42	119	    0.11	          7	            0	           64	       5	       6	       6	       5	       5	       4	       5	       6	       8	       6	        4	        4
      18	 48	236	    0.14	          9	            0	           49	       4	       8	      10	       6	       5	       5	       6	       8	       7	       4	        5	        7
      19	 24	 42	    0.27	          7	            0	           61	       4	       5	       5	       7	       6	       5	       5	       4	       4	       5	        5	        8
      20	333	480	    0.19	          7	            0	           53	       3	       4	       6	       6	       3	       4	       5	       5	       6	       4	        4	        4
      21	225	370	    0.28	          4	            0	           32	       3	       5	       5	       6	       5	       3	       3	       4	       5	       5	        4	        3
      22	101	 72	    0.05	          3	            0	           60	       6	       8	       8	       5	       5	       5	       8	       9	       6	       5	        5	        7
      23	 68	269	    0.28	          5	            0	           63	       3	       3	       7	       5	       3	       5	       7	       9	       7	       5	        8	        9
      24	438	497	    0.08	          9	            0	           63	       4	       6	       6	       6	       6	       5	       4	       4	       5	       7	        6	        5
      25	 53	249	    0.14	         18	            0	           58	       0	       1	       2	       2	       2	       0	       0	       1	       3	       6	       11	       11
      26	353	100	    0.19	          4	            0	           52	       0	       0	       0	       0	       0	       0	       0	       0	       1	       8	        8	        7
      27	 79	 50	    0.02	          6	            0	           51	       0	       0	       0	       0	       0	       0	       0	       2	       1	       1	        6	        9
      28	344	 71	    0.26	          4	            0	           58	       4	       6	       9	       7	       6	       5	       6	       8	      10	       6	        6	        4
      29	416	 30	    0.23	          9	            0	           68	       5	       6	       8	       6	       5	       4	       7	       9	       9	       6	        5	        6
      30	403	358	    0.22	          2	            0	           58	       0	       0	       0	       0	       0	       0	       0	       1	       1	       3	        3	        9
      31	208	309	    0.04	         14	            0	           51	       0	       0	       0	       0	       0	       0	       3	       5	       2	       2	        4	       10
      32	149	483	    0.08	          2	            0	          107	       0	       0	       0	       0	       0	       0	       0	       0	       5	       4	        3	        7
      33	500	 14	    0.09	         10	            0	           44	       4	       7	       7	       5	       4	       6	       7	       8	       4	       4	        6	        6
      34	381	 29	     0.3	         11	            0	           34	       1	       2	       4	       4	       5	       3	       3	       3	       5	       6	        7	        8
      35	439	439	    0.01	          6	            0	           56	       2	       6	       7	       8	       6	       5	       5	       7	       9	       9	        8	        7
      36	232	492	    0.29	         14	            0	           41	       0	       0	       0	       0	       0	       0	       0	       3	       5	       9	        8	        7
      37	164	465	    0.05	          8	            0	           76	       0	       0	       0	       0	       0	       0	       1	       2	       6	       6	        5	        6
      38	396	131	    0.05	          4	            0	           24	       4	       6	       6	       7	       6	       5	       6	       7	       9	       8	        8	        7
      39	269	277	    0.04	          8	            0	           64	       4	       5	       7	       8	       6	       6	       7	       7	       8	       6	        4	        6
      40	204	 60	     0.3	          2	            0	           65	       5	       7	       8	       9	       7	       7	       6	       4	       5	       6	        7	        9
      41	137	196	    0.29	         10	            0	           31	       5	       7	       8	       6	       3	       3	       6	       7	       8	       6	        6	        7
      42	181	 86	    0.13	          8	            0	           56	       4	       6	       7	       8	       6	       5	       5	       4	       5	       5	        6	        6
      43	487	463	    0.29	          3	            0	           44	       4	       5	       6	       6	       5	       4	       4	       5	       4	       6	        5	        4
      44	453	208	    0.05	          1	            0	           68	       5	       7	       7	       7	       5	       6	       7	       9	       7	       6	        5	        5
      45	 88	259	     0.1	         12	            0	           27	       6	       7	       7	       7	       6	       5	       6	       7	      10	       8	        6	        5
      46	 50	 23	    0.08	         12	            0	           93	       2	       5	       6	       7	       4	       3	       3	       4	       8	       7	        5	        5
      47	241	360	    0.27	          5	            0	           70	       6	       6	      10	       8	       6	       5	       4	       7	       7	       8	        6	        5
      48	 40	159	    0.11	          6	            0	           56	       4	       7	       7	       6	       4	       4	       5	       6	       7	       4	        4	        6
      49	 39	191	    0.29	          8	            0	           70	       1	       3	       4	       4	       6	       5	       4	       4	       6	       8	        7	        8
      50	350	423	    0.04	          6	            0	           43	       0	       0	       0	       0	       0	       1	       1	       2	       7	       9	        8	        7
      51	491	446	    0.12	         15	            0	           65	       0	       0	       0	       0	       0	       0	       1	       0	       3	       5	        7	       12
      52	444	 54	    0.02	         16	            0	           80	       4	       6	       5	       5	       8	       5	       5	       5	       4	       6	        9	        8
      53	493	100	    0.09	         11	            0	           75	       5	       8	      10	       7	       6	       7	       8	       8	       6	       5	        7	        8
      54	224	 63	    0.25	          2	            0	           20	       0	       0	       3	       3	       1	       0	       3	       6	       5	       5	        5	        5
      55	337	424	     0.3	          1	            0	           18	       5	       6	       5	       8	       7	       5	       5	       4	       5	       5	        7	        6
      56	439	269	    0.06	         14	            0	           58	       3	       7	       7	       8	       5	       4	       7	      10	       8	       5	        6	        7
      57	141	213	    0.11	         10	            0	           74	       0	       0	       0	       0	       0	       0	       0	       4	       3	       1	        2	        7
      58	 19	 34	    0.13	         10	            0	           33	       5	       5	       6	       5	       4	       5	       7	       7	       5	       3	        5	        6
      59	375	203	    0.18	          2	            0	           21	       5	       7	       6	       6	       6	       5	       4	       3	       5	       4	        6	        9
      60	268	  3	    0.13	          5	            0	           30	       0	       0	       1	       1	       1	       2	       2	       5	       5	       7	        8	        6
      61	 39	388	    0.02	         11	            0	           25	       5	       6	       7	       6	       7	       5	       4	       4	       4	       6	        6	        7
      62	320	324	    0.05	          4	            0	           35	       5	       6	       8	       7	       5	       4	       4	       5	       6	       7	        6	        6
      63	223	424	    0.13	          8	            0	           38	       0	       0	       0	       1	       0	       0	       1	       5	       6	       7	        7	        6
      64	333	213	    0.08	          2	            0	           71	       0	       0	       0	       0	       0	       0	       1	       1	       4	       5	        8	        8
      65	408	363	    0.16	         12	            0	           61	       4	       7	       8	       5	       3	       4	       5	       7	       9	       6	        5	        5
      66	380	242	    0.02	         17	            0	          104	       0	       0	       0	       0	       0	       0	       0	       3	       5	       3	        4	        6
      67	169	 35	    0.15	         18	            0	           41	       0	       0	       0	       0	       0	       0	       1	       3	       2	       0	        4	        8
      68	424	329	    0.12	          8	            0	           51	       6	       8	       8	       7	       5	       5	       5	       6	       8	       6	        5	        5
      69	379	229	    0.01	          8	            0	           22	       4	       7	       8	       5	       4	       4	       4	       7	       8	       5	        5	        3
      70	363	236	    0.26	          1	            0	           34	       4	       5	       8	       6	       4	       4	       5	       7	       7	       6	        4	        5
      71	448	449	    0.15	          5	            0	           47	       1	       5	       5	       5	       5	       5	       6	       8	       9	       5	        6	        6
      72	 47	356	    0.25	          6	            0	           45	       0	       0	       0	       1	       0	       0	       0	       3	       7	       6	        8	        6
      73	151	 88	    0.25	          5	            0	           25	       4	       8	       9	       8	       6	       5	       5	       8	       9	       9	        6	        4
      74	 58	491	    0.05	          5	            0	           62	       6	       8	       7	       8	       7	       6	       6	       5	       5	       6	        8	        7
      75	113	341	    0.27	          5	            0	           50	       5	       8	       7	       8	       7	       5	       4	       4	       6	       7	        7	        9
      76	211	478	    0.28	          2	            0	           22	       5	       5	       6	       8	       7	       4	       5	       4	       5	       6	        8	        6
      77	209	291	    0.19	          8	            0	           81	       6	       8	      10	       8	       7	       6	       5	       8	       8	       8	        6	        4
      78	230	317	    0.26	          5	            0	           38	       0	       0	       1	       3	       1	       1	       3	       3	       8	       8	        7	        5
      79	324	 83	    0.05	          4	            0	           17	       5	       5	       9	       6	       4	       5	       4	       5	       8	       7	        5	        5
      80	226	105	    0.17	          8	            0	           32	       0	       0	       0	       0	       0	       0	       2	       5	       6	       7	        5	        5
      81	410	114	    0.06	          2	            0	           74	       1	       4	       5	       6	       7	       7	       5	       5	       7	       6	        7	        8
      82	332	371	    0.28	          8	            0	           11	       3	       5	       5	       4	       3	       4	       5	       6	       5	       3	        4	        5
      83	167	318	    0.08	          9	            0	           34	       4	       5	       5	       6	       6	       5	       4	       3	       3	       4	        5	        6
      84	 80	100	    0.17	          5	            0	           51	       5	       5	       6	       6	       4	       4	       5	       8	       6	       4	        4	        5
      85	283	147	     0.2	          7	            0	           25	       3	       5	       5	       5	       3	       3	       3	       6	       7	       5	        3	        3
      86	485	347	    0.07	          6	            0	           29	       4	       4	       6	       5	       5	       5	       4	       3	       4	       5	        6	        6
      87	134	205	    0.26	          8	            0	           29	       0	       0	       0	       0	       0	       0	       0	       0	       2	       7	        5	        5
      88	475	452	    0.22	         11	            0	           40	       0	       0	       0	       1	       0	       1	       1	       2	       3	       6	        9	       10
      89	194	264	     0.2	          4	            0	           36	       4	       5	       6	       4	       5	       3	       3	       4	       5	       5	        4	        4
      90	243	 32	    0.04	          8	            0	           61	       4	       4	       8	       7	       4	       4	       9	       8	       5	       4	        6	        9
      91	240	339	    0.15	          8	            0	           50	       5	       6	       7	       8	       6	       4	       4	       6	       7	       6	        5	        4
      92	425	133	    0.07	          7	            0	           29	       5	       5	       8	       6	       6	       6	       4	       4	       4	       5	        7	        8
      93	254	498	    0.07	          5	            0	           77	       4	       5	       8	       7	       6	       5	       6	       7	       9	       6	        5	        6
      94	497	398	       0	          8	            0	           56	       1	       1	       6	       5	       6	       6	       6	       5	       8	       8	        8	        7
      95	419	106	     0.3	          5	            0	           93	       0	       0	       0	       0	       0	       0	       1	       5	       6	       4	        4	        5
      96	371	375	    0.11	          4	            0	           31	       0	       0	       0	       0	       0	       0	       0	       6	       5	       5	        4	        5
      97	400	104	    0.17	         13	            0	          104	       0	       0	       0	       0	       0	       0	       0	       1	       4	       6	        7	        6
      98	 94	201	    0.05	          6	            0	           30	       4	       5	       8	       7	       6	       5	       4	       4	       6	       8	        7	        5
      99	295	253	    0.26	          3	            0	           76	       1	       3	       5	       5	       7	       6	       5	       7	       6	       9	        9	        8
     100	495	 33	    0.21	          9	            0	           35	       4	       5	       5	       5	       4	       4	       3	       4	       4	       6	        5	        4
COST_MATRIX 
	  0	  1	  2	  3	  4	  5	  6	  7	  8	  9	 10	 11	 12	 13	 14	 15	 16	 17	 18	 19	 20	 21	 22	 23	 24	 25	 26	 27	 28	 29	 30	 31	 32	 33	 34	 35	 36	 37	 38	 39	 40	 41	 42	 43	 44	 45	 46	 47	 48	 49	 50	 51	 52	 53	 54	 55	 56	 57	 58	 59	 60	 61	 62	 63	 64	 65	 66	 67	 68	 69	 70	 71	 72	 73	 74	 75	 76	 77	 78	 79	 80	 81	 82	 83	 84	 85	 86	 87	 88	 89	 90	 91	 92	 93	 94	 95	 96	 97	 98	 99	100
  0
  1	196
  2	166	166
  3	 86	117	160
  4	174	 24	162	 94
  5	 89	131	184	 25	108
  6	181	 80	217	 96	 65	 94
  7	207	 28	152	134	 47	151	107
  8	172	101	227	 91	 84	 83	 24	128
  9	164	 78	 88	113	 77	136	137	 66	152
 10	 87	133	 90	 75	118	 97	153	135	156	 81
 11	215	112	 90	171	121	194	185	 88	203	 58	129
 12	 88	190	229	 81	166	 60	140	210	122	194	140	251
 13	219	 25	176	141	 48	155	 96	 25	119	 89	154	111	213
 14	150	 52	124	 81	 40	102	 95	 57	109	 44	 82	 98	161	 73
 15	123	203	261	106	180	 83	142	226	120	218	172	276	 36	226	182
 16	117	128	 62	 99	117	123	164	123	171	 61	 32	101	170	145	 78	201
 17	194	 65	214	108	 55	110	 21	 92	 44	131	158	174	159	 79	 91	162	164
 18	147	104	212	 67	 83	 59	 40	130	 25	142	136	196	100	125	100	104	153	 59
 19	231	 68	232	145	 72	149	 59	 90	 80	144	187	177	198	 68	111	200	188	 40	 98
 20	 42	228	166	125	208	131	221	235	213	185	104	230	126	251	179	160	129	232	188	269
 21	 39	159	155	 48	137	 55	144	171	136	135	 67	190	 76	183	115	111	 98	156	112	193	 78
 22	200	 29	190	116	 31	125	 55	 55	 79	103	148	140	181	 41	 70	189	147	 38	 87	 42	235	162
 23	128	114	205	 52	 92	 40	 59	138	 44	142	125	198	 83	136	101	 90	145	 77	 20	116	170	 94	100
 24	 94	260	161	170	243	179	265	263	259	204	128	240	179	281	209	213	144	274	235	308	 54	124	272	218
 25	141	108	210	 62	 87	 52	 47	133	 32	143	133	198	 94	130	101	 98	151	 66	  7	105	182	106	 92	 13	229
 26	175	101	 69	134	102	158	163	 84	178	 26	 89	 41	213	108	 69	240	 62	156	167	168	191	150	127	166	203	168
 27	214	 40	204	130	 46	138	 59	 63	 83	117	163	150	192	 43	 85	198	163	 40	 95	 28	250	176	 16	110	287	101	140
 28	188	 94	 81	142	 99	165	162	 75	178	 29	102	 29	222	 99	 71	247	 77	153	170	161	205	161	122	170	219	171	 16	133
 29	218	131	 78	181	138	205	202	108	219	 70	132	 21	260	131	112	287	102	193	211	197	229	195	159	212	234	212	 48	169	 42
 30	 82	194	 96	122	178	139	211	193	211	133	 61	169	163	213	142	198	 72	217	188	247	 71	 90	208	174	 72	184	132	224	147	165
 31	 70	128	145	 22	105	 41	116	141	112	110	 57	166	 87	151	 85	117	 85	127	 88	163	106	 32	131	 73	149	 84	128	145	138	175	101
 32	 61	212	221	 96	189	 83	173	229	157	201	135	257	 41	236	175	 70	166	190	134	230	 93	 69	207	115	145	127	217	220	228	263	142	 92
 33	243	174	 84	217	181	241	245	150	261	111	159	 63	294	173	153	323	128	235	252	239	248	225	202	251	244	253	 86	212	 84	 43	179	208	293
 34	213	114	 86	170	122	193	186	 90	204	 57	127	  4	250	113	 98	275	 99	176	197	179	227	188	142	198	236	198	 39	152	 28	 18	165	165	255	 60
 35	 90	237	132	154	220	167	247	237	244	178	104	211	177	257	185	212	117	255	221	288	 57	113	250	205	 30	216	175	266	191	205	 45	133	147	215	208
 36	 32	220	197	105	197	101	195	232	183	194	118	246	 79	243	176	112	148	210	158	248	 51	 62	220	139	104	151	206	234	218	249	109	 93	 42	275	244	107
 37	 51	203	209	 87	180	 75	167	219	153	190	123	246	 42	227	165	 76	154	184	129	223	 85	 57	200	110	138	122	206	212	217	252	131	 82	 12	282	244	139	 37
 38	168	125	 42	140	124	164	183	110	195	 48	 82	 55	216	134	 88	245	 51	178	182	192	178	147	151	178	185	182	 27	164	 40	 52	114	130	216	 79	 52	156	199	204
 39	 81	123	111	 52	104	 74	133	129	134	 85	 24	138	120	145	 72	151	 50	139	113	170	107	 52	133	101	139	109	 98	149	110	144	 79	 35	120	176	137	118	110	108	 97
 40	191	 24	144	118	 36	136	 99	 16	119	 56	121	 88	195	 34	 42	212	111	 87	118	 91	220	156	 52	125	248	121	 78	 63	 71	108	180	125	214	150	 90	223	217	204	103	114
 41	136	 69	165	 51	 46	 63	 56	 90	 63	 94	 98	148	121	 93	 51	137	109	 62	 49	 96	173	 98	 65	 51	213	 50	119	 79	121	163	156	 67	144	204	148	194	156	136	134	 78	 76
 42	181	 18	150	104	 19	120	 83	 31	102	 63	116	103	180	 40	 35	196	110	 72	101	 82	212	144	 41	108	243	104	 87	 55	 82	121	176	113	200	164	104	219	205	190	110	106	 18	 60
 43	114	261	144	181	245	194	274	260	271	199	128	227	201	280	209	236	138	282	248	313	 78	140	275	231	 30	242	194	291	209	220	 68	160	170	225	224	 27	129	162	173	144	247	221	243
 44	150	166	 17	149	160	172	212	155	221	 90	 76	101	215	178	121	248	 51	211	203	230	149	140	189	195	145	202	 74	204	 88	 91	 80	133	205	100	 97	116	180	194	 48	 99	145	159	150	129
 45	125	106	194	 44	 83	 37	 58	129	 48	131	115	187	 87	129	 90	 98	134	 74	 24	114	165	 89	 94	 12	212	 19	155	105	159	201	166	 66	117	240	187	198	137	110	167	 91	116	 40	 99	225	185
 46	233	 57	222	148	 66	154	 69	 77	 91	135	183	164	206	 54	105	210	182	 49	107	 17	269	195	 36	124	307	114	157	 20	149	184	244	164	236	226	166	285	252	229	182	168	 80	 97	 73	311	222	120
 47	 40	156	146	 50	135	 60	145	167	139	128	 58	182	 86	180	110	120	 89	157	115	193	 76	 10	161	 98	120	110	142	175	154	187	 82	 31	 77	217	180	107	 67	 66	139	 44	152	 98	141	134	131	 92	194
 48	178	 77	214	 93	 62	 92	  4	104	 25	134	150	182	139	 94	 92	142	160	 21	 39	 60	218	141	 54	 57	262	 46	160	 58	159	199	207	113	171	242	183	244	193	166	179	129	 96	 52	 80	271	208	 56	 69	143
 49	166	 89	214	 83	 71	 79	 17	115	 14	138	145	189	123	107	 95	126	158	 37	 23	 75	207	130	 68	 42	252	 30	164	 74	164	205	201	104	157	247	190	236	179	151	182	123	106	 50	 89	263	208	 42	 85	132	 17
 50	 46	206	136	112	187	123	207	211	202	158	 77	201	132	228	155	168	101	217	178	251	 30	 68	216	161	 58	173	162	231	177	200	 42	 92	105	218	198	 46	 69	 96	148	 84	196	156	189	 72	120	155	251	 63	204	195
 51	116	256	136	179	241	193	271	254	269	192	124	220	203	275	204	238	132	278	246	309	 81	139	271	230	 37	241	187	286	202	212	 63	158	172	217	216	 27	132	164	165	140	241	217	238	  9	121	223	306	133	268	260	 72
 52	213	144	 63	183	149	207	212	122	228	 77	127	 38	260	146	120	289	 96	204	218	211	221	193	172	217	222	219	 51	183	 51	 19	154	174	261	 35	 34	193	244	249	 46	142	121	170	133	206	 78	206	198	184	209	214	191	198
 53	205	170	 41	189	172	214	232	150	246	 96	124	 71	263	175	138	293	 94	226	233	237	207	191	197	229	201	233	 71	209	 76	 53	137	177	258	 44	 67	172	236	246	 51	143	146	185	157	182	 58	218	225	182	229	232	177	174	 34
 54	188	 34	134	119	 43	138	107	 21	127	 47	115	 79	197	 43	 40	216	103	 96	124	101	216	154	 62	130	242	127	 68	 73	 61	 98	173	124	214	141	 81	217	215	204	 93	110	 11	 80	 25	240	136	120	 90	149	104	113	191	234	111	136
 55	 39	204	140	107	184	117	202	209	197	157	 77	202	126	226	153	161	101	213	173	247	 29	 63	212	156	 63	167	163	228	177	201	 47	 87	 99	221	199	 52	 63	 89	150	 81	194	152	187	 78	123	150	247	 58	200	190	  7	 78	193	180	190
 56	123	176	 48	137	166	158	211	169	216	104	 62	127	194	192	126	229	 49	213	197	237	119	119	196	186	115	194	 95	211	110	121	 49	118	181	132	124	 86	153	169	 73	 86	158	156	159	100	 32	176	231	109	207	204	 89	 93	108	 89	149	 93
 57	128	 77	164	 43	 54	 54	 61	 97	 65	 96	 93	152	113	101	 55	130	107	 69	 48	104	165	 90	 74	 47	206	 48	121	 88	124	166	150	 59	136	206	152	188	147	127	134	 72	 83	  9	 67	214	157	 36	106	 89	 58	 53	149	211	172	185	 86	144	152
 58	236	 71	235	150	 76	154	 63	 92	 84	148	191	179	202	 70	115	204	192	 45	103	  5	273	198	 46	121	313	109	171	 32	164	199	252	167	234	241	182	292	253	228	195	175	 94	101	 86	318	234	118	 17	198	 64	 80	256	314	213	240	104	252	241	109
 59	131	131	 48	113	122	137	173	123	182	 59	 46	 91	184	146	 83	216	 15	172	165	194	141	113	152	158	151	163	 53	167	 68	 89	 79	 99	180	114	 88	123	162	169	 38	 65	112	120	114	142	 40	147	186	104	169	169	111	135	 83	 79	103	113	 46	118	198
 60	218	 63	132	154	 79	174	141	 36	162	 58	138	 55	233	 57	 73	253	118	128	161	124	241	185	 91	167	262	164	 65	 98	 51	 76	190	156	248	117	 58	235	246	237	 91	138	 43	117	 61	255	139	157	110	180	139	149	214	248	 92	123	 38	214	159	123	126	114
 61	114	175	239	 81	152	 57	116	198	 95	191	150	249	 33	197	154	 29	178	135	 77	174	155	 94	162	 62	207	 70	214	171	220	260	183	 94	 73	297	248	202	110	 74	220	128	184	108	167	228	226	 69	183	102	115	 99	157	228	263	269	187	151	209	102	178	192	224
 62	 64	156	104	 78	138	 97	166	159	166	107	 26	154	129	177	104	163	 54	173	143	205	 79	 53	167	129	105	139	114	183	128	155	 45	 57	117	180	151	 83	 95	106	104	 35	145	112	138	109	 89	121	203	 44	163	156	 52	106	149	142	140	 51	 66	106	209	 67	163	145
 63	 21	185	174	 72	163	 71	164	198	154	162	 89	215	 69	209	142	104	120	178	129	216	 62	 28	187	110	114	122	175	201	187	220	 96	 58	 48	248	213	109	 35	 36	171	 78	183	122	171	134	158	107	219	 34	162	149	 64	135	216	211	181	 58	133	114	221	135	212	 94	 70
 64	118	117	 69	 92	106	116	153	113	161	 53	 32	 98	165	134	 67	195	 12	153	143	177	134	 96	136	136	152	142	 58	151	 72	101	 81	 79	164	130	 96	125	149	152	 52	 46	101	 99	100	147	 61	125	171	 87	149	148	106	141	 97	 98	 93	106	 60	 97	181	 22	110	172	 56	119
 65	 83	197	 98	126	182	142	214	197	214	137	 65	171	165	217	145	200	 76	220	191	251	 70	 92	212	177	 69	187	135	228	150	167	  4	104	143	181	168	 42	110	133	117	 82	183	160	180	 64	 81	169	247	 84	211	204	 42	 59	156	139	176	 47	 50	154	255	 82	194	185	 49	 98	 84
 66	115	144	 54	110	133	132	179	139	185	 76	 36	110	175	161	 94	208	 17	180	167	205	122	101	164	157	131	164	 73	179	 88	108	 60	 93	167	129	107	103	146	156	 57	 59	127	124	127	123	 41	147	199	 92	175	173	 92	117	100	 91	119	 94	 33	121	209	 20	132	186	 51	121	 28	 63
 67	207	 14	165	130	 38	144	 92	 17	114	 78	140	104	203	 14	 60	217	132	 77	118	 73	238	170	 39	128	268	122	 98	 46	 90	124	200	139	225	166	107	243	231	216	124	131	 22	 83	 27	267	167	120	 60	167	 90	102	215	262	138	166	 31	212	179	 91	 76	133	 53	189	164	197	122	203	148
 68	 98	190	 79	130	176	149	214	187	216	125	 61	155	177	208	138	212	 64	218	194	247	 89	102	207	181	 85	190	120	222	136	150	 18	109	158	163	152	 56	126	147	100	 82	174	159	172	 75	 63	172	242	 93	210	205	 60	 68	138	120	167	 65	 31	153	251	 68	181	195	 53	112	 74	 19	 49	195
 69	120	140	 51	111	130	134	177	134	184	 70	 39	104	178	156	 90	210	 14	178	166	201	128	105	160	157	138	164	 66	175	 81	102	 66	 95	172	124	101	110	151	160	 50	 61	122	123	123	129	 39	147	195	 96	174	172	 99	123	 94	 87	114	100	 37	120	205	 14	126	188	 56	125	 25	 69	  7	143	 55
 70	113	136	 60	102	125	125	170	132	176	 69	 30	107	170	153	 86	202	  9	171	158	196	123	 97	155	149	136	156	 69	170	 84	107	 65	 86	164	131	104	109	144	152	 56	 52	119	115	118	130	 48	138	190	 87	167	164	 94	123	100	 95	111	 95	 42	112	200	 18	126	179	 49	118	 19	 68	 10	140	 56	  9
 71	 94	243	137	161	227	173	254	244	251	184	111	217	181	263	192	217	123	262	227	294	 60	119	257	211	 25	222	181	272	197	211	 51	139	151	220	213	  7	111	143	162	125	230	201	226	 21	121	204	292	113	251	242	 51	 22	198	176	224	 57	 91	194	299	129	241	207	 90	114	132	 48	109	250	 62	116	115
 72	115	158	228	 69	135	 45	100	181	 80	177	141	235	 43	181	139	 45	167	119	 61	158	156	 90	145	 45	208	 54	200	154	206	247	179	 84	 82	284	234	201	115	 80	208	118	168	 92	151	227	217	 53	167	 98	 99	 83	156	227	250	258	172	149	201	 86	162	181	209	 17	138	 95	160	181	176	172	189	178	170	206
 73	183	 15	164	103	 10	117	 69	 39	 90	 77	124	118	175	 39	 45	189	122	 57	 91	 68	217	146	 27	100	250	 95	102	 41	 97	136	185	115	198	179	119	228	207	189	125	112	 30	 55	 16	252	163	 92	 61	144	 66	 77	195	247	148	172	 39	193	171	 63	 72	126	 73	161	146	172	111	189	138	 28	183	135	130	234	144
 74	106	222	258	114	198	 93	167	242	147	226	169	283	 33	245	194	 34	200	187	128	226	138	104	211	112	191	122	245	221	255	292	185	118	 46	326	282	193	 88	 55	247	151	228	153	212	215	243	117	235	113	167	151	150	218	292	293	230	144	221	146	230	215	266	 53	156	 90	196	187	204	235	201	208	199	197	 68	207
 75	 89	143	195	 37	119	 13	100	163	 87	149	108	207	 48	166	114	 70	134	117	 62	156	131	 58	135	 43	181	 55	171	147	178	218	146	 51	 74	254	206	171	 97	 68	177	 85	148	 74	132	197	183	 43	163	 65	 99	 84	126	197	220	225	150	120	167	 66	161	149	186	 44	104	 69	128	148	143	156	156	145	136	176	 34	128	 80
 76	 33	211	198	 95	188	 90	184	225	171	189	116	242	 67	235	169	100	146	199	146	238	 62	 55	211	127	114	140	202	224	215	247	114	 85	 32	274	241	116	 13	 25	197	105	210	146	197	139	182	126	242	 61	181	168	 75	141	242	236	208	 69	155	138	242	161	240	 98	 95	 28	146	115	146	223	130	151	143	120	103	198	 77	 85
 77	 78	119	141	 21	 97	 44	111	132	108	102	 55	158	 94	142	 76	122	 80	120	 86	156	114	 41	123	 72	155	 81	120	137	130	167	103	 10	101	201	157	137	102	 90	124	 31	116	 60	104	164	129	 63	156	 39	108	 99	 97	161	167	172	115	 93	116	 52	160	 94	147	 98	 58	 67	 74	106	 89	130	110	 91	 82	144	 88	106	126	 55	 94
 78	 62	134	138	 34	113	 52	127	145	124	109	 49	165	 92	157	 89	124	 78	137	100	172	 97	 27	139	 85	138	 95	125	154	136	172	 89	 12	 93	203	163	122	 88	 82	125	 28	130	 77	119	148	125	 77	173	 23	124	115	 81	146	170	171	128	 76	108	 69	177	 93	159	102	 46	 54	 74	 92	 84	145	 98	 87	 78	128	 94	122	123	 60	 82	 17
 79	180	 85	 86	131	 88	154	151	 67	167	 18	 96	 40	211	 92	 59	236	 72	143	158	152	199	152	112	159	215	159	 17	124	 12	 54	144	128	219	 95	 40	188	210	208	 44	101	 62	110	 72	207	 90	148	141	145	147	153	171	200	 62	 85	 51	171	110	113	155	 66	 49	209	121	178	 66	147	 85	 82	133	 79	 79	194	195	 87	244	167	206	119	127
 80	167	 42	126	 99	 38	119	101	 40	117	 39	 96	 86	178	 59	 19	198	 87	 93	111	106	195	133	 65	114	223	113	 64	 79	 62	103	155	103	193	145	 87	199	194	183	 86	 89	 26	 64	 25	222	125	104	 98	128	 97	103	171	216	112	134	 22	169	135	 69	110	 90	 56	170	120	160	 77	158	104	 46	150	 99	 95	205	155	 39	211	131	187	 94	107	 51
 81	178	130	 43	151	130	175	190	113	204	 54	 93	 49	227	137	 95	256	 62	185	192	197	188	158	156	188	193	191	 30	169	 40	 43	123	141	226	 68	 45	164	209	215	 12	108	107	143	116	179	 52	177	186	150	187	190	158	171	 35	 43	 97	160	 79	144	200	 48	 91	231	115	182	 63	125	 66	127	108	 60	 66	169	219	131	258	187	208	134	136	 46	 93
 82	 49	179	118	 91	161	106	184	183	181	131	 50	176	127	200	128	162	 75	193	158	226	 55	 54	189	142	 83	153	136	205	151	176	 37	 70	108	198	173	 64	 79	 97	125	 57	169	132	162	 91	102	135	224	 46	181	172	 28	 88	169	158	164	 27	 74	124	230	 87	187	147	 25	 61	 80	 39	 69	187	 51	 75	 70	 70	143	168	150	111	 81	 74	 58	145	144	135
 83	 76	130	166	 13	106	 20	105	146	 97	124	 78	181	 70	154	 93	 98	105	118	 73	156	116	 39	128	 56	163	 67	144	142	152	191	120	 21	 83	226	180	149	 93	 74	148	 55	131	 63	117	176	154	 50	159	 43	102	 91	106	175	192	197	131	101	139	 55	161	119	166	 73	 77	 60	 99	123	114	142	129	115	107	156	 63	116	103	 30	 83	 25	 32	142	111	159	 87
 84	192	 44	197	107	 36	113	 38	 71	 61	112	147	153	167	 59	 74	173	150	 22	 70	 41	229	154	 18	 85	268	 76	137	 26	133	172	207	123	195	215	155	247	211	188	159	130	 66	 56	 51	273	195	 80	 42	153	 36	 50	211	269	184	207	 75	207	199	 65	 45	157	106	146	165	178	139	211	166	 56	207	163	157	254	130	 37	196	122	201	116	132	123	 74	166	186	118
 85	146	 77	 93	 93	 69	117	126	 72	138	 21	 66	 78	173	 93	 31	199	 52	122	126	140	169	116	 99	124	192	126	 43	113	 49	 89	122	 90	181	128	 77	166	175	170	 58	 66	 59	 78	 60	189	 91	113	132	109	122	124	143	183	 93	108	 52	142	100	 79	144	 54	 73	172	 91	142	 42	125	 68	 80	116	 64	 60	173	158	 73	206	129	170	 81	 90	 39	 36	 66	115	104	105
 86	121	218	 86	161	206	180	245	213	248	149	 93	171	204	235	168	240	 91	250	226	277	101	131	237	213	 79	222	141	252	155	163	 42	140	182	167	168	 52	146	172	117	114	201	190	201	 59	 72	204	272	123	242	237	 78	 50	148	124	193	 84	 46	185	281	 91	204	224	 84	137	102	 40	 75	223	 32	 80	 83	 55	220	212	226	187	152	141	129	155	178	123	 78	160	238	143
 87	133	 74	167	 48	 50	 58	 56	 95	 61	 97	 98	152	116	 98	 55	132	110	 63	 46	 99	170	 95	 69	 46	211	 47	122	 83	125	166	155	 64	140	207	152	193	152	131	137	 77	 81	  5	 64	219	160	 36	101	 95	 53	 49	154	216	173	188	 85	150	156	  6	104	121	122	104	111	119	100	159	125	 87	158	124	116	199	 88	 60	148	 69	142	 58	 74	113	 68	146	130	 59	 60	 80	190
 88	108	253	138	173	237	186	266	252	263	191	120	221	195	272	201	230	130	274	240	305	 73	132	267	224	 30	235	187	283	202	214	 60	152	164	220	217	 20	124	156	166	136	239	213	235	  9	123	217	302	126	263	255	 65	  9	200	177	232	 71	 94	206	310	135	248	221	101	127	140	 56	116	259	 67	122	122	 14	220	244	210	190	133	156	140	200	214	173	 83	168	265	181	 53	211
 89	 93	104	143	 20	 82	 44	 97	118	 96	 94	 62	152	100	128	 64	126	 83	106	 75	140	129	 56	107	 64	169	 71	115	122	123	162	115	 24	112	198	151	151	116	102	121	 39	103	 45	 90	178	133	 54	141	 54	 94	 86	112	175	164	171	102	108	123	 37	145	 96	136	100	 70	 82	 75	118	 94	116	120	 95	 86	158	 87	 91	133	 56	108	 16	 33	112	 82	132	 88	 31	100	 74	152	 43	170
 90	203	 46	133	136	 60	156	123	 21	143	 51	126	 67	215	 45	 56	234	111	110	142	110	229	170	 74	148	253	145	 65	 83	 55	 87	182	140	231	129	 70	226	231	221	 92	124	 25	 98	 42	248	138	138	 97	165	120	130	203	242	102	130	 19	202	154	104	113	109	 20	206	151	197	102	185	126	 38	174	120	119	233	190	 54	248	168	224	131	143	 48	 38	 94	176	148	 89	 61	199	103	240	119
 91	 51	146	140	 43	125	 57	138	157	133	118	 51	173	 90	169	100	123	 81	148	109	184	 85	 18	151	 93	127	104	133	166	144	178	 83	 22	 86	209	171	112	 77	 74	131	 35	141	 89	130	139	126	 86	185	 11	135	125	 70	137	176	175	139	 65	106	 81	189	 96	169	104	 41	 44	 79	 85	 86	157	 93	 89	 81	118	 97	134	119	 64	 71	 29	 13	135	118	142	 49	 38	144	 99	123	 86	131	 44	154
 92	173	139	 31	152	138	176	197	124	209	 62	 89	 61	226	148	102	256	 58	192	196	206	180	156	165	192	183	195	 40	178	 52	 52	114	140	223	 71	 57	154	204	212	 15	107	117	148	125	168	 41	180	196	147	193	196	150	160	 41	 38	107	153	 69	148	209	 44	102	232	109	178	 61	116	 59	138	 99	 54	 61	159	220	139	257	188	203	134	135	 57	101	 13	128	159	174	 72	112	150	162	133	105	139
 93	 31	225	193	112	203	110	203	236	192	195	117	246	 90	248	180	123	147	218	167	256	 41	 66	227	148	 93	161	206	241	219	248	103	 98	 54	272	243	 98	 12	 48	197	111	221	162	210	118	176	146	259	 70	201	188	 61	122	242	233	219	 56	148	154	261	160	248	121	 94	 41	148	103	143	236	120	149	142	101	126	212	 99	106	 24	106	 92	211	197	208	 75	100	218	177	138	159	113	121	234	 80	202
 94	120	240	112	173	227	189	262	237	262	173	110	198	206	258	189	242	114	267	239	297	 92	137	257	224	 58	235	166	272	181	189	 52	152	180	193	194	 36	141	170	143	130	224	207	223	 33	 98	216	292	130	258	252	 75	 25	175	150	217	 82	 71	201	301	116	229	230	 96	138	124	 48	 98	245	 51	104	106	 36	226	233	225	195	149	154	140	180	200	149	 84	170	257	165	 27	206	 30	166	223	132	138	132
 95	184	134	 43	157	135	181	195	116	209	 59	 99	 47	233	140	101	262	 68	189	197	201	192	164	160	194	196	197	 34	173	 42	 39	127	147	232	 62	 43	167	215	221	 17	114	110	149	120	182	 54	183	190	156	192	195	163	174	 29	 38	100	165	 83	149	204	 54	 92	237	120	187	 69	129	 71	130	112	 65	 71	173	225	135	264	193	214	140	142	 49	 97	  7	140	165	170	 72	125	151	176	138	 96	147	 14	213	152
 96	 64	191	110	110	174	125	201	193	200	136	 58	177	145	211	139	181	 77	209	176	241	 56	 74	203	161	 70	172	138	219	153	174	 19	 88	124	192	174	 47	 91	113	123	 71	179	148	173	 73	 94	153	239	 66	198	190	 27	 70	165	151	173	 30	 63	141	246	 87	193	167	 37	 78	 84	 20	 67	198	 36	 74	 70	 54	163	181	167	131	 96	 92	 77	148	154	132	 20	106	201	123	 59	146	 65	105	184	 68	124	 85	 65	137
 97	181	124	 50	150	125	174	186	106	200	 49	 95	 43	227	131	 91	256	 64	180	188	191	191	160	151	186	198	189	 24	163	 33	 38	128	141	228	 68	 39	169	212	216	 14	109	101	140	110	185	 59	175	180	151	183	186	162	177	 34	 47	 91	164	 85	141	194	 52	 84	230	118	183	 64	130	 70	121	114	 64	 69	175	217	125	259	187	210	134	137	 40	 88	  8	138	159	161	 63	129	143	178	131	 87	143	 20	211	155	 10	137
 98	145	 78	187	 60	 55	 62	 38	102	 41	114	117	167	116	100	 71	126	130	 49	 29	 87	184	107	 65	 37	227	 32	139	 76	141	183	174	 79	144	224	168	210	162	137	156	 96	 90	 22	 73	237	180	 30	 92	109	 35	 28	170	234	190	206	 95	165	176	 25	 92	141	132	 98	129	129	120	177	145	 92	177	144	136	217	 81	 64	147	 71	151	 74	 90	130	 82	164	147	 69	 51	 99	209	 21	229	 60	113	101	169	169	225	170	164	161
 99	 94	119	 94	 67	103	 90	140	122	144	 71	 15	122	138	140	 67	168	 33	144	124	172	116	 69	133	114	142	122	 82	149	 95	127	 76	 52	137	158	120	118	124	125	 80	 18	107	 84	102	143	 83	104	169	 60	136	132	 90	138	125	126	102	 89	 73	 80	177	 48	126	145	 38	 93	 28	 79	 43	126	 75	 44	 36	125	135	110	168	102	121	 48	 46	 87	 82	 91	 62	 72	132	 54	106	 85	135	 51	114	 52	 89	125	125	 97	 72	 92	104
100	234	170	 74	209	176	233	240	147	256	104	150	 60	286	170	147	315	119	231	246	236	238	216	198	244	234	246	 79	209	 78	 40	169	200	284	 10	 58	205	265	273	 70	167	147	197	160	216	 90	233	223	208	237	242	209	207	 28	 34	137	211	122	199	239	105	115	289	170	239	122	171	120	164	153	114	122	210	277	175	317	246	264	193	195	 90	140	 59	188	218	211	121	158	200	210	190	127	200	 62	262	183	 53	182	 60	218	149
