nVehicles:   48
nDepots:      1
nCustomers: 100
nPeriods:     6
VEHICLE_TYPE	FLEET_SIZE	CAPACITY
           2	        48	      18	
DEPOT   	X  	Y  	INV_COST	INITIAL_INV 	MIN_LEVEL_INV 	MAX_LEVEL_INV	PRODUCTION_0	PRODUCTION_1	PRODUCTION_2	PRODUCTION_3	PRODUCTION_4	PRODUCTION_5
       0	473	424	       0	        336	            0	         3990	         668	         668	         668	         668	         668	         668	
CUSTOMER	X  	Y  	INV_COST	INITIAL_INV	MIN_LEVEL_INV 	MAX_LEVEL_INV	DEMAND_0	DEMAND_1	DEMAND_2	DEMAND_3	DEMAND_4	DEMAND_5
       1	202	500	    0.28	         11	            0	           14	       7	       4	       5	       6	       6	       6
       2	 12	123	    0.24	          3	            0	           22	       6	       5	       4	       4	       5	       8
       3	254	 99	    0.06	          9	            0	           36	       8	       7	       6	       7	      12	      10
       4	450	210	    0.14	          5	            0	           43	       9	       7	       7	       8	      13	      10
       5	389	237	    0.19	          1	            0	           48	      10	       7	       6	       6	      10	      10
       6	483	  6	    0.01	          6	            0	           17	       7	       6	       5	       8	       9	       9
       7	314	116	    0.12	          3	            0	           13	       5	       4	       4	       5	       6	       7
       8	242	428	    0.11	          5	            0	           24	       8	       6	       6	       7	       8	       8
       9	113	442	    0.26	          3	            0	           28	       9	       7	       7	       7	       8	      11
      10	110	230	    0.18	          3	            0	           34	       9	       8	       6	       7	      10	      10
      11	 47	345	    0.08	          6	            0	           16	       5	       4	       5	       6	       6	       4
      12	400	 89	    0.05	          1	            0	           46	      10	       6	       8	      11	       9	       9
      13	411	 96	    0.23	         10	            0	           23	       6	       4	       5	       6	       7	       4
      14	170	 15	    0.29	          1	            0	           41	      10	       7	       6	       8	      10	       8
      15	216	107	    0.26	          1	            0	           35	       9	       5	       6	       8	      10	       7
      16	 99	252	    0.07	          9	            0	           12	       8	       4	       5	       7	       9	       6
      17	201	 57	     0.1	          7	            0	           42	       8	       5	       6	       8	      10	       7
      18	323	  8	    0.28	         10	            0	           39	       9	       7	       6	       8	       9	      11
      19	317	264	    0.12	          9	            0	            9	       7	       4	       3	       6	       7	       6
      20	430	274	    0.05	         11	            0	           16	       6	       6	       5	       7	       9	       8
      21	119	 32	    0.04	         11	            0	           26	       6	       6	       5	       6	       6	       9
      22	141	335	    0.13	          4	            0	           31	       8	       5	       7	      10	       9	       8
      23	389	168	    0.24	          7	            0	           24	       5	       4	       3	       4	       4	       5
      24	318	339	     0.2	          8	            0	           39	       6	       5	       5	       8	       7	       8
      25	123	351	    0.03	          5	            0	           16	       5	       3	       4	       4	       4	       6
      26	183	333	    0.01	          4	            0	           20	       7	       6	       6	       9	       9	       8
      27	268	  5	    0.12	          9	            0	           10	       5	       4	       3	       3	       4	       6
      28	402	343	    0.05	          4	            0	           29	       6	       4	       4	       4	       6	       7
      29	453	 41	    0.05	          7	            0	           15	       8	       5	       5	       6	       8	       9
      30	131	137	    0.01	          7	            0	           43	       7	       6	       6	       8	       9	       9
      31	197	385	    0.25	          2	            0	           30	       6	       6	       5	       7	       7	       9
      32	  3	 38	    0.23	          9	            0	           20	       5	       4	       3	       3	       4	       6
      33	144	397	    0.21	          3	            0	           21	       5	       5	       4	       6	       5	       7
      34	108	 93	    0.15	          5	            0	           34	       7	       6	       5	       5	       6	       9
      35	131	395	    0.02	          2	            0	           24	       5	       4	       4	       4	       5	       7
      36	159	292	    0.11	         15	            0	           15	      10	       6	       6	       7	      10	      12
      37	  6	457	    0.07	          2	            0	           24	       9	       7	       7	       8	      10	      10
      38	319	 29	    0.16	          4	            0	           35	       8	       7	       7	       9	      11	      10
      39	 41	 83	     0.2	         11	            0	           28	      10	       8	       8	       9	      13	       8
      40	395	118	    0.26	          7	            0	           33	       9	       6	       7	      13	      11	      10
      41	 91	121	     0.2	          2	            0	           53	      10	       7	       8	      12	      10	       7
      42	183	 99	    0.15	          2	            0	           11	       4	       4	       3	       4	       5	       6
      43	296	289	    0.21	          1	            0	            6	       4	       4	       4	       6	       5	       4
      44	449	212	    0.19	          4	            0	            7	       5	       4	       3	       5	       6	       6
      45	 47	255	    0.03	         12	            0	           32	       7	       5	       6	       7	       9	       8
      46	450	171	    0.13	          8	            0	           12	       7	       6	       7	       9	      10	       8
      47	227	203	     0.1	         12	            0	           12	      11	       7	       8	       8	      12	      12
      48	251	141	    0.24	         11	            0	           11	       7	       5	       4	       6	       6	       7
      49	179	 45	    0.28	         11	            0	           23	      10	       7	       5	       6	       8	      10
      50	350	170	    0.27	          8	            0	            8	       6	       4	       4	       7	       6	       5
      51	489	323	    0.11	          3	            0	           24	       6	       4	       5	       5	       7	       8
      52	108	311	    0.05	          7	            0	           14	       7	       7	       5	       7	       8	       8
      53	 94	381	    0.27	          8	            0	           28	       7	       7	       6	       7	      11	      10
      54	181	401	    0.26	         13	            0	           35	      10	       8	       7	       7	       9	      10
      55	301	415	    0.16	          2	            0	           23	       5	       4	       3	       4	       6	       5
      56	494	202	    0.22	          4	            0	           20	       4	       3	       4	       6	       5	       5
      57	165	455	    0.16	          4	            0	           14	       5	       4	       3	       4	       6	       5
      58	277	298	    0.07	          7	            0	           20	       4	       3	       4	       4	       5	       4
      59	127	223	    0.02	         10	            0	           10	       6	       6	       5	       6	       8	       9
      60	498	345	    0.11	          9	            0	           25	       6	       4	       4	       5	       7	       6
      61	 59	292	     0.3	          2	            0	           23	       5	       4	       4	       5	       6	       4
      62	282	254	    0.17	          8	            0	           45	       8	       8	       9	      10	      13	       7
      63	437	261	    0.16	          8	            0	           27	       8	       6	       7	      11	      10	      10
      64	234	158	    0.05	          4	            0	           20	       6	       4	       5	       8	       6	       6
      65	231	392	    0.27	          7	            0	           23	       5	       4	       4	       4	       6	       5
      66	230	 47	       0	          5	            0	           26	       7	       4	       5	       8	       8	       5
      67	110	 95	    0.26	          9	            0	           16	       6	       4	       4	       7	       6	       5
      68	251	394	    0.11	          2	            0	           15	       4	       3	       4	       5	       6	       5
      69	444	 87	    0.22	          1	            0	            9	       5	       4	       4	       6	       6	       6
      70	 95	464	    0.01	         10	            0	           17	       8	       6	       7	       7	       8	       7
      71	438	135	    0.13	          7	            0	           16	      10	       8	       7	       9	      10	      14
      72	 78	 59	    0.03	         11	            0	           49	      10	       7	       6	      10	      12	      10
      73	 70	301	    0.22	          4	            0	           23	       4	       3	       4	       5	       6	       5
      74	255	419	    0.27	          7	            0	           25	      10	       8	       6	       8	      10	      12
      75	125	469	    0.12	          7	            0	           24	       7	       5	       5	       5	       7	       9
      76	289	410	    0.21	          5	            0	           25	       8	       6	       7	       8	      13	       9
      77	151	236	    0.27	          9	            0	           44	      12	       7	       6	       6	       9	      11
      78	485	210	    0.23	          7	            0	           18	       5	       4	       3	       4	       5	       4
      79	207	411	    0.23	          4	            0	            6	       4	       4	       3	       4	       6	       4
      80	306	419	    0.15	          1	            0	           38	       7	       4	       5	       6	       8	       8
      81	213	 83	    0.15	          1	            0	           29	       8	       7	       7	       8	       9	       9
      82	366	113	    0.09	          4	            0	           40	       7	       7	       6	       7	       8	      11
      83	216	 61	    0.19	         10	            0	           15	       5	       5	       4	       7	       6	       5
      84	169	127	    0.25	          2	            0	           14	       5	       4	       3	       5	       5	       6
      85	236	477	    0.16	         17	            0	           44	      10	       7	       6	       8	       9	      13
      86	262	475	    0.22	          7	            0	           17	       6	       6	       5	       6	       6	       7
      87	 77	380	     0.1	          7	            0	           35	       8	       5	       5	       6	       8	       6
      88	360	470	     0.3	          1	            0	           11	       4	       4	       3	       3	       4	       5
      89	242	205	     0.2	          5	            0	           12	       7	       6	       4	       7	       9	       9
      90	203	 91	    0.26	          8	            0	           22	       6	       4	       4	       5	       6	       6
      91	213	126	    0.17	          4	            0	           24	       9	       6	       6	       7	      10	      10
      92	399	391	    0.18	          6	            0	           46	      10	       5	       6	       9	      11	      12
      93	380	354	    0.27	          2	            0	           18	       4	       3	       4	       5	       6	       4
      94	407	106	    0.19	         11	            0	           53	      10	       8	       8	       9	      11	      12
      95	198	111	    0.11	         10	            0	           26	       8	       6	       6	      10	      10	      12
      96	346	176	    0.25	          1	            0	           26	       6	       4	       4	       7	       8	       4
      97	281	424	    0.11	          9	            0	           40	       9	       7	       8	      10	      11	       9
      98	398	436	    0.15	          3	            0	           12	       4	       4	       4	       5	       6	       5
      99	151	370	    0.25	         11	            0	           28	       6	       5	       5	       6	       6	       5
     100	437	358	    0.16	         12	            0	           52	      11	       8	       9	      10	      12	      10
COST_MATRIX 
	  0	  1	  2	  3	  4	  5	  6	  7	  8	  9	 10	 11	 12	 13	 14	 15	 16	 17	 18	 19	 20	 21	 22	 23	 24	 25	 26	 27	 28	 29	 30	 31	 32	 33	 34	 35	 36	 37	 38	 39	 40	 41	 42	 43	 44	 45	 46	 47	 48	 49	 50	 51	 52	 53	 54	 55	 56	 57	 58	 59	 60	 61	 62	 63	 64	 65	 66	 67	 68	 69	 70	 71	 72	 73	 74	 75	 76	 77	 78	 79	 80	 81	 82	 83	 84	 85	 86	 87	 88	 89	 90	 91	 92	 93	 94	 95	 96	 97	 98	 99	100
  0
  1	141
  2	276	212
  3	196	203	122
  4	108	191	224	113
  5	103	162	197	 97	 34
  6	210	285	243	124	104	125
  7	174	201	152	 32	 83	 72	101
  8	116	 42	192	165	151	121	243	161
  9	181	 54	168	186	205	172	286	192	 65
 10	206	143	 73	 98	171	140	218	117	119	107
 11	217	110	113	161	213	180	277	176	106	 59	 66
 12	172	229	195	 74	 66	 75	 59	 46	188	228	162	219
 13	167	228	200	 79	 61	 72	 58	 50	187	229	165	221	  7
 14	255	244	 96	 60	171	156	157	 88	210	216	112	177	121	128
 15	205	197	103	 20	128	109	143	 50	162	176	 82	146	 93	 98	 52
 16	206	135	 78	109	177	146	229	128	114	 96	 13	 54	172	175	124	 94
 17	229	222	101	 34	147	131	144	 64	187	198	 98	164	101	107	 27	 27	111
 18	222	254	166	 58	120	120	 81	 55	214	242	154	218	 56	 63	 77	 73	166	 66
 19	112	132	169	 89	 72	 39	154	 75	 91	136	105	141	 97	 97	145	 94	110	119	129
 20	 79	161	223	125	 34	 28	137	 99	122	180	162	195	 94	 90	184	136	166	158	144	 57
 21	265	238	 71	 76	188	170	183	107	208	206	100	161	144	150	 27	 62	111	 43	103	153	198
 22	172	 88	125	131	167	134	238	140	 69	 56	 55	 48	179	181	161	121	 47	143	188	 95	148	152
 23	135	191	190	 76	 38	 35	 94	 46	150	195	143	193	 40	 38	134	 92	151	110	 87	 61	 57	152	150
 24	 89	100	188	125	 93	 63	186	112	 59	115	118	136	132	131	179	127	118	153	166	 38	 65	183	 89	 93
 25	179	 85	127	143	179	145	250	152	 71	 46	 61	 39	191	193	170	131	 51	153	199	107	159	160	 13	162	 98
 26	152	 85	136	123	147	114	222	127	 56	 65	 64	 69	164	165	160	115	 59	139	177	 76	127	154	 22	132	 68	 32
 27	234	250	141	 48	138	131	108	 61	212	232	138	203	 79	 85	 50	 58	150	 43	 28	132	158	 76	177	102	169	188	170
 28	 54	128	224	143	 71	 54	174	122	 91	153	157	178	128	124	201	151	159	175	173	 59	 38	211	131	 88	 43	140	110	182
 29	192	262	225	104	 85	104	 24	 79	221	263	196	254	 36	 35	143	124	207	127	 68	131	118	168	215	 72	164	227	199	 95	154
 30	224	185	 60	 65	164	139	188	 93	156	153	 48	113	137	142	 65	 46	 60	 54	116	113	165	 53	100	130	138	108	102	 96	171	169
 31	140	 58	161	146	154	122	238	147	 32	 51	 89	 78	180	180	186	140	 83	165	199	 86	130	181	 38	145	 65	 41	 27	194	105	215	129
 32	305	252	 43	130	240	218	241	161	229	210	110	156	201	207	 85	112	118	100	161	194	244	 59	164	204	218	168	173	134	252	226	 81	199
 33	166	 60	153	159	180	147	259	165	 52	 28	 86	 56	201	202	192	150	 76	173	215	110	156	183	 32	168	 92	 26	 38	206	132	236	131	 28	193
 34	247	209	 51	 74	181	158	193	104	181	175	 69	130	147	152	 50	 55	 80	 50	116	136	185	 31	123	146	162	130	126	 92	193	175	 25	153	 60	154
 35	172	 64	149	161	185	152	263	167	 58	 26	 84	 49	204	205	191	151	 74	173	217	114	162	182	 31	172	 98	 23	 41	207	138	240	130	 34	190	  7	152
 36	171	107	112	108	152	119	217	118	 80	 79	 40	 62	158	160	139	 97	 37	120	164	 81	136	132	 24	131	 83	 35	 24	154	125	194	 79	 51	150	 54	103	 54
 37	235	101	168	218	255	221	329	230	119	 55	125	 60	270	272	236	205	113	223	275	184	231	220	 91	240	167	 79	109	262	207	306	172	103	210	 76	190	 70	113
 38	212	243	161	 48	112	110	 83	 44	204	231	145	209	 51	 57	 75	 65	157	 61	 11	118	135	101	178	 78	156	189	167	 29	163	 68	109	189	159	204	111	206	154	266
 39	276	224	 25	107	215	191	225	138	200	184	 82	132	180	186	 73	 89	 90	 82	146	166	217	 47	136	180	189	141	144	121	223	208	 53	170	 30	166	 34	163	121	188	142
 40	158	214	192	 72	 54	 60	 72	 41	173	215	154	208	 15	 14	124	 90	163	102	 66	 83	 80	145	168	 26	118	180	151	 85	113	 49	133	167	201	188	145	192	147	258	 59	178
 41	244	198	 40	 83	185	160	205	112	172	161	 56	115	156	161	 67	 63	 66	 64	130	134	186	 47	110	151	158	117	116	106	192	186	 22	143	 61	141	 17	139	 93	174	123	 32	153
 42	218	201	 87	 36	145	124	158	 67	168	176	 75	141	109	115	 43	 17	 88	 23	 84	107	152	 47	120	109	138	130	118	 64	164	139	 33	144	 96	151	 38	151	 98	200	 77	 72	107	 48
 43	112	116	165	 98	 87	 54	170	 87	 75	120	 98	128	113	113	151	100	101	126	142	 17	 68	157	 81	 77	 28	 92	 61	143	 60	147	113	 69	193	 94	136	 99	 69	168	131	164	 99	133	111
 44	107	190	223	113	  2	 33	105	 83	150	204	170	212	 67	 62	171	128	177	147	120	 71	 33	188	166	 38	 92	178	147	138	 70	 86	164	153	240	179	181	184	151	254	113	214	 55	185	145	 86
 45	230	145	 69	130	203	172	252	151	131	100	 34	 46	196	199	135	113	 27	126	186	136	192	118	 62	177	142	 62	 79	167	183	230	 73	100	111	 86	 87	 82	 59	104	177	 87	187	 71	104	126	203
 46	128	207	221	105	 20	 45	 85	 74	166	217	173	220	 49	 43	161	122	181	137	104	 82	 53	180	175	 31	107	187	157	124	 90	 66	161	166	234	191	176	195	158	265	 97	210	 39	182	139	 98	 21	206
 47	166	150	115	 54	112	 83	162	 62	113	133	 61	115	104	107	 99	 49	 69	 75	109	 55	108	102	 79	 83	 82	 91	 69	102	113	140	 59	 93	140	106	 82	108	 57	169	 99	111	 95	 80	 57	 56	112	 94	113
 48	180	182	120	 22	106	 85	135	 34	144	166	 84	145	 79	 84	 75	 25	 95	 49	 76	 70	112	 86	112	 71	105	123	102	 69	127	113	 61	125	135	139	 76	141	 89	200	 66	109	 73	 81	 40	 78	106	117	101	 34
 49	240	228	 93	 47	159	143	154	 77	195	202	 99	164	113	119	 16	 37	111	 13	 75	130	170	 31	147	122	163	156	145	 49	187	138	 52	171	 89	177	 43	177	124	224	 71	 72	115	 59	 28	136	159	125	150	 83	 61
 50	142	181	171	 60	 54	 39	106	 33	140	181	124	175	 48	 48	119	 75	133	 94	 83	 50	 66	135	134	 20	 87	146	117	 93	 91	 83	111	132	186	154	127	157	114	225	 73	161	 35	132	 91	 66	 54	158	 51	 64	 52	106
 51	 52	169	259	163	 60	 66	159	136	135	198	196	222	126	121	222	175	199	197	179	 91	 39	236	175	 93	 86	184	154	194	 45	143	202	150	282	177	223	183	166	251	170	255	113	224	190	 98	 59	224	 79	145	150	209	104
 52	192	106	106	129	179	146	242	142	 89	 66	 41	 35	184	186	152	116	 30	136	186	108	163	140	 21	158	106	 22	 40	173	148	220	 88	 58	147	 47	110	 44	 28	 90	177	119	173	 96	113	 95	178	 42	185	 81	112	138	141	191
 53	191	 81	136	163	198	165	271	173	 78	 32	 76	 30	212	214	187	150	 65	171	219	126	177	175	 33	182	114	 21	 51	208	156	248	124	 52	178	 27	145	 20	 56	 59	209	152	200	131	148	111	197	 68	207	112	144	174	166	200	 36
 54	147	 51	163	156	165	133	249	158	 34	 40	 93	 73	191	192	194	149	 86	173	209	 97	140	188	 39	157	 76	 39	 35	203	115	226	135	 12	203	 19	159	 26	 56	 92	199	174	178	148	152	 81	164	100	177	102	135	179	144	159	 58	 45
 55	 87	 66	206	160	127	100	224	150	 31	 95	133	132	171	169	211	160	130	186	204	 76	 96	213	 90	132	 39	 95	 72	206	 63	202	163	 55	241	 80	188	 86	 94	149	194	211	156	181	169	 64	126	151	143	113	140	195	125	105	110	105	 61
 56	112	209	245	131	 23	 56	 99	100	170	226	193	235	 74	 68	188	147	200	164	130	 94	 49	206	189	 56	112	200	169	150	 85	 84	185	175	259	201	201	206	174	276	124	235	 65	206	164	109	 24	226	 27	134	126	176	 74	 61	201	220	186	144
 57	155	 30	183	184	188	157	276	186	 41	 27	116	 81	218	218	221	176	107	200	238	123	161	213	 62	183	 97	 57	 62	231	132	253	160	 39	224	 31	184	 35	 82	 80	227	197	205	172	179	106	187	117	202	130	163	206	170	175	 78	 52	 29	 71	208
 58	117	108	159	101	 98	 64	179	 93	 68	110	 91	118	122	122	152	101	 92	127	147	 27	 78	155	 71	 86	 29	 82	 51	147	 67	156	109	 60	189	 83	133	 88	 60	158	137	160	108	129	111	 11	 97	117	108	 54	 80	136	 74	107	 85	101	 71	 60	119	 97
 59	201	144	 77	 89	162	132	209	108	118	110	 10	 73	153	156	107	 74	 21	 91	146	 98	154	 96	 57	134	112	 65	 62	130	151	187	 44	 89	112	 88	 66	 87	 39	132	137	 83	144	 55	 69	 91	162	 44	164	 51	 75	 93	115	188	 46	 81	 94	130	184	118	 84
 60	 42	168	268	174	 72	 77	170	147	135	199	203	226	138	132	233	185	205	207	190	100	 50	246	179	104	 91	188	158	206	 49	154	211	152	292	179	233	186	172	253	182	264	125	233	200	105	 71	230	 91	153	161	219	115	 12	196	203	161	105	 72	176	113	196
 61	218	127	 88	138	200	168	256	155	115	 80	 41	 28	199	202	150	122	 29	138	194	130	186	134	 47	177	132	 44	 66	178	174	234	 86	 84	131	 68	103	 63	 51	 87	185	105	190	 87	115	119	200	 20	205	 96	123	138	158	216	 27	 48	 82	136	223	 98	110	 49	222
 62	128	130	151	 79	 87	 55	160	 71	 90	127	 87	127	102	102	132	 81	 92	107	125	 19	 75	138	 82	 69	 47	 94	 64	125	 75	137	 96	 79	177	100	119	104	 65	172	115	148	 89	117	 92	 19	 87	118	 94	 38	 59	117	 55	110	 92	114	 90	 82	110	117	 23	 80	118	114
 63	 84	168	224	123	 27	 27	130	 96	129	186	165	200	 88	 84	182	135	170	156	139	 61	  8	196	153	 53	 72	164	133	154	 45	111	166	136	244	162	185	168	140	237	131	218	 75	187	151	 72	 26	196	 46	109	111	169	 63	 41	167	182	146	103	 42	168	 83	157	 52	190	 78
 64	179	172	113	 32	112	 87	146	 46	136	155	 72	133	 90	 94	 79	 28	 83	 54	 88	 68	114	 86	100	 78	100	112	 92	 79	125	125	 53	115	131	128	 71	130	 77	189	 78	104	 83	 74	 39	 73	111	106	109	 23	 13	 63	 59	152	100	132	125	133	132	153	 74	 63	162	111	 54	114
 65	123	 56	174	147	143	111	231	145	 19	 65	102	 95	174	174	191	143	 97	169	198	 78	116	189	 54	138	 51	 58	 39	195	 89	208	137	 18	211	 44	162	 51	 62	118	187	182	160	153	149	 61	142	115	156	 95	126	176	126	134	 74	 69	 26	 37	163	 46	 53	100	136	100	 74	123	118
 66	225	227	116	 29	137	124	129	 55	191	206	110	175	 88	 94	 35	 31	122	 16	 51	117	152	 57	151	100	153	162	145	 29	172	112	 67	170	114	181	 66	181	128	234	 46	 97	 90	 79	 36	126	138	139	127	 79	 49	 26	 86	190	146	181	179	188	154	207	128	102	201	150	107	149	 56	173
 67	245	208	 51	 73	180	157	192	103	180	174	 68	129	146	151	 51	 54	 79	 50	116	134	184	 32	121	145	161	129	125	 91	192	174	 24	152	 61	152	  2	151	102	189	110	 36	143	 17	 37	135	180	 86	175	 80	 75	 43	126	222	109	144	158	187	200	183	132	 65	231	102	118	184	 70	161	 65
 68	113	 59	181	148	136	105	227	143	 18	 74	109	105	170	170	194	145	105	171	197	 73	108	193	 63	133	 44	 68	 46	195	 80	204	142	 28	217	 54	167	 61	 69	127	186	188	156	159	152	 58	135	124	150	 97	127	179	123	125	 83	 79	 36	 28	155	 53	 50	106	126	109	 72	115	119	 11	174	166
 69	170	240	217	 96	 62	 80	 45	 67	199	243	182	237	 23	 18	142	115	192	123	 73	109	 94	165	196	 49	141	208	180	 98	130	 24	159	194	222	216	169	220	176	287	 69	202	 29	178	131	126	 63	216	 43	124	101	135	 63	121	202	229	205	179	 63	231	135	173	132	219	117	 88	111	187	109	168	182
 70	191	 57	176	200	219	186	301	206	 76	 15	118	 65	242	243	228	189	107	211	255	150	193	217	 69	209	128	 59	 79	246	165	278	165	 65	218	 42	186	 39	 92	 45	245	193	229	172	188	134	218	108	231	147	180	214	195	210	 77	 42	 54	106	239	 36	124	122	211	 88	141	199	169	 77	220	185	 86	257
 71	146	218	214	 94	 38	 57	 69	 63	177	224	171	222	 30	 24	147	112	180	125	 86	 89	 70	168	180	 30	119	191	162	108	106	 48	154	174	223	197	167	202	161	270	 80	201	 24	174	129	105	 39	205	 19	111	 94	138	 48	 98	188	212	185	156	 44	211	115	162	110	206	 99	 64	103	165	113	166	160	 25	238
 72	269	230	 46	 91	201	180	205	122	202	193	 87	144	162	168	 51	 74	 98	 62	126	158	207	 25	142	165	185	148	147	 99	216	188	 48	174	 39	173	 23	171	124	203	122	 23	162	 32	 57	159	201	100	195	104	 96	 51	147	245	127	162	179	211	220	203	156	 86	255	117	142	206	 93	184	 77	 25	189	184	203	184
 73	211	120	 94	137	196	163	254	154	107	 74	 41	 25	197	199	152	122	 29	139	194	125	181	137	 40	173	126	 37	 59	179	168	232	 88	 77	136	 61	106	 57	 45	 85	185	110	187	 91	116	114	195	 26	201	 93	121	140	155	210	 20	 42	 75	129	218	 91	104	 49	216	  8	109	185	109	 93	151	105	102	216	 83	202	122
 74	110	 49	192	161	143	114	236	155	  8	 72	120	111	181	180	207	158	115	184	209	 84	114	206	 71	143	 51	 75	 57	208	 83	214	155	 34	229	 57	179	 64	 80	126	198	200	166	171	165	 69	142	133	158	109	140	191	134	127	 92	 83	 39	 24	162	 49	 62	118	128	117	 84	121	131	 19	187	178	 13	192	 84	169	201	110
 75	176	 42	182	196	208	176	293	201	 62	 15	120	 74	235	236	229	187	110	210	251	141	182	219	 68	201	117	 60	 74	243	153	270	167	 56	224	 38	189	 38	 91	 60	241	198	222	175	188	125	207	114	221	143	176	214	188	197	 80	 47	 45	 93	228	 22	115	124	197	 95	134	188	165	 66	218	188	 74	249	 16	229	207	 89	 70
 76	 93	 63	200	157	129	100	225	148	 26	 90	127	126	170	169	207	156	124	182	202	 75	 98	208	 83	131	 39	 89	 66	203	 66	202	158	 48	235	 73	183	 80	 88	144	192	206	156	176	165	 61	128	144	145	109	136	191	124	110	104	 99	 55	  7	147	 66	 57	124	110	130	 79	106	129	 31	184	182	 21	180	101	157	205	123	 18	 88
 77	187	135	 90	 86	151	120	202	102	107	105	 21	 76	145	148	111	 73	 28	 93	143	 85	141	104	 50	124	 99	 60	 52	130	137	180	 51	 78	124	 81	 75	 81	 29	133	134	 95	136	 65	 71	 78	150	 53	153	 42	 69	 97	105	175	 44	 78	 84	117	173	110	 71	 14	182	 54	 67	144	 57	 88	103	 74	 94	165	118	153	 96	 52	106	118	112
 78	108	203	241	129	 18	 50	103	 98	164	220	188	230	 74	 68	186	145	195	162	130	 89	 43	204	184	 53	106	195	164	150	 79	 87	181	169	256	195	198	200	169	270	123	231	 65	202	161	103	 19	221	 27	130	122	174	 71	 57	196	214	180	138	  7	202	113	180	 68	217	104	 36	129	157	152	197	149	 65	233	 45	218	213	156	222	141	168
 79	134	 45	174	158	158	126	246	157	 20	 50	103	 87	188	188	199	153	 97	178	210	 92	131	195	 51	152	 67	 52	 41	206	104	223	143	 14	213	 33	167	 39	 65	104	200	184	175	157	157	 76	157	112	171	105	137	184	141	148	 71	 59	 14	 48	178	 31	 67	103	150	 95	 87	138	128	 16	183	166	 24	201	 62	180	188	 88	 25	 51	 42	 92	172
 80	 84	 66	209	163	127	101	225	152	 33	 98	137	135	172	170	214	163	133	189	206	 78	 96	215	 93	133	 41	 98	 76	208	 62	203	166	 58	244	 82	191	 89	 98	152	196	214	157	184	172	 66	126	154	144	115	142	198	127	104	113	108	 64	  4	144	 73	 63	133	103	139	 84	103	136	 40	190	190	 31	180	108	157	214	132	 26	 94	 10	120	138	 50
 81	215	209	103	 23	135	117	141	 54	174	187	 90	156	 94	100	 41	 13	102	 15	 67	105	145	 54	132	 98	139	142	126	 48	161	122	 50	152	108	161	 53	162	108	214	 60	 87	 93	 64	 18	112	135	120	127	 61	 35	 26	 82	183	126	161	160	172	153	188	113	 83	194	130	 93	144	 39	155	 20	 52	157	116	200	116	 69	131	170	198	168	 83	151	165	175
 82	165	211	178	 57	 65	 64	 80	 27	170	208	141	198	 21	 25	110	 76	151	 88	 57	 80	 87	130	159	 30	116	171	144	 73	117	 57	119	161	186	181	130	184	137	249	 49	164	 15	138	 92	 95	 65	175	 52	 83	 60	100	 30	122	163	191	172	155	 78	199	103	132	134	178	 83	 83	 70	155	 76	129	152	 42	222	 38	147	176	163	215	154	124	 77	169	156	 78
 83	223	220	107	 27	139	124	137	 57	184	198	100	166	 94	100	 33	 24	112	  8	 60	114	151	 51	143	102	149	153	137	 39	169	119	 58	163	108	172	 57	173	119	225	 54	 89	 94	 70	 26	121	139	129	130	 72	 44	 21	 87	190	137	172	171	183	156	199	123	 93	201	140	102	150	 50	166	 10	 56	168	115	211	118	 70	141	181	210	179	 94	154	176	185	 12	 80
 84	213	188	 79	 45	147	123	169	 73	155	160	 60	125	118	122	 57	 26	 72	 39	 98	101	150	 54	105	112	130	115	104	 79	159	149	 20	130	 95	136	 35	136	 83	185	 90	 68	114	 40	 16	103	147	 89	143	 48	 42	 42	 94	188	 97	133	138	159	167	165	102	 53	198	100	 85	150	 37	137	 51	 34	140	139	173	135	 57	101	153	173	154	 56	164	144	162	 32	 99	 41
 85	122	 21	210	190	172	143	266	185	 25	 64	139	116	211	210	234	186	132	211	239	114	141	231	 86	173	 81	 85	 77	237	107	244	178	 50	249	 61	203	 67	101	116	228	220	197	193	191	 99	170	146	187	138	169	218	164	149	105	 86	 47	 45	189	 38	 92	139	147	129	114	148	160	 43	216	202	 43	222	 71	199	224	121	 31	 56	 43	128	183	 37	 46	198	194	209	179
 86	109	 33	216	189	163	135	260	182	 26	 77	145	126	205	204	235	186	139	212	236	110	131	233	 93	167	 74	 94	 82	236	 97	238	182	 56	254	 71	206	 77	105	129	225	226	191	197	193	 95	162	154	179	138	168	219	159	137	113	 97	 55	 36	180	 50	 89	143	135	137	111	139	160	 45	215	205	 41	215	 84	192	228	130	 29	 69	 36	132	174	 43	 36	198	189	209	181	 14
 87	200	 87	133	167	205	172	277	178	 86	 36	 77	 24	218	220	189	154	 65	173	223	134	185	176	 40	189	123	 28	 58	211	164	254	125	 61	175	 35	145	 29	 61	 53	214	150	207	130	151	119	205	 65	214	117	148	176	173	208	 38	  9	 54	114	227	 58	109	 83	212	 45	121	190	136	 78	184	144	 88	235	 43	219	161	 40	 92	 51	108	 81	222	 67	117	164	197	174	135	 94	104
 88	 62	 81	246	193	138	118	241	179	 63	125	174	169	192	189	247	196	171	222	232	106	105	250	129	152	 69	133	112	238	 67	220	203	 92	281	115	227	121	135	178	222	251	177	221	206	 96	137	190	157	150	174	231	151	 98	149	141	 96	 41	150	 98	 96	170	 94	175	115	112	169	 76	222	226	 67	197	133	172	250	168	 59	118	 47	157	145	 82	 38	207	179	217	197	 63	 50	149
 89	160	149	123	 54	105	 76	157	 58	112	135	 68	121	 99	101	102	 51	 76	 77	107	 48	101	107	 83	 76	 78	 95	 71	101	106	134	 66	 93	146	108	 88	111	 61	173	 97	118	 89	 87	 61	 50	104	101	106	  8	 33	 86	 57	137	 86	115	103	110	127	131	 50	 59	146	102	 32	102	 24	 94	 80	 86	 95	117	149	105	110	 99	108	145	106	 49	122	105	112	 63	 78	 74	 54	137	136	121	146
 90	215	205	 97	 26	138	119	147	 57	170	182	 84	150	 99	105	 42	 11	 96	 18	 73	104	146	 52	126	101	137	137	122	 54	161	128	 43	148	104	156	 48	157	103	208	 66	 82	 97	 58	 11	110	138	114	130	 58	 35	 26	 84	185	120	155	156	170	156	183	110	 77	195	124	 91	145	 37	152	 26	 47	154	121	195	120	 65	125	167	193	166	 78	154	161	172	  7	 83	 17	 25	194	195	158	206	 61
 91	198	188	101	 25	126	105	148	 51	152	166	 74	138	 96	101	 60	 10	 85	 36	 81	 87	132	 67	111	 91	119	122	105	 67	144	128	 42	130	114	140	 56	141	 88	196	 72	 89	 92	 62	 21	 92	126	106	121	 40	 21	 44	 72	170	107	141	139	152	146	167	 92	 65	180	114	 73	131	 20	134	 41	 54	136	118	180	113	 76	113	148	178	147	 64	143	143	154	 22	 77	 33	 23	176	177	145	188	 43	 19
 92	 41	113	236	164	 95	 78	198	144	 81	146	166	178	152	148	221	169	166	195	196	 76	 61	228	133	112	 49	140	112	204	 25	178	185	102	266	128	209	135	130	200	186	237	137	205	182	 73	 93	189	113	128	146	206	114	 57	151	153	110	 51	106	122	 77	160	 55	178	 91	 68	143	 85	192	207	 75	154	157	130	231	171	 74	143	 56	147	101	 97	 49	180	140	189	176	 93	 81	162	 45	122	180	162
 93	 59	116	218	143	 81	 59	182	124	 79	141	149	167	133	130	200	149	150	174	176	 55	 48	208	120	 94	 32	129	100	184	 13	161	166	 93	246	120	189	127	115	194	166	218	119	186	162	 54	 79	174	 98	108	125	185	 94	 57	138	144	103	 50	 96	119	 59	143	 60	164	 71	 55	123	 77	171	188	 68	138	153	114	212	158	 71	140	 54	129	 90	 92	 50	160	121	168	155	 95	 85	153	 59	102	159	142	 21
 94	163	223	198	 77	 57	 67	 63	 47	181	224	161	217	 10	  6	127	 96	171	106	 65	 91	 85	149	176	 33	125	188	160	 86	119	 40	139	175	205	197	150	200	156	267	 59	184	  9	159	113	108	 58	195	 39	103	 80	119	 43	116	182	209	186	164	 65	213	116	152	128	198	 97	 79	 91	168	 94	149	164	 21	238	 22	167	195	174	230	164	144	 66	183	165	 98	 21	 99	120	205	199	215	184	 97	103	 98	143	125
 95	209	195	 94	 29	136	115	152	 59	161	171	 75	140	102	107	 51	 10	 87	 28	 81	 97	142	 56	116	100	129	126	112	 64	155	133	 36	138	105	146	 46	146	 93	198	 74	 80	 99	 54	 10	102	136	105	130	 49	 31	 35	 82	181	110	145	146	161	155	173	102	 67	191	115	 83	142	 30	142	 36	 45	144	124	184	121	 66	115	157	183	157	 67	152	151	164	 16	 85	 27	 17	184	185	148	197	 52	 11	 11	173	152	105
 96	140	178	170	 60	 55	 38	110	 35	137	177	122	172	 52	 52	120	 74	130	 94	 85	 47	 65	135	130	 22	 83	142	114	 94	 89	 87	110	129	185	150	127	154	111	221	 75	160	 38	131	 91	 62	 55	155	 53	 62	 51	107	  4	103	137	163	140	122	 76	167	 71	112	114	155	 51	 63	 57	123	 87	125	119	 67	192	 51	147	152	130	184	121	103	 72	137	124	 82	 34	 87	 92	161	156	169	148	 54	 84	 72	111	 91	 47	 81
 97	 97	 55	202	164	137	108	233	155	 20	 85	130	124	178	177	212	162	126	188	210	 83	106	213	 83	139	 47	 88	 67	210	 73	210	162	 47	238	 70	187	 77	 90	139	199	209	164	179	170	 68	136	145	153	114	143	197	132	116	104	 96	 52	 11	154	 61	 64	127	116	130	 86	113	136	 30	191	186	 22	188	 96	165	209	123	 14	 82	  9	115	148	 38	 13	174	162	185	159	 35	 28	105	 46	112	172	153	 62	 61	172	162	129
 98	 38	104	249	184	116	100	220	166	 79	143	178	182	174	171	240	188	176	214	218	 96	 83	246	139	135	 63	144	120	226	 47	200	201	104	281	129	225	136	140	197	208	252	160	220	200	 90	115	198	136	145	165	225	136	 73	158	155	110	 50	127	117	 92	173	 68	185	108	 90	162	 87	212	224	 77	177	153	152	248	178	 73	138	 57	159	122	 97	 47	200	163	209	193	 84	 71	163	 26	140	199	181	 23	 42	166	191	133	 59
 99	164	 70	142	145	170	137	247	151	 54	 41	 73	 54	188	189	178	136	 65	159	201	 99	148	170	 19	157	 85	 17	 25	192	127	224	117	 25	182	 14	141	 17	 40	 85	191	154	176	129	137	 84	169	 78	180	 92	125	164	142	171	 37	 30	 22	 79	191	 44	 73	 75	174	 61	 88	154	114	 42	167	140	 52	204	 55	186	160	 54	 58	 52	 72	 68	186	 35	 82	147	168	158	122	 69	 77	 38	116	 95	142	126	125	115	184	132	138	 71	128
100	 38	138	243	159	 75	 66	178	136	104	168	176	196	136	132	218	168	178	192	185	 77	 43	228	149	 98	 61	158	128	196	 20	159	189	121	270	148	212	155	143	222	175	242	122	210	182	 79	 74	202	 94	131	143	203	104	 32	167	172	130	 74	 84	145	 86	170	 32	192	 94	 49	143	105	187	210	 95	136	180	112	234	186	 96	166	 79	156	 78	119	 73	178	128	186	177	117	106	181	 68	124	178	162	 26	 29	127	172	102	 85	 44	144
