nVehicles:   5
nDepots:     1
nCustomers: 25
nPeriods:    6
VEHICLE_TYPE	FLEET_SIZE	CAPACITY
           4	         5	      38	
DEPOT   	X  	Y  	INV_COST	INITIAL_INV 	MIN_LEVEL_INV 	MAX_LEVEL_INV	PRODUCTION_0	PRODUCTION_1	PRODUCTION_2	PRODUCTION_3	PRODUCTION_4	PRODUCTION_5
       0	317	414	       0	        156	            0	          904	         157	         157	         157	         157	         157	         157	
CUSTOMER	X  	Y  	INV_COST	INITIAL_INV	MIN_LEVEL_INV 	MAX_LEVEL_INV	DEMAND_0	DEMAND_1	DEMAND_2	DEMAND_3	DEMAND_4	DEMAND_5
       1	220	 71	    0.01	          1	            0	           17	       5	       7	      10	       8	       8	       5
       2	338	356	    0.02	          6	            0	           19	       3	       3	       5	       5	       5	       6
       3	392	 36	    0.11	          5	            0	           25	       3	       4	       4	       4	       5	       5
       4	 78	119	    0.17	          8	            0	           13	       4	       5	       5	       8	       7	       5
       5	393	359	    0.24	          8	            0	           36	       6	       7	       9	       9	       8	       5
       6	160	367	    0.29	         11	            0	           36	       5	       6	       8	       8	       8	       6
       7	 68	 92	    0.07	          5	            0	           45	       6	       5	       8	      10	      10	       6
       8	339	313	    0.19	          7	            0	           20	       4	       3	       4	       5	       5	       5
       9	483	400	       0	          4	            0	           25	       4	       4	       5	       6	       6	       5
      10	 84	412	    0.16	          3	            0	            9	       4	       5	       6	       6	       6	       5
      11	 78	293	    0.14	          1	            0	           11	       3	       5	       6	       6	       6	       8
      12	397	493	       0	          4	            0	           23	       5	       5	       8	       9	       9	       6
      13	241	148	    0.13	          7	            0	           27	       6	       5	       7	      10	      11	       9
      14	254	195	    0.27	         14	            0	           43	       7	       7	       8	       9	       9	       5
      15	149	241	    0.21	          6	            0	           40	       7	       7	      10	       9	       6	       5
      16	340	399	    0.22	          8	            0	           17	       5	       5	       9	       8	       9	       6
      17	408	 92	    0.08	          3	            0	           22	       5	       4	       6	       5	       6	       7
      18	203	455	    0.21	          5	            0	           16	       5	       5	       7	       7	       7	       4
      19	117	322	       0	          5	            0	           14	       4	       4	       5	       6	       5	       4
      20	157	143	    0.06	          8	            0	           28	       8	       7	       7	       9	      12	      11
      21	231	453	    0.22	          6	            0	           54	       7	       8	      12	      10	      12	       8
      22	 33	164	    0.05	          2	            0	           14	       4	       3	       5	       5	       5	       5
      23	299	381	    0.24	          7	            0	           17	       4	       5	       4	       6	       6	       6
      24	326	199	    0.15	          4	            0	           15	       4	       4	       4	       6	       5	       5
      25	143	261	    0.29	         11	            0	           11	       5	       6	       7	       7	       8	      10
COST_MATRIX 
	  0	  1	  2	  3	  4	  5	  6	  7	  8	  9	 10	 11	 12	 13	 14	 15	 16	 17	 18	 19	 20	 21	 22	 23	 24	 25
  0
  1	179
  2	 31	155
  3	193	 88	163
  4	190	 75	176	163
  5	 47	168	 28	162	199
  6	 82	152	 90	203	131	117
  7	204	 77	189	165	 15	211	145
  8	 52	135	 22	142	163	 36	 94	175
  9	 84	211	 76	188	247	 50	163	259	 85
 10	117	184	131	244	147	157	 45	161	137	200
 11	134	132	134	203	 88	161	 56	101	131	210	 60
 12	 57	229	 75	229	246	 68	135	260	 95	 64	162	189
 13	139	 40	115	 95	 83	131	117	 91	 96	175	154	110	190
 14	114	 65	 91	106	 96	108	 99	107	 73	154	138	101	166	 25
 15	121	 93	111	159	 71	136	 64	 85	102	185	 92	 45	177	 66	 58
 16	 14	175	 22	184	192	 34	 92	206	 44	 72	129	142	 55	135	111	124
 17	168	 95	137	 30	166	134	186	171	116	159	228	194	201	 89	 93	150	158
 18	 61	193	 84	230	180	107	 49	194	 99	143	 64	103	 99	155	133	111	 75	209
 19	111	136	112	199	104	140	 32	118	112	188	 48	 25	165	107	 94	 44	118	186	 80
 20	158	 48	140	130	 42	160	113	 52	125	208	140	 85	213	 43	 56	 50	158	129	158	 92
 21	 48	192	 73	224	184	 94	 56	199	 89	129	 77	111	 86	153	130	114	 61	202	 15	 87	160
 22	190	105	181	191	 32	205	120	 41	171	255	127	 69	246	105	112	 70	194	191	169	 90	 63	176
 23	 19	160	 24	179	172	 49	 70	185	 40	 93	109	119	 75	121	 96	103	 23	155	 61	 96	139	 50	172
 24	108	 84	 79	 88	131	 87	119	140	 58	128	162	133	152	 50	 37	 91	101	 68	143	122	 90	136	148	 92
 25	116	103	109	168	 79	135	 54	 93	102	184	 82	 37	173	 75	 65	 11	121	158	102	 34	 60	106	 74	 99	 97
