nVehicles:  19
nDepots:     1
nCustomers: 50
nPeriods:    6
VEHICLE_TYPE	FLEET_SIZE	CAPACITY
           2	        19	      18	
DEPOT   	X  	Y  	INV_COST	INITIAL_INV 	MIN_LEVEL_INV 	MAX_LEVEL_INV	PRODUCTION_0	PRODUCTION_1	PRODUCTION_2	PRODUCTION_3	PRODUCTION_4	PRODUCTION_5
       0	387	257	       0	        376	            0	         2034	         342	         342	         342	         342	         342	         342	
CUSTOMER	X  	Y  	INV_COST	INITIAL_INV	MIN_LEVEL_INV 	MAX_LEVEL_INV	DEMAND_0	DEMAND_1	DEMAND_2	DEMAND_3	DEMAND_4	DEMAND_5
       1	496	 29	    0.22	          1	            0	           15	       4	       6	       5	       5	       3	       4
       2	328	298	    0.14	          1	            0	           40	      11	      11	      11	       7	       8	       8
       3	253	 73	    0.18	         12	            0	           12	       9	      11	      11	       9	       6	       8
       4	  2	201	    0.07	         10	            0	           19	       7	       7	       7	       5	       5	       5
       5	340	165	    0.27	          7	            0	           27	       6	       6	       7	       6	       4	       4
       6	 18	396	    0.12	          4	            0	           22	       5	       7	       5	       5	       4	       5
       7	240	126	    0.01	          9	            0	           10	       4	       6	       5	       5	       3	       4
       8	314	491	    0.07	          8	            0	           30	       6	       6	       6	       7	       6	       4
       9	117	244	     0.2	          5	            0	           18	       4	       6	       6	       4	       4	       3
      10	 41	191	    0.05	         20	            0	           40	       8	      12	       9	       9	       5	       7
      11	494	379	    0.07	          1	            0	           10	       5	       5	       6	       5	       4	       3
      12	 86	453	    0.26	         16	            0	           22	       7	      11	       9	       7	       7	       8
      13	 85	352	     0.2	          5	            0	           15	       5	       5	       6	       5	       3	       4
      14	496	389	    0.21	          1	            0	           21	       8	      11	       9	       6	       5	       5
      15	281	 55	    0.11	          4	            0	           33	      10	      12	      11	      12	       8	       6
      16	313	161	    0.09	         12	            0	           13	       8	      11	       8	       7	       5	       7
      17	 80	144	    0.03	         22	            0	           48	      10	      12	      12	       8	       6	       6
      18	173	298	    0.13	          9	            0	           21	       6	       7	       8	       5	       6	       8
      19	449	 75	    0.18	          8	            0	           17	       8	      10	      11	       7	       6	       5
      20	285	132	     0.2	          9	            0	           15	       4	       5	       5	       6	       3	       3
      21	170	 67	    0.26	          2	            0	           12	       4	       6	       7	       5	       5	       4
      22	462	242	    0.09	          5	            0	            8	       8	       7	       7	       5	       5	       6
      23	218	 38	    0.29	          4	            0	           14	       5	       5	       6	       4	       4	       4
      24	477	 23	    0.04	          2	            0	           36	       9	      11	       8	       6	       5	       6
      25	182	 64	    0.22	          9	            0	            9	       6	       9	       8	       7	       6	       5
      26	234	472	    0.24	          8	            0	           24	       4	       6	       4	       3	       4	       6
      27	446	438	    0.07	          7	            0	           30	       7	       8	       9	      12	       8	       8
      28	486	248	    0.13	          5	            0	           11	       7	       7	       9	       5	       5	       6
      29	222	 83	    0.18	         15	            0	           15	       8	      10	      12	       7	       5	       8
      30	 74	415	    0.07	         12	            0	           24	       6	       8	       9	       6	       5	       6
      31	242	338	    0.07	         13	            0	           39	       6	       7	       9	       8	       7	       6
      32	384	250	    0.15	          1	            0	           35	       6	       9	       8	       6	       5	       5
      33	107	386	    0.03	         11	            0	           26	       6	       8	       7	       5	       4	       6
      34	137	106	    0.06	          7	            0	           27	       8	      10	       8	       8	       7	       9
      35	163	223	       0	          9	            0	           26	       9	      11	       9	       7	       5	      10
      36	233	365	    0.25	          4	            0	           14	       8	      10	      11	       8	       9	       7
      37	385	223	    0.21	          3	            0	           25	       9	       8	      11	       8	       6	       5
      38	489	492	    0.25	          2	            0	           27	       4	       5	       5	       6	       4	       4
      39	346	 22	    0.26	          7	            0	           34	       8	      11	      12	       7	       9	      11
      40	357	466	    0.24	          6	            0	           13	       8	      10	      10	       9	       5	       5
      41	106	496	    0.03	          2	            0	           27	       8	      11	      11	       9	       7	       6
      42	280	386	    0.12	          2	            0	           25	       4	       5	       6	       4	       4	       5
      43	492	366	    0.26	         12	            0	           29	       6	       6	       7	       6	       4	       4
      44	372	 21	    0.03	         20	            0	           53	      11	      13	      12	       9	       6	       7
      45	  9	469	    0.07	          1	            0	           41	       7	       9	       9	       6	       5	       7
      46	103	342	     0.1	          2	            0	           23	       5	       7	       7	       5	       6	       7
      47	168	298	    0.11	          8	            0	           26	      10	      11	       9	       6	       7	      10
      48	 42	340	    0.07	          7	            0	            7	       4	       6	       5	       4	       4	       4
      49	322	459	    0.18	          2	            0	           13	       7	      10	       9	       7	       6	       6
      50	424	224	    0.23	          7	            0	           30	       6	       8	       6	       4	       4	       6
COST_MATRIX 
	  0	  1	  2	  3	  4	  5	  6	  7	  8	  9	 10	 11	 12	 13	 14	 15	 16	 17	 18	 19	 20	 21	 22	 23	 24	 25	 26	 27	 28	 29	 30	 31	 32	 33	 34	 35	 36	 37	 38	 39	 40	 41	 42	 43	 44	 45	 46	 47	 48	 49	 50
  0
  1	127
  2	 36	159
  3	114	124	119
  4	195	262	171	141
  5	 52	104	 67	 64	170
  6	198	302	163	200	 98	199
  7	 99	137	 97	 28	125	 54	175
  8	123	249	 97	212	213	164	156	187
  9	136	218	109	110	 62	119	 91	 86	158
 10	177	242	154	122	 21	151	104	105	203	 47
 11	 82	176	 93	195	262	132	239	180	107	201	246
 12	180	295	144	208	133	193	 45	181	116	106	133	208
 13	159	262	125	163	 87	159	 41	138	134	 57	 84	205	 51
 14	 86	181	 96	200	265	137	240	184	105	203	249	  6	208	207
 15	115	109	124	 17	158	 63	216	 41	219	126	138	194	222	178	199
 16	 61	113	 69	 54	157	 14	189	 41	166	107	137	142	185	149	147	 56
 17	164	216	146	 94	 49	131	130	 81	210	 54	 31	239	155	105	242	110	117
 18	109	211	 78	120	 99	107	 92	 93	120	 39	 85	166	 89	 52	168	133	 98	 90
 19	 97	 33	127	 99	233	 71	269	108	219	187	213	154	263	229	159	 85	 81	188	178
 20	 81	118	 86	 34	146	 33	188	 23	181	101	126	162	189	149	167	 39	 21	103	101	 87
 21	145	165	140	 42	108	 99	182	 46	224	 93	 90	225	198	149	230	 56	 86	 60	116	140	 67
 22	 39	108	 73	135	231	 73	235	126	145	173	213	 71	216	197	 76	131	 85	198	148	 84	105	171
 23	139	140	142	 25	136	 89	206	 46	232	115	117	220	218	171	224	 33	 78	 88	132	117	 58	 29	160
 24	126	 10	157	115	254	 99	296	130	248	212	234	179	291	256	184	100	108	208	205	 30	111	156	110	130
 25	141	158	138	 36	114	 94	186	 43	224	 96	 95	222	201	152	226	 50	 82	 65	118	134	 62	  7	166	 23	149
 26	132	258	 99	200	179	163	115	174	 42	129	171	139	 75	 96	138	210	161	182	 93	226	172	206	162	218	256	206
 27	 96	207	 92	207	252	147	216	187	 72	191	238	 39	181	186	 36	209	154	235	154	182	173	232	 99	231	209	229	108
 28	 50	110	 83	146	244	 84	246	138	149	185	225	 66	225	208	 71	141	 97	210	159	 89	117	183	 13	171	113	178	169	 98
 29	120	140	120	 17	125	 72	187	 24	210	 97	106	201	198	151	206	 33	 60	 78	111	114	 40	 28	144	 23	131	 23	195	210	156
 30	176	286	140	194	113	183	 30	167	126	 89	114	211	 20	 32	212	208	175	136	 77	254	177	181	213	202	282	184	 85	187	223	182
 31	 84	200	 48	133	139	100	116	107	 85	 79	125	128	 97	 79	130	143	 96	127	 40	168	106	141	121	151	197	141	 68	114	131	128	 93
 32	  4	124	 37	111	193	 48	198	 96	126	134	175	 85	181	158	 90	111	 57	161	109	 94	 78	141	 40	135	123	138	134	 99	 52	117	176	 84
 33	155	264	119	173	107	161	 45	147	117	 72	103	194	 36	 21	195	187	153	122	 56	232	156	163	192	183	260	166	 77	172	202	163	 22	 72	155
 34	147	184	136	 61	 83	106	157	 53	212	 70	 65	225	176	126	229	 77	 93	 35	 98	157	 76	 26	177	 53	175	 31	190	227	189	 45	158	128	143	141
 35	114	193	 91	 88	 82	 94	113	 62	154	 26	 64	183	122	 76	187	103	 82	 58	 38	162	 77	 79	150	 97	187	 81	130	178	162	 76	106	 70	112	 87	 60
 36	 95	214	 59	147	142	114	109	120	 75	 84	130	131	 86	 75	133	157	110	135	 45	181	120	153	130	164	211	153	 54	113	140	142	 84	 15	 95	 64	139	 80
 37	 18	112	 48	100	192	 37	203	 88	139	135	173	 96	189	164	100	 99	 48	158	113	 81	 68	133	 40	125	111	129	146	112	 53	108	183	 92	 14	162	138	112	105
 38	129	232	127	241	284	180	241	222	 88	224	270	 57	203	214	 52	242	188	269	186	210	207	266	126	265	235	264	128	 35	123	245	212	146	132	199	262	212	143	145
 39	120	 76	139	 54	194	 72	249	 75	236	160	175	194	252	211	199	 37	 72	147	163	 58	 63	 91	125	 65	 66	 85	232	214	133	 70	239	167	116	218	113	136	181	103	246
 40	106	230	 86	204	222	151	174	180	 25	164	210	 82	136	148	 80	209	155	213	125	201	171	221	124	226	230	220	 62	 47	127	204	144	 87	109	132	211	156	 80	123	 68	223
 41	185	305	149	224	157	203	 67	197	105	127	156	203	 24	 73	203	238	197	177	105	272	203	217	219	236	301	220	 66	173	227	215	 44	105	186	 56	196	140	 92	196	192	266	127
 42	 84	209	 51	158	167	115	132	132	 56	109	155	108	103	 99	109	166	114	157	 70	177	128	169	117	177	207	169	 49	 87	124	155	105	 31	 86	 87	158	101	 26	 97	118	185	 56	103
 43	 76	169	 89	190	259	127	238	175	109	198	242	  7	208	204	 12	188	137	235	164	148	157	220	 64	214	172	217	140	 43	 60	196	211	126	 80	193	221	180	130	 90	 64	187	 85	204	107
 44	119	 63	141	 65	206	 74	258	 85	237	170	187	190	260	220	195	 49	 76	159	171	 48	 71	104	120	 78	 53	 98	236	212	128	 82	248	172	115	226	125	146	186	102	243	 14	223	273	189	183
 45	217	329	181	233	135	225	 37	207	153	125	140	247	 40	 70	247	248	217	167	119	296	218	217	254	240	324	221	113	220	263	221	 43	134	218	 65	193	146	124	225	241	280	175	 51	142	247	289
 46	149	252	115	154	 87	148	 51	128	130	 50	 82	197	 57	 11	198	169	139	100	 42	219	139	142	187	163	246	145	 93	179	198	143	 40	 70	148	 23	120	 67	 67	154	208	201	142	 78	 92	195	210	 80
 47	112	213	 81	121	 97	109	 90	 94	122	 38	 84	168	 88	 50	171	134	100	 89	  3	180	102	116	150	133	207	118	 94	156	161	111	 76	 43	111	 54	 98	 38	 47	115	188	165	127	104	 72	166	173	117	 40
 48	178	276	145	171	 73	173	 31	146	156	 61	 75	227	 61	 23	229	186	163	100	 69	243	160	151	216	175	270	155	117	208	227	157	 41	101	177	 40	127	 85	 97	182	237	220	170	 85	122	226	230	 67	 31	 67
 49	107	232	 81	197	206	148	156	172	 17	149	195	 95	119	131	 94	204	150	199	110	203	165	211	130	217	232	210	 45	 63	134	195	126	 73	110	114	200	143	 65	123	 86	219	 18	110	 43	 97	221	157	125	112	153
 50	 25	104	 61	115	212	 52	221	105	145	154	193	 86	205	182	 91	111	 64	177	131	 76	 84	150	 22	139	104	146	157	108	 34	124	200	108	 24	178	156	131	119	 20	138	109	126	210	109	 79	105	241	172	134	200	129
