nVehicles:  12
nDepots:     1
nCustomers: 25
nPeriods:    9
VEHICLE_TYPE	FLEET_SIZE	CAPACITY
           2	        12	      18	
DEPOT   	X  	Y  	INV_COST	INITIAL_INV 	MIN_LEVEL_INV 	MAX_LEVEL_INV	PRODUCTION_0	PRODUCTION_1	PRODUCTION_2	PRODUCTION_3	PRODUCTION_4	PRODUCTION_5	PRODUCTION_6	PRODUCTION_7	PRODUCTION_8
       0	 87	 95	       0	        318	            0	         1719	         193	         193	         193	         193	         193	         193	         193	         193	         193	
CUSTOMER	X  	Y  	INV_COST	INITIAL_INV	MIN_LEVEL_INV 	MAX_LEVEL_INV	DEMAND_0	DEMAND_1	DEMAND_2	DEMAND_3	DEMAND_4	DEMAND_5	DEMAND_6	DEMAND_7	DEMAND_8
       1	357	 94	    0.05	         12	            0	           15	       7	       9	      10	       9	       9	       7	       6	       6	       6
       2	 67	239	    0.17	          7	            0	           22	       5	       8	       8	       8	       9	       8	       6	       5	       6
       3	202	174	    0.29	          8	            0	           20	       5	       8	      10	       8	       5	       6	       6	       9	       7
       4	152	 51	    0.11	         13	            0	           52	       6	      10	      11	       8	       7	       7	      12	      12	       8
       5	209	254	    0.15	          6	            0	           39	       4	       5	       6	       6	       6	       5	       4	       5	       7
       6	 30	388	    0.04	          3	            0	           41	       5	       6	       9	       8	      10	       9	       6	       5	       6
       7	267	313	    0.05	          6	            0	           42	       5	       7	       9	       8	       6	       6	       4	       5	       7
       8	105	147	    0.17	          8	            0	           32	       3	       5	       6	       5	       4	       4	       4	       3	       3
       9	108	342	    0.05	          8	            0	           30	       4	       6	       9	       7	       8	       7	       6	       5	       6
      10	297	362	    0.04	         14	            0	           62	       6	       9	      11	       9	       7	       6	       7	       8	      11
      11	324	 36	       0	         10	            0	           19	       4	       6	       6	       6	       6	       6	       5	       3	       5
      12	327	160	    0.02	          8	            0	           40	       7	      12	      11	       9	       7	       7	      10	      13	       7
      13	181	288	    0.29	         13	            0	           32	       6	       8	       9	       8	       6	       7	      10	       8	       8
      14	 88	 86	    0.24	         14	            0	           50	       6	      10	      11	       9	       9	       7	       7	      10	      12
      15	129	 27	    0.14	          6	            0	           57	       7	      10	       9	       9	       6	       6	       9	      12	      10
      16	171	427	    0.16	          1	            0	           60	       7	      10	      12	      10	       8	       7	       9	      12	      13
      17	  7	390	    0.28	          3	            0	           39	       7	       9	       8	       9	       6	       6	       7	      10	      10
      18	297	272	    0.12	         13	            0	           68	       9	      12	      11	      12	       7	       8	       8	      13	      12
      19	364	468	    0.16	          1	            0	           75	       8	      11	      12	       9	       6	       7	       9	      10	      11
      20	116	 46	    0.18	          2	            0	           24	       8	       8	      11	       7	       6	       8	      12	      11	       7
      21	267	218	    0.05	          1	            0	           86	       8	      11	      10	      11	       9	       7	       8	      11	      13
      22	331	 63	    0.14	          7	            0	           43	       7	      10	       9	       9	       8	       6	       6	       5	       7
      23	 77	 39	    0.06	          8	            0	           29	       4	       6	       8	       7	       5	       5	       4	       5	       7
      24	338	 66	    0.26	         11	            0	           41	       6	       6	       9	       8	       6	       6	       5	       6	       6
      25	487	416	    0.09	          4	            0	           23	       8	      11	      13	      10	       9	       7	       8	       9	      11
COST_MATRIX 
	  0	  1	  2	  3	  4	  5	  6	  7	  8	  9	 10	 11	 12	 13	 14	 15	 16	 17	 18	 19	 20	 21	 22	 23	 24	 25
  0
  1	136
  2	 73	163
  3	 70	 88	 75
  4	 40	105	104	 67
  5	101	109	 72	 41	106
  6	150	220	 77	138	180	112
  7	142	119	107	 77	144	 42	125
  8	 28	129	 50	 51	 54	 75	127	116
  9	124	176	 56	 97	148	 67	 46	 81	 98
 10	170	138	131	106	172	 70	135	 29	145	 96
 11	123	 34	164	 93	 87	124	230	142	123	188	164
 12	125	 37	136	 63	104	 76	188	 83	112	143	103	 63
 13	108	131	 63	 58	120	 23	 91	 45	 81	 46	 69	145	 98
 14	  5	135	 78	 73	 37	104	154	145	 32	129	174	121	126	112
 15	 40	119	111	 83	 17	121	188	159	 62	158	188	 98	120	134	 36
 16	172	191	108	128	189	 89	 74	 75	144	 53	 71	210	155	 70	176	202
 17	153	230	 82	146	185	122	 12	136	132	 56	146	238	198	101	158	192	 85
 18	138	 94	117	 69	133	 45	146	 26	115	101	 46	119	 58	 59	140	149	100	157
 19	233	188	188	168	234	133	172	 92	207	143	 63	217	156	129	236	250	 99	183	104
 20	 29	123	100	 78	 19	114	177	154	 51	149	183	105	120	126	 25	 12	193	181	145	245
 21	110	 77	101	 40	102	 35	146	 48	 89	101	 74	 96	 42	 56	112	118	115	156	 31	135	115
 22	124	 21	159	 86	 90	114	222	130	121	179	151	 14	 49	136	123	103	199	231	106	204	108	 84
 23	 29	143	101	 92	 38	127	177	167	 56	153	196	124	139	135	 25	 27	200	179	161	259	 20	131	128
 24	127	 17	161	 87	 94	115	223	129	124	180	150	 17	 48	136	126	107	199	232	106	202	112	 84	  4	132
 25	257	174	228	187	248	161	229	122	234	194	 99	207	151	166	259	265	159	241	120	 67	262	148	193	279	191
