nVehicles:   56
nDepots:      1
nCustomers: 100
nPeriods:    12
VEHICLE_TYPE	FLEET_SIZE	CAPACITY
           2	        56	      18	
DEPOT   	X  	Y  	INV_COST	INITIAL_INV 	MIN_LEVEL_INV 	MAX_LEVEL_INV	PRODUCTION_0	PRODUCTION_1	PRODUCTION_2	PRODUCTION_3	PRODUCTION_4	PRODUCTION_5	PRODUCTION_6	PRODUCTION_7	PRODUCTION_8	PRODUCTION_9	PRODUCTION_10	PRODUCTION_11
       0	330	 22	       0	        658	            0	         8310	         694	         694	         694	         694	         694	         694	         694	         694	         694	         694	          694	          694	
CUSTOMER	X  	Y  	INV_COST	INITIAL_INV	MIN_LEVEL_INV 	MAX_LEVEL_INV	DEMAND_0	DEMAND_1	DEMAND_2	DEMAND_3	DEMAND_4	DEMAND_5	DEMAND_6	DEMAND_7	DEMAND_8	DEMAND_9	DEMAND_10	DEMAND_11
       1	457	329	    0.28	          4	            0	           64	       4	       5	       7	       5	       4	       4	       6	       8	       7	       5	        4	        5
       2	191	473	    0.03	          2	            0	           55	       5	       7	       7	       5	       4	       4	       6	       7	       7	       5	        4	        5
       3	286	468	    0.25	         11	            0	           28	       7	       9	      11	       7	       5	       8	      10	       9	       6	       6	        8	       10
       4	257	103	    0.28	         17	            0	           82	       6	      12	      13	       8	       7	       8	       8	       9	       9	       6	        6	        9
       5	490	 35	    0.21	          6	            0	           33	       6	       9	      11	       9	       5	       6	       9	       8	       9	       6	        6	        8
       6	266	410	    0.06	         10	            0	           37	       4	       6	       6	       8	       5	       5	       4	       5	       6	       7	        7	        6
       7	108	469	    0.26	          9	            0	           30	       9	       9	      12	      11	       6	       7	       6	       8	       9	      12	        9	        7
       8	144	455	    0.21	          8	            0	           77	       6	       8	       9	       6	       5	       7	       8	       6	       5	       5	        7	        9
       9	285	480	    0.25	          1	            0	           28	       4	       5	       6	       5	       5	       4	       3	       3	       5	       6	        6	        5
      10	363	210	    0.08	          7	            0	           21	       3	       5	       6	       5	       3	       3	       4	       4	       7	       4	        3	        3
      11	185	 30	    0.11	          1	            0	           24	       5	       6	       8	       5	       4	       4	       7	       7	       6	       4	        5	        6
      12	107	467	    0.16	          8	            0	           51	       7	       7	       9	       7	       5	       7	       8	       8	       7	       6	        7	       10
      13	403	409	     0.2	          1	            0	           23	       4	       5	       5	       5	       4	       3	       3	       3	       5	       6	        5	        6
      14	203	 94	    0.23	          5	            0	           18	       3	       6	       6	       4	       4	       3	       5	       5	       6	       4	        4	        4
      15	 55	196	    0.02	          9	            0	           58	       5	       7	       9	       9	       7	       5	       4	       6	       7	       9	        7	        6
      16	 26	213	    0.14	          7	            0	           51	       7	      10	      10	      14	      10	       9	       6	       7	       9	      14	       14	       10
      17	328	 35	    0.26	         16	            0	           28	       9	       9	      12	      14	      11	       9	       6	       7	       9	      13	       13	       12
      18	 62	353	    0.13	          2	            0	          106	       7	      12	      14	      12	       9	       8	       8	      10	      13	      12	       10	        7
      19	144	171	    0.03	          4	            0	           91	       6	      10	       9	      10	      10	       8	       7	       5	       8	      11	       10	       10
      20	151	405	    0.25	         14	            0	           44	       7	       7	      10	       7	       4	       5	       7	       7	       6	       4	        5	        8
      21	459	120	    0.21	          6	            0	           55	       5	       8	       8	       7	       4	       5	       9	       9	       6	       5	        6	        9
      22	123	325	    0.17	          9	            0	           20	       6	       7	      10	       9	       9	       7	       6	       7	       8	       9	       11	       11
      23	 80	121	     0.3	          9	            0	           16	       4	       5	       5	       4	       4	       3	       4	       5	       5	       4	        4	        4
      24	150	 86	    0.28	          6	            0	           35	       4	       5	       5	       6	       4	       4	       3	       3	       6	       5	        5	        4
      25	134	251	    0.11	         17	            0	           76	       7	      12	      10	       8	       6	      10	      10	      12	       7	       7	       10	       14
      26	484	177	    0.22	          3	            0	           48	       5	       7	       6	       6	       5	       4	       4	       7	       8	       6	        5	        4
      27	310	 43	    0.14	          7	            0	           18	       5	       8	       8	       7	       5	       6	       8	       8	       6	       4	        6	        8
      28	394	494	    0.22	         15	            0	           79	       7	      11	      10	       9	       7	       7	       6	       8	      12	      10	        8	        6
      29	236	365	    0.02	          2	            0	           56	       5	       6	       7	       7	       5	       3	       4	       6	       6	       7	        5	        5
      30	242	137	    0.11	          3	            0	           21	       4	       7	       6	       5	       4	       5	       5	       6	       6	       4	        4	        7
      31	441	319	    0.22	          5	            0	           34	       5	       4	       6	       6	       4	       4	       4	       5	       6	       5	        4	        4
      32	286	188	    0.12	          8	            0	           79	       6	       7	       8	      11	       9	       6	       5	       6	       6	       7	       10	        9
      33	270	480	    0.04	          8	            0	           91	       6	       7	      11	      10	       8	       5	       7	       8	       8	       8	        7	        6
      34	191	355	    0.21	          4	            0	           55	       4	       5	       5	       4	       4	       4	       5	       6	       5	       4	        4	        6
      35	249	197	    0.09	          7	            0	           36	       4	       6	       6	       6	       5	       4	       4	       3	       4	       5	        5	        6
      36	247	169	    0.18	          3	            0	           42	       5	       5	       5	       4	       3	       3	       4	       5	       5	       5	        3	        4
      37	 27	 94	    0.09	          1	            0	           40	       8	      11	       9	       7	       6	      10	      12	       8	       7	       7	        9	       10
      38	122	316	    0.09	          7	            0	           63	       6	       7	       8	       8	       6	       5	       7	       7	      10	      10	        7	        7
      39	 96	332	     0.3	          6	            0	           66	       4	       6	       8	       7	       5	       3	       4	       7	       6	       7	        5	        4
      40	307	281	    0.21	          6	            0	           46	       4	       5	       6	       6	       5	       4	       4	       4	       6	       8	        8	        7
      41	 33	 54	    0.16	          4	            0	           51	       8	      11	      12	       9	       8	       7	       8	       9	      13	       9	       10	        7
      42	 45	197	    0.03	         10	            0	           49	       8	      12	      10	      14	      11	       8	       6	       8	       9	      11	       12	       10
      43	139	 50	     0.3	          6	            0	           42	       8	      10	      13	      11	       8	       6	       5	       7	      11	      11	        8	        6
      44	127	186	    0.26	          4	            0	           14	       4	       6	       6	       6	       4	       5	       6	       8	       5	       4	        5	        6
      45	  9	200	    0.04	          2	            0	           36	       3	       4	       5	       6	       4	       3	       4	       5	       5	       5	        4	        4
      46	106	313	    0.06	          6	            0	           38	       3	       5	       6	       6	       5	       5	       3	       3	       3	       5	        5	        6
      47	215	119	    0.05	          1	            0	           26	       4	       4	       6	       6	       4	       3	       4	       5	       6	       6	        4	        3
      48	431	303	    0.24	          9	            0	           19	       5	       6	       7	       7	       7	       6	       5	       5	       7	       7	        7	        7
      49	384	267	    0.06	          9	            0	           27	       4	       6	       5	       3	       4	       5	       6	       5	       3	       4	        6	        5
      50	467	497	    0.06	         14	            0	          107	       8	      13	      11	      10	       6	      10	      10	      10	       9	       8	       11	       12
      51	419	 49	    0.13	         10	            0	           28	       8	       9	      12	       8	       6	       6	      10	      12	       8	       6	        6	       10
      52	441	255	    0.08	         14	            0	           44	       5	       9	       9	       6	       4	       5	       7	       7	       8	       6	        5	        5
      53	151	  8	    0.28	          8	            0	           31	       4	       6	       6	       5	       5	       4	       4	       6	       8	       7	        5	        4
      54	188	152	    0.17	          7	            0	           42	       8	      11	      11	      10	      10	       8	       7	       8	      13	      13	       10	        8
      55	 24	450	     0.2	         10	            0	           25	       8	      11	      10	       8	       7	       6	      10	      13	      11	       7	        6	        9
      56	425	238	    0.03	          2	            0	           37	       3	       5	       5	       4	       3	       4	       6	       6	       3	       3	        4	        6
      57	292	447	    0.23	         11	            0	           21	       4	       7	       8	       5	       4	       5	       6	       7	       6	       5	        4	        4
      58	 95	468	    0.15	          3	            0	           26	       4	       5	       7	       6	       4	       3	       6	       6	       8	       6	        5	        5
      59	382	354	    0.02	         18	            0	           68	       9	      10	      10	      11	      11	       8	       7	       8	      11	      14	       10	       12
      60	 73	144	    0.05	          7	            0	           58	       5	       6	       7	       6	       5	       4	       6	       7	       6	       6	        4	        4
      61	168	377	    0.14	          7	            0	           72	       5	       7	       7	       7	       5	       6	       8	       9	       6	       5	        5	        7
      62	472	201	     0.1	         16	            0	           70	       8	      12	      12	       9	       8	       8	       7	      10	      12	      10	        8	        8
      63	477	230	     0.3	          3	            0	           53	       5	       5	       7	       6	       7	       4	       3	       5	       6	       8	        7	        6
      64	499	280	    0.23	         11	            0	           40	       5	       6	       8	       6	       4	       4	       5	       6	       7	       8	        7	        4
      65	464	214	    0.12	          1	            0	           43	       9	       8	      13	       9	       6	       6	      10	      12	       9	       6	        6	        8
      66	194	421	    0.05	          2	            0	           55	       8	      12	      11	       7	       6	       9	      13	      10	       7	       7	       10	       10
      67	335	378	    0.03	          5	            0	           81	       7	      10	      11	       9	       6	       7	       6	       6	       7	       8	        9	        8
      68	275	463	    0.03	          5	            0	           34	       7	       9	      11	       9	       7	       6	       6	       8	      11	       9	        6	        6
      69	133	489	    0.14	          8	            0	           30	       3	       5	       6	       6	       5	       4	       3	       3	       3	       4	        6	        5
      70	 17	295	    0.15	          2	            0	           74	       6	       8	       9	       8	       5	       4	       5	       7	       8	       9	        9	        6
      71	 35	348	    0.19	          8	            0	           19	       6	       8	      10	      10	       6	       5	       6	      10	       8	       9	        7	        6
      72	264	321	    0.17	         13	            0	           93	       6	      11	      13	      10	       6	       6	       8	      11	      12	       9	        8	        6
      73	287	444	    0.25	          1	            0	           38	       7	       9	       8	       7	       6	       8	      11	       9	       5	       6	        7	       10
      74	495	417	    0.02	         10	            0	           64	       7	       8	       8	      10	       9	       8	       5	       5	       6	      10	        8	       11
      75	379	146	    0.07	          7	            0	           72	       5	       6	       7	       7	       5	       6	       9	       9	       6	       4	        5	        6
      76	453	244	       0	         11	            0	           77	       7	       7	      10	       8	       6	       6	       7	      11	       9	       6	        6	        7
      77	423	416	    0.06	         12	            0	           55	       5	       7	       6	       5	       5	       5	       6	       8	       7	       4	        4	        5
      78	326	226	    0.13	         15	            0	           26	       7	      11	      11	      10	       7	       7	      10	      13	      10	      10	        7	        7
      79	  8	331	    0.05	         16	            0	           29	       8	       8	       9	      12	       8	       8	       6	       6	       9	      12	        9	       11
      80	377	351	    0.21	         13	            0	           92	       7	      11	      10	       9	       7	       7	      11	      11	       9	       7	        6	        9
      81	310	155	    0.06	         13	            0	           17	       6	       7	       7	       6	       5	       6	       8	       8	       6	       5	        6	        9
      82	 70	 60	    0.07	         14	            0	           61	       6	       9	       7	       7	       5	       5	       8	       9	       7	       5	        5	        8
      83	490	399	    0.03	          3	            0	           44	       7	      11	      12	       8	       5	       7	      11	      11	       8	       7	        9	        9
      84	175	158	    0.21	         13	            0	           29	       8	      10	      11	      10	       8	       6	       5	       9	       9	      12	       10	        6
      85	 12	350	    0.05	          4	            0	           38	       4	       6	       6	       5	       3	       4	       4	       5	       5	       4	        3	        4
      86	 62	 63	    0.16	          5	            0	           16	       5	       6	       6	       5	       4	       6	       8	       6	       4	       4	        6	        7
      87	392	434	    0.24	          6	            0	           51	       5	       9	       7	       6	       6	       4	       6	       8	       8	       8	        5	        5
      88	203	121	    0.22	          6	            0	           75	       5	       8	       9	       8	       6	       5	       7	       8	       9	       6	        4	        5
      89	306	489	    0.12	          9	            0	           92	       7	       9	      11	      12	       8	       8	       7	       7	       8	       8	       12	       12
      90	123	 62	    0.03	         11	            0	           73	       8	      10	      13	      13	      12	       9	       9	       6	       6	       9	        9	       14
      91	346	345	    0.04	          9	            0	           59	       5	       6	       6	       5	       5	       4	       5	       7	       6	       4	        4	        5
      92	 18	387	     0.1	          4	            0	           76	       6	      10	      11	      11	       7	       5	       7	      12	       9	       7	        6	        6
      93	167	277	    0.21	         11	            0	           57	       5	       8	       9	       6	       5	       6	       8	       8	       6	       4	        6	        7
      94	211	217	    0.21	          3	            0	           12	       3	       5	       5	       4	       3	       4	       5	       7	       5	       3	        4	        4
      95	312	498	    0.11	         12	            0	           46	       7	       9	      11	      10	       6	       5	       6	       7	       8	      10	       10	        6
      96	 11	413	    0.01	          6	            0	           36	       5	       8	       8	       7	       4	       5	       8	       8	       7	       4	        6	        8
      97	182	 13	    0.11	         11	            0	           81	       7	      10	       8	       7	       6	       7	       5	       7	       8	      10	        9	        7
      98	245	304	    0.29	         10	            0	           69	       4	       6	       8	       6	       7	       4	       5	       4	       5	       7	        7	        8
      99	450	269	     0.1	          3	            0	           40	       8	      10	      10	      10	       9	      10	       6	       8	       7	       9	       12	       10
     100	274	 35	    0.23	         11	            0	           46	       6	       9	      10	       8	       5	       7	      10	      11	       7	       5	        7	       11
COST_MATRIX 
	  0	  1	  2	  3	  4	  5	  6	  7	  8	  9	 10	 11	 12	 13	 14	 15	 16	 17	 18	 19	 20	 21	 22	 23	 24	 25	 26	 27	 28	 29	 30	 31	 32	 33	 34	 35	 36	 37	 38	 39	 40	 41	 42	 43	 44	 45	 46	 47	 48	 49	 50	 51	 52	 53	 54	 55	 56	 57	 58	 59	 60	 61	 62	 63	 64	 65	 66	 67	 68	 69	 70	 71	 72	 73	 74	 75	 76	 77	 78	 79	 80	 81	 82	 83	 84	 85	 86	 87	 88	 89	 90	 91	 92	 93	 94	 95	 96	 97	 98	 99	100
  0
  1	167
  2	236	152
  3	225	111	 48
  4	 55	151	188	184
  5	 81	148	266	240	122
  6	197	104	 49	 31	154	219
  7	250	189	 42	 90	198	290	 85
  8	236	169	 26	 72	185	273	 66	 20
  9	231	115	 48	  7	190	245	 37	 89	 72
 10	 96	 76	158	135	 76	109	112	182	165	141
 11	 73	203	222	225	 52	153	195	223	214	231	127
 12	249	189	 43	 90	197	289	 85	  2	 20	 90	182	222
 13	197	 49	111	 66	170	192	 69	151	132	 69	102	219	151
 14	 73	174	190	192	 28	147	162	194	183	198	 99	 34	193	187
 15	163	212	155	179	112	232	151	140	137	183	155	106	138	205	 90
 16	180	224	154	183	128	249	156	135	135	186	169	122	134	213	107	 17
 17	  7	161	230	218	 50	 82	191	244	230	224	 90	 72	243	191	 70	159	176
 18	213	198	 89	126	159	267	106	 63	 66	129	167	173	 62	173	148	 79	 73	208
 19	120	176	153	165	 66	186	135	151	143	170	112	 74	150	176	 49	 47	 63	115	100
 20	212	158	 40	 75	161	251	 58	 39	 26	 77	145	189	 39	127	158	115	115	206	 52	118
 21	 82	105	222	195	102	 46	175	248	230	200	 66	145	248	148	129	206	222	 79	231	160	210
 22	184	168	 82	109	130	234	 84	 73	 66	113	134	151	 72	147	123	 73	 75	178	 34	 78	 43	197
 23	135	216	185	202	 89	210	172	175	171	207	149	 70	174	217	 63	 40	 54	132	117	 41	147	190	105
 24	 96	196	195	203	 55	172	173	193	185	209	124	 34	192	206	 27	 73	 89	 93	141	 43	160	156	121	 40
 25	151	167	115	133	 97	209	104	110	103	138	117	114	109	156	 86	 49	 58	146	 63	 41	 78	176	 38	 71	 83
 26	110	 78	209	176	120	 72	160	239	220	182	 63	167	238	123	147	215	230	106	229	171	202	 32	196	204	174	179
 27	 15	161	224	213	 41	 91	185	236	223	219	 88	 63	236	189	 60	149	166	 10	199	105	198	 84	170	122	 83	137	110
 28	239	 89	103	 56	208	235	 77	144	127	 55	143	255	145	 43	222	226	232	232	181	205	130	190	160	244	238	178	165	230
 29	178	112	 59	 58	132	209	 28	 83	 65	 63	101	170	 83	 87	137	124	130	172	 88	108	 47	166	 60	145	146	 77	156	166	102
 30	 73	145	170	167	 19	135	138	180	167	173	 71	 61	179	159	 30	 99	115	 67	141	 52	142	109	112	 82	 53	 79	123	 59	195	115
 31	159	 10	147	108	142	145	 99	183	164	113	 68	194	183	 49	164	203	215	153	191	166	152	100	160	206	187	158	 75	153	 91	106	135
 32	 86	111	151	141	 45	128	112	167	152	147	 41	 94	166	126	 63	116	131	 80	140	 72	128	 93	107	109	 86	 83	100	 74	163	 92	 34	102
 33	231	121	 40	 11	189	249	 36	 82	 65	  8	143	229	 82	 76	196	179	181	225	122	167	 71	204	107	204	206	134	186	220	 63	 60	173	118	147
 34	181	134	 60	 74	131	219	 47	 71	 56	 79	113	163	 71	110	131	105	109	175	 65	 95	 33	179	 38	130	137	 60	172	167	124	 24	112	127	 97	 74
 35	 97	124	142	137	 48	146	107	154	140	143	 58	 90	153	132	 57	 98	112	 91	122	 55	115	112	 90	 93	 75	 64	118	 83	166	 85	 31	114	 20	142	 85
 36	 85	133	155	151	 34	139	121	166	152	157	 62	 77	165	144	 44	 97	113	 79	131	 52	128	109	100	 87	 64	 70	119	 71	179	 99	 17	123	 22	156	 98	 15
 37	156	246	207	228	116	234	199	192	190	233	178	 86	191	246	 89	 53	 60	154	131	 71	168	217	126	 30	 62	 95	233	144	272	172	110	236	138	229	155	123	117
 38	181	168	 86	112	127	232	 86	 77	 71	116	132	147	 76	148	119	 69	 71	175	 36	 74	 47	195	  5	100	116	 34	194	166	163	 63	108	160	105	111	 40	 88	 97	121
 39	195	181	 86	117	140	247	 94	 69	 67	121	147	158	 68	159	131	 72	 70	189	 20	 85	 46	211	 14	106	126	 45	209	180	170	 72	122	173	120	115	 49	103	112	124	 16
 40	131	 79	113	 95	 93	154	 68	137	120	101	 46	140	137	 81	107	133	145	124	128	 99	100	111	 95	139	126	 88	103	120	116	 55	 79	 70	 48	102	 69	 52	 64	169	 95	109
 41	150	253	224	243	115	229	213	211	209	248	183	 77	210	257	 88	 72	 80	148	151	 81	186	216	143	 41	 61	111	234	139	285	186	113	244	144	244	170	130	122	 21	139	143	178
 42	168	217	157	182	116	237	154	140	139	186	160	109	139	209	 95	  6	 13	164	 79	 52	117	211	 75	 42	 77	 53	220	154	230	128	103	208	121	181	108	103	102	 53	 71	 73	138	 72
 43	 97	212	214	222	 65	176	191	211	203	228	138	 26	210	223	 39	 85	100	 95	157	 61	178	164	138	 47	 19	101	184	 86	257	165	 68	203	101	225	155	 92	 81	 61	134	143	143	 54	 88
 44	131	180	148	162	 78	197	132	142	135	167	119	 84	141	178	 60	 37	 53	126	 90	 12	111	170	 70	 41	 52	 33	179	117	204	105	 63	171	 80	164	 91	 62	 61	 68	 66	 75	102	 82	 42	 69
 45	184	234	165	193	134	255	166	144	145	197	178	123	143	224	111	 24	 11	180	 81	 70	125	229	 85	 54	 91	 68	238	170	243	141	121	225	139	192	120	121	121	 54	 81	 80	155	 74	 19	100	 60
 46	184	176	 91	119	130	238	 94	 79	 74	123	139	147	 78	157	120	 64	 65	178	 30	 74	 52	202	 11	 97	116	 35	201	170	171	 71	112	168	110	118	 48	 93	101	117	  9	 11	102	135	 66	133	 65	 75
 47	 76	161	178	179	 23	144	148	183	172	184	 87	 47	183	173	 14	 89	106	 71	140	 45	147	123	113	 68	 37	 78	138	 61	208	124	 17	151	 50	183	119	 43	 30	 95	109	122	 94	 97	 94	 52	 56	111	112
 48	150	 19	148	110	133	138	 99	182	163	115	 58	184	182	 55	155	196	208	144	187	158	150	 93	155	198	178	151	 69	144	 98	103	126	 10	 93	120	123	106	114	228	155	169	 63	235	201	194	163	218	163	142
 49	126	 48	142	112	104	128	 93	172	153	118	 31	155	171	 72	126	169	182	120	167	130	136	 83	134	169	148	126	 68	118	114	 89	 97	 39	 63	121	107	 77	 85	199	134	148	 40	206	174	164	135	191	141	113	 30
 50	248	 85	139	 92	224	232	110	181	163	 92	153	273	181	 55	241	256	263	242	215	230	165	189	193	270	260	208	161	241	 37	134	213	 90	180	 99	156	186	198	299	195	204	135	311	259	278	231	273	203	228	 99	123
 51	 47	142	241	220	 86	 37	197	262	246	226	 86	118	261	181	111	197	213	 47	235	151	223	 41	203	174	136	175	 72	 55	223	183	 99	136	 97	229	191	113	105	198	200	215	129	194	202	141	162	219	205	108	128	111	226
 52	130	 38	166	132	120	113	117	198	180	137	 46	171	198	 80	144	196	209	124	196	155	164	 69	163	193	169	154	 45	125	122	117	116	 33	 85	142	135	101	107	223	163	177	 69	228	201	183	161	218	170	132	 25	 30	122	104
 53	 90	222	234	240	 72	171	210	232	224	246	147	 21	231	237	 51	106	121	 90	179	 82	199	164	160	 67	 40	122	187	 82	272	184	 79	213	113	244	175	107	 94	 76	155	165	158	 64	109	 22	 90	120	155	 65	204	175	292	136	191
 54	 97	162	161	166	 43	162	135	164	154	172	 93	 62	163	168	 30	 71	 87	 92	119	 24	128	137	 93	 57	 39	 57	149	 82	200	110	 29	152	 53	170	102	 38	 31	 86	 89	102	 88	 92	 75	 57	 35	 93	 91	 22	144	114	222	127	137	 75
 55	264	225	 85	132	209	313	123	 44	 61	132	208	225	 43	191	200	128	119	258	 53	152	 68	274	 80	167	193	114	268	249	187	115	191	219	186	124	 97	170	180	179	 84	 70	165	199	127	209	142	126	 80	192	217	202	223	282	231	230	171
 56	118	 49	166	135	108	107	118	197	178	140	 35	159	196	 87	133	187	200	113	191	145	161	 62	158	183	158	146	 43	114	129	114	105	 42	 74	144	131	 91	 96	212	157	172	 63	217	192	172	152	209	164	121	 33	 26	132	 95	 12	179	127	227
 57	214	102	 53	 11	173	229	 23	 93	 75	 17	124	216	 94	 59	183	173	178	207	125	157	 74	184	105	195	194	126	166	203	 57	 50	158	 99	130	 20	 69	127	141	221	108	114	 84	236	176	213	155	188	115	169	101	102	 92	209	122	231	157	135	124
 58	253	194	 49	 96	200	294	 91	  7	 26	 96	187	224	  7	157	195	138	133	246	 60	151	 43	252	 73	174	193	111	243	239	151	 88	182	189	170	 88	 75	156	168	191	 78	 69	142	210	138	211	142	141	 78	185	188	177	187	265	204	232	165	 37	202	100
 59	169	 40	113	 75	141	169	 65	149	130	 80	 73	190	149	 30	158	182	192	162	161	151	119	124	131	191	178	135	103	160	 71	 74	130	 35	 96	 85	 96	103	115	221	132	144	 53	231	186	195	153	202	140	145	 36	 44	 84	154	 58	209	141	186	 62	 65	155
 60	143	214	175	194	 95	216	165	164	160	199	149	 80	163	212	 70	 28	 42	139	105	 38	137	194	 94	 13	 49	 62	207	129	238	138	 85	204	109	195	121	 92	 88	 34	 90	 95	136	 50	 30	 58	 35	 43	 87	 73	196	168	265	180	193	 79	 58	155	183	187	163	187
 61	196	147	 50	 75	145	235	 52	 55	 41	 78	129	174	 55	119	143	107	109	189	 55	104	 17	195	 35	136	146	 66	187	182	128	 35	126	140	112	 73	 16	 99	112	159	 39	 43	 85	176	110	165	 98	119	 45	132	137	122	162	207	150	185	113	 81	147	 72	 59	108	126
 62	115	 65	196	163	119	 84	147	227	208	168	 55	168	226	110	145	209	224	110	219	165	191	 42	186	201	171	171	 14	114	152	144	120	 62	 94	173	161	112	114	229	185	200	 92	232	214	183	173	232	192	135	 55	 56	149	 81	 32	188	145	257	 30	153	231	 89	202	176
 63	128	 51	188	153	128	 98	139	220	201	158	 58	177	220	 97	153	212	226	123	217	170	186	 56	184	206	179	172	 27	126	139	139	127	 49	 98	163	157	116	119	236	183	198	 89	239	217	192	177	235	191	143	 44	 51	134	 96	 22	198	150	252	 27	143	226	 79	207	172	 15
 64	155	 33	182	143	150	123	134	218	198	147	 77	201	218	 81	175	226	239	150	222	186	185	 83	190	225	200	184	 53	152	120	139	148	 35	117	153	159	132	138	254	190	204	 97	259	231	214	192	249	198	164	 36	 58	110	123	 32	221	169	253	 43	133	223	 70	224	173	 42	 28
 65	118	 58	189	156	118	 91	140	219	201	161	 51	168	219	103	144	205	220	113	213	162	184	 48	180	198	170	167	 22	116	145	137	118	 54	 90	165	154	108	111	227	179	194	 86	230	210	183	170	228	186	134	 48	 48	142	 86	 24	188	142	250	 23	145	224	 82	199	169	  8	 11	 38
 66	211	140	 27	 52	163	244	 37	 50	 31	 55	136	196	 50	105	164	133	134	205	 75	128	 23	201	 60	161	169	 91	190	198	107	 36	145	134	126	 49	 34	116	129	184	 64	 67	 90	201	135	188	123	145	 70	152	133	123	142	218	149	208	135	 87	148	 51	 55	100	152	 26	178	171	169	171
 67	179	 66	 87	 52	143	189	 39	123	103	 57	 86	190	123	 38	157	167	176	172	138	141	 93	144	110	182	173	119	126	168	 66	 50	130	 61	 99	 61	 73	101	114	210	111	122	 51	222	171	192	142	186	120	143	 61	 61	 89	170	 82	207	135	160	 84	 41	129	 27	176	 84	112	103	 96	105	 74
 68	223	114	 43	  7	181	240	 27	 84	 66	 10	134	222	 85	 70	188	173	177	216	120	161	 69	195	103	197	199	128	178	211	 62	 53	164	110	138	  9	 69	134	148	223	107	111	 93	238	176	218	158	188	113	175	112	113	 98	220	134	236	162	126	136	 12	 91	 77	189	 69	164	155	145	157	 46	 53
 69	254	181	 31	 78	203	289	 78	 17	 18	 77	181	231	 18	141	201	152	149	248	 77	160	 43	247	 83	186	202	120	235	240	131	 81	185	176	169	 69	 74	158	170	205	 87	 81	136	224	153	220	152	158	 90	190	176	168	168	263	194	241	171	 58	193	 83	 22	142	176	 59	223	216	211	216	 46	116	 73
 70	208	221	125	160	154	270	138	 99	103	163	179	157	 98	202	137	 54	 42	203	 37	 89	 87	238	 56	 93	124	 63	241	194	214	115	138	213	145	157	 93	126	132	101	 54	 44	146	121	 51	137	 78	 48	 46	133	208	185	247	236	213	159	112	 78	206	158	 95	185	 81	 86	233	233	242	228	109	165	154	114
 71	220	212	100	140	166	277	120	 71	 77	142	178	176	 70	187	153	 77	 68	215	 14	104	 65	241	 46	116	144	 70	241	206	194	101	148	204	149	135	 79	131	139	128	 47	 32	141	148	 76	158	 94	 76	 40	146	200	180	229	244	209	180	125	 52	203	138	 68	174	104	 69	231	229	235	225	 88	151	134	 86	 28
 72	154	 97	 85	 75	110	183	 45	108	 90	 81	 75	151	108	 83	118	122	131	147	103	 97	 71	141	 71	136	131	 74	132	141	109	 27	 93	 89	 68	 80	 41	 63	 77	165	 72	 85	 30	177	126	150	 97	142	 80	104	 84	 66	135	157	 95	167	 93	137	 91	 65	112	 62	131	 56	121	116	120	114	 62	 46	 72	107	125	116
 73	213	103	 51	 13	172	229	 20	 91	 72	 19	124	214	 91	 61	180	170	175	206	122	155	 71	184	102	192	192	124	166	201	 60	 48	156	100	129	 20	 66	125	139	219	105	111	 83	233	173	211	152	185	112	167	101	101	 94	209	122	229	155	132	124	  3	 97	 66	185	 69	153	144	135	146	 48	 41	 12	 81	155	135	 63
 74	215	 48	155	108	198	192	115	196	177	110	123	248	196	 47	218	247	256	209	219	215	173	150	192	255	240	199	121	209	 64	133	189	 56	156	117	156	166	176	285	194	204	117	294	251	256	218	267	202	205	 66	 94	 43	188	 86	268	203	237	 97	103	202	 65	252	165	109	 94	 69	103	151	 83	113	185	247	233	126	105
 75	 67	100	189	168	 65	 79	144	211	195	174	 33	114	211	133	 92	164	180	 62	190	119	173	 43	157	151	119	134	 55	 62	175	131	 69	 92	 52	176	141	 70	 67	178	155	170	 77	180	169	130	128	187	161	 84	 83	 61	181	 53	 63	134	 96	234	 52	157	215	105	154	157	 55	 65	 90	 55	166	119	167	212	196	200	105	156	148
 76	127	 43	174	140	121	107	126	206	188	145	 49	172	206	 87	146	201	215	122	203	159	172	 63	170	197	171	160	 37	124	129	125	119	 38	 89	150	143	105	110	226	170	184	 76	231	206	185	166	224	177	135	 32	 37	127	 99	  9	192	141	238	 15	130	212	 66	197	158	 24	 14	 30	 16	157	 90	142	202	220	216	103	130	 90	 62
 77	203	 47	120	 74	178	194	 79	160	141	 77	108	227	161	 11	195	215	223	197	184	186	137	150	157	227	215	167	124	195	 42	 97	167	 50	133	 83	120	140	152	256	159	169	 89	267	219	232	188	234	167	182	 57	 78	 47	184	 82	246	177	201	 90	 68	167	 38	222	129	111	 97	 78	104	115	 48	 78	150	212	197	 93	 70	 37	137	 88
 78	103	 84	141	123	 71	126	 97	164	147	129	 21	121	163	100	 91	137	151	 96	147	 96	126	 86	113	134	113	 97	 83	 92	139	 83	 62	 74	 28	131	 94	 42	 49	164	112	127	 30	170	142	129	102	160	119	 78	 66	 36	153	100	 60	140	 79	189	 50	112	168	 70	133	110	 75	 76	 91	 70	118	 77	122	164	159	158	 57	111	128	 48	 65	107
 79	224	225	116	155	169	283	135	 86	 93	158	188	175	 85	202	154	 72	 60	218	 30	105	 81	249	 58	112	142	 75	251	209	210	116	152	217	157	151	 93	138	145	119	 58	 45	152	140	 70	156	 94	 66	 50	149	212	191	245	250	220	177	127	 61	214	154	 82	188	 99	 84	241	240	247	236	104	166	149	101	 19	 16	129	151	248	208	227	212	168
 80	167	 42	112	 75	138	168	 63	147	128	 80	 71	188	147	 32	156	179	189	160	158	148	117	123	128	188	175	132	103	158	 73	 71	127	 36	 94	 84	 94	101	112	218	129	141	 50	228	183	192	150	199	137	142	 37	 43	 86	153	 58	206	138	184	 62	 65	153	  3	184	106	 89	 79	 71	 82	 98	 25	 76	141	183	172	 59	 65	 68	103	 66	 40	 68	185
 81	 68	114	170	157	 38	109	130	187	172	163	 39	 89	187	136	 62	130	145	 61	159	 84	149	 77	127	117	 88	101	 88	 57	175	112	 36	105	 21	164	117	 38	 33	145	124	139	 64	148	135	101	 93	153	130	 51	 96	 68	189	 77	 83	109	 62	206	 71	147	190	106	119	132	 85	 92	114	 83	146	113	155	190	163	168	 87	145	161	 35	 85	143	 37	175	104
 82	132	236	216	231	 96	211	201	206	201	236	165	 60	205	242	 69	 69	 80	130	147	 67	178	197	136	 31	 43	101	216	121	271	174	 95	227	126	233	160	113	104	 28	131	137	163	 19	 70	 35	 70	 77	128	 79	218	189	296	175	210	 49	 75	197	199	224	205	215	 43	166	214	221	242	212	191	207	227	217	121	146	163	221	278	161	213	251	153	140	212	130
 83	205	 39	155	108	189	183	113	195	176	111	114	240	195	 44	210	241	250	200	216	208	170	141	188	248	232	193	112	200	 68	129	181	 47	147	118	152	158	168	278	189	200	109	287	245	248	211	261	197	197	 57	 85	 51	179	 77	259	196	235	 87	102	201	 59	245	162	100	 85	 60	 94	149	 79	113	185	243	229	120	104	 10	139	 80	 35	120	244	 62	152	270
 84	104	165	158	165	 50	170	134	160	150	171	 98	 65	159	170	 35	 63	 80	 99	113	 17	125	144	 88	 51	 39	 51	155	 89	201	108	 36	156	 58	168	 99	 42	 37	 81	 84	 96	 91	 89	 68	 57	 28	 86	 85	 28	148	118	224	134	142	 76	  8	165	132	156	161	143	 52	110	151	156	174	148	132	137	161	167	105	119	 93	154	206	103	146	179	 83	121	140	 68	 72	199
 85	229	223	109	150	174	287	131	 77	 85	152	189	182	 76	198	160	 80	 69	224	 26	112	 75	252	 57	120	149	 79	252	214	205	113	157	216	160	145	 90	142	149	129	 58	 43	152	149	 79	163	101	 76	 51	154	211	191	240	254	220	185	133	 51	214	149	 73	186	108	 80	242	241	247	237	 98	163	144	 93	 28	 12	127	146	244	210	227	209	169	 10	183	179	148	241	126
 86	136	239	215	232	100	215	202	205	201	237	168	 64	204	243	 73	 67	 78	134	146	 68	177	201	135	 31	 46	101	219	125	273	175	 98	229	129	233	160	116	107	 24	131	136	164	 16	 68	 40	 70	 74	127	 82	221	191	297	179	213	 53	 78	195	202	224	204	217	 41	166	217	224	244	215	191	209	227	216	119	144	164	222	280	164	216	253	156	137	214	133	  5	273	 74	146
 87	209	 62	103	 56	179	206	 65	144	125	 59	113	227	144	 14	195	207	214	203	170	181	122	161	146	221	212	159	137	200	 31	 86	167	 63	134	 66	108	139	152	250	148	157	 88	262	211	230	182	225	156	181	 69	 84	 49	193	 93	245	175	185	100	 51	150	 41	216	116	124	111	 94	116	100	 40	 61	133	200	184	 86	 53	 53	145	100	 18	110	199	 43	146	247	 53	176	195	249
 88	 81	165	177	179	 29	150	148	181	170	185	 92	 47	180	176	 14	 83	100	 76	136	 39	145	129	110	 62	 32	 74	144	 67	210	124	 22	155	 54	183	118	 45	 33	 90	106	119	 96	 92	 88	 48	 51	105	108	  7	146	117	230	114	137	 63	 18	188	126	169	182	147	 67	130	141	148	169	139	151	145	175	188	128	142	105	167	208	 89	140	185	 81	144	145	 57	 74	200	 24	150	 77	183
 89	234	111	 59	 15	195	245	 45	100	 83	 12	143	238	101	 63	205	193	197	228	140	179	 89	200	123	216	217	147	180	224	 45	 72	179	109	151	 19	 89	149	163	242	127	132	105	257	196	235	176	208	134	191	113	118	 81	228	136	253	179	143	139	 23	107	 78	209	 89	167	156	143	159	 66	 58	 21	 87	175	153	 87	 25	102	176	143	 69	132	169	 78	168	245	103	178	163	246	 52	192
 90	106	214	209	219	 71	184	189	204	197	225	141	 35	203	223	 44	 76	 90	104	149	 56	173	171	132	 37	 19	 95	190	 94	255	162	 71	205	104	222	151	 93	 82	 51	128	136	144	 46	 78	 11	 63	 90	126	 55	196	166	278	149	186	 31	 56	201	175	211	204	196	 49	160	188	196	218	187	183	191	215	214	128	150	148	208	258	135	189	233	131	147	193	105	 27	250	 55	155	 31	230	 50	233
 91	162	 57	101	 69	129	171	 52	135	116	 75	 69	177	135	 43	145	164	174	156	143	134	103	126	112	174	163	116	109	153	 79	 56	117	 50	 85	 78	 78	 89	101	203	113	126	 38	214	168	181	136	184	122	131	 48	 44	 98	153	 66	195	125	170	 67	 58	140	 19	170	 91	 96	 88	 84	 89	 85	 18	 69	129	167	156	 43	 58	 83	101	 74	 53	 61	170	 16	 97	199	 77	127	168	201	 51	133	 75	181
 92	241	222	 97	140	186	295	125	 61	 72	142	194	198	 60	193	174	 98	 88	235	 28	126	 68	258	 61	137	165	 90	256	226	196	110	168	215	167	135	 88	150	159	147	 63	 48	154	167	 96	180	115	 94	 58	167	211	193	232	263	222	201	146	 32	217	141	 56	183	125	 76	246	243	247	240	 90	159	135	 77	 47	 22	128	138	239	218	229	204	174	 29	181	187	166	237	139	 19	164	189	163	153	171	166
 93	152	148	 99	113	 98	202	 83	101	 90	118	104	124	100	136	 94	 70	 78	146	 65	 55	 65	166	 33	 90	 96	 22	167	138	158	 56	 80	139	 75	114	 41	 58	 68	116	 30	 45	 71	131	 73	115	 50	 88	 36	 83	133	109	187	170	138	135	 64	113	131	106	103	115	 82	 51	158	157	167	152	 74	 99	108	108	 76	 75	 54	103	179	125	144	146	 84	 84	112	 94	119	173	 60	 86	120	138	 81	127	110	 96	 93
 94	115	136	129	131	 62	167	101	137	124	137	 77	 95	136	136	 62	 79	 93	109	101	 41	 99	134	 70	 82	 73	 43	138	101	166	 76	 43	126	 41	135	 70	 22	 31	111	 67	 82	 58	121	 84	 91	 45	102	 72	 50	119	 91	190	134	117	109	 35	150	108	122	139	110	 79	 83	131	134	148	127	103	102	128	142	105	110	 59	120	174	 92	122	146	 58	117	107	 59	106	167	 35	120	108	142	 49	145	 90	 94	129	 38
 95	239	112	 62	 20	200	249	 50	104	 87	 17	147	243	104	 64	210	199	202	232	145	184	 93	203	129	222	222	153	183	228	 42	 77	184	111	156	 23	 94	154	168	248	132	137	109	263	202	241	182	213	139	196	115	121	 78	231	138	258	184	146	142	 28	110	 81	214	 95	169	158	144	162	 71	 62	 26	 90	180	158	 92	 30	101	180	146	 70	137	174	 81	172	251	102	184	168	251	 52	197	  6	238	 79	158	133	150
 96	253	227	 95	141	198	306	128	 57	 70	142	204	211	 56	197	187	111	101	247	 40	139	 71	268	 72	151	178	102	265	238	196	116	180	221	178	134	 95	161	170	160	 74	 59	163	180	110	193	128	107	 69	179	218	201	232	274	230	215	158	 20	225	142	 51	188	139	 81	254	251	253	248	 92	163	135	 72	 60	 35	135	139	243	228	237	207	184	 42	186	198	179	240	152	 32	177	191	175	153	185	171	 14	104	141	157
 97	 75	210	231	234	 59	155	203	231	222	240	134	  9	231	227	 42	112	127	 74	181	 82	197	149	159	 75	 40	122	172	 66	263	179	 69	201	102	238	172	 98	 85	 88	155	166	148	 78	115	 29	 91	128	155	 56	192	163	281	120	178	 16	 70	233	166	224	232	198	 86	183	173	184	208	174	205	198	230	240	164	183	160	222	256	119	179	235	129	182	196	 96	 61	247	 73	189	 66	236	 56	246	 39	186	205	133	104	252	218
 98	148	107	 89	 85	101	182	 55	108	 91	 91	 76	141	107	 95	108	110	119	141	 95	 84	 69	142	 62	124	119	 62	136	135	121	 31	 84	 99	 62	 89	 38	 54	 68	152	 62	 76	 34	164	114	138	 84	129	 70	 94	 94	 72	148	155	102	156	 82	133	 96	 76	112	 73	118	 54	125	122	128	119	 64	 59	 81	109	115	108	 13	 74	138	104	109	106	 57	120	 71	 82	151	132	 81	119	152	 99	 94	 98	136	 55	121	 42	 47	103	130	149
 99	138	 31	165	129	128	119	116	199	180	134	 53	179	199	 74	152	201	214	132	199	161	165	 75	166	200	176	159	 50	133	116	118	124	 26	 92	139	137	107	114	229	166	180	 72	235	206	191	167	224	174	140	 20	 34	115	112	  9	199	144	232	 20	120	204	 55	199	151	 36	 24	 26	 29	149	 80	131	193	217	212	 97	120	 78	 72	 13	 75	 66	224	 55	 91	217	 69	149	223	220	 88	144	132	194	 65	224	142	123	134	232	186	104
100	 29	174	223	217	 36	109	188	233	220	223	 99	 45	232	198	 47	136	153	 28	192	 95	195	102	164	107	 68	129	127	 19	238	167	 54	165	 77	223	166	 82	 69	127	160	174	125	121	141	 68	106	157	163	 52	156	129	251	 73	139	 63	 73	243	127	207	235	169	115	180	130	141	167	131	198	175	215	238	183	197	144	205	221	 77	138	205	 99	199	167	 63	103	212	 79	205	107	209	 56	228	 77	160	218	133	 97	233	231	 48	136	147
