nVehicles:  21
nDepots:     1
nCustomers: 50
nPeriods:    9
VEHICLE_TYPE	FLEET_SIZE	CAPACITY
           2	        21	      18	
DEPOT   	X  	Y  	INV_COST	INITIAL_INV 	MIN_LEVEL_INV 	MAX_LEVEL_INV	PRODUCTION_0	PRODUCTION_1	PRODUCTION_2	PRODUCTION_3	PRODUCTION_4	PRODUCTION_5	PRODUCTION_6	PRODUCTION_7	PRODUCTION_8
       0	216	436	       0	        549	            0	         3105	         347	         347	         347	         347	         347	         347	         347	         347	         347	
CUSTOMER	X  	Y  	INV_COST	INITIAL_INV	MIN_LEVEL_INV 	MAX_LEVEL_INV	DEMAND_0	DEMAND_1	DEMAND_2	DEMAND_3	DEMAND_4	DEMAND_5	DEMAND_6	DEMAND_7	DEMAND_8
       1	271	 17	    0.02	          5	            0	           35	       6	       6	       7	      10	      10	       8	       5	       9	      10
       2	436	134	    0.27	          2	            0	           45	       4	       4	       5	       5	       7	       7	       6	       5	       4
       3	162	356	    0.29	         15	            0	           60	       8	       7	       8	       8	      11	      10	      13	      10	       8
       4	388	369	     0.2	          5	            0	           33	       5	       3	       4	       6	       6	       5	       4	       3	       5
       5	355	 13	    0.13	          4	            0	           12	       6	       6	       6	       8	       9	       6	       5	       5	       7
       6	 94	455	    0.19	          1	            0	           20	       6	       5	       6	       7	       8	       5	       6	       7	       9
       7	 52	  1	    0.09	          5	            0	           46	       6	       5	       5	       8	       8	       6	       4	       8	       8
       8	401	176	    0.24	          3	            0	           37	       6	       5	       6	       6	       8	      11	       7	       7	       6
       9	206	  7	    0.12	          5	            0	           50	       7	       6	       7	       9	      10	       8	       6	       7	       9
      10	359	210	    0.19	          9	            0	           15	       5	       4	       5	       6	       8	       8	       5	       5	       4
      11	233	 80	    0.24	          4	            0	           42	       5	       4	       4	       4	       6	       6	       7	       6	       5
      12	 19	439	    0.12	          8	            0	           17	       6	       6	       8	      11	      12	       8	       6	       8	      10
      13	217	242	    0.05	          7	            0	           14	       4	       3	       4	       4	       6	       6	       4	       3	       4
      14	130	409	    0.11	          5	            0	           50	       6	       6	       7	       8	      10	      12	       9	       9	       7
      15	431	334	    0.28	          4	            0	           83	       9	       8	       7	       8	      10	      11	      14	       9	       8
      16	393	208	    0.05	          9	            0	           17	       8	       6	       9	      10	      12	      13	       8	       8	       7
      17	156	484	    0.14	          3	            0	           57	       9	       7	       9	      10	      13	       9	       7	       6	       8
      18	318	342	    0.05	         11	            0	           39	       5	       6	       6	       8	       9	       7	       4	       5	       6
      19	 42	449	    0.02	          4	            0	           73	       8	       7	       7	      10	       9	      12	       8	       6	       7
      20	263	227	    0.04	          8	            0	           16	       6	       5	       7	       9	       9	       6	       5	       6	       8
      21	163	174	    0.28	          2	            0	           26	       8	       6	      10	      12	      11	       8	       6	       8	      10
      22	155	111	     0.1	          9	            0	           81	       8	       7	       8	      10	      13	      11	       8	       8	       8
      23	497	464	     0.2	          6	            0	           15	       4	       3	       4	       5	       7	       5	       4	       3	       3
      24	491	486	    0.28	         12	            0	           20	       7	       7	       8	       9	      11	      10	       8	       7	       5
      25	140	390	    0.15	          3	            0	           42	       4	       4	       4	       4	       5	       5	       5	       6	       5
      26	409	391	    0.13	         12	            0	           54	       6	       6	       6	       9	       8	       6	       5	       9	      10
      27	366	142	     0.1	          7	            0	           43	       5	       3	       5	       6	       8	       6	       6	       4	       4
      28	  5	144	    0.03	          8	            0	           62	       7	       6	       6	      12	      10	       8	       7	       7	      10
      29	381	232	    0.28	          4	            0	           48	       5	       4	       6	       7	       7	       6	       4	       4	       7
      30	246	307	    0.22	          5	            0	           60	       6	       6	       5	       8	      10	       9	       6	       5	       7
      31	 74	357	    0.28	          6	            0	           18	       9	       6	       8	      11	      13	      11	       8	       7	       7
      32	385	147	    0.03	          4	            0	           13	       4	       3	       4	       4	       5	       6	       4	       3	       4
      33	241	 10	    0.11	         15	            0	           43	       9	       7	       9	      13	      12	      11	       9	       8	       9
      34	138	274	    0.07	          4	            0	           44	       6	       6	       6	       6	       9	       8	      11	       8	       7
      35	153	 49	    0.13	          2	            0	           17	       6	       6	       7	       7	      11	       7	       8	       5	       6
      36	258	337	    0.03	          7	            0	           26	       8	       6	       7	       8	       9	       7	       8	       5	       6
      37	  5	211	    0.25	         14	            0	           22	       9	       7	       7	       9	      11	      12	      11	       9	       7
      38	 58	369	    0.07	          8	            0	           38	       6	       3	       4	       7	       6	       7	       5	       4	       5
      39	290	350	    0.17	          4	            0	           15	       4	       3	       3	       4	       6	       5	       5	       3	       4
      40	385	379	    0.18	          1	            0	           35	       4	       3	       3	       4	       4	       5	       5	       6	       4
      41	385	255	    0.11	         12	            0	           29	       7	       6	       6	       9	       8	       6	       5	       6	       9
      42	 20	207	    0.15	          5	            0	           68	       7	       5	       7	       9	      10	       7	       6	       9	      11
      43	298	350	    0.18	         10	            0	           39	       6	       5	       6	       8	       8	       8	       7	       5	       6
      44	266	163	    0.23	          5	            0	           15	       5	       4	       4	       6	       7	       7	       6	       6	       4
      45	333	485	    0.18	          5	            0	           62	       7	       6	       7	       7	      10	       8	       9	       7	       5
      46	 56	188	    0.24	          2	            0	           66	       7	       4	       8	      10	       8	       7	       5	       8	      10
      47	118	163	    0.16	          6	            0	           36	       6	       6	       6	       8	      10	      11	       9	       8	       7
      48	178	356	    0.07	          9	            0	           34	       7	       5	       7	       8	       9	       8	       8	       7	       6
      49	151	229	    0.18	         13	            0	           84	       7	       8	       8	       7	       9	      11	      13	      12	      10
      50	334	134	     0.2	          4	            0	           44	       5	       3	       4	       7	       7	       5	       3	       5	       7
COST_MATRIX 
	  0	  1	  2	  3	  4	  5	  6	  7	  8	  9	 10	 11	 12	 13	 14	 15	 16	 17	 18	 19	 20	 21	 22	 23	 24	 25	 26	 27	 28	 29	 30	 31	 32	 33	 34	 35	 36	 37	 38	 39	 40	 41	 42	 43	 44	 45	 46	 47	 48	 49	 50
  0
  1	212
  2	187	102
  3	 49	179	177
  4	 93	186	120	114
  5	223	 43	 73	197	179
  6	 62	237	235	 61	154	257
  7	233	110	204	186	250	152	228
  8	160	103	 28	150	 97	 85	208	196
  9	215	 33	132	176	203	 75	231	 78	130
 10	134	107	 55	123	 81	 99	181	186	 28	128
 11	179	 37	106	143	164	 70	200	 99	 97	 39	 91
 12	 99	246	259	 83	188	272	 39	220	232	236	205	209
 13	 98	116	123	 64	107	134	123	147	 98	118	 73	 82	140
 14	 46	209	206	 31	131	228	 30	208	179	205	152	173	 58	 95
 15	119	178	101	135	 28	165	180	253	 81	199	 72	162	213	117	156
 16	145	114	 43	138	 81	100	194	200	 17	138	 18	103	220	 90	166	 66
 17	 39	241	225	 65	130	256	 35	248	197	240	171	206	 73	125	 40	157	182
 18	 70	165	120	 79	 38	166	126	217	 93	177	 70	138	158	 72	100	 57	 77	108
 19	 88	245	253	 76	178	269	 27	225	226	236	199	208	 13	136	 49	203	213	 60	149
 20	108	106	 99	 82	 95	117	142	155	 74	114	 49	 76	162	 25	113	100	 66	140	 64	157
 21	134	 96	138	 92	149	126	145	103	120	 87	100	 59	151	 44	119	157	117	156	115	151	 57
 22	166	 75	141	123	174	112	175	 76	128	 58	114	 42	178	 73	150	178	129	187	142	179	 80	 32
 23	142	251	168	176	 73	237	202	322	152	271	145	233	240	179	186	 73	139	171	109	228	167	222	246
 24	140	260	179	177	 78	247	200	328	162	279	153	241	238	184	185	 82	148	168	113	226	173	227	252	 12
 25	 45	198	196	 21	125	217	 40	200	169	195	142	162	 66	 84	 11	149	156	 48	 93	 58	103	109	140	183	182
 26	100	200	130	125	 16	191	161	265	108	218	 94	179	197	122	140	 31	 92	135	 52	186	110	165	190	 58	 63	135
 27	166	 79	 36	148	115	 65	208	173	 25	105	 35	 74	229	 90	179	102	 36	201	103	224	 67	103	107	174	184	168	127
 28	181	148	216	132	223	187	162	 76	199	122	181	119	148	117	147	234	197	187	186	154	136	 81	 77	294	298	141	237	181
 29	132	121	 57	126	 69	111	182	201	 30	143	 16	107	209	 83	154	 57	 14	169	 64	202	 60	113	129	130	139	145	 81	 46	194
 30	 67	146	129	 49	 78	157	107	182	102	152	 75	114	132	 36	 78	 94	 89	100	 41	125	 41	 79	109	149	152	 68	 92	103	146	 78
 31	 82	197	213	 45	158	223	 51	179	187	188	161	160	 50	 92	 39	179	177	 76	123	 49	115	102	130	219	219	 37	169	182	112	166	 90
 32	168	 87	 27	153	112	 69	212	182	 17	114	 35	 84	235	 97	183	 97	 31	204	104	229	 73	112	117	169	178	173	123	 10	191	 43	106	188
 33	214	 16	116	178	194	 58	235	 95	116	 18	117	 36	242	117	208	188	125	241	171	241	110	 91	 67	261	269	197	209	 91	136	132	149	193	100
 34	 90	145	165	 43	134	170	 94	144	141	138	116	109	102	 43	 68	150	132	106	 97	100	 67	 52	 82	204	206	 59	148	132	 93	124	 57	 53	139	142
 35	197	 62	148	154	199	103	206	 56	140	 34	131	 43	207	102	181	200	144	218	169	208	105	 63	 32	270	277	171	214	117	 88	147	138	159	126	 49	113
 36	 54	161	135	 49	 67	170	102	198	108	168	 82	130	130	 52	 74	 87	 94	 90	 31	122	 56	 95	125	136	139	 65	 81	112	160	 81	 17	 93	115	164	 68	154
 37	155	165	219	107	208	202	130	108	199	144	178	132	115	108	118	222	195	156	170	121	130	 82	 91	277	280	113	222	184	 34	189	130	 81	193	155	 74	110	142
 38	 86	206	223	 53	166	232	 47	185	197	196	171	169	 41	102	 42	188	186	 76	131	 41	125	111	138	225	225	 43	176	192	116	176	 99	 11	198	202	 63	167	102	 84
 39	 57	167	131	 65	 50	172	112	212	104	177	 79	138	143	 66	 86	 71	 88	 95	 15	134	 63	109	138	119	122	 78	 63	111	176	 75	 31	109	113	172	 85	166	 18	159	117
 40	 90	190	126	113	  6	184	151	252	102	207	 86	168	186	109	129	 33	 86	126	 39	176	 98	152	177	 71	 76	123	 14	119	224	 74	 79	156	117	199	135	202	 67	208	164	 50
 41	124	132	 66	123	 58	122	177	210	 41	153	 26	116	205	 85	149	 46	 24	162	 55	198	 63	119	136	119	128	140	 70	 58	198	 12	 75	164	 55	143	124	156	 76	192	174	 68	 63
 42	151	158	212	103	202	194	130	105	192	137	170	124	117	101	116	216	187	155	164	122	122	 74	 83	271	274	110	216	177	 33	181	124	 80	185	149	 68	104	136	  8	 84	153	202	185
 43	 60	168	129	 69	 46	171	115	214	102	178	 77	139	147	 68	 90	 67	 86	 98	 11	138	 64	111	140	115	119	 82	 60	110	180	 73	 34	113	111	173	 89	168	 22	163	121	  5	 46	 65	157
 44	139	 74	 87	110	120	 88	170	135	 68	 84	 53	 45	186	 47	141	119	 68	170	 94	182	 33	 52	 62	190	197	130	135	 52	131	 68	 73	137	 61	 78	 85	 81	 88	133	147	 95	124	 76	125	 95
 45	 64	237	183	108	 65	237	121	280	159	248	139	209	159	135	109	 91	142	 89	 72	147	134	178	208	 83	 80	108	 61	173	237	129	100	145	171	242	144	236	 83	214	150	 71	 60	118	210	 70	165
 46	148	138	192	100	190	174	135	 94	173	118	152	104	127	 85	117	202	169	157	152	131	106	 54	 63	261	264	110	204	157	 34	164	113	 85	166	129	 60	 85	126	 28	 91	143	191	168	 21	146	106	204
 47	146	106	160	 99	170	141	147	 88	142	 90	123	 71	147	 64	124	179	140	162	135	148	 80	 24	 32	242	247	115	185	125	 58	136	 97	100	134	 99	 57	 60	112	 62	108	128	172	142	 54	130	 75	194	 34
 48	 45	176	171	  9	106	193	 65	189	144	176	117	141	 90	 61	 36	127	131	 65	 71	 83	 78	 92	124	169	170	 26	117	143	137	119	 42	 53	148	176	 46	155	 42	113	 61	 57	105	116	109	 61	107	101	104	102
 49	109	122	151	 64	138	149	117	125	128	115	105	 86	125	 34	 91	150	122	128	101	123	 57	 29	 60	210	214	 81	153	116	 85	116	 62	 75	124	119	 24	 91	 77	 74	 85	 93	139	118	 67	 96	 67	158	 52	 37	 65
 50	163	 67	 52	141	121	 62	201	156	 40	 91	 41	 58	220	 80	172	112	 48	197	105	215	 59	 88	 91	185	193	161	134	 17	165	 55	 98	172	 27	 78	121	100	109	169	182	111	126	 66	162	110	 37	176	142	109	136	104
