nVehicles:  11
nDepots:     1
nCustomers: 50
nPeriods:   12
VEHICLE_TYPE	FLEET_SIZE	CAPACITY
           4	        11	      38	
DEPOT   	X  	Y  	INV_COST	INITIAL_INV 	MIN_LEVEL_INV 	MAX_LEVEL_INV	PRODUCTION_0	PRODUCTION_1	PRODUCTION_2	PRODUCTION_3	PRODUCTION_4	PRODUCTION_5	PRODUCTION_6	PRODUCTION_7	PRODUCTION_8	PRODUCTION_9	PRODUCTION_10	PRODUCTION_11
       0	152	471	       0	        305	            0	         4078	         343	         343	         343	         343	         343	         343	         343	         343	         343	         343	          343	          343	
CUSTOMER	X  	Y  	INV_COST	INITIAL_INV	MIN_LEVEL_INV 	MAX_LEVEL_INV	DEMAND_0	DEMAND_1	DEMAND_2	DEMAND_3	DEMAND_4	DEMAND_5	DEMAND_6	DEMAND_7	DEMAND_8	DEMAND_9	DEMAND_10	DEMAND_11
       1	 96	410	    0.07	          2	            0	           40	       3	       4	       6	       6	       4	       3	       4	       6	       5	       3	        3	        5
       2	441	159	    0.14	          2	            0	           11	       4	       5	       5	       5	       5	       5	       4	       3	       4	       5	        5	        4
       3	425	309	    0.04	          5	            0	           32	       3	       4	       5	       7	       6	       4	       3	       4	       4	       5	        5	        5
       4	319	407	    0.18	          5	            0	           28	       4	       5	       7	       6	       8	       6	       5	       4	       4	       4	        5	        6
       5	 58	 77	    0.12	          7	            0	           17	       5	       6	       8	       6	       4	       5	       5	       6	       6	       5	        4	        5
       6	275	349	    0.19	          3	            0	           78	       6	       6	      10	       9	       7	       6	       6	       8	       9	       9	        6	        5
       7	386	 20	    0.11	          4	            0	           53	       3	       5	       6	       6	       4	       4	       5	       5	       5	       4	        3	        4
       8	179	298	    0.04	          4	            0	           27	       8	      10	      14	      11	       7	       7	       9	      12	      10	      10	        8	       10
       9	179	312	    0.25	          8	            0	           48	       4	       5	       5	       5	       6	       4	       3	       3	       5	       5	        6	        5
      10	 91	252	    0.28	          8	            0	           11	       3	       5	       5	       5	       4	       3	       4	       6	       6	       4	        4	        5
      11	169	431	    0.14	          2	            0	           80	       6	      11	       9	      10	       6	       6	      10	      11	       9	       6	        6	        9
      12	107	162	    0.06	         10	            0	           17	       5	       7	       9	       7	       7	       5	       5	       5	       7	       7	        8	        5
      13	246	229	    0.22	          4	            0	           31	       4	       5	       6	       6	       4	       4	       4	       6	       5	       4	        4	        5
      14	147	112	    0.02	          6	            0	           79	       6	       5	       8	       9	       8	       5	       4	       5	       7	       9	        7	        8
      15	 37	479	    0.06	          9	            0	           51	       7	       9	      11	      12	      12	      11	       7	       7	       7	       8	        9	       12
      16	 45	386	    0.03	         13	            0	           68	       6	       7	       9	       6	       6	       4	       6	       9	       9	       6	        6	        5
      17	132	 69	    0.06	          6	            0	           90	       5	       8	      10	      11	       8	       8	       5	       6	       6	       6	        9	       10
      18	143	121	    0.06	          8	            0	           51	       4	       6	       7	       7	       5	       4	       4	       6	       6	       6	        5	        4
      19	124	249	    0.04	         13	            0	           59	       5	       8	       7	       7	       5	       5	       6	       9	       7	       5	        6	        9
      20	443	385	    0.12	          7	            0	           44	       3	       6	       8	       7	       4	       4	       6	       6	       6	       4	        4	        5
      21	417	 43	    0.04	          3	            0	           23	       6	       8	       8	       9	       9	       6	       5	       7	       9	      11	        9	        7
      22	277	425	    0.12	          9	            0	           84	       6	       9	      11	      11	      11	      11	       8	       6	       5	       9	       10	       12
      23	325	443	    0.15	          5	            0	           79	       5	       7	       7	       9	       6	       5	       4	       6	       9	       8	        8	        6
      24	373	185	    0.24	          8	            0	           52	       7	       8	      12	      11	       8	       5	       8	       9	      11	       7	        6	        9
      25	126	334	    0.27	          4	            0	           45	       6	       6	      10	       9	      10	       6	       6	       5	       6	       9	       10	        8
      26	400	396	    0.06	          5	            0	           35	       6	       8	      10	       9	       9	       8	       6	       7	      10	       9	       10	       11
      27	  5	464	    0.23	          5	            0	          102	       8	       9	      10	      11	       9	       9	       7	       7	      11	      11	       12	        6
      28	124	 65	    0.04	          4	            0	           39	       4	       5	       6	       7	       5	       5	       5	       7	       7	       4	        5	        5
      29	491	421	    0.04	         14	            0	           76	       7	       9	       9	      10	      13	      10	       7	       6	       7	       9	       10	       11
      30	431	428	    0.03	          7	            0	           41	       4	       6	       6	       7	       6	       4	       4	       4	       5	       8	        5	        5
      31	264	207	    0.05	         11	            0	           21	       5	       6	       8	       7	       6	       4	       4	       7	       7	       6	        6	        5
      32	 58	226	    0.29	          1	            0	           45	       5	       7	       7	      10	      10	       9	       6	       6	       5	       7	        8	        8
      33	292	441	    0.04	          5	            0	           63	       5	       7	       8	      11	       9	       7	       4	       7	       8	       8	        8	        8
      34	255	496	    0.16	          5	            0	           48	       4	       6	       7	       7	       4	       4	       7	       6	       5	       4	        6	        8
      35	 85	471	    0.05	          6	            0	           29	       5	       6	       5	       8	       5	       5	       4	       4	       6	       8	        8	        5
      36	411	363	    0.08	          8	            0	           42	       4	       5	       6	       6	       6	       7	       5	       4	       5	       6	        7	        8
      37	462	261	    0.03	          4	            0	           52	       4	       6	       9	       7	       5	       6	       8	       8	       6	       4	        6	        9
      38	317	441	     0.1	          2	            0	           59	       8	      10	      11	      12	       8	       7	       8	      11	      13	      11	        9	        6
      39	 16	194	     0.3	          1	            0	           33	       4	       5	       5	       4	       4	       4	       6	       5	       4	       4	        4	        6
      40	412	273	    0.29	          7	            0	           87	       7	       7	      12	      12	      12	      11	       8	       7	       7	       9	       11	       10
      41	327	399	    0.11	         11	            0	           81	       7	       8	      11	      12	      11	       7	       5	       8	      11	      10	       10	       10
      42	162	205	    0.03	          9	            0	           29	       6	       9	      14	      10	       9	       6	       8	      13	      10	      11	        8	        8
      43	493	487	     0.2	          1	            0	           28	       5	       7	      10	       7	       6	       6	       8	       9	      10	       7	        6	        6
      44	223	344	    0.18	         12	            0	           77	       8	      10	      10	      14	       8	       8	       7	       8	      12	      10	        9	        6
      45	415	419	    0.17	          7	            0	           32	       3	       4	       5	       7	       5	       3	       3	       4	       6	       6	        5	        5
      46	433	204	    0.14	          3	            0	           47	       4	       5	       5	       6	       8	       6	       5	       5	       4	       4	        5	        7
      47	497	243	    0.04	          5	            0	           32	       3	       4	       6	       6	       6	       3	       3	       4	       4	       6	        6	        5
      48	315	 19	     0.1	         10	            0	           37	       4	       6	       9	       8	       6	       6	       8	       8	       7	       4	        5	        7
      49	459	412	    0.04	         18	            0	           88	       8	      10	      14	      11	       7	       8	      10	      14	      12	       8	        6	        7
      50	444	336	    0.19	         14	            0	           75	       8	      10	      11	      12	       9	       8	      11	      13	      11	       7	        8	       11
COST_MATRIX 
	  0	  1	  2	  3	  4	  5	  6	  7	  8	  9	 10	 11	 12	 13	 14	 15	 16	 17	 18	 19	 20	 21	 22	 23	 24	 25	 26	 27	 28	 29	 30	 31	 32	 33	 34	 35	 36	 37	 38	 39	 40	 41	 42	 43	 44	 45	 46	 47	 48	 49	 50
  0
  1	 42
  2	213	214
  3	159	173	 76
  4	 90	112	139	 73
  5	203	168	196	218	211
  6	 87	 95	127	 78	 37	174
  7	255	244	 75	146	197	167	174
  8	 88	 70	149	124	 89	126	 55	174
  9	 81	 65	152	124	 85	133	 52	179	  8
 10	114	 80	182	170	138	 90	105	188	 50	 54
 11	 22	 38	193	142	 76	186	 68	233	 67	 60	 98
 12	157	125	168	176	162	 50	126	157	 77	 84	 46	139
 13	130	118	104	 99	 97	121	 62	126	 49	 54	 79	109	 78
 14	180	152	149	171	171	 48	135	129	 95	102	 76	160	 33	 77
 15	 58	 46	258	212	146	202	136	289	116	110	117	 71	163	163	192
 16	 69	 29	229	194	138	155	117	251	 81	 77	 71	 66	117	128	147	 47
 17	202	172	161	190	194	 38	158	130	117	124	 94	182	 49	 99	 23	211	165
 18	176	147	151	170	168	 48	132	132	 91	 98	 71	156	 28	 75	  5	187	142	 27
 19	112	 82	165	154	126	 93	 91	174	 37	 42	 17	 94	 45	 62	 70	123	 80	 91	 65
 20	152	174	114	 40	 63	247	 86	185	139	137	189	139	202	126	202	209	200	222	200	174
 21	252	244	 60	134	189	181	169	 20	175	180	194	231	167	127	140	290	253	144	143	180	172
 22	 67	 91	157	 95	 23	206	 39	210	 81	 75	128	 55	157	100	170	124	118	193	167	117	 86	204
 23	 88	116	154	 84	 19	227	 54	214	103	 99	152	 79	178	115	188	146	143	211	185	140	 66	206	 26
 24	181	179	 37	 68	115	167	 96	 83	113	116	145	160	134	 68	119	224	193	134	120	129	106	 75	130	132
 25	 70	 41	181	151	104	133	 75	204	 33	 29	 45	 54	 87	 80	112	 86	 49	133	107	 43	161	206	 89	114	145
 26	130	153	121	 46	 41	234	 67	189	121	119	171	117	188	114	191	187	178	212	189	157	 23	177	 64	 45	107	141
 27	 74	 53	267	224	160	196	147	293	121	116	115	 84	160	169	190	 18	 44	208	185	123	223	295	138	161	231	 89	201
 28	204	174	166	194	197	 34	161	133	120	127	 95	185	 50	103	 27	212	166	  5	 30	 93	226	147	196	215	139	135	216	209
 29	172	198	134	 66	 87	277	114	208	168	166	218	162	232	156	232	229	224	252	230	203	 31	193	108	 84	132	188	 48	244	256
 30	142	168	135	 60	 57	257	 88	206	142	139	192	132	210	136	213	199	195	234	211	178	 23	193	 78	 54	125	160	 23	214	238	 31
 31	144	132	 92	 96	104	122	 72	112	 63	 68	 90	122	 82	 15	 76	178	142	 96	 75	 74	127	113	110	122	 56	 94	117	183	100	156	139
 32	132	 94	195	189	159	 75	125	194	 71	 75	 22	117	 41	 95	 73	127	 81	 87	 68	 35	209	202	148	173	159	 64	191	122	 88	238	213	104
 33	 72	100	160	 94	 22	217	 47	216	 92	 86	138	 62	168	109	180	129	127	203	177	128	 81	209	 11	 17	135	 99	 59	144	206	101	 70	118	159
 34	 53	 91	193	127	 55	232	 75	247	107	100	147	 54	183	134	200	110	119	223	196	140	110	241	 38	 44	167	104	 89	127	226	124	 95	145	168	 34
 35	 34	 31	237	189	122	198	113	272	 99	 93	110	 47	155	146	183	 25	 47	203	178	113	185	271	 99	121	203	 72	162	 41	204	205	175	160	124	105	 86
 36	141	160	104	 28	 51	228	 69	172	121	119	170	126	183	107	183	196	184	203	181	155	 20	161	 74	 59	 92	144	 18	210	207	 50	 35	108	190	 72	103	172
 37	188	198	 53	 31	103	222	104	127	143	144	186	170	185	110	175	239	218	191	175	170	 63	112	124	114	 59	172	 75	251	196	 82	 85	103	203	124	157	216	 58
 38	 84	112	155	 86	 18	224	 51	214	100	 95	148	 75	175	112	186	142	139	208	183	137	 69	206	 22	  5	132	110	 48	157	212	 88	 58	120	169	 13	 42	117	 62	116
 39	155	116	214	213	186	 63	151	205	 97	101	 48	142	 49	117	 78	143	 98	 86	 74	 61	234	215	175	199	179	 90	217	136	 85	264	239	125	 27	186	193	143	215	226	195
 40	164	173	 59	 20	 82	203	 79	128	118	119	161	145	163	 86	156	214	193	174	155	145	 59	116	102	 96	 49	147	 62	225	178	 84	 79	 82	179	104	137	192	 46	 26	 97	202
 41	 95	116	133	 67	  6	210	 37	192	 90	 86	140	 81	162	 95	170	151	142	192	167	127	 59	184	 29	 23	110	106	 37	165	196	 83	 54	102	160	 28	 61	127	 46	 97	 22	187	 76
 42	134	108	142	142	128	 83	 92	146	 48	 55	 43	114	 35	 44	 48	151	108	 70	 44	 30	167	152	125	145	106	 67	153	152	 73	197	175	 52	 54	135	153	139	148	153	142	 74	130	128
 43	171	203	167	 96	 96	299	130	240	184	180	233	165	253	179	256	229	230	277	254	220	 57	226	113	 87	163	199	 66	245	281	 34	 43	181	254	104	120	205	 75	115	 91	280	115	 94	218
 44	 73	 72	143	103	 58	157	 27	182	 32	 28	 81	 52	108	 59	123	115	 92	145	119	 69	112	180	 49	 72	110	 49	 93	125	149	140	113	 72	102	 60	 78	 94	 95	127	 68	128	101	 59	 76	153
 45	135	160	131	 56	 49	248	 79	201	133	130	183	124	201	128	204	192	186	226	202	169	 23	189	 70	 47	119	151	 14	207	230	 39	 10	131	203	 63	 89	168	 29	 83	 51	230	 74	 46	166	 52	104
 46	194	198	 23	 53	117	198	108	 95	136	139	173	175	165	 95	151	242	215	165	151	157	 91	 81	136	132	 32	167	 98	251	170	113	113	 85	188	138	171	220	 81	 32	132	209	 37	111	136	145	127	108
 47	207	218	 51	 49	122	235	124	125	162	163	204	190	200	126	187	259	238	203	188	187	 76	108	143	132	 69	191	 91	270	207	 90	 99	118	220	143	176	236	 74	 20	134	242	 46	116	169	123	147	 98	 38
 48	241	225	 95	156	195	132	167	 36	156	162	162	219	127	111	 97	269	228	 95	100	150	194	 53	204	213	 88	184	194	272	 99	220	213	 98	165	212	241	254	179	142	212	174	136	191	121	251	169	207	110	145
 49	157	182	127	 55	 71	262	 98	200	152	149	201	146	216	141	217	214	208	237	215	187	 16	186	 92	 69	122	172	 31	229	242	 17	 17	142	222	 85	111	190	 35	 76	 73	247	 74	 67	182	 42	123	 23	105	 87	210
 50	161	178	 89	 17	 72	233	 85	161	134	134	182	146	190	113	187	216	202	206	185	166	 25	148	 95	 81	 84	160	 38	229	210	 49	 47	111	201	 93	124	192	 22	 39	 83	226	 36	 67	156	 80	111	 44	 67	 54	172	 39
