nVehicles:   5
nDepots:     1
nCustomers: 25
nPeriods:   12
VEHICLE_TYPE	FLEET_SIZE	CAPACITY
           4	         5	      38	
DEPOT   	X  	Y  	INV_COST	INITIAL_INV 	MIN_LEVEL_INV 	MAX_LEVEL_INV	PRODUCTION_0	PRODUCTION_1	PRODUCTION_2	PRODUCTION_3	PRODUCTION_4	PRODUCTION_5	PRODUCTION_6	PRODUCTION_7	PRODUCTION_8	PRODUCTION_9	PRODUCTION_10	PRODUCTION_11
       0	335	130	       0	        272	            0	         2170	         184	         184	         184	         184	         184	         184	         184	         184	         184	         184	          184	          184	
CUSTOMER	X  	Y  	INV_COST	INITIAL_INV	MIN_LEVEL_INV 	MAX_LEVEL_INV	DEMAND_0	DEMAND_1	DEMAND_2	DEMAND_3	DEMAND_4	DEMAND_5	DEMAND_6	DEMAND_7	DEMAND_8	DEMAND_9	DEMAND_10	DEMAND_11
       1	237	 40	    0.28	         18	            0	           56	       8	      10	       8	       6	       6	       9	       9	       9	       7	       6	        7	        8
       2	223	245	    0.23	          8	            0	          104	      12	      10	      12	       7	       8	       5	       6	       9	      10	      12	        9	        8
       3	317	311	    0.28	         13	            0	           49	       8	      11	       8	       6	       7	       9	       9	       6	       6	      10	       10	        7
       4	442	 84	    0.13	         16	            0	           59	      11	      11	      11	       8	       6	       6	       8	       9	       9	      12	        9	        8
       5	318	423	    0.11	         11	            0	           73	       7	       9	       7	       5	       6	       8	       7	       5	       5	       7	        7	        6
       6	122	351	    0.26	         14	            0	           80	      11	       9	       8	       6	       5	       6	       8	       8	      10	      10	        8	        6
       7	498	 74	    0.05	         10	            0	           40	       9	       8	       5	       5	       6	       9	       8	       6	       5	       6	        7	        9
       8	295	 37	    0.01	          7	            0	           93	      13	      13	       9	       7	       8	       8	      13	      12	      10	       9	        7	        8
       9	496	367	    0.13	         23	            0	           49	      11	      12	       8	       5	       7	      10	      10	       7	       7	       7	       12	        9
      10	 44	483	    0.17	          4	            0	           55	       8	       9	       6	       5	       5	       6	       6	       8	       8	       7	        5	        5
      11	195	123	    0.26	          4	            0	           78	       8	       8	       7	       7	       5	       4	       7	       7	       9	       8	        6	        5
      12	298	344	    0.07	          4	            0	           66	      11	       8	      10	       6	       6	       6	       9	       8	       9	       8	        7	        5
      13	224	 38	    0.02	          7	            0	           48	       7	       8	       7	       5	       4	       6	       8	       7	       5	       4	        5	        6
      14	171	474	       0	          3	            0	           19	      10	      10	       7	       6	       5	       9	      10	       8	       6	       6	        9	        9
      15	 10	155	    0.23	          3	            0	           36	       8	       7	       7	       5	       4	       5	       5	       6	       7	       8	        7	        5
      16	 40	243	    0.26	          9	            0	           21	       9	      10	       8	       8	       6	       8	       8	      10	       9	       6	        5	        7
      17	346	406	       0	          9	            0	           25	       6	       6	       5	       4	       5	       7	       8	       5	       4	       5	        8	        6
      18	 51	435	    0.28	          2	            0	           33	       5	       5	       5	       4	       4	       5	       6	       4	       3	       4	        4	        5
      19	 13	449	    0.23	         16	            0	           22	       9	       8	       6	       5	       6	       8	       7	       5	       5	       8	        8	        7
      20	 62	141	    0.25	         16	            0	           61	       9	       8	       7	       6	       8	       9	      10	       5	       5	       7	       11	        7
      21	339	 63	    0.23	          8	            0	           69	       7	       7	       6	       5	       7	       7	       7	       5	       6	       6	        9	        8
      22	426	198	    0.04	          2	            0	           62	      11	      12	       8	       5	       6	      11	      10	       7	       6	       9	       11	       12
      23	260	317	    0.23	         12	            0	           28	      12	      11	      12	       9	       8	       9	      12	      14	      11	       9	        6	        7
      24	390	120	    0.06	          9	            0	           43	       6	       7	       4	       3	       3	       5	       6	       5	       4	       4	        5	        5
      25	399	380	    0.03	         15	            0	           64	       8	       8	       7	       4	       4	       4	       5	       6	       8	       5	        5	        4
COST_MATRIX 
	  0	  1	  2	  3	  4	  5	  6	  7	  8	  9	 10	 11	 12	 13	 14	 15	 16	 17	 18	 19	 20	 21	 22	 23	 24	 25
  0
  1	 67
  2	 81	103
  3	 91	142	 58
  4	 59	105	136	130
  5	147	196	101	 57	181
  6	154	166	 74	100	209	105
  7	 87	132	162	150	 29	197	234
  8	 51	 30	111	138	 78	194	180	104
  9	144	209	150	 94	145	 94	188	147	194
 10	229	242	149	162	282	141	 77	306	256	234
 11	 71	 47	 63	113	126	163	120	154	 66	194	196
 12	109	156	 63	 20	149	 41	 89	169	154	100	145	122
 13	 73	  7	104	145	112	199	165	139	 36	214	241	 45	158
 14	191	220	118	110	238	 78	 67	259	228	172	 64	176	 91	220
 15	163	128	116	173	219	205	113	248	155	266	165	 94	173	122	179
 16	158	142	 92	143	217	166	 68	245	164	237	121	 99	139	138	133	 47
 17	139	191	102	 50	169	 17	116	183	187	 78	156	161	 40	194	 94	210	174
 18	209	219	129	147	263	134	 55	288	234	226	 25	172	132	217	 64	142	 97	149
 19	227	234	147	167	282	154	 74	307	250	245	 24	187	152	231	 80	148	104	168	 21
 20	137	102	 96	154	193	191	110	221	128	245	172	 68	156	 96	176	 27	 53	195	148	156
 21	 34	 53	108	125	 53	181	181	 80	 26	172	257	 79	142	 59	223	171	175	172	236	253	144
 22	 57	124	105	 79	 58	125	171	 72	104	 92	239	122	 98	129	188	210	195	112	222	242	185	 81
 23	101	139	 41	 29	148	 61	 72	171	142	121	137	103	 24	141	 91	149	117	 62	121	141	133	134	103
 24	 28	 87	105	103	 32	156	177	 59	 64	135	251	 98	122	 93	209	191	186	145	232	251	165	 39	 43	119
 25	130	189	111	 54	150	 46	140	161	180	 49	185	165	 54	193	124	225	193	 30	177	197	207	162	 92	 77	131
