nVehicles:  10
nDepots:     1
nCustomers: 50
nPeriods:    6
VEHICLE_TYPE	FLEET_SIZE	CAPACITY
           4	        10	      38	
DEPOT   	X  	Y  	INV_COST	INITIAL_INV 	MIN_LEVEL_INV 	MAX_LEVEL_INV	PRODUCTION_0	PRODUCTION_1	PRODUCTION_2	PRODUCTION_3	PRODUCTION_4	PRODUCTION_5
       0	396	394	       0	        559	            0	         2200	         373	         373	         373	         373	         373	         373	
CUSTOMER	X  	Y  	INV_COST	INITIAL_INV	MIN_LEVEL_INV 	MAX_LEVEL_INV	DEMAND_0	DEMAND_1	DEMAND_2	DEMAND_3	DEMAND_4	DEMAND_5
       1	352	356	    0.18	          1	            0	           14	       5	       6	       5	       4	       3	       3
       2	 67	 44	    0.28	          4	            0	           35	      13	      11	      13	      10	       7	       8
       3	356	402	    0.27	          6	            0	           23	       8	       9	       6	       4	       7	       7
       4	277	497	    0.28	          7	            0	           25	      10	       8	       8	       6	       5	       6
       5	261	165	    0.27	         10	            0	           39	      10	      12	      11	       6	       7	      13
       6	291	 58	    0.01	          2	            0	           28	       5	       7	       7	       5	       5	       4
       7	400	273	    0.21	          5	            0	           41	      12	      11	       9	       8	       8	       6
       8	 42	463	    0.04	          4	            0	           40	      10	      10	       8	       5	       5	       9
       9	340	  0	    0.19	         12	            0	           36	      10	       9	       7	       5	       7	       7
      10	119	236	    0.28	         13	            0	           30	       9	       9	       8	       6	       4	       6
      11	221	137	    0.28	         19	            0	           41	       9	      11	       8	       5	       5	       7
      12	 42	394	    0.22	          8	            0	           52	      11	      10	      10	       7	       8	       9
      13	308	172	    0.29	          2	            0	           29	       9	       8	       8	       7	       6	       7
      14	161	372	    0.27	          3	            0	            9	       7	       7	       7	       5	       4	       5
      15	 62	243	    0.14	          4	            0	           35	       8	      10	       8	       5	       6	       8
      16	188	275	    0.07	          8	            0	           42	      14	      14	      10	       9	       6	       6
      17	454	264	    0.19	          6	            0	            6	       6	       6	       5	       3	       4	       4
      18	363	 16	    0.07	         10	            0	           29	       6	       7	       5	       4	       6	       7
      19	391	193	    0.03	          5	            0	           20	       5	       5	       4	       3	       3	       5
      20	354	218	    0.13	         10	            0	           16	       9	       9	       7	       6	       6	       7
      21	356	363	    0.26	          6	            0	            6	       6	       6	       6	       4	       4	       3
      22	180	397	    0.28	         22	            0	           23	      11	      11	       9	       8	       7	       6
      23	406	374	    0.19	          1	            0	           51	      11	      12	      11	       7	       7	       7
      24	 80	326	    0.21	          5	            0	           12	       5	       6	       6	       4	       4	       4
      25	194	274	     0.3	          6	            0	           40	       9	      12	      10	       7	       5	       6
      26	218	335	     0.2	         10	            0	           15	       6	       5	       4	       4	       4	       6
      27	317	159	    0.05	         14	            0	           29	       8	       7	       6	       4	       5	       6
      28	381	160	    0.18	          9	            0	           13	       7	      10	       6	       4	       5	       6
      29	439	  1	    0.14	          5	            0	           34	       8	       9	       6	       5	       6	       9
      30	 30	180	    0.03	          6	            0	           42	      14	      13	       9	       6	       8	      13
      31	399	134	    0.18	         11	            0	           15	      13	      13	       9	       6	       7	      10
      32	351	 67	     0.1	         17	            0	           44	       8	      11	       9	       7	       6	       6
      33	482	410	    0.03	          8	            0	           21	       5	       5	       5	       5	       3	       4
      34	470	441	    0.08	          8	            0	           21	       6	       7	       7	       5	       3	       4
      35	433	471	    0.03	          4	            0	           29	       9	      10	       8	       5	       7	      10
      36	389	132	    0.26	         15	            0	           43	       8	      10	       8	       6	       8	      10
      37	395	463	    0.08	          5	            0	           39	      12	      10	       7	       7	       8	      13
      38	375	215	    0.12	         20	            0	           20	      12	      13	       9	       7	      10	      12
      39	210	 91	    0.24	          4	            0	           39	      10	      10	      12	       7	       7	       6
      40	372	493	    0.22	          5	            0	           17	       9	      12	       9	       8	       6	       6
      41	266	218	    0.28	          5	            0	           21	       8	       8	       7	       4	       4	       5
      42	 88	310	    0.25	         13	            0	           28	       8	       8	       7	       4	       4	       5
      43	 15	303	    0.13	         18	            0	           38	      10	      11	       8	       6	       6	       9
      44	 39	498	       0	         10	            0	           44	       8	      10	       9	       7	       7	       6
      45	357	 40	     0.1	          9	            0	           46	      10	      10	       9	       5	       7	       7
      46	122	 82	    0.05	         12	            0	           16	       7	       6	       4	       4	       6	       7
      47	290	159	    0.19	          1	            0	           48	      12	      14	      11	       6	       8	      10
      48	244	146	    0.25	         14	            0	           53	      12	      14	       9	       7	       7	      11
      49	480	113	    0.19	          4	            0	           31	       7	       9	       7	       5	       5	       7
      50	218	431	    0.16	         13	            0	           34	      10	      10	      10	       8	       5	       5
COST_MATRIX 
	  0	  1	  2	  3	  4	  5	  6	  7	  8	  9	 10	 11	 12	 13	 14	 15	 16	 17	 18	 19	 20	 21	 22	 23	 24	 25	 26	 27	 28	 29	 30	 31	 32	 33	 34	 35	 36	 37	 38	 39	 40	 41	 42	 43	 44	 45	 46	 47	 48	 49	 50
  0
  1	 30
  2	241	212
  3	 21	 24	231
  4	 79	 80	250	 62
  5	133	106	115	128	167
  6	177	153	113	176	220	 56
  7	 61	 48	203	 69	128	 89	121
  8	181	164	210	160	119	185	238	203
  9	199	179	139	202	251	 92	 38	140	276
 10	160	132	100	145	153	 80	124	142	120	162
 11	156	128	 90	149	183	 25	 53	113	186	 91	 72
 12	178	157	176	158	129	159	210	189	 35	248	 88	157
 13	120	 95	137	118	164	 24	 58	 69	198	 88	100	 47	174
 14	119	 96	171	 99	 86	115	170	130	 75	207	 72	122	 61	125
 15	184	156	100	168	167	107	148	170	111	185	 29	 96	 77	129	 82
 16	120	 92	131	106	120	 67	121	107	120	158	 40	 71	 95	 80	 51	 66
 17	 72	 69	223	 85	147	109	132	 28	229	144	169	133	217	 87	157	197	134
 18	190	171	149	194	245	 91	 42	130	276	 15	165	 94	248	 83	205	189	157	133
 19	101	 84	179	106	163	 67	 85	 41	221	100	138	 90	202	 43	146	167	110	 48	 90
 20	 91	 70	168	 93	145	 54	 86	 36	199	110	118	 78	180	 33	124	147	 88	 56	102	 23
 21	 26	  5	216	 20	 78	110	156	 51	165	182	135	132	158	 99	 98	159	 95	 70	174	 87	 73
 22	109	 89	186	 89	 70	123	179	127	 77	215	 87	132	 70	130	 16	 98	 62	153	212	147	125	 90
 23	 12	 29	237	 29	 90	128	169	 51	188	190	160	151	183	113	123	185	120	 61	181	 91	 83	 26	114
 24	162	137	142	144	131	122	171	163	 72	209	 50	118	 39	138	 47	 43	 60	190	210	170	148	140	 62	165
 25	118	 90	132	104	119	 64	119	104	122	156	 43	 70	 97	 77	 52	 68	  4	131	155	107	 85	 93	 62	118	 63
 26	 94	 68	164	 77	 87	 88	144	 97	109	179	 71	100	 93	 94	 34	 91	 34	124	176	112	 90	 71	 37	 97	 70	 33
 27	124	101	138	124	171	 29	 53	 71	205	 81	107	 50	181	  8	133	135	 87	 87	 76	 41	 35	104	138	117	145	 85	101
 28	118	100	168	122	177	 61	 69	 58	228	 83	137	 81	206	 37	153	165	113	 64	 73	 18	 32	103	156	108	172	110	120	 33
 29	198	183	188	205	261	122	 80	138	305	 50	199	129	280	108	232	224	186	132	 39	 99	117	186	237	188	243	184	201	100	 85
 30	212	184	 71	198	201	116	145	191	142	180	 53	 98	108	140	117	 36	 93	217	186	181	164	187	132	212	 78	 95	122	144	176	224
 31	131	114	172	136	192	 71	 67	 70	243	 74	150	 90	221	 50	169	178	127	 71	 62	 30	 48	117	172	121	187	125	136	 43	 16	 70	186
 32	166	145	143	168	219	 67	 31	106	252	 34	144	 74	225	 57	180	170	133	112	 27	 67	 76	149	186	156	188	130	150	 50	 49	 56	171	 42
 33	 44	 71	277	 64	112	165	201	 80	222	217	202	189	221	148	162	226	162	 75	206	118	116	 68	152	 43	206	160	138	151	135	206	254	145	184
 34	 44	 73	283	 61	101	174	212	 92	215	230	204	197	216	158	159	227	164	 89	220	131	126	 70	147	 47	204	162	137	161	148	221	256	158	197	 17
 35	 43	 71	282	 52	 80	176	219	101	196	241	197	198	200	163	145	218	157	105	231	141	133	 67	132	 51	191	155	128	167	158	236	249	170	207	 40	 24
 36	132	114	167	137	191	 67	 62	 71	240	 71	145	 85	218	 46	166	173	124	 74	 60	 31	 47	117	169	122	183	121	133	 39	 15	 71	182	  6	 38	147	160	171
 37	 35	 58	267	 37	 62	164	210	 96	177	234	179	185	180	152	126	200	140	104	225	136	125	 54	113	 45	172	138	110	157	152	233	231	165	200	 51	 40	 20	166
 38	 91	 72	177	 94	150	 63	 90	 32	208	109	129	 87	190	 40	133	158	 99	 47	100	 14	 11	 75	134	 81	158	 96	 99	 41	 28	112	174	 43	 75	112	123	132	 43	125
 39	178	151	 76	172	206	 45	 44	132	205	 80	 86	 24	174	 64	143	107	 93	150	 86	104	 97	155	154	173	135	 92	123	 64	 93	124	101	 97	 72	210	219	221	 92	208	104
 40	 51	 70	272	 47	 48	174	222	111	166	248	181	194	173	164	122	200	143	122	239	151	138	 66	108	 62	169	142	111	170	167	249	232	181	214	 69	 56	 33	181	 19	140	217
 41	110	 82	133	103	140	 27	 81	 73	166	116	 75	 47	143	 32	 94	103	 49	 97	113	 64	 45	 86	100	105	108	 46	 64	 39	 65	139	120	 79	 87	145	152	152	 76	139	 55	 70	148
 42	160	134	134	142	133	113	162	158	 80	200	 41	110	 48	130	 48	 36	 53	185	202	163	141	137	 64	163	  9	 56	 67	138	165	234	 72	179	180	204	202	191	175	172	152	126	169	101
 43	196	171	133	178	164	142	185	194	 82	223	 62	133	 48	161	 81	 39	 88	221	226	196	175	174	 95	199	 35	 91	103	168	197	261	 62	210	206	240	238	226	206	207	186	145	203	133	 37
 44	186	172	228	166	120	201	254	213	 18	291	137	203	 53	212	 88	129	135	239	291	233	211	173	 87	194	 89	137	122	220	241	319	160	256	267	226	218	198	254	179	220	221	167	181	 98	 99
 45	179	159	146	182	232	 79	 35	119	264	 22	155	 84	237	 71	193	180	145	123	 13	 79	 90	162	200	169	200	143	164	 63	 62	 46	178	 52	 14	196	209	219	 49	213	 88	 78	227	100	191	216	279
 46	208	179	 34	199	222	 81	 86	169	195	117	 78	 57	162	104	147	 86	102	190	125	146	135	183	161	204	124	103	136	105	136	164	 68	141	115	244	250	250	136	235	143	 45	241	100	116	123	213	120
 47	129	104	126	126	170	 15	 51	 80	197	 84	 94	 37	171	 12	125	122	 78	 98	 81	 54	 44	108	132	123	135	 75	 96	 14	 46	109	131	 56	 56	159	168	172	 52	161	 51	 53	172	 32	127	156	211	 69	 93
 48	146	119	103	140	177	 13	 50	101	188	 88	 78	 13	160	 35	121	104	 71	121	 89	 78	 66	123	130	140	122	 69	 96	 38	 69	122	109	 78	 67	178	186	188	 73	176	 75	 33	185	 38	114	139	204	 78	 69	 24
 49	147	138	210	158	218	113	 99	 90	281	 90	191	131	261	 91	206	219	167	 77	 76	 60	 83	140	207	136	227	165	172	 85	 55	 60	228	 42	 69	149	165	181	 47	181	 74	136	198	120	220	252	293	 72	180	 98	120
 50	 91	 77	208	 71	 45	135	191	121	 90	224	110	148	 90	138	 42	123	 80	145	220	148	127	 77	 26	 99	 87	 80	 49	145	159	242	157	174	194	133	127	110	173	 90	134	171	 84	110	 89	120	 96	208	181	141	144	207
