nVehicles:  22
nDepots:     1
nCustomers: 25
nPeriods:    6
VEHICLE_TYPE	FLEET_SIZE	CAPACITY
           1	        22	       8	
DEPOT   	X  	Y  	INV_COST	INITIAL_INV 	MIN_LEVEL_INV 	MAX_LEVEL_INV	PRODUCTION_0	PRODUCTION_1	PRODUCTION_2	PRODUCTION_3	PRODUCTION_4	PRODUCTION_5
       0	398	437	       0	        168	            0	          964	         162	         162	         162	         162	         162	         162	
CUSTOMER	X  	Y  	INV_COST	INITIAL_INV	MIN_LEVEL_INV 	MAX_LEVEL_INV	DEMAND_0	DEMAND_1	DEMAND_2	DEMAND_3	DEMAND_4	DEMAND_5
       1	298	186	    0.04	          3	            0	           36	       6	       4	       6	       7	       7	       6
       2	208	249	    0.07	          8	            0	            9	       5	       4	       4	       5	       6	       8
       3	337	290	    0.04	          2	            0	           20	       5	       5	       5	       7	       6	       6
       4	372	288	     0.2	          5	            0	           17	       5	       3	       4	       6	       8	       4
       5	153	297	    0.13	          5	            0	           25	       4	       3	       4	       6	       6	       5
       6	499	210	    0.07	          5	            0	            9	       7	       6	       7	       8	       9	       8
       7	 74	459	    0.22	          1	            0	           14	       6	       5	       5	       6	       9	       7
       8	390	417	    0.27	          2	            0	           23	       4	       3	       3	       5	       5	       6
       9	235	489	    0.09	         14	            0	           30	       9	       7	       6	       9	      10	      10
      10	241	353	    0.05	          1	            0	           43	       5	       4	       5	       8	      11	       8
      11	395	334	    0.21	          6	            0	           34	       6	       4	       5	       6	       7	       9
      12	382	412	    0.15	         10	            0	           33	       6	       6	       6	       9	       8	      13
      13	497	329	    0.02	          5	            0	           20	       6	       4	       4	       6	       7	       9
      14	106	  7	    0.19	         12	            0	           37	       8	       6	       8	      10	      13	      10
      15	182	404	    0.08	          3	            0	           18	       5	       3	       4	       5	       6	       5
      16	225	424	    0.03	         18	            0	           53	      10	       8	       6	      10	      11	      12
      17	128	215	    0.04	          1	            0	           28	       5	       4	       4	       5	       7	       6
      18	  5	272	    0.05	          4	            0	           16	       4	       3	       4	       5	       5	       4
      19	437	274	     0.1	          9	            0	           14	       7	       5	       6	       9	       7	       7
      20	488	288	    0.09	          9	            0	           33	       5	       4	       4	       7	       8	       8
      21	366	390	    0.03	          4	            0	           29	       5	       4	       4	       7	      10	       8
      22	326	399	    0.14	          8	            0	           12	       6	       4	       4	       5	       8	       6
      23	471	182	    0.04	          9	            0	           27	       4	       4	       3	       6	       8	       9
      24	312	 78	    0.22	          7	            0	           17	       4	       3	       4	       5	       6	       4
      25	348	205	    0.29	          4	            0	           26	       5	       4	       4	       5	       6	       5
COST_MATRIX 
	  0	  1	  2	  3	  4	  5	  6	  7	  8	  9	 10	 11	 12	 13	 14	 15	 16	 17	 18	 19	 20	 21	 22	 23	 24	 25
  0
  1	136
  2	134	 55
  3	 80	 56	 68
  4	 76	 64	 85	 18
  5	142	 92	 37	 93	110
  6	125	102	147	 91	 75	179
  7	163	177	125	157	172	 91	247
  8	 11	125	124	 69	 66	133	117	160
  9	 86	155	121	112	122	105	193	 82	 86
 10	 90	 89	 55	 58	 74	 53	148	 99	 82	 69
 11	 52	 89	103	 37	 26	123	 81	173	 42	112	 78
 12	 15	121	120	 66	 63	129	117	156	  5	 83	 77	 40
 13	 74	123	150	 83	 66	173	 60	222	 70	154	129	 52	 71
 14	260	132	132	183	194	147	222	227	250	250	186	219	246	254
 15	110	124	 79	 97	112	 56	186	 61	105	 51	 39	113	101	162	203
 16	 87	125	 88	 88	101	 73	174	 78	 83	 33	 37	 97	 79	145	217	 24
 17	175	 87	 44	112	128	 43	186	125	166	148	 90	147	161	194	105	 99	116
 18	214	153	103	167	184	 76	249	100	206	159	125	198	202	248	142	111	134	 68
 19	 84	 83	116	 51	 34	143	 45	204	 76	148	106	 37	 75	 41	213	144	130	158	217
 20	 88	108	142	 76	 59	168	 40	224	 82	162	128	 52	 82	 21	238	164	149	184	242	 27
 21	 29	108	106	 53	 52	117	112	151	 19	 83	 66	 32	 14	 73	232	 93	 73	148	190	 69	 80
 22	 41	108	 96	 55	 61	101	129	130	 34	 64	 49	 48	 29	 93	225	 73	 53	136	173	 84	 99	 21
 23	133	 87	136	 87	 73	170	 20	243	125	194	144	 85	124	 75	203	183	173	173	238	 50	 54	117	131
 24	185	 55	101	107	110	136	115	225	174	210	143	135	171	156	109	176	179	115	182	117	138	159	161	 95
 25	119	 27	 74	 43	 44	108	 76	187	109	153	 92	 69	105	 97	157	130	126	111	175	 57	 82	 93	 98	 63	 67
