nVehicles:  47
nDepots:     1
nCustomers: 50
nPeriods:    6
VEHICLE_TYPE	FLEET_SIZE	CAPACITY
           1	        47	       8	
DEPOT   	X  	Y  	INV_COST	INITIAL_INV 	MIN_LEVEL_INV 	MAX_LEVEL_INV	PRODUCTION_0	PRODUCTION_1	PRODUCTION_2	PRODUCTION_3	PRODUCTION_4	PRODUCTION_5
       0	369	275	       0	        163	            0	         1960	         328	         328	         328	         328	         328	         328	
CUSTOMER	X  	Y  	INV_COST	INITIAL_INV	MIN_LEVEL_INV 	MAX_LEVEL_INV	DEMAND_0	DEMAND_1	DEMAND_2	DEMAND_3	DEMAND_4	DEMAND_5
       1	331	300	    0.04	          7	            0	           12	       4	       5	       5	       5	       3	       3
       2	308	381	     0.1	          9	            0	           33	       5	       5	       7	       7	       6	       6
       3	165	500	    0.13	          1	            0	           22	       4	       4	       5	       6	       5	       4
       4	305	145	    0.17	          6	            0	           28	       4	       6	       6	       7	       5	       5
       5	284	 98	    0.02	          6	            0	            9	       3	       4	       5	       6	       5	       4
       6	 79	 40	       0	         11	            0	           11	       5	       6	       9	       8	       6	       6
       7	219	149	    0.11	          6	            0	           22	       4	       5	       7	       5	       4	       3
       8	424	338	    0.08	          2	            0	           29	       5	       8	       8	      11	       8	       5
       9	247	377	    0.05	          4	            0	           25	       5	       9	       9	       9	       7	       6
      10	455	180	    0.07	          5	            0	           34	       6	       7	       7	       8	       6	       5
      11	 63	267	    0.05	          5	            0	           19	       4	       6	       7	       5	       5	       4
      12	 73	431	    0.03	          7	            0	           10	       5	       5	       7	       7	       5	       4
      13	335	484	    0.19	          8	            0	           42	       4	       6	       8	       8	       8	       5
      14	385	 65	       0	         11	            0	           36	       5	       8	      10	       8	       6	       5
      15	441	403	     0.2	          3	            0	           25	       3	       5	       5	       6	       4	       3
      16	363	416	    0.23	          5	            0	           18	       4	       5	       7	      10	       7	       5
      17	465	270	       0	          3	            0	           24	       3	       4	       6	       6	       5	       4
      18	427	349	    0.14	          6	            0	           22	       4	       5	       7	       8	       7	       5
      19	139	 57	       0	          9	            0	           36	       4	       5	       6	       6	       7	       7
      20	420	244	    0.29	         14	            0	           28	       1	       4	       5	       6	       7	       5
      21	204	  5	     0.2	          2	            0	           11	       3	       4	       5	       6	       6	       4
      22	169	470	    0.13	          5	            0	           28	       5	       6	       9	       7	       6	       4
      23	 28	175	    0.11	          5	            0	           20	       5	       6	       7	       8	       5	       4
      24	158	406	    0.22	          5	            0	           10	       4	       5	       6	       4	       3	       4
      25	473	378	    0.06	          3	            0	           31	       4	       6	       7	       7	       6	       5
      26	438	190	    0.29	          8	            0	           22	       3	       3	       4	       6	       6	       7
      27	498	 52	    0.14	          6	            0	            8	       3	       4	       5	       7	       4	       4
      28	366	420	    0.16	          3	            0	           29	       5	       5	       8	       8	       9	       6
      29	116	301	    0.15	          1	            0	           27	       3	       4	       6	       7	       5	       4
      30	483	352	    0.07	          2	            0	           21	       4	       4	       5	       5	       5	       4
      31	473	230	    0.27	         10	            0	           29	       0	       1	       5	       7	       5	       5
      32	267	291	    0.02	         14	            0	           14	       7	       7	      11	       9	       8	       7
      33	112	218	    0.27	          3	            0	           28	       6	       6	       9	       9	       7	       7
      34	317	298	    0.22	          8	            0	            8	       4	       6	       6	       7	       6	       6
      35	459	465	    0.22	          7	            0	           34	       5	       5	       7	      10	       9	       6
      36	345	413	    0.03	          7	            0	           26	       3	       5	       5	       7	       7	       6
      37	 26	144	    0.18	          2	            0	           28	       3	       6	       8	       7	       5	       7
      38	444	 30	     0.1	          1	            0	           21	       4	       5	       9	       7	       6	       4
      39	137	175	    0.26	         12	            0	           26	       6	       6	       7	       8	       6	       6
      40	287	 26	    0.29	          2	            0	           36	       0	       0	       2	       6	       4	       5
      41	100	320	    0.04	          8	            0	           38	       0	       1	       4	       6	       5	       4
      42	214	347	    0.28	         10	            0	           25	       2	       2	       5	       8	       6	       6
      43	348	302	    0.29	          7	            0	           33	       2	       6	       7	       8	       6	       6
      44	274	461	    0.14	          7	            0	           17	       3	       4	       6	       6	       8	       6
      45	252	254	    0.16	          4	            0	           32	       6	       7	       7	       8	       8	       5
      46	499	 99	    0.08	          2	            0	           47	       1	       0	       3	       4	       6	       8
      47	 90	  8	    0.26	          8	            0	           42	       3	       3	       5	       6	       6	       7
      48	403	243	    0.22	          3	            0	           14	       5	       5	       8	       8	       5	       4
      49	 73	 51	    0.11	         10	            0	           19	       5	       7	       7	       8	       7	       5
      50	  5	341	    0.18	         10	            0	           29	       4	       4	       7	       8	       8	       4
COST_MATRIX 
	  0	  1	  2	  3	  4	  5	  6	  7	  8	  9	 10	 11	 12	 13	 14	 15	 16	 17	 18	 19	 20	 21	 22	 23	 24	 25	 26	 27	 28	 29	 30	 31	 32	 33	 34	 35	 36	 37	 38	 39	 40	 41	 42	 43	 44	 45	 46	 47	 48	 49	 50
  0
  1	 23
  2	 62	 43
  3	152	130	 94
  4	 73	 79	119	191
  5	 99	104	143	210	 26
  6	187	182	206	234	125	107
  7	 98	 95	125	178	 44	 42	 89
  8	 42	 51	 62	153	114	139	228	140
  9	 80	 57	 31	 74	120	141	189	115	 91
 10	 65	 87	125	216	 78	 95	201	120	 81	144
 11	154	136	136	128	136	140	114	 98	184	108	201
 12	168	145	121	 58	185	198	196	159	182	 92	229	 83
 13	106	 93	 54	 86	171	195	257	178	 86	 70	164	174	134
 14	106	121	163	244	 57	 54	154	 94	138	171	 68	191	241	211
 15	 74	 76	 68	147	146	172	257	169	 34	 98	112	201	185	 67	172
 16	 71	 61	 33	108	139	164	236	152	 50	 62	127	168	146	 37	176	 40
 17	 49	 69	 97	190	102	125	225	138	 40	122	 46	202	212	126	111	 68	 90
 18	 48	 54	 62	152	119	145	233	145	  6	 92	 86	187	182	 82	144	 28	 47	 44
 19	159	155	183	222	 94	 76	 32	 61	201	169	170	112	190	235	124	230	212	195	206
 20	 30	 53	 89	181	 76	100	199	112	 48	110	 37	179	198	128	 92	 81	 91	 26	 53	169
 21	159	161	196	249	 87	 62	 65	 73	200	188	153	149	223	249	 96	232	221	186	205	 42	162
 22	140	118	 83	 16	177	195	220	163	144	 61	204	115	 52	 84	230	141	101	179	143	208	169	234
 23	178	164	174	177	140	134	 73	 97	215	149	214	 50	130	218	187	236	207	224	218	 82	200	123	164
 24	125	102	 77	 48	150	167	188	133	138	 47	187	 85	 45	 97	205	142	103	168	138	175	155	202	 33	133
 25	 74	 82	 83	166	144	169	260	171	 32	114	100	213	202	 88	163	 21	 59	 55	 28	232	 73	230	159	245	159
 26	 55	 77	116	207	 71	 90	195	112	 75	134	 10	192	219	156	 68	107	120	 43	 80	164	 29	150	195	206	177	 96
 27	129	150	190	280	108	110	210	148	148	206	 68	243	285	231	 57	178	195	111	153	180	104	149	266	243	246	164	 76
 28	 73	 63	 35	109	141	167	239	155	 51	 64	128	170	147	 36	178	 39	  3	 90	 47	215	 93	223	102	209	105	 58	121	196
 29	128	108	105	103	123	132	132	 92	156	 76	180	 32	 69	143	179	171	137	176	158	123	155	155	 89	 77	 57	183	171	228	139
 30	 69	 81	 89	176	137	162	256	167	 31	119	 88	215	209	100	152	 34	 69	 42	 29	227	 63	223	168	245	165	 14	 85	151	 68	186
 31	 57	 80	112	205	 95	116	219	134	 60	135	 27	206	224	145	 94	 88	109	 21	 64	189	 28	176	194	225	181	 75	 27	 90	110	182	 62
 32	 52	 33	 50	117	 76	 97	157	 75	 82	 45	110	103	120	103	128	104	 79	100	 86	134	 81	147	103	133	 80	112	100	167	 82	 76	113	108
 33	132	117	128	144	104	105	 91	 64	168	105	173	 35	109	174	157	189	160	179	171	 82	155	117	130	 48	 97	198	164	211	163	 42	198	181	 86
 34	 29	  8	 42	127	 77	102	176	 90	 58	 53	 91	128	139	 94	122	 82	 64	 76	 61	150	 59	158	114	158	 97	 88	 82	153	 66	101	 88	 86	 26	111
 35	106	105	 87	149	178	204	286	199	 66	115	143	222	194	 63	204	 33	 54	 98	 61	260	113	263	146	260	154	 45	138	208	 52	191	 58	118	130	213	110
 36	 71	 57	 25	100	136	161	230	147	 55	 53	129	159	137	 36	176	 49	 10	 94	 53	206	 93	216	 93	199	 94	 67	121	197	 12	128	 76	112	 73	152	 60	 63
 37	184	172	185	192	140	132	 59	 97	222	161	216	 65	146	230	184	245	217	229	226	 72	204	113	178	 16	147	253	208	241	219	 91	252	228	142	 57	165	270	209
 38	129	147	189	274	 91	 87	183	128	155	200	 76	225	274	234	 35	187	198	121	160	154	108	121	260	221	237	175	 81	 30	199	213	163	102	158	191	149	218	198	217
 39	127	116	134	164	 86	 83	 74	 44	166	116	160	 60	132	184	136	191	166	171	170	 60	146	 92	149	 55	116	197	151	191	168	 64	195	171	 88	 25	110	217	159	 58	170
 40	132	139	178	245	 61	 37	105	 71	171	177	114	165	230	231	 53	204	199	152	177	 76	128	 43	230	150	201	200	112	107	201	162	191	139	133	130	137	236	196	144	 79	106
 41	137	116	109	 96	135	145	141	105	163	 79	191	 33	 58	144	192	176	140	185	165	133	165	166	 83	 81	 52	189	182	240	143	 13	193	192	 85	 52	110	194	132	 96	225	 75	175
 42	 86	 64	 50	 81	111	130	168	100	106	 23	147	 86	 83	 92	165	117	 83	132	107	150	116	172	 66	127	 41	131	137	205	 85	 55	135	143	 39	 83	 58	136	 74	139	196	 95	165	 59
 43	 18	  9	 45	135	 82	107	188	101	 43	 63	 82	144	152	 92	120	 69	 58	 61	 46	162	 47	166	123	173	109	 74	 72	146	 60	117	 72	 73	 41	126	 16	 99	 56	180	145	124	142	125	 71
 44	105	 86	 44	 58	159	182	232	159	 97	 45	168	144	102	 33	206	 89	 50	136	 95	213	131	231	 53	189	 65	108	159	234	 51	113	118	153	 86	147	 85	 93	 43	202	232	159	218	112	 65	 88
 45	 60	 46	 70	131	 61	 80	138	 56	 96	 62	109	 95	126	123	116	121	 99	107	100	114	 85	127	116	119	 90	127	 99	160	101	 72	126	112	 20	 73	 40	148	 93	126	148	 70	116	 83	 51	 54	105
 46	110	131	171	261	100	108	213	143	126	188	 47	234	271	210	 60	155	173	 88	131	182	 83	155	249	239	230	141	 55	 24	174	217	127	 67	151	203	135	185	175	238	 45	185	113	229	189	127	214	146
 47	194	190	217	249	128	107	 17	 96	235	201	202	131	212	268	151	265	246	229	240	 35	203	 58	235	 90	202	267	197	206	248	148	262	222	167	106	185	294	240	 76	178	 87	 99	157	181	196	245	148	210
 48	 24	 46	 84	176	 70	 94	192	104	 49	103	 41	171	190	126	 90	 83	 89	 34	 55	162	  9	156	164	191	148	 77	 32	107	 91	147	 68	 36	 73	147	 52	115	 90	195	109	138	124	157	108	 41	127	 76	 87	196
 49	186	180	203	230	126	109	  7	 88	227	185	202	109	191	254	157	255	234	225	232	 34	199	 70	215	 66	183	259	196	213	236	127	255	220	155	 86	174	284	227	 53	186	 70	108	136	164	187	229	136	215	 24	191
 50	185	165	153	113	180	185	155	144	210	123	239	 48	 57	180	235	221	183	233	212	158	214	196	105	 84	 84	235	230	286	185	 59	240	241	134	 82	158	236	174	100	269	107	212	 49	105	173	148	131	276	172	205	149
