nVehicles:   20
nDepots:      1
nCustomers: 100
nPeriods:     6
VEHICLE_TYPE	FLEET_SIZE	CAPACITY
           4	        20	      38	
DEPOT   	X  	Y  	INV_COST	INITIAL_INV 	MIN_LEVEL_INV 	MAX_LEVEL_INV	PRODUCTION_0	PRODUCTION_1	PRODUCTION_2	PRODUCTION_3	PRODUCTION_4	PRODUCTION_5
       0	453	379	       0	        843	            0	         4516	         759	         759	         759	         759	         759	         759	
CUSTOMER	X  	Y  	INV_COST	INITIAL_INV	MIN_LEVEL_INV 	MAX_LEVEL_INV	DEMAND_0	DEMAND_1	DEMAND_2	DEMAND_3	DEMAND_4	DEMAND_5
       1	286	492	    0.08	          7	            0	           27	       7	       6	       6	       8	       8	      10
       2	168	194	    0.13	          8	            0	           14	       8	       7	       5	       8	       8	       8
       3	430	265	    0.05	          4	            0	           40	       8	       5	       7	      10	      10	       6
       4	 57	497	    0.14	          9	            0	           32	      11	       6	       8	      12	      13	      13
       5	 71	459	    0.24	         14	            0	           46	      10	       7	       8	      10	      10	      12
       6	152	393	    0.14	          9	            0	           24	       5	       5	       4	       8	       7	       5
       7	299	301	    0.21	         11	            0	           16	       7	       7	       6	      11	      12	       8
       8	 32	 26	    0.15	          4	            0	            8	       5	       4	       3	       5	       5	       7
       9	279	 58	    0.26	         10	            0	           30	       9	       7	       8	      11	      11	       7
      10	205	132	    0.22	          5	            0	           38	       9	       6	       6	       8	      11	      10
      11	 11	215	       0	          1	            0	           28	       6	       5	       5	       8	       9	       6
      12	106	118	    0.22	          2	            0	           45	      10	       9	       8	       7	      12	      10
      13	361	254	    0.17	          9	            0	           43	      11	       8	       8	      11	      12	       8
      14	342	240	     0.1	          1	            0	           22	       6	       4	       5	       6	       6	       5
      15	470	391	    0.18	          6	            0	           23	      11	       7	       8	       8	      13	      12
      16	423	 64	    0.15	         12	            0	           23	       9	       7	       8	       9	      12	      10
      17	480	 23	    0.02	          7	            0	           17	       8	       7	       7	       9	      12	      11
      18	481	134	    0.27	          7	            0	           15	       8	       5	       6	       8	      11	       8
      19	288	130	    0.07	          8	            0	           55	       9	       8	       6	      12	      10	      11
      20	355	145	     0.2	         12	            0	           58	      11	       8	       7	       8	      11	      14
      21	213	426	    0.18	          7	            0	           10	       8	       5	       5	       7	      10	       8
      22	120	341	    0.27	          3	            0	           31	      10	       8	       7	       8	      10	       9
      23	162	 25	    0.04	         11	            0	           18	       8	       7	       6	       8	       7	      10
      24	276	163	     0.2	         10	            0	           36	       7	       5	       5	       6	       7	       7
      25	271	132	    0.02	          6	            0	           34	      10	       6	       6	       9	      11	      12
      26	171	249	    0.17	          4	            0	           24	       6	       5	       6	       7	       7	      10
      27	 85	231	    0.17	         10	            0	           29	       8	       7	       6	       9	       8	      11
      28	 68	239	    0.21	          7	            0	           12	       6	       6	       6	       8	       9	      10
      29	206	149	    0.19	          9	            0	           39	       9	       6	       8	      10	      11	       7
      30	463	191	     0.2	          5	            0	           37	       7	       4	       4	       7	       7	       9
      31	 39	478	    0.23	          9	            0	           33	       6	       5	       6	       8	       7	       7
      32	325	290	    0.19	          4	            0	           41	       8	       8	       6	       9	      12	      14
      33	231	181	    0.19	         10	            0	           24	       8	       6	       6	       8	       9	       9
      34	344	148	    0.13	          4	            0	           44	       8	       7	       7	       9	      14	      12
      35	344	 49	    0.22	          3	            0	           10	       4	       4	       3	       3	       5	       5
      36	129	356	     0.1	          4	            0	           10	       8	       5	       6	       7	       8	       7
      37	476	386	    0.19	          8	            0	           28	       8	       5	       5	       5	       7	       9
      38	 33	404	    0.05	          1	            0	           45	       9	       6	       7	      11	      10	       8
      39	313	409	    0.26	          7	            0	           15	       6	       5	       5	       7	       8	       7
      40	235	212	    0.18	          8	            0	           10	       5	       3	       4	       4	       5	       5
      41	275	399	    0.19	         12	            0	           26	       7	       5	       5	       6	       7	       8
      42	432	 35	    0.25	         11	            0	           46	       8	       7	       6	       7	       9	       9
      43	393	324	    0.16	          4	            0	           25	       6	       5	       6	       8	      10	       6
      44	 11	 23	     0.2	          4	            0	           14	       5	       3	       4	       5	       5	       5
      45	297	 84	    0.16	         11	            0	           47	       9	       8	       8	       9	      12	      12
      46	312	 32	    0.25	          6	            0	           18	      10	       6	       8	       8	      10	       9
      47	467	133	    0.04	         12	            0	           49	       8	       6	       8	       8	      10	       9
      48	436	 95	    0.17	          7	            0	           33	       8	       8	       6	       7	      10	      10
      49	207	347	    0.14	          1	            0	           33	       9	       6	       6	       8	      11	      13
      50	407	483	    0.23	          7	            0	           28	       6	       7	       6	       7	      10	       8
      51	 89	 66	    0.29	          5	            0	           20	       7	       6	       7	      10	      12	       9
      52	471	217	    0.19	          2	            0	           28	       6	       5	       5	       7	       9	       9
      53	128	449	       0	          8	            0	           20	       9	       6	       6	       8	       9	      10
      54	372	291	    0.06	          8	            0	           26	       7	       6	       6	       7	       8	      10
      55	 78	243	    0.27	          7	            0	            9	       6	       4	       5	       6	       8	       6
      56	128	 19	    0.14	          4	            0	           21	       7	       5	       5	       7	       8	       9
      57	141	452	    0.08	         13	            0	           46	      11	       6	       8	       9	      10	      13
      58	417	 27	    0.06	          7	            0	           13	       6	       5	       4	       6	       7	       8
      59	453	  9	     0.1	          5	            0	           21	      10	       6	       7	       9	       9	      10
      60	265	322	    0.09	         15	            0	           15	       9	       8	       8	       7	      10	      10
      61	476	253	    0.07	          1	            0	           11	       6	       5	       6	       9	       9	       8
      62	371	231	     0.2	          7	            0	           44	       8	       6	       8	      13	      11	      11
      63	344	 72	    0.05	          2	            0	           25	       8	       6	       5	       6	       7	      11
      64	497	329	    0.21	          1	            0	           13	       5	       4	       4	       6	       7	       8
      65	366	 31	    0.25	          6	            0	           21	       7	       5	       6	       8	       7	       6
      66	318	434	    0.15	         12	            0	           27	      10	       7	       8	       7	      10	      12
      67	241	393	     0.2	         11	            0	           29	       6	       5	       5	       7	       8	       7
      68	450	123	    0.22	          4	            0	           24	       6	       6	       5	       8	       9	       7
      69	281	344	    0.07	          2	            0	           22	       5	       5	       5	       6	       9	       8
      70	468	259	    0.01	          9	            0	           32	      10	       7	       8	      11	      14	      11
      71	436	107	    0.01	          8	            0	           14	       9	       6	       7	       7	      12	      12
      72	124	 86	       0	          4	            0	           34	      10	       8	       7	       7	      11	      10
      73	 15	388	    0.11	         12	            0	           50	       8	       7	       7	       9	      10	      11
      74	 54	241	    0.01	          1	            0	            8	       6	       5	       6	       6	       8	       7
      75	355	213	    0.07	          4	            0	           36	       8	       7	       5	       6	       7	      11
      76	 71	103	    0.09	          4	            0	           35	       8	       6	       8	       9	      12	      11
      77	213	 11	    0.18	          5	            0	           44	       8	       8	       7	       8	      11	      10
      78	287	380	    0.14	          9	            0	           18	       8	       8	       7	      11	      11	      13
      79	480	325	    0.29	         13	            0	           47	      10	       6	       7	       9	      10	      10
      80	155	336	    0.08	          6	            0	           27	      10	       7	       7	       9	      13	      11
      81	 69	 70	     0.2	          2	            0	           24	       4	       3	       4	       5	       5	       5
      82	346	 14	     0.1	          2	            0	            7	       5	       4	       5	       5	       7	       7
      83	430	329	    0.19	          2	            0	           19	       6	       5	       5	       6	       7	       7
      84	442	199	    0.12	         12	            0	           38	       7	       5	       8	      10	       9	      10
      85	 77	427	    0.29	          6	            0	           24	       5	       4	       5	       5	       8	       6
      86	140	369	    0.01	         10	            0	           15	       7	       5	       4	       6	       7	       8
      87	103	  3	    0.08	          2	            0	           35	       6	       6	       5	       6	       8	       8
      88	331	367	    0.14	          6	            0	           58	       8	       7	       9	      13	      12	       9
      89	470	190	    0.07	          6	            0	           36	       7	       5	       5	       6	       8	       8
      90	386	423	    0.19	          7	            0	           43	       8	       7	       8	      10	      13	       9
      91	165	 53	    0.19	          5	            0	           19	       6	       4	       4	       5	       6	       6
      92	302	278	    0.23	          7	            0	           39	       7	       5	       6	       6	       8	       7
      93	261	408	    0.17	          6	            0	           21	       7	       6	       7	      10	      12	       8
      94	191	415	     0.1	          6	            0	           28	       9	       7	       8	      12	      10	      10
      95	129	295	    0.08	          6	            0	           35	       8	       7	       8	       8	       8	      12
      96	267	412	    0.11	          9	            0	           21	       6	       4	       5	       7	       6	       6
      97	499	203	    0.18	         10	            0	           28	       7	       5	       6	       9	      10	      10
      98	385	 80	    0.12	          7	            0	           44	       9	       6	       6	      10	       9	      10
      99	180	339	    0.16	          9	            0	           27	       5	       4	       4	       4	       4	       6
     100	439	178	    0.27	          8	            0	           14	       5	       3	       4	       4	       5	       5
COST_MATRIX 
	  0	  1	  2	  3	  4	  5	  6	  7	  8	  9	 10	 11	 12	 13	 14	 15	 16	 17	 18	 19	 20	 21	 22	 23	 24	 25	 26	 27	 28	 29	 30	 31	 32	 33	 34	 35	 36	 37	 38	 39	 40	 41	 42	 43	 44	 45	 46	 47	 48	 49	 50	 51	 52	 53	 54	 55	 56	 57	 58	 59	 60	 61	 62	 63	 64	 65	 66	 67	 68	 69	 70	 71	 72	 73	 74	 75	 76	 77	 78	 79	 80	 81	 82	 83	 84	 85	 86	 87	 88	 89	 90	 91	 92	 93	 94	 95	 96	 97	 98	 99	100
  0
  1	101
  2	170	161
  3	 59	135	136
  4	207	115	162	220
  5	196	109	142	205	 21
  6	151	 84	100	154	 71	 53
  7	 87	 96	 85	 68	156	139	 87
  8	275	266	109	233	236	218	194	192
  9	183	218	 88	129	246	226	180	122	125
 10	176	185	 37	131	197	177	134	 97	102	 53
 11	236	196	 80	211	143	126	114	151	 96	156	106
 12	218	208	 50	178	192	172	140	133	 60	 92	 50	 68
 13	 78	125	102	 35	195	178	126	 39	201	107	100	177	145
 14	 89	130	 90	 46	192	175	122	 38	189	 97	 88	166	133	 12
 15	 11	105	181	 67	214	203	160	 97	286	192	186	246	228	 88	 99
 16	159	225	144	101	284	265	214	134	197	 73	115	220	161	100	 97	166
 17	179	254	178	124	318	299	248	166	225	103	148	254	193	130	129	185	 36
 18	124	204	160	 71	280	262	210	124	231	108	139	239	188	 85	 88	129	 46	 56
 19	150	182	 69	 98	217	198	149	 86	139	 37	 42	145	 92	 72	 62	160	 76	110	 97
 20	127	177	 97	 71	231	212	161	 83	173	 58	 76	176	126	 55	 48	136	 53	 88	 64	 35
 21	123	 50	119	136	 86	 73	 35	 76	220	187	148	147	164	114	114	130	210	242	199	153	158
 22	168	113	 78	160	 85	 64	 31	 92	164	163	113	 84	112	129	122	177	206	241	209	135	154	 63
 23	230	242	 85	180	242	222	185	155	 66	 61	 58	122	 55	152	141	240	132	160	169	 83	114	203	160
 24	140	165	 57	 93	200	181	131	 70	140	 53	 39	136	 88	 63	 51	150	 89	124	104	 18	 41	136	119	 90
 25	154	181	 61	104	212	192	144	 86	131	 38	 34	137	 83	 76	 65	164	 84	118	106	  9	 43	150	129	 77	 16
 26	156	135	 28	130	137	117	 73	 70	132	110	 61	 82	 74	 96	 86	166	157	192	166	 84	106	 91	 53	113	 68	 77
 27	199	165	 46	174	134	115	 88	113	106	130	 78	 38	 58	139	129	209	189	224	204	114	142	117	 58	110	102	106	 44
 28	205	167	 55	182	130	111	 88	120	109	139	 87	 31	 64	147	138	215	198	233	214	123	152	119	 58	117	111	115	 52	 10
 29	169	177	 30	127	190	170	125	 90	107	 59	  9	103	 53	 94	 82	180	117	151	138	 43	 75	139	106	 66	 36	 34	 53	 74	 83
 30	 95	175	148	 41	255	238	186	 99	231	114	133	227	183	 60	 66	101	 67	 85	 30	 93	 59	172	188	172	 95	101	149	191	199	131
 31	213	124	156	223	 14	 19	 71	158	227	242	192	133	184	197	193	220	283	317	281	214	230	 91	 80	235	198	209	133	126	121	185	257
 32	 78	103	 93	 54	170	153	101	 15	198	119	100	162	140	 26	 27	 89	124	155	111	 83	 75	 89	106	156	 69	 84	 80	124	132	 93	 85	172
 33	149	158	 33	109	181	161	114	 69	127	 67	 28	112	 70	 75	 63	160	113	148	128	 39	 65	123	 98	 86	 25	 32	 46	 78	 87	 21	117	177	 72
 34	128	175	 91	 73	226	207	156	 80	168	 56	 70	170	120	 54	 47	137	 58	 93	 69	 30	  6	154	148	110	 35	 38	101	136	146	 70	 64	225	 72	 59
 35	174	224	115	117	267	247	197	128	157	 33	 81	187	124	103	 96	183	 41	 70	 81	 50	 49	200	185	 92	 67	 56	133	159	168	 86	 93	264	121	 87	 50
 36	163	104	 84	158	 80	 60	 22	 90	172	167	119	 92	120	127	122	172	208	242	209	139	155	 55	  9	167	122	133	 58	 67	 66	111	187	 76	104	102	150	188
 37	 13	109	182	 65	217	206	163	 99	286	192	186	248	229	 88	100	  4	164	182	127	159	135	134	180	240	150	164	168	211	217	180	 98	224	 90	160	137	181	175
 38	211	134	125	211	 49	 34	 60	143	190	213	161	 96	148	181	175	219	259	294	262	188	207	 91	 54	201	172	181	104	 91	 85	155	240	 38	157	150	202	236	 54	222
 39	 72	 44	130	 93	136	124	 81	 55	238	177	149	180	179	 82	 86	 80	182	211	162	141	134	 51	103	207	125	141	107	145	150	141	133	142	 60	122	132	181	 96	 83	141
 40	138	143	 35	102	169	149	100	 55	138	 81	 43	113	 80	 67	 56	148	120	155	130	 49	 69	108	 87	101	 32	 44	 37	 76	 85	 35	115	166	 60	 16	 64	 99	 90	149	140	106
 41	 90	 47	116	103	120	107	 62	 51	223	171	139	161	164	 85	 87	 98	184	215	168	135	134	 34	 83	196	119	134	 92	127	131	130	141	125	 60	112	131	179	 77	101	122	 20	 96
 42	173	240	155	116	298	279	228	149	201	 78	124	229	169	116	112	180	 16	 25	 56	 87	 68	225	219	136	101	 94	169	200	209	127	 80	297	139	125	 72	 45	221	177	272	197	133	199
 43	 41	100	130	 35	189	175	126	 49	235	145	135	199	177	 39	 50	 52	131	157	105	111	 92	104	137	189	100	114	118	161	168	129	 76	194	 39	109	 92	140	133	 52	185	 59	 97	 70	146
 44	284	272	117	242	239	221	198	201	 11	136	112	 97	 68	210	198	295	208	235	242	149	183	226	169	 76	150	141	139	111	112	117	242	228	207	136	178	168	177	295	191	246	147	230	211	244
 45	167	205	 85	113	239	219	171	109	136	 16	 52	158	 98	 91	 82	177	 64	 97	 96	 24	 43	177	157	 74	 41	 28	104	129	139	 56	 99	236	104	 59	 40	 30	160	176	208	163	 72	158	 72	130	147
 46	188	231	109	131	266	246	198	135	141	 22	 74	177	112	114	106	197	 58	 85	 99	 51	 61	204	182	 76	 68	 55	130	151	160	 79	110	262	130	 85	 61	 19	187	196	233	189	 98	185	 61	152	151	 28
 47	124	202	153	 69	275	257	205	119	224	102	132	232	181	 81	 83	130	 41	 56	  8	 90	 57	194	203	162	 97	 99	159	198	207	131	 30	275	106	121	 62	 75	203	127	256	159	123	165	 53	103	235	 89	 93
 48	143	213	143	 86	277	258	206	124	205	 81	117	221	166	 88	 87	149	 17	 43	 30	 77	 48	200	201	142	 87	 85	154	189	198	119	 50	276	113	112	 54	 52	202	147	254	169	117	173	 31	117	216	 70	 70	 25
 49	125	 83	 79	119	107	 89	 36	 52	183	149	108	119	126	 90	 87	134	179	212	174	116	126	 40	 44	163	 99	113	 53	 85	 89	100	150	107	 66	 84	121	164	 40	136	 92	 62	 69	 43	193	 94	190	139	167	169	171
 50	 57	 61	188	110	176	169	136	106	296	222	203	240	237	117	126	 56	210	233	179	187	171	102	161	260	173	189	167	205	209	195	149	185	105	175	171	220	153	 60	192	 60	161	 79	225	 80	304	207	231	178	195	121
 51	241	235	 76	198	217	197	167	158	 35	 96	 67	 85	 28	166	154	251	168	197	199	105	139	191	139	 42	106	 97	101	 83	 88	 72	198	208	163	 92	134	128	147	252	172	205	104	191	173	200	 45	105	113	192	175	153	263
 52	 82	166	152	 32	250	234	183	 96	240	125	140	231	190	 59	 66	 88	 81	 98	 42	102	 69	167	187	182	102	109	151	194	202	137	 14	253	 82	122	 73	106	185	 85	239	125	119	134	 94	 67	250	110	122	 43	 64	148	137	206
 53	167	 82	130	177	 43	 29	 31	114	217	210	164	131	166	152	150	174	243	277	237	179	190	 45	 55	213	162	174	103	112	110	155	212	 47	127	144	186	228	 47	177	 53	 95	131	 78	257	147	221	202	228	232	235	 65	141	193	208
 54	 60	110	113	 32	189	173	122	 37	216	126	116	185	159	 20	 30	 71	117	145	 96	 91	 74	105	129	170	 81	 95	103	147	155	110	 68	191	 24	 90	 73	122	126	 71	179	 66	 80	 73	132	 20	225	111	133	 93	104	 88	 98	181	 62	146
 55	200	163	 52	177	128	109	 84	115	111	137	 85	 37	 65	142	133	210	195	230	209	120	147	114	 54	117	107	112	 47	  7	  6	 80	195	120	126	 83	142	165	 62	212	 84	144	 81	126	206	163	115	136	158	203	194	 83	204	 89	197	106	149
 56	243	250	 90	195	242	222	188	165	 49	 78	 69	115	 51	166	154	253	150	177	186	 98	130	208	162	 18	104	 92	117	109	115	 76	189	234	168	 96	126	110	169	253	199	216	111	204	153	203	 59	 91	 93	179	159	169	271	 31	199	216	183	115
 57	161	 76	130	173	 48	 36	 31	110	220	209	164	136	168	148	147	168	240	274	233	177	188	 39	 57	214	160	173	103	114	113	155	208	 53	123	143	183	226	 49	171	 60	 89	129	 73	255	142	225	200	227	229	232	 63	134	195	203	  7	141	110	217
 58	177	242	150	120	297	277	226	150	193	 71	119	224	163	117	113	184	 19	 32	 63	 83	 67	225	217	128	 98	 90	166	195	205	122	 86	295	140	121	 71	 39	219	182	270	198	130	200	  9	149	204	 67	 53	 59	 36	192	229	166	 99	256	134	201	145	254
 59	186	256	170	129	315	296	244	166	211	 91	139	244	182	131	129	192	 32	 16	 65	103	 84	241	236	146	118	110	186	215	225	142	 92	313	155	141	 89	 59	238	189	289	212	149	215	 17	161	222	 87	 72	 63	 44	210	239	185	105	274	147	222	163	271	 21
 60	 99	 86	 81	 88	136	119	 67	 20	189	133	100	138	130	 59	 57	109	152	185	144	 97	100	 59	 74	158	 80	 96	 60	101	107	 92	119	138	 35	 73	 96	143	 71	111	124	 50	 58	 39	167	 65	197	121	147	139	143	 32	108	156	116	 94	 56	102	167	 90	166	183
 61	 65	153	157	 24	243	228	177	 92	250	139	149	234	197	 58	 68	 70	 99	116	 60	113	 82	158	184	195	110	120	153	196	205	145	 32	246	 78	128	 85	122	181	 67	235	113	123	125	112	 55	260	124	138	 61	 82	143	121	215	 19	200	 56	200	210	195	117	123	111
 62	 85	138	104	 35	206	189	137	 51	199	 98	 97	181	145	 13	 16	 95	 88	118	 74	 66	 44	126	138	147	 59	 71	101	144	152	 93	 51	207	 38	 75	 44	 92	137	 94	190	 94	 69	 97	103	 48	208	 83	104	 69	 76	101	128	164	 51	164	 31	147	162	160	105	119	 70	 54
 63	163	212	108	106	257	237	188	117	158	 34	 76	182	122	 92	 85	172	 40	 73	 76	 41	 37	189	176	 94	 57	 48	124	152	162	 80	 85	254	110	 79	 39	 12	179	171	228	170	 89	168	 48	129	169	 25	 26	 69	 48	154	208	128	 97	218	111	159	112	216	 43	 63	132	113	 81
 64	 34	134	178	 47	236	223	176	100	278	174	177	250	223	 78	 90	 34	138	154	 98	145	117	151	189	227	139	150	168	212	220	172	 72	241	 89	153	119	160	185	 31	236	101	144	117	151	 53	288	159	175	100	121	146	 90	243	 58	195	 66	214	241	189	157	162	117	 40	 80	150
 65	180	234	129	122	280	260	211	140	168	 46	 96	200	138	112	106	188	 33	 58	 78	 64	 58	212	198	103	 80	 70	147	173	182	100	 94	277	132	101	 60	 15	202	186	251	191	112	190	 34	148	178	 44	 28	 72	 48	177	227	140	107	241	131	179	120	239	 26	 45	155	124	101	 24	163
 66	 73	 34	142	102	135	125	 86	 68	250	190	162	189	191	 93	 98	 79	193	221	171	153	146	 53	110	219	138	153	119	155	159	154	142	142	 73	134	144	193	103	 83	144	 13	119	 28	208	 67	257	176	202	168	180	 71	 51	217	133	 96	 77	154	229	 89	210	223	 62	121	105	182	104	203
 67	107	 55	106	115	106	 92	 45	 55	212	169	132	146	154	 92	 92	115	188	221	177	134	137	 22	 66	189	117	132	 81	113	116	124	151	110	 67	107	133	180	 59	118	105	 37	 91	 18	203	 84	218	158	184	173	179	 29	 95	181	145	 64	 84	111	196	 59	204	220	 38	137	104	169	132	192	 44
 68	129	202	146	 72	272	254	202	117	215	 92	123	225	173	 80	 80	135	 33	 53	 17	 82	 49	193	198	153	 90	 90	154	191	200	123	 35	272	105	114	 55	 65	199	133	252	159	117	164	 45	105	226	 79	 83	 10	 16	166	182	183	 49	230	 93	196	170	226	 51	 58	136	 67	 67	 59	106	 63	169	171
 69	 88	 75	 94	 85	136	120	 69	 24	202	144	113	150	143	 61	 61	 98	157	189	146	108	107	 54	 81	171	 91	107	 73	114	119	105	119	139	 35	 86	103	151	 77	100	128	 37	 70	 28	172	 57	210	131	157	141	147	 38	 94	169	115	 93	 53	114	180	 89	173	189	 14	108	 73	140	109	163	 49	 32	140
 70	 61	148	154	 20	238	223	172	 88	248	138	147	230	195	 54	 64	 67	101	119	 63	111	 81	153	179	193	108	118	149	193	201	143	 35	241	 74	125	 84	122	177	 64	230	108	119	120	114	 50	258	123	138	 64	 84	138	117	213	 22	195	 51	196	209	190	119	126	107	  6	 51	113	 38	125	116	132	 69	103
 71	137	207	141	 80	272	254	202	119	207	 83	117	220	166	 83	 82	144	 23	 48	 27	 75	 45	195	197	144	 85	 84	151	187	196	117	 45	272	108	109	 51	 55	198	141	251	164	114	167	 37	111	217	 71	 73	 21	  7	166	189	175	 58	231	 98	192	161	227	 42	 50	138	 76	 71	 50	116	 52	174	174	 11	142	 78
 72	221	219	 59	178	209	189	155	139	 55	 79	 47	 86	 19	146	134	231	150	181	181	 85	120	176	128	 36	 86	 78	 85	 76	 82	 52	178	201	144	 72	115	112	136	232	166	188	 84	174	157	180	 65	 87	 98	174	157	137	244	 21	186	182	161	 82	 34	184	150	169	138	195	144	111	223	125	200	165	165	152	193	157
 73	220	146	124	217	 59	 46	 69	149	182	212	160	 87	143	186	180	228	261	296	266	188	209	101	 58	196	173	182	105	 86	 80	153	245	 47	163	150	204	237	 60	231	 13	150	141	131	274	192	183	208	232	260	257	 99	202	166	244	 65	185	 80	193	 71	271	290	130	241	195	229	243	251	154	114	255	135	236	254	161
 74	212	171	 62	189	129	110	 91	127	109	146	 94	 26	 67	154	145	222	205	240	221	130	158	122	 60	121	118	122	 59	 17	  8	 89	207	119	138	 94	153	174	 69	224	 83	155	 92	136	216	175	112	145	167	214	205	 94	214	 90	209	111	161	 13	118	115	211	231	114	212	159	168	226	189	164	121	207	125	208	203	 86	 77
 75	 97	144	 94	 46	206	188	136	 53	187	 87	 86	173	134	 21	 15	106	 82	114	 75	 54	 35	128	134	135	 47	 59	 94	136	145	 82	 56	207	 42	 65	 33	 83	134	106	188	101	 61	102	 97	 59	197	 71	 94	 69	 72	100	138	152	 59	164	 40	140	150	161	 99	114	 71	 64	 13	 71	 92	 92	113	107	 66	 76	 62	 67	132	192	152
 76	236	223	 67	197	198	179	151	151	 44	107	 69	 64	 20	164	152	247	178	209	206	110	144	177	122	 60	107	102	 89	 65	 69	 72	201	189	158	 90	139	140	130	248	152	196	 99	180	184	196	 51	114	126	199	183	140	254	 21	208	176	178	 71	 51	178	178	197	147	216	164	138	242	152	207	169	190	160	214	183	 28	146	 70	153
 77	220	244	 95	168	256	235	194	152	 91	 41	 61	144	 76	143	132	230	109	134	148	 71	 98	208	172	 27	 83	 68	121	128	136	 70	155	250	151	 86	 95	 69	178	230	217	206	102	197	111	181	102	 56	 51	141	120	169	256	 68	166	224	161	135	 43	224	103	121	158	179	136	 73	214	 78	218	192	132	170	178	122	 59	213	140	124	 85
 78	 84	 57	111	 92	130	115	 68	 40	219	162	131	161	160	 74	 76	 92	173	203	157	126	123	 44	 86	189	109	125	 88	126	131	123	130	134	 49	104	120	168	 80	 95	128	 20	 88	 12	188	 60	226	149	175	153	161	 44	 80	186	123	 87	 62	125	198	 82	189	204	 32	114	 86	157	109	179	 32	 24	153	 19	109	156	169	137	136	 91	176	189
 79	 31	128	170	 40	229	216	168	 92	270	168	168	241	214	 70	 82	 34	134	152	 96	137	110	143	181	219	131	143	160	204	211	163	 68	234	 80	144	112	154	177	 31	227	 94	135	109	147	 44	279	152	169	 97	118	137	 88	235	 55	187	 57	206	234	182	153	159	108	 37	 72	144	  9	158	 98	125	103	100	 34	112	215	235	218	 84	233	207	101
 80	151	102	 72	143	 95	 75	 29	 75	167	153	106	 95	112	111	106	160	191	226	192	123	139	 54	 18	156	106	118	 45	 64	 66	 97	171	 92	 89	 87	134	172	 17	163	 70	 88	 74	 68	205	120	173	145	172	187	186	 27	146	139	169	 59	111	 61	160	 59	203	222	 56	166	121	163	172	186	 96	 52	182	 64	162	182	126	 75	 70	118	124	166	 70	163
 81	247	238	 80	206	214	195	167	163	 29	106	 75	 79	 31	173	161	257	178	207	209	114	148	193	138	 52	114	106	104	 81	 85	 80	207	205	169	 99	143	138	147	258	168	209	110	195	183	206	 38	115	123	202	184	155	267	 11	215	192	188	 87	 39	195	176	195	160	224	172	138	251	150	221	183	193	174	221	185	 29	162	 86	160	 17	 78	190	242	140
 82	191	241	127	133	282	262	213	146	158	 41	 92	196	131	121	114	199	 46	 68	 91	 65	 66	217	199	 93	 83	 70	147	170	179	 98	107	279	139	102	 68	 18	203	198	251	199	114	196	 45	157	168	 43	 20	 85	 61	181	237	132	120	244	140	177	110	242	 37	 54	160	137	110	 30	175	 14	211	197	 76	169	137	 65	117	250	185	100	145	 67	186	170	188	142
 83	 28	109	148	 33	205	191	143	 67	251	156	150	218	194	 51	 63	 37	133	156	101	123	100	119	156	203	114	127	136	180	187	144	 71	210	 57	125	101	147	152	 37	203	 71	114	 86	148	 19	260	140	160	100	118	112	 78	216	 60	163	 35	182	217	158	152	161	 83	 45	 58	136	 34	153	 77	100	104	 75	 40	112	196	210	194	 70	213	193	 76	 26	138	223	164
 84	 91	166	138	 34	244	227	175	 88	223	108	124	216	173	 49	 55	 98	 69	 91	 38	 85	 52	162	176	165	 85	 92	138	180	189	121	 12	246	 75	106	 56	 90	176	 96	229	124	104	131	 83	 68	233	 93	106	 36	 53	139	144	189	 18	201	 58	184	181	197	 87	 96	108	 32	 39	 81	 71	 93	133	140	 39	109	 33	 47	169	234	196	 45	192	149	120	 66	160	198	105	 66
 85	190	110	126	195	 37	 17	 42	128	202	211	161	112	156	167	163	198	251	286	250	183	198	 69	 49	206	166	177	101	 99	 95	154	227	 32	142	146	194	232	 45	201	 25	119	134	100	265	167	205	204	230	245	245	 77	168	181	224	 28	163	 93	206	 35	263	282	108	218	177	223	216	246	121	 84	241	111	213	241	173	 37	 94	176	163	219	108	208	 60	179	247	184	216
 86	157	 96	 89	155	 77	 57	 14	 87	180	171	123	101	127	125	120	166	209	243	208	141	156	 47	 18	173	124	136	 62	 75	 75	115	185	 75	101	105	151	190	  9	169	 57	 89	 92	 70	222	129	185	163	190	202	202	 36	146	154	183	 41	123	 71	176	 42	221	239	 67	178	135	181	180	204	 95	 52	198	 72	173	198	142	 64	 78	133	138	183	 74	172	 19	154	206	147	174	 43
 87	257	262	101	210	249	229	197	179	 38	 93	 83	116	 58	180	169	268	163	189	201	113	145	219	170	 32	118	106	128	115	120	 90	204	240	182	110	141	123	177	268	204	229	124	216	166	217	 48	106	106	194	173	180	285	 33	213	224	198	121	 15	226	158	176	179	225	176	126	256	133	241	207	184	193	223	175	 43	198	122	165	 53	 56	210	248	169	 38	122	231	196	213	184
 88	 62	 67	119	 72	152	138	 91	 37	227	157	134	178	168	 59	 64	 71	159	188	139	121	112	 66	107	191	106	122	100	141	147	126	111	157	 39	106	110	160	102	 74	151	 23	 92	 33	174	 38	235	143	168	136	146	 63	 70	194	103	110	 44	141	202	105	176	190	 40	 93	 71	148	 86	169	 35	 47	136	 28	 88	141	175	159	153	 78	186	188	 23	 78	 90	199	177	 54	101	131	 96	215
 89	 95	177	152	 43	258	241	189	102	234	117	136	230	186	 64	 69	101	 68	 84	 29	 96	 62	175	191	175	 98	104	153	194	203	134	  4	260	 89	120	 67	 95	190	 99	244	135	119	143	 80	 78	245	102	112	 29	 51	154	150	201	 14	215	 71	198	192	211	 86	 91	122	 32	 54	 87	 71	 95	144	154	 35	122	 35	 45	181	249	210	 59	205	157	132	 68	174	210	108	 73	 15	230	188	206	113
 90	 41	 61	159	 83	169	159	118	 75	266	191	172	215	208	 86	 95	 45	181	206	153	155	140	 87	140	229	142	157	139	179	184	164	123	176	 74	144	140	189	133	 49	177	 38	130	 57	196	 50	275	176	199	151	166	 98	 32	233	112	130	 67	179	240	124	199	210	 79	 97	 97	177	 73	197	 35	 75	154	 66	 92	160	214	187	190	107	225	224	 54	 68	124	238	206	 52	116	155	126	254	 40	124
 91	218	228	 71	170	229	209	171	141	 68	 58	 45	112	 44	141	129	228	130	159	164	 73	106	189	146	 15	 79	 67	 99	 98	105	 53	165	222	143	 73	102	 90	153	228	188	193	 87	182	134	178	 79	 68	 75	157	138	149	247	 39	174	199	158	105	 26	200	127	146	144	185	137	 91	216	102	206	175	147	157	184	139	 27	184	110	125	 54	 32	175	209	142	 49	 93	192	157	193	159	 40	178	168	216
 92	 91	108	 80	 65	165	147	 95	 12	185	111	 88	149	127	 32	 28	102	123	156	115	 75	 72	 87	 97	145	 59	 75	 68	112	119	 81	 92	166	 13	 61	 69	117	 95	103	149	 66	 48	 62	138	 51	194	 98	124	110	114	 59	116	151	 90	122	 36	114	157	119	139	155	 29	 88	 42	106	101	128	 79	 66	108	 35	 84	109	131	154	126	 42	145	141	 52	 93	 80	157	134	 69	 81	135	 93	170	 47	 95	 84	132
 93	 98	 44	117	111	112	 99	 56	 57	223	176	141	158	165	 92	 94	105	191	222	176	140	140	 26	 79	198	123	139	 92	125	129	133	149	117	 68	115	137	185	 71	109	115	 27	 99	  9	206	 79	230	163	190	172	180	 41	 83	192	142	 70	 81	124	206	 64	206	222	 44	133	105	174	125	196	 32	 13	171	 34	128	175	175	124	133	109	180	200	 20	118	 65	195	202	 94	139	 93	 64	218	 41	152	 63	184	 69
 94	133	 62	112	142	 79	 64	 23	 79	211	184	142	135	155	118	116	141	211	244	202	151	158	 13	 52	196	133	148	 84	107	108	134	177	 83	 92	119	154	199	 43	144	 80	 62	104	 43	225	111	216	174	201	198	202	 35	114	182	172	 36	110	103	201	 32	225	242	 60	164	129	188	159	211	 65	 28	196	 58	159	197	168	 90	111	131	168	203	 52	152	 44	183	215	128	166	 58	 35	211	 75	180	 98	182	 89	 36
 95	168	126	 55	152	108	 87	 51	 86	143	141	 90	 72	 90	118	110	178	187	223	194	115	136	 78	 24	137	 99	109	 32	 39	 42	 83	175	102	 99	 77	131	164	 31	180	 73	109	 68	 90	200	133	149	135	161	188	184	 47	168	117	176	 78	122	 37	139	 79	197	217	 70	175	126	155	185	178	118	 75	183	 80	171	180	105	 74	 47	121	101	149	 90	177	 25	117	178	152	164	 71	 38	147	108	179	144	123	 87	 87	 68
 96	 95	 42	120	110	114	101	 59	 58	226	178	144	162	168	 92	 94	103	191	222	176	142	141	 28	 82	201	125	141	 95	129	132	135	148	119	 68	117	138	186	 75	106	118	 24	102	  8	206	 77	233	165	192	172	180	 45	 79	195	142	 72	 81	127	209	 67	207	222	 46	132	105	175	123	197	 28	 17	172	 35	127	175	178	127	137	109	183	203	 19	116	 68	198	203	 92	138	 96	 68	221	 40	151	 60	187	 70	  4	 39	 91
 97	 91	180	166	 47	266	250	198	112	250	132	152	245	202	 74	 81	 96	 80	 91	 36	112	 78	182	202	191	114	120	166	208	217	149	 19	268	 98	135	 83	110	201	 93	254	139	133	149	 91	 81	261	118	127	 39	 63	163	148	217	 16	223	 78	212	208	219	 98	100	132	 28	 66	102	 64	109	147	161	 47	130	 33	 58	197	260	224	 73	220	173	139	 62	185	226	122	 72	 29	239	198	222	118	 16	124	184	106	158	187	191	157
 98	154	212	123	 96	266	247	196	119	179	 55	 94	199	141	 88	 83	162	 21	 56	 56	 55	 36	194	186	115	 69	 63	137	168	178	 96	 68	264	110	 93	 40	 26	189	160	240	169	100	169	 33	123	190	 45	 44	 49	 27	161	202	149	 81	225	106	174	133	223	 31	 50	136	 98	 76	 21	137	 27	181	173	 39	142	 99	 29	131	241	185	 69	158	 93	158	132	173	159	 39	127	 66	232	190	147	147	 70	172	111	108	176	194	168	177	 84
 99	138	 94	 73	131	101	 82	 31	 63	174	149	105	105	117	100	 95	148	184	218	183	118	131	 47	 31	158	101	114	 46	 72	 76	 96	160	 99	 77	 84	126	167	 27	150	 81	 76	 70	 57	198	107	180	141	168	177	177	 15	135	144	158	 61	 99	 71	163	 60	196	215	 44	155	110	157	159	180	 84	 41	173	 51	150	173	130	 87	 80	108	130	165	 58	151	 13	146	183	126	149	 68	 26	173	 77	164	112	144	 69	 54	 39	 34	 57	174	166
100	101	175	136	 44	249	232	180	 94	218	101	120	215	170	 55	 58	108	 58	 81	 31	 80	 46	168	180	159	 82	 88	139	179	188	118	 14	251	 80	105	 50	 81	179	106	233	132	104	138	 72	 77	228	 86	 97	 27	 42	144	154	184	 26	207	 66	184	175	203	 77	 85	113	 42	 44	 72	 81	 83	142	147	 29	115	 44	 36	165	237	196	 46	188	141	127	 77	163	193	 95	 76	 11	220	178	190	109	 17	126	151	 85	146	172	166	146	 33	 56	153
