nVehicles:  49
nDepots:     1
nCustomers: 50
nPeriods:   12
VEHICLE_TYPE	FLEET_SIZE	CAPACITY
           1	        49	       8	
DEPOT   	X  	Y  	INV_COST	INITIAL_INV 	MIN_LEVEL_INV 	MAX_LEVEL_INV	PRODUCTION_0	PRODUCTION_1	PRODUCTION_2	PRODUCTION_3	PRODUCTION_4	PRODUCTION_5	PRODUCTION_6	PRODUCTION_7	PRODUCTION_8	PRODUCTION_9	PRODUCTION_10	PRODUCTION_11
       0	429	476	       0	        778	            0	         4276	         357	         357	         357	         357	         357	         357	         357	         357	         357	         357	          357	          357	
CUSTOMER	X  	Y  	INV_COST	INITIAL_INV	MIN_LEVEL_INV 	MAX_LEVEL_INV	DEMAND_0	DEMAND_1	DEMAND_2	DEMAND_3	DEMAND_4	DEMAND_5	DEMAND_6	DEMAND_7	DEMAND_8	DEMAND_9	DEMAND_10	DEMAND_11
       1	359	342	    0.23	         15	            0	           46	       8	       7	       7	       6	       7	       8	       9	       7	       6	       5	        8	        9
       2	 94	363	    0.27	         12	            0	           49	       8	       7	       7	       4	       8	       8	       9	       8	       6	       6	        7	        9
       3	200	415	    0.24	          9	            0	           20	       7	       6	       5	       4	       6	       6	       7	       4	       4	       7	        8	        6
       4	 32	421	    0.07	          6	            0	           15	       5	       5	       3	       3	       4	       6	       5	       3	       4	       5	        6	        5
       5	147	 15	     0.1	          1	            0	           94	       0	       0	       0	       0	       0	       0	       0	       0	       3	       4	        3	        5
       6	125	111	    0.09	         13	            0	           22	       7	       8	       4	       5	       6	       9	       7	       6	       6	       7	        8	        7
       7	376	248	    0.05	         12	            0	           27	       0	       0	       0	       0	       0	       0	       1	       2	       3	       5	        5	        7
       8	245	143	     0.3	          2	            0	           46	       7	       5	       4	       4	       6	       5	       4	       4	       4	       5	        6	        4
       9	414	322	    0.27	         17	            0	           72	      10	       8	       6	       5	       7	       7	       5	       5	       6	       8	        6	        6
      10	320	 54	    0.26	         10	            0	           76	       8	       8	       6	       5	       6	       7	       7	       6	       5	       5	        6	       10
      11	288	144	    0.26	          3	            0	           59	      10	       8	       7	       6	       5	       9	      10	       9	       8	       5	        6	        8
      12	128	269	    0.04	         12	            0	           68	       6	       6	       2	       0	       2	       4	       7	       5	       4	       5	        6	        7
      13	387	465	    0.22	          8	            0	           23	       9	       8	       6	       6	       5	       7	       7	       9	       6	       4	        4	        6
      14	104	258	       0	         13	            0	           43	       6	       7	       4	       4	       6	       8	       6	       4	       5	       7	        6	        4
      15	 55	177	    0.19	          9	            0	           53	       6	       5	       4	       4	       4	       5	       5	       5	       4	       3	        4	        5
      16	342	130	    0.06	         13	            0	           52	       8	       8	       7	       5	       5	       9	       8	       7	       5	       4	        7	        8
      17	369	183	    0.11	          6	            0	           49	       8	       7	       5	       4	       6	       7	       5	       4	       5	       7	        7	        4
      18	393	150	    0.29	         17	            0	           73	      13	       9	       7	       7	      10	      10	      11	       9	       6	       7	       10	       11
      19	291	106	    0.19	         11	            0	           27	      10	       8	       7	       6	       6	       9	      10	      11	       7	       6	        5	        6
      20	236	 57	    0.12	          3	            0	           51	       5	       5	       3	       4	       6	       5	       4	       3	       4	       6	        5	        4
      21	455	281	    0.09	         11	            0	           51	       6	       7	       5	       4	       5	       8	       6	       4	       5	       5	        6	        6
      22	307	 21	    0.01	         11	            0	           74	       7	       9	       6	       5	       4	       6	       8	       8	       8	       6	        5	        5
      23	168	323	    0.14	         16	            0	           36	       9	      10	       7	       6	       6	       5	       8	       9	       9	       8	        6	        6
      24	291	264	    0.21	         12	            0	           39	       9	      10	       7	       6	       8	      10	      10	       7	       6	       7	       10	       11
      25	210	214	    0.29	          5	            0	           64	       9	       7	       6	       6	       5	       9	       9	       9	       6	       5	        6	        8
      26	333	 31	     0.1	         11	            0	           82	      10	       7	       7	       5	       5	       6	       8	       7	       7	       9	        6	        5
      27	406	 71	    0.24	          1	            0	           52	       0	       0	       0	       0	       0	       0	       0	       2	       6	       4	        6	        6
      28	332	275	    0.15	         12	            0	           71	       8	       9	       6	       6	       6	       9	      11	       8	       6	       6	        6	        8
      29	471	145	    0.29	          3	            0	           35	       2	       2	       0	       0	       2	       2	       6	       3	       4	       3	        6	        8
      30	  0	468	    0.09	          4	            0	           50	       9	       7	       6	       5	       7	       7	       8	       5	       4	       6	        7	        7
      31	150	227	    0.13	         12	            0	           18	       8	       7	       5	       5	       4	       4	       6	       8	       6	       6	        6	        4
      32	147	 47	    0.27	          3	            0	           40	      10	       9	       8	       5	       6	       8	      10	      10	       7	       6	        6	        6
      33	202	424	     0.2	         15	            0	           32	       7	       9	       6	       6	       5	       7	       9	       7	       8	       6	        5	        6
      34	211	408	    0.08	          5	            0	           27	       6	       5	       5	       4	       4	       4	       4	       6	       6	       6	        5	        4
      35	483	385	    0.12	          3	            0	           77	       9	       7	       5	       5	       8	       8	       7	       5	       5	       9	        9	        6
      36	308	 94	    0.07	          1	            0	           30	       0	       0	       0	       0	       0	       0	       0	       3	       4	       4	        5	        5
      37	 18	188	    0.02	         11	            0	           17	       7	       6	       4	       4	       5	       8	       7	       5	       4	       4	        5	        7
      38	334	479	    0.22	         17	            0	          117	       3	       0	       0	       0	       0	       2	       0	       0	       3	       7	        7	        7
      39	446	223	    0.14	         20	            0	           33	       6	       5	       2	       2	       0	       0	       3	       5	       5	       7	        5	        5
      40	291	117	     0.1	          5	            0	           88	       0	       0	       0	       0	       0	       0	       0	       5	       2	       2	        3	        7
      41	336	476	    0.05	         13	            0	           49	       7	       6	       5	       4	       5	       5	       5	       7	       8	       6	        4	        3
      42	200	291	    0.22	          3	            0	           35	       6	       7	       5	       3	       4	       7	       6	       8	       8	       6	        6	        7
      43	403	256	    0.26	         14	            0	           25	       2	       0	       0	       0	       0	       0	       0	       1	       5	       3	        4	        6
      44	194	273	    0.05	         16	            0	           71	       7	       3	       0	       1	       1	       5	       5	       7	       3	       4	        5	       10
      45	442	196	    0.02	          5	            0	           60	       8	       7	       4	       5	       6	       9	       6	       4	       6	       8	        7	        5
      46	347	263	    0.24	          9	            0	           24	       5	       5	       3	       4	       5	       7	       4	       3	       4	       5	        5	        4
      47	117	429	    0.22	          7	            0	           72	       5	       1	       0	       0	       3	       5	       2	       2	       4	       6	        9	        6
      48	492	407	    0.26	          7	            0	           67	       0	       0	       0	       0	       0	       0	       2	       1	       1	       2	        3	        6
      49	193	 30	    0.18	         13	            0	           49	       6	       7	       6	       4	       4	       5	       7	       7	       5	       4	        5	        4
      50	240	182	    0.25	         13	            0	           62	       7	       6	       7	       4	       5	       7	       7	       7	       5	       4	        7	        8
COST_MATRIX 
	  0	  1	  2	  3	  4	  5	  6	  7	  8	  9	 10	 11	 12	 13	 14	 15	 16	 17	 18	 19	 20	 21	 22	 23	 24	 25	 26	 27	 28	 29	 30	 31	 32	 33	 34	 35	 36	 37	 38	 39	 40	 41	 42	 43	 44	 45	 46	 47	 48	 49	 50
  0
  1	 76
  2	177	133
  3	119	 88	 60
  4	201	169	 43	 85
  5	271	195	177	202	211
  6	238	165	127	157	162	 50
  7	118	 48	153	122	193	164	143
  8	191	115	134	138	176	 81	 63	 84
  9	 78	 30	162	117	198	204	179	 42	124
 10	218	146	192	191	234	 89	102	101	 59	143
 11	181	106	147	143	189	 96	 84	 69	 22	110	 48
 12	183	122	 50	 82	 90	128	 80	125	 86	146	145	102
 13	 22	 64	156	 97	179	256	221	109	176	 73	209	168	163
 14	196	135	 53	 93	 90	124	 75	137	 91	159	149	109	 14	176
 15	240	173	 96	140	123	 94	 49	165	 97	194	147	118	 59	220	 48
 16	179	107	171	160	213	114	109	 62	 49	103	 40	 28	128	170	136	146
 17	150	 80	165	144	207	140	128	 33	 66	 74	 69	 45	128	142	138	158	 30
 18	164	 98	184	164	226	141	136	 50	 75	 87	 61	 53	146	158	155	170	 28	 21
 19	198	123	162	162	204	 86	 84	 83	 30	125	 30	 20	116	186	121	124	 29	 55	 56
 20	231	156	169	180	209	 50	 62	119	 44	160	 43	 51	119	218	121	109	 65	 92	 92	 37
 21	 99	 57	186	145	223	204	186	 43	126	 29	133	109	164	 99	176	207	 95	 66	 73	120	157
 22	236	163	202	205	243	 81	102	119	 69	160	 18	 63	153	226	157	149	 58	 87	 78	 44	 40	150
 23	152	 96	 43	 49	 84	155	109	111	 98	124	155	108	 34	131	 46	 93	130	123	142	125	138	146	167
 24	127	 52	111	 89	152	144	113	 44	 65	 68	106	 61	 82	112	 94	126	 72	 57	 77	 80	108	 83	122	 69
 25	171	 99	 95	101	137	105	 67	 85	 40	116	 98	 53	 50	154	 58	 80	 79	 81	 97	 68	 80	127	109	 59	 48
 26	228	157	205	204	247	 94	112	111	 72	152	 14	 61	158	219	162	158	 50	 79	 67	 43	 51	140	 14	168	119	111
 27	203	138	214	201	257	133	142	 90	 89	126	 44	 70	171	198	178	184	 44	 59	 41	 61	 86	108	 56	174	113	122	 42
 28	112	 37	127	 97	167	160	133	 26	 80	 48	111	 70	103	 99	115	147	 73	 50	 70	 87	120	 62	128	 86	 22	 69	123	109
 29	167	114	218	192	260	175	174	 71	114	 93	 89	 92	183	166	193	209	 65	 55	 40	 93	126	 69	103	176	108	135	 90	 50	 96
 30	215	191	 71	104	 29	239	190	218	204	220	262	217	119	194	118	149	241	234	253	233	237	246	272	111	178	165	275	284	193	286
 31	187	120	 74	 98	114	107	 60	114	 64	141	122	 81	 24	168	 28	 54	108	112	128	 93	 96	155	130	 49	 73	 31	135	150	 95	166	142
 32	257	182	161	186	196	 17	 34	153	 69	192	 87	 86	112	242	108	 80	106	131	134	 78	 45	194	 82	139	131	 90	 94	131	147	170	223	 91
 33	117	 89	 63	  5	 86	207	162	124	143	118	195	147	 86	 95	 97	144	163	147	168	166	185	146	209	 54	 92	106	208	204	 99	194	104	102	191
 34	115	 82	 63	  7	 90	200	155	115	134	111	186	138	 81	 93	 93	140	154	138	158	157	176	138	200	 48	 83	 98	199	195	 90	185	110	 96	184	 10
 35	 53	 66	195	143	227	250	226	 87	170	 47	185	156	187	 63	200	238	146	116	126	170	206	 54	203	161	114	162	193	162	 94	121	246	185	239	142	137
 36	201	127	172	170	214	 90	 92	 85	 40	126	 21	 27	126	190	131	134	 25	 54	 51	 11	 41	119	 37	135	 86	 78	 34	 51	 92	 86	243	104	 84	174	165	170
 37	251	188	 96	146	117	108	 66	182	116	210	166	137	 69	231	 56	 20	165	176	189	143	128	224	167	101	142	 97	176	203	163	228	141	 69	 96	150	147	253	153
 38	 48	 70	134	 75	154	251	212	118	174	 89	213	170	148	 28	160	206	175	150	168	188	217	117	230	114	110	147	225	208	103	181	168	157	236	 72	 72	 89	193	215
 39	127	 74	190	157	230	183	170	 38	109	 53	106	 89	161	125	172	197	 70	 44	 46	 98	134	 30	123	148	 81	119	112	 79	 63	 41	255	149	174	159	150	 84	 95	215	140
 40	193	118	158	156	200	 89	 84	 79	 27	120	 35	 14	112	181	118	122	 27	 52	 54	  6	 41	116	 49	120	 74	 64	 48	 62	 82	 92	228	 90	 81	160	151	165	 15	142	183	 94
 41	 47	 68	134	 75	155	250	211	116	173	 87	212	168	147	 27	160	206	174	148	166	187	216	115	228	114	109	146	223	206	101	179	169	156	235	 72	 72	 87	192	215	  2	138	181
 42	148	 84	 65	 63	107	141	 98	 91	 78	109	133	 86	 38	128	 51	 93	108	101	120	104	119	128	146	 23	 48	 39	147	151	 67	154	134	 41	125	 67	 59	150	113	105	116	128	 99	115
 43	111	 49	164	129	204	176	157	 15	 98	 34	110	 81	138	105	150	179	 70	 41	 54	 94	130	 29	127	123	 57	 99	118	 93	 37	 66	228	128	166	131	123	 76	 94	196	117	 28	 90	115	103
 44	156	 90	 68	 72	110	132	 89	 92	 70	113	127	 80	 34	137	 46	 85	103	 99	117	 97	111	131	139	 29	 49	 31	140	147	 70	153	138	 32	116	 76	 69	155	107	 98	125	129	 92	124	 10	105
 45	141	 84	193	164	234	174	165	 43	103	 65	 94	 82	162	138	172	194	 60	 38	 34	 88	125	 43	111	152	 83	117	 99	 66	 68	 30	260	147	166	166	157	 97	 85	213	152	 14	 86	150	130	 36	130
 46	115	 40	137	106	177	160	135	 17	 79	 45	106	 67	110	103	122	153	 67	 42	 62	 84	118	 55	123	 95	 29	 73	117	101	 10	 86	202	101	148	109	100	 92	 87	169	109	 54	 79	107	 75	 29	 77	 59
 47	158	129	 35	 43	 43	208	160	158	157	158	214	167	 81	137	 86	130	188	177	197	184	196	185	226	 59	120	118	227	231	133	227	 62	103	192	 43	 49	185	193	131	112	195	179	112	 81	168	 87	200	142
 48	 47	 75	201	147	231	262	236	 99	181	 58	197	167	195	 60	208	247	158	128	138	181	217	 66	215	168	124	171	205	174	104	132	248	194	250	146	141	 12	182	262	 87	 95	177	 86	158	 88	164	109	103	188
 49	253	177	174	193	212	 25	 53	143	 63	184	 65	 75	124	239	123	101	 90	117	117	 63	 26	182	 58	148	127	 93	 71	109	141	151	240	101	 25	198	190	230	 66	118	236	160	 66	235	131	155	122	150	140	204	241
 50	175	100	117	119	159	 96	 68	 76	 20	112	 76	 31	 71	160	 78	 93	 58	 65	 79	 46	 63	119	 88	 80	 49	 22	 89	100	 66	117	187	 51	 82	123	114	159	 56	112	156	106	 42	155	 59	 90	 51	102	 68	138	169	 80
