nVehicles:   61
nDepots:      1
nCustomers: 100
nPeriods:     9
VEHICLE_TYPE	FLEET_SIZE	CAPACITY
           2	        61	      18	
DEPOT   	X  	Y  	INV_COST	INITIAL_INV 	MIN_LEVEL_INV 	MAX_LEVEL_INV	PRODUCTION_0	PRODUCTION_1	PRODUCTION_2	PRODUCTION_3	PRODUCTION_4	PRODUCTION_5	PRODUCTION_6	PRODUCTION_7	PRODUCTION_8
       0	257	 52	       0	        567	            0	         6003	         669	         669	         669	         669	         669	         669	         669	         669	         669	
CUSTOMER	X  	Y  	INV_COST	INITIAL_INV	MIN_LEVEL_INV 	MAX_LEVEL_INV	DEMAND_0	DEMAND_1	DEMAND_2	DEMAND_3	DEMAND_4	DEMAND_5	DEMAND_6	DEMAND_7	DEMAND_8
       1	313	415	    0.09	          8	            0	           18	       4	       4	       4	       6	       7	       5	       4	       3	       3
       2	399	 86	    0.28	          5	            0	           35	       4	       3	       5	       5	       6	       3	       3	       4	       6
       3	 69	415	    0.05	          6	            0	           44	       7	       6	       8	      10	      10	       8	       7	       6	       9
       4	202	166	    0.13	          2	            0	           27	       5	       6	       9	       9	       7	       6	       5	       8	       9
       5	295	298	    0.03	          5	            0	           49	       6	       6	       8	      10	       7	       5	       6	       9	       8
       6	334	329	    0.02	          8	            0	           44	       5	       5	       5	       7	       8	       6	       6	       5	       6
       7	285	430	     0.1	          4	            0	           54	       8	       6	       9	      10	      10	      11	      11	       8	       8
       8	 98	495	    0.19	          7	            0	           66	       8	       7	       9	      13	      11	       7	       6	       8	      11
       9	209	 95	    0.17	          8	            0	           24	       8	       7	       8	      10	      11	      14	       9	       8	       8
      10	 38	190	    0.11	          3	            0	           47	       5	       4	       6	       7	       8	       7	       5	       7	       7
      11	 31	339	    0.23	          5	            0	           38	       5	       5	       8	       8	      11	       9	       5	       6	       7
      12	142	250	    0.18	          5	            0	           29	       3	       3	       4	       5	       5	       5	       4	       3	       3
      13	382	389	    0.23	          4	            0	           13	       4	       4	       5	       8	       7	       8	       7	       5	       5
      14	 74	184	    0.09	          4	            0	           25	       8	       8	      11	      14	      11	       9	       8	      11	      13
      15	352	431	    0.25	          2	            0	           57	       7	       6	      10	      10	       7	       5	       6	      10	       8
      16	397	353	    0.25	         15	            0	           38	       8	       7	      10	      13	      10	      10	       8	       8	       8
      17	287	148	    0.11	          3	            0	           25	       5	       4	       6	       9	       6	       6	       5	       6	       7
      18	 11	  6	    0.15	          8	            0	           77	       7	       6	       7	      11	      13	      11	      13	       9	       8
      19	238	317	    0.28	          5	            0	           24	       4	       4	       5	       7	       7	       7	       6	       6	       4
      20	282	495	    0.16	          8	            0	           17	       4	       4	       4	       6	       6	       5	       4	       3	       4
      21	 57	469	    0.11	         11	            0	           45	       6	       6	      10	      11	      10	       9	       6	       7	       9
      22	455	 36	    0.06	          7	            0	           19	       6	       5	       6	       8	       9	       7	       5	       6	       9
      23	344	106	    0.14	          3	            0	           18	       6	       5	       8	       9	       8	       5	       4	       8	       8
      24	285	156	    0.07	          7	            0	           44	       5	       5	       7	       9	       8	       8	       6	       4	       6
      25	267	204	    0.22	         10	            0	           50	       6	       7	       8	       9	      10	      11	       7	       6	       8
      26	160	 21	    0.23	          2	            0	           33	       3	       3	       5	       6	       6	       5	       4	       3	       3
      27	  7	 11	    0.24	          3	            0	           14	       3	       4	       5	       6	       6	       4	       4	       5	       6
      28	351	396	    0.22	          2	            0	           16	       4	       3	       4	       6	       7	       6	       4	       4	       4
      29	 36	115	    0.02	          1	            0	           28	       5	       4	       6	       7	       6	       6	       4	       4	       6
      30	481	 83	    0.15	          8	            0	           27	       6	       7	       7	      12	      11	       8	       7	       6	      10
      31	322	159	    0.06	          2	            0	           34	       3	       4	       5	       5	       4	       4	       3	       4	       6
      32	 82	432	    0.11	          8	            0	           34	       4	       4	       4	       5	       8	       6	       7	       4	       3
      33	245	400	    0.21	          6	            0	           29	       7	       6	      11	      11	      10	       8	       8	      12	      13
      34	111	378	    0.29	         14	            0	           33	       7	       8	       9	      11	      11	       9	       7	       8	       9
      35	315	401	    0.19	          9	            0	           33	       4	       5	       5	       8	       6	       5	       4	       5	       5
      36	112	382	    0.29	          4	            0	           32	       4	       4	       5	       6	       6	       6	       4	       5	       6
      37	 79	244	    0.18	          7	            0	           28	       4	       3	       5	       7	       8	       5	       4	       4	       4
      38	303	373	    0.06	          6	            0	           15	       3	       4	       4	       6	       6	       4	       4	       4	       5
      39	  0	101	    0.13	          7	            0	           52	       5	       7	      10	      10	       7	       6	       7	      10	       9
      40	248	449	    0.06	          5	            0	           51	       7	       7	       8	      11	      12	       7	       8	      11	      13
      41	321	420	    0.19	          2	            0	           38	       6	       5	       6	       9	       9	       8	       9	       6	       5
      42	407	459	    0.07	         13	            0	           46	       7	       8	      12	      14	      10	       7	       8	       9	      13
      43	351	405	    0.22	          3	            0	           29	       6	       6	       7	       9	       8	      10	       9	       7	       6
      44	416	 58	    0.25	          3	            0	           13	       6	       5	       7	       8	       8	       6	       5	       7	      10
      45	434	 78	    0.19	          4	            0	           73	       6	       7	       9	      12	      11	       9	       6	       6	       9
      46	333	155	    0.13	          6	            0	           33	       4	       3	       5	       7	       6	       5	       4	       4	       5
      47	412	322	    0.22	          2	            0	           37	       4	       4	       5	       7	       4	       3	       4	       5	       4
      48	 74	324	    0.14	          2	            0	           37	       4	       4	       4	       6	       8	       6	       5	       4	       4
      49	 55	438	    0.18	          1	            0	           37	       6	       5	       6	       8	       9	       8	       6	       6	       4
      50	312	433	    0.11	         12	            0	           60	       6	       6	       9	      13	      11	       7	       6	      11	      11
      51	142	 15	    0.22	          5	            0	           45	       7	       5	       6	       9	      10	       8	       6	       5	       6
      52	211	201	    0.29	          4	            0	           11	       4	       4	       4	       4	       6	       5	       5	       4	       3
      53	447	462	    0.21	          4	            0	           22	       4	       6	       7	       8	       9	       9	       7	       5	       4
      54	 44	 17	    0.19	          5	            0	           29	       7	       6	       8	      11	       9	       7	       6	       7	      10
      55	 64	492	     0.3	          5	            0	           30	       4	       4	       6	       7	       6	       6	       4	       4	       5
      56	 74	185	    0.23	          5	            0	           28	       5	       4	       8	       8	       8	       6	       4	       6	       8
      57	414	 94	    0.17	          4	            0	           30	       3	       4	       5	       6	       5	       5	       3	       4	       6
      58	338	  8	    0.14	          1	            0	           48	       6	       7	      10	      13	       8	       7	       6	       7	      11
      59	340	239	    0.29	          8	            0	           57	       7	       7	      12	      11	       9	       8	       8	      11	      11
      60	390	176	    0.15	          4	            0	           23	       4	       3	       4	       6	       6	       5	       4	       4	       6
      61	184	405	    0.17	          7	            0	           13	       4	       4	       5	       7	       6	       4	       4	       4	       6
      62	169	 29	    0.28	          6	            0	           11	       4	       4	       4	       5	       5	       3	       3	       5	       6
      63	163	384	    0.19	          4	            0	           17	       4	       5	       5	       8	       7	       5	       4	       5	       7
      64	261	365	    0.04	          2	            0	           25	       4	       5	       8	      10	       7	       5	       5	       6	       7
      65	181	 76	     0.3	          3	            0	           12	       5	       5	       6	       8	       8	       5	       5	       6	       6
      66	265	431	    0.05	          3	            0	           29	       7	       8	      11	      13	      13	       7	       7	       8	       9
      67	338	409	    0.26	          6	            0	           58	       6	       5	       9	       9	      11	       8	       7	       7	       7
      68	409	 51	    0.18	          6	            0	           38	       6	       7	      10	      10	      10	       8	       5	       9	      12
      69	 34	487	    0.06	          4	            0	           19	       3	       3	       5	       7	       6	       4	       4	       5	       5
      70	410	153	    0.13	          3	            0	           27	       5	       5	       5	       7	       9	       9	       9	       7	       5
      71	475	 10	    0.25	          7	            0	           56	       5	       5	       6	       8	       9	       5	       5	       5	       8
      72	245	 13	    0.05	          8	            0	           60	       7	       5	       8	      10	      10	       6	       7	      11	      10
      73	304	410	    0.08	          6	            0	           23	       3	       4	       5	       5	       6	       3	       4	       4	       5
      74	500	208	    0.12	         12	            0	           65	       7	       7	      10	      14	      11	      10	       7	       8	      12
      75	339	 26	     0.1	          6	            0	           19	       4	       3	       6	       6	       5	       4	       3	       5	       5
      76	106	 71	    0.09	          5	            0	           17	       6	       6	       9	      12	       9	       8	       9	      13	      11
      77	271	270	    0.26	          3	            0	           14	       3	       3	       6	       6	       5	       3	       3	       5	       6
      78	484	 51	    0.04	         14	            0	           18	       6	       8	       8	       9	      11	      10	       8	       7	       7
      79	 64	237	    0.07	          6	            0	           26	       4	       3	       4	       6	       5	       5	       3	       4	       4
      80	337	 63	    0.26	          2	            0	           17	       6	       8	       9	      10	      13	       9	       7	       7	      10
      81	311	466	    0.12	          8	            0	           40	       7	       6	      11	      14	      10	       6	       7	      12	      14
      82	427	394	    0.26	         10	            0	           26	       6	       5	       8	      10	      10	       9	       7	       7	       6
      83	 98	 48	    0.07	          4	            0	           50	       7	       5	       9	      10	       8	       6	       6	       9	       9
      84	 93	250	    0.15	         16	            0	           61	       8	       8	       8	      13	      13	      11	       7	       7	       9
      85	372	445	    0.15	          3	            0	           26	       6	       5	       7	       9	       9	       6	       5	       5	       4
      86	 66	 14	    0.24	         11	            0	           61	       5	       6	       7	      12	      11	       9	       6	       6	       8
      87	157	468	    0.13	          2	            0	           31	       5	       5	       6	       9	       7	       6	       5	       7	       9
      88	155	440	    0.09	          9	            0	           72	       6	       7	       7	      10	      10	      14	      11	      10	       6
      89	490	199	    0.29	          7	            0	           15	       6	       6	       8	       9	      11	       8	       6	       6	       8
      90	103	436	    0.28	          5	            0	           32	       4	       3	       6	       6	       8	       6	       4	       4	       4
      91	493	405	    0.18	          3	            0	           41	       4	       5	       8	       9	       5	       4	       6	       7	       7
      92	106	 48	     0.1	          5	            0	           21	       4	       4	       4	       5	       6	       7	       5	       5	       4
      93	481	238	    0.09	          8	            0	           16	       5	       4	       6	       7	       7	       7	       5	       4	       7
      94	 30	452	    0.17	          6	            0	           46	       5	       4	       5	       5	       6	       6	       6	       5	       4
      95	480	383	    0.28	          7	            0	           52	       4	       4	       7	       8	       8	       4	       5	       6	       8
      96	 45	424	     0.3	          2	            0	           77	       7	       6	       7	       9	      13	      12	      11	       7	       6
      97	130	492	    0.28	          6	            0	           26	       4	       5	       5	       7	       6	       6	       5	       4	       4
      98	355	235	     0.1	          6	            0	           26	       3	       3	       4	       5	       5	       6	       5	       4	       3
      99	135	185	     0.3	          8	            0	           37	       4	       4	       4	       5	       6	       7	       6	       6	       5
     100	365	213	    0.12	         12	            0	           41	       7	       6	      10	      11	       9	       8	       6	       9	      13
COST_MATRIX 
	  0	  1	  2	  3	  4	  5	  6	  7	  8	  9	 10	 11	 12	 13	 14	 15	 16	 17	 18	 19	 20	 21	 22	 23	 24	 25	 26	 27	 28	 29	 30	 31	 32	 33	 34	 35	 36	 37	 38	 39	 40	 41	 42	 43	 44	 45	 46	 47	 48	 49	 50	 51	 52	 53	 54	 55	 56	 57	 58	 59	 60	 61	 62	 63	 64	 65	 66	 67	 68	 69	 70	 71	 72	 73	 74	 75	 76	 77	 78	 79	 80	 81	 82	 83	 84	 85	 86	 87	 88	 89	 90	 91	 92	 93	 94	 95	 96	 97	 98	 99	100
  0
  1	184
  2	 74	171
  3	205	123	233
  4	 64	137	107	142
  5	125	 60	119	128	 81
  6	144	 45	126	140	105	 25
  7	190	 16	182	109	139	 67	 57
  8	236	115	254	 43	173	140	145	 99
  9	 33	169	 96	175	 36	111	133	172	208
 10	130	178	188	114	 83	140	164	173	156	 98
 11	183	147	224	 43	122	134	152	135	 85	152	 75
 12	115	119	153	 91	 52	 81	104	115	125	 85	 61	 72
 13	180	 37	152	158	144	 63	 39	 53	152	171	199	178	139
 14	113	167	170	116	 65	125	149	163	156	 81	 19	 81	 48	185
 15	196	 22	175	142	153	 73	 52	 34	131	183	198	167	139	 26	186
 16	166	 53	134	167	136	 58	 34	 68	166	160	198	184	138	 20	183	 46
 17	 51	135	 65	173	 44	 76	 94	142	198	 48	127	160	 89	130	109	146	117
 18	126	255	199	207	125	204	229	253	249	109	 93	167	139	267	 95	273	260	156
 19	133	 62	141	 98	 78	 31	 49	 62	114	112	119	105	 59	 81	106	 81	 82	 88	193
 20	222	 43	213	114	170	 99	 87	 33	 93	204	196	148	142	 73	188	 48	 92	174	280	 92
 21	232	131	257	 28	168	147	156	116	 25	202	140	 67	118	168	143	149	180	198	233	119	114
 22	100	203	 38	271	143	154	159	215	291	127	223	261	190	181	205	205	162	101	223	178	246	295
 23	 52	156	 30	207	 78	100	112	165	231	 68	159	196	125	143	141	163	127	 36	174	119	197	232	 66
 24	 54	131	 67	169	 42	 72	 90	138	194	 49	125	157	 86	127	107	142	114	  5	157	 84	170	194	105	 39
 25	 77	108	 89	145	 38	 50	 71	114	169	 62	115	136	 67	109	 98	122	 99	 30	162	 59	146	170	127	 63	 26
 26	 51	212	124	203	 76	155	177	214	240	 45	105	172	115	215	 93	227	204	 90	 75	154	245	230	148	102	 92	106
 27	127	254	200	205	125	204	229	252	247	110	 91	165	138	267	 93	272	260	156	  4	192	279	231	225	176	157	162	 77
 28	179	 22	157	142	138	 57	 35	 38	136	167	188	163	128	 16	175	 18	 32	129	259	 69	 61	152	188	146	125	105	211	259
 29	115	205	183	151	 87	159	184	201	193	 88	 38	113	 86	221	 40	224	217	127	 56	143	227	178	214	155	127	124	 78	 54	212
 30	114	187	 42	265	146	143	144	200	282	137	228	259	189	161	210	186	142	103	239	169	229	287	 27	 70	105	123	164	240	170	224
 31	 63	129	 54	180	 61	 71	 86	137	202	 65	143	172	101	119	125	137	104	 19	174	 90	170	204	 91	 29	 19	 36	107	175	120	145	 89
 32	210	116	235	 11	146	126	137	102	 33	181	123	 54	 96	152	125	136	163	176	216	 97	105	 23	273	210	172	147	210	214	136	161	266	182
 33	175	 35	175	 89	119	 57	 57	 26	 88	154	148	112	 91	 69	138	 56	 80	128	230	 42	 51	101	211	156	124	 99	195	229	 54	177	198	127	 84
 34	179	103	206	 28	116	101	115	 91	 59	150	101	 45	 66	136	 99	124	144	145	193	 71	104	 53	243	180	142	117	181	191	121	137	237	153	 31	 68
 35	177	  8	164	124	131	 53	 38	 21	119	162	175	146	115	 35	163	 24	 48	128	250	 57	 50	134	196	149	124	102	206	249	 19	200	180	122	118	 36	103
 36	181	102	207	 28	118	101	115	 90	 57	152	103	 46	 68	136	101	123	144	147	195	 71	103	 52	244	181	143	119	183	193	120	139	238	154	 30	 68	  3	102
 37	131	145	179	 86	 73	112	135	139	126	 99	 34	 54	 32	168	 31	166	169	115	124	 88	162	114	215	150	113	 97	119	122	156	 68	217	129	 95	114	 69	142	 71
 38	163	 22	152	119	116	 38	 27	 30	120	147	162	138	102	 41	149	 38	 49	113	235	 43	 62	133	185	136	109	 87	190	234	 27	186	171	108	115	 32	 97	 16	 96	130
 39	131	222	200	161	107	178	203	218	204	105	 49	121	103	240	 56	242	236	146	 48	161	243	187	230	173	146	144	 90	 46	230	 20	241	164	171	194	150	218	152	 82	204
 40	199	 37	197	 92	144	 80	 74	 21	 79	179	167	122	113	 74	159	 53	 89	152	252	 67	 29	 97	231	179	148	123	219	250	 58	198	217	150	 84	 25	 78	 42	 76	133	 47	214
 41	187	  5	172	127	141	 63	 46	 19	118	172	183	151	124	 35	171	 17	 51	138	259	 67	 43	135	204	158	134	112	216	258	 20	209	187	131	120	 40	108	 10	107	150	 26	227	 40
 42	217	 52	187	171	179	 99	 75	 63	156	208	229	198	169	 38	216	 31	 54	167	301	111	 66	176	213	180	164	146	252	301	 43	253	192	156	164	 87	154	 55	153	197	 68	272	 80	 48
 43	183	 20	162	142	141	 61	 39	 36	135	171	190	164	131	 18	178	 14	 35	133	263	 72	 57	151	192	150	129	109	215	262	  5	215	174	124	136	 54	121	 19	121	159	 29	233	 57	 17	 39
 44	 80	186	 17	249	120	135	142	198	271	106	201	239	168	167	183	190	148	 79	205	158	229	273	 23	 44	 82	105	130	206	173	193	 35	 69	251	192	222	179	223	193	168	210	213	188	201	177
 45	 90	180	 18	249	125	131	136	192	268	113	206	241	170	158	188	182	139	 82	215	155	222	272	 24	 48	 85	105	140	217	165	200	 24	 70	250	187	221	173	222	196	162	218	208	181	191	169	 14
 46	 65	131	 48	186	 66	 74	 88	140	207	 69	149	177	107	120	131	139	105	 24	178	 94	172	210	 86	 26	 25	 42	110	179	121	150	 83	  6	187	131	158	124	159	135	111	169	154	133	157	126	 64	 64
 47	156	 68	119	178	131	 60	 40	 84	180	153	199	191	140	 37	183	 63	 18	108	256	 88	109	193	145	114	105	 94	197	256	 48	215	125	 94	174	 93	154	 63	153	172	 61	234	104	 67	 69	 52	133	123	 93
 48	164	128	202	 46	102	112	131	119	 87	133	 70	 23	 51	158	 71	149	163	139	163	 83	135	 73	239	174	135	114	158	161	144	107	237	149	 55	 94	 33	127	 35	 41	118	118	108	133	180	145	217	219	155	170
 49	218	130	247	 14	155	139	150	116	 36	188	125	 51	104	166	128	149	177	186	218	110	118	 16	284	221	182	158	216	215	150	162	278	194	 14	 97	 42	132	 40	 98	129	171	 97	134	177	149	263	262	199	188	 58
 50	193	 10	179	122	145	 69	 54	 14	112	177	184	149	125	 42	173	 21	 59	144	262	 69	 35	129	211	165	140	117	220	261	 27	211	195	138	116	 38	105	 17	104	151	 31	228	 33	  8	 50	 25	195	188	140	 75	131	129
 51	 61	218	134	204	 82	161	185	220	242	 53	102	172	118	223	 92	234	212	 99	 66	159	251	231	157	111	101	114	 10	 68	218	 73	173	116	211	200	183	212	185	119	197	 84	224	222	259	222	139	150	119	205	159	216	226
 52	 78	119	111	129	 19	 65	 89	121	158	 54	 87	114	 43	128	 70	135	121	 47	140	 60	152	155	148	 82	 44	 29	 94	140	121	 98	148	 60	133	101	102	113	104	 70	 98	117	126	123	163	124	125	128	 66	118	 93	142	127	100
 53	226	 72	190	191	193	112	 88	 83	176	219	246	217	186	 49	233	 50	 60	177	316	128	 85	196	214	186	174	158	264	316	 59	269	191	164	184	106	174	 73	173	214	 85	288	100	 67	 21	 56	203	193	164	 73	199	197	 70	271	176
 54	108	241	181	200	109	189	213	240	241	 92	 87	162	127	252	 85	259	244	139	 18	179	267	227	206	157	140	146	 59	 19	244	 50	221	157	209	217	184	235	186	115	221	 48	239	245	286	248	188	198	161	239	155	211	248	 50	125	301
 55	241	131	264	 39	178	151	158	115	 18	212	152	 79	128	168	155	148	181	205	245	124	110	 13	301	239	202	177	241	243	152	190	293	211	 32	102	 62	134	 61	125	134	199	 95	134	173	150	280	278	216	194	 85	 28	128	242	164	193	238
 56	114	166	170	116	 65	125	149	162	156	 82	 19	 80	 48	185	  1	186	183	109	 95	106	187	143	205	141	107	 97	 93	 94	175	 40	210	125	124	138	 99	162	101	 30	149	 56	159	171	216	177	183	188	131	183	 70	127	172	 92	 69	233	 86	154
 57	 82	169	  9	236	112	119	125	180	256	103	195	228	157	149	176	172	130	 70	207	143	212	259	 36	 36	 72	 92	133	208	155	190	 34	 57	237	175	208	162	209	184	151	208	196	170	183	159	 19	 13	 51	115	206	249	178	142	115	185	189	266	176
 58	 47	204	 50	244	105	147	161	213	272	 78	176	226	156	192	159	212	176	 75	164	163	246	270	 61	 50	 79	105	 90	166	195	161	 81	 76	248	202	218	197	219	176	184	176	226	207	229	199	 47	 60	 74	162	206	258	213	 99	116	234	148	279	159	 58
 59	103	 90	 82	162	 79	 38	 46	100	177	 98	153	163	100	 78	136	 97	 64	 53	202	 65	132	183	117	 67	 50	 41	142	202	 79	165	106	 42	162	 94	134	 82	135	131	 70	184	115	 91	115	 84	 99	 94	 43	 55	140	174	 99	150	 68	124	186	188	136	 82	116
 60	 91	126	 46	201	 95	 78	 82	138	217	100	177	198	130	107	159	129	 89	 54	208	104	169	222	 78	 42	 54	 64	139	209	112	180	 66	 36	201	134	173	119	174	160	108	199	154	127	142	117	 61	 54	 31	 74	175	213	135	148	 91	146	191	228	159	 43	 88	 41
 61	181	 65	193	 58	120	 78	 85	 53	 63	156	130	 84	 81	100	124	 86	110	139	218	 52	 67	 72	229	170	135	109	193	216	 84	163	220	142	 53	 31	 39	 66	 38	 97	 62	178	 39	 69	115	 84	209	206	146	122	 69	 67	 66	197	103	135	207	 75	123	194	213	114	155
 62	 46	206	119	200	 71	149	172	209	236	 39	104	170	112	210	 91	221	199	 84	 80	149	240	228	144	 96	 87	101	  7	 82	205	 80	159	101	207	190	177	200	179	117	185	 92	214	210	246	209	125	135	104	191	155	213	215	 16	 89	258	 63	238	 92	127	 86	136	133	189
 63	173	 77	191	 50	111	 79	 90	 66	 65	147	116	 70	 68	110	110	 98	119	134	204	 51	 82	 68	228	166	130	104	182	203	 95	149	219	138	 48	 42	 27	 77	 26	 82	 71	164	 54	 82	128	 95	207	205	143	129	 54	 61	 79	185	 95	148	193	 74	109	192	208	115	154	 15	178
 64	157	 37	156	100	104	 38	 41	 35	105	138	142	116	 83	 62	131	 57	 69	110	219	 27	 66	115	191	136	106	 81	180	218	 48	169	179	108	 96	 20	 76	 33	 75	110	 22	186	 43	 41	 87	 50	172	168	112	 79	 96	110	 43	185	 86	105	206	118	130	156	183	 75	115	 44	175	 50
 65	 40	182	110	179	 47	125	148	185	214	 17	 92	152	 90	186	 77	198	176	 65	 92	124	216	207	139	 83	 66	 78	 30	 93	182	 76	151	 82	185	166	156	176	157	 99	161	 92	190	186	223	186	118	127	 86	169	136	192	191	 37	 65	235	 75	217	 77	117	 86	114	116	165	 25	155	150
 66	190	 26	186	 99	137	 69	 62	 11	 90	171	166	126	110	 63	157	 44	 77	142	248	 59	 34	106	220	168	138	114	212	247	 47	196	205	139	 92	 19	 82	 30	 81	132	 35	212	 13	 29	 73	 45	202	196	143	 92	110	106	 24	217	119	 93	235	106	156	185	215	104	142	 43	207	 57	 34	183
 67	184	 13	165	135	140	 60	 41	 29	128	170	186	158	127	 25	174	 14	 41	133	260	 68	 52	144	196	152	130	109	214	259	 10	211	178	126	129	 47	115	 13	114	154	 26	229	 50	 11	 43	  7	180	173	128	 58	139	143	 18	221	122	 61	246	144	174	163	201	 86	120	 78	208	 89	 45	185	 39
 68	 77	189	 19	250	119	137	144	200	272	103	199	238	167	170	181	193	152	 78	201	159	231	274	 25	 43	 82	105	126	202	175	190	 40	 70	252	193	222	182	223	192	170	207	215	190	205	180	  5	 19	 65	136	217	263	198	135	125	207	184	280	181	 22	 42	101	 64	210	121	208	174	115	204	183
 69	245	145	272	 41	182	162	170	129	 33	215	149	 75	131	181	153	162	194	212	241	133	125	 15	309	246	208	184	242	239	165	187	302	219	 37	115	 67	147	 66	124	147	194	109	148	188	164	288	287	224	207	 84	 27	142	243	169	207	236	 16	153	274	284	197	237	 86	239	 83	129	219	119	157	288
 70	 92	140	 34	216	105	 93	 96	152	232	105	187	212	143	119	169	142	101	 62	213	119	183	237	 63	 41	 63	 76	142	214	126	188	 50	 45	216	149	188	133	188	172	123	207	169	141	154	130	 48	 40	 39	 85	189	228	149	151	103	156	196	243	169	 30	 81	 56	 16	170	136	170	130	121	157	133	 52	252
 71	112	219	 54	287	158	170	175	231	308	140	237	277	206	196	219	220	176	117	233	194	261	311	 17	 82	120	143	158	235	203	226	 37	107	289	227	259	212	260	230	201	242	248	219	228	208	 39	 40	102	160	255	300	227	167	163	227	216	317	219	 52	 69	133	 94	246	154	244	208	151	236	211	 39	325	 79
 72	 21	204	 86	220	 80	145	165	210	252	 45	137	195	130	201	121	216	187	 71	118	153	242	247	106	 68	 75	 97	 43	120	199	117	124	 83	225	194	195	198	197	143	183	131	219	208	238	204	 89	100	 84	176	178	233	213	 52	 96	247	101	257	122	 94	 47	123	110	199	 39	190	177	 45	210	204	 85	260	109	116
 73	181	  6	169	118	133	 57	 44	 14	112	165	173	142	114	 41	162	 27	 55	132	250	 58	 44	127	202	154	128	105	208	249	 25	200	186	126	112	 30	 98	  8	 98	140	 19	217	 35	 10	 58	 24	185	179	129	 70	123	126	 13	214	115	 77	236	127	161	168	202	 88	125	 61	203	 72	 32	178	 23	 18	188	141	140	218	201
 74	145	140	 80	240	151	112	103	155	247	157	232	244	181	109	214	134	 89	111	265	142	181	258	 89	 94	111	117	195	266	120	237	 64	 93	238	160	213	134	213	212	129	256	175	139	134	124	 86	 73	 88	 73	221	251	147	204	145	130	248	261	214	 72	129	 82	 58	187	189	191	143	173	162	130	 91	272	 53	100	161	141
 75	 44	195	 43	237	 98	138	152	204	264	 74	172	220	150	183	155	203	167	 67	165	155	237	263	 59	 41	 71	 97	 90	167	186	158	 77	 68	241	193	210	188	212	170	175	174	217	198	220	190	 42	 55	 65	153	200	251	204	 99	109	225	148	271	155	 51	 10	107	 80	205	 86	200	174	 83	206	192	 38	277	 73	 69	 48	193	122
 76	 77	201	147	173	 68	148	173	201	213	 53	 69	140	 92	211	 59	219	203	 99	 58	140	230	201	176	121	100	105	 37	 58	204	 42	188	117	181	179	154	196	156	 88	181	 56	202	205	246	208	156	165	122	198	128	186	209	 34	 84	260	 42	212	 60	155	121	145	152	172	 38	160	167	 38	197	205	152	212	158	188	 76	197	209	119
 77	110	 76	113	125	 63	 19	 44	 81	142	 93	124	125	 66	 82	108	 91	 76	 62	186	 29	113	147	149	 90	 58	 34	137	185	 75	141	141	 62	125	 67	 97	 70	 98	 97	 54	160	 91	 80	117	 79	129	126	 66	 76	103	137	 85	143	 46	131	170	152	108	114	136	 38	 76	 81	131	 79	 48	107	 81	 78	130	161	 91	166	130	 72	119	127	130
 78	114	202	 46	277	153	156	158	215	295	140	234	269	198	177	216	202	158	110	238	182	244	299	 17	 76	113	133	163	240	185	227	 17	 98	277	212	249	195	249	225	185	244	232	202	208	190	 35	 29	 92	141	247	289	210	172	156	207	221	305	216	 42	 77	119	 79	233	158	232	193	153	220	194	 38	314	 64	 21	122	201	 79	 74	190	153
 79	134	154	184	 90	 78	120	143	147	131	102	 27	 54	 40	177	 27	174	177	121	119	 96	169	117	220	155	118	103	119	117	165	 63	223	135	 98	122	 75	150	 77	  9	138	 76	141	158	205	167	198	202	141	180	 44	101	159	118	 76	223	111	128	 27	190	179	139	166	104	117	 89	118	100	140	162	196	126	179	235	144	148	219	174	 86	105	230
 80	 41	177	 34	222	 85	120	134	186	247	 66	163	207	136	165	145	185	149	 50	166	137	218	247	 61	 22	 54	 79	 91	168	167	153	 73	 49	225	175	194	170	196	158	156	170	199	179	202	172	 40	 50	 47	135	186	235	186	101	 94	207	149	255	145	 42	 28	 89	 63	188	 86	183	156	 79	188	174	 37	261	 58	 74	 53	175	110	 19	116	109	 74	162
 81	209	 26	196	124	160	 85	 70	 23	108	193	195	154	138	 53	185	 27	 72	160	275	 83	 21	128	227	181	156	133	235	274	 41	223	210	154	116	 47	110	 33	109	161	 47	240	 33	 24	 49	 37	211	204	156	 88	139	129	 17	241	142	 69	262	125	184	193	230	115	151	 71	230	 85	 57	206	 29	 32	214	139	165	243	229	 29	160	221	223	101	225	169	202
 82	191	 58	155	180	161	 82	 57	 74	173	186	220	200	160	 23	206	 42	 26	142	285	103	 89	189	180	150	139	125	230	285	 39	241	158	129	174	 92	159	 57	158	190	 63	259	 94	 55	 35	 39	169	159	129	 37	180	188	 61	238	145	 36	269	188	206	151	199	 89	111	122	224	133	 85	202	 84	 46	172	202	121	194	212	 63	100	190	228	100	174	198	172	 69
 83	 80	213	152	185	 79	160	184	213	224	 61	 78	150	104	222	 70	230	214	107	 49	152	242	212	179	127	108	115	 34	 50	216	 46	193	125	193	191	166	208	168	 99	193	 56	215	217	258	219	160	169	130	209	139	197	221	 28	 96	271	 32	223	 70	160	122	155	160	184	 37	172	179	 44	209	217	156	222	165	190	 76	209	217	122	 13	141	194	 97	120	235	239
 84	129	138	174	 84	 69	104	127	132	123	 97	 41	 55	 25	161	 35	158	161	110	129	 80	155	111	211	145	107	 90	120	128	149	 74	212	124	 92	107	 65	135	 67	  8	122	 88	127	143	189	151	188	191	130	164	 39	 96	143	121	 64	207	120	122	 34	179	173	124	154	 90	117	 76	102	 98	125	147	187	123	166	226	141	133	205	167	 90	 90	220	 16	154	154	182	102
 85	205	 34	181	153	164	 83	 62	 45	140	194	211	179	151	 29	199	 13	 48	155	285	 93	 52	158	209	171	151	132	238	284	 27	236	190	146	146	 68	135	 37	134	178	 50	254	 63	 29	 19	 23	195	187	147	 65	161	159	 31	244	147	 39	270	156	198	177	220	105	135	 97	232	109	 69	208	 54	 25	198	171	148	224	226	 39	135	211	230	102	205	186	192	 33	 38	242	171
 86	 98	236	171	201	102	183	207	236	242	 83	 90	164	124	246	 86	253	237	130	 28	175	264	228	195	147	131	139	 48	 30	239	 53	211	148	210	213	184	231	186	116	216	 55	236	240	281	242	177	187	151	232	156	213	243	 39	119	295	 12	240	 86	179	137	178	182	205	 53	192	201	 66	232	240	173	238	186	205	 90	232	238	137	 35	164	210	112	138	258	263	 24	119	265
 87	214	 83	227	 52	153	110	113	 67	 33	189	152	 91	110	120	148	100	134	173	243	 86	 64	 51	263	204	169	144	224	241	104	187	252	176	 42	 56	 51	 86	 49	119	 88	200	 47	 86	126	102	243	240	180	147	 84	 54	 80	227	137	146	233	 49	148	227	248	147	187	 35	220	 43	 74	197	 58	 96	244	 63	203	279	232	 80	216	240	201	115	265	125	222	 78	140	213	114	109	232
 88	201	 80	215	 45	140	100	106	 66	 40	175	139	 80	 96	117	135	 99	129	161	229	 75	 70	 52	252	192	157	131	210	227	101	174	242	164	 37	 50	 39	 83	 37	106	 82	187	 47	 84	127	100	232	229	169	142	 71	 51	 79	213	123	147	219	 53	134	217	235	137	177	 23	206	 29	 65	183	 56	 93	233	 65	192	269	219	 76	208	227	187	103	255	112	210	 80	138	199	100	109	218	 15
 89	138	140	 73	237	145	110	102	155	246	150	227	240	176	110	209	135	 90	105	259	140	181	256	 84	 87	105	112	188	260	121	231	 59	 87	235	159	210	134	210	207	128	250	174	140	137	125	 80	 67	 82	 73	218	249	148	197	140	134	241	259	209	 65	123	 78	 52	185	182	188	142	167	162	130	 85	270	 47	 95	154	141	  7	115	203	116	 75	214	103	161	103	211	201	137	232	215	207
 90	207	106	230	 20	144	119	128	 92	 30	179	128	 61	 96	142	127	125	153	171	220	 90	 95	 29	267	205	167	143	210	218	126	164	259	177	 11	 74	 30	108	 28	 97	105	176	 73	110	153	125	246	244	182	165	 58	 25	105	212	130	173	212	 35	127	232	245	155	194	 44	207	 40	 87	185	 82	119	246	 43	209	283	224	102	229	237	183	119	271	102	221	106	164	195	 94	135	212	 32	 27	227
 91	213	 91	167	213	189	113	 89	105	203	211	252	234	192	 57	237	 72	 55	165	313	135	115	221	186	168	163	152	255	313	 72	271	162	150	206	125	192	 90	191	223	 97	290	125	 87	 51	 72	178	167	149	 58	214	220	 92	263	175	 37	297	219	237	161	214	113	126	155	249	166	118	227	115	 78	182	234	133	198	232	 95	 99	205	256	130	178	231	188	 96	 34	267	215	 64	290	171	170	104	196
 92	 76	211	148	185	 77	157	181	211	224	 57	 79	151	103	220	 70	228	211	104	 52	150	241	212	175	123	105	113	 31	 53	213	 49	189	122	193	190	166	206	168	 99	191	 60	213	215	255	217	156	165	126	206	139	197	219	 25	 93	269	 35	223	 71	156	118	152	156	183	 33	171	177	 41	208	215	152	223	161	186	 72	207	213	118	 12	139	190	 97	116	233	236	  5	102	239	 27	212	198	207	195	264
 93	146	123	 87	225	145	 98	 87	138	231	154	223	231	170	 91	206	117	 72	107	263	128	163	242	102	 96	107	109	194	263	103	231	 78	 89	222	144	198	117	199	202	112	251	158	122	117	106	 96	 84	 85	 55	208	236	130	203	137	114	245	245	206	 80	136	 71	 56	171	188	175	128	171	145	112	101	256	 56	115	164	124	 18	128	206	107	 94	209	114	143	 83	214	195	117	236	199	192	 21	214	 84	211
 94	230	143	260	 27	167	154	164	128	 41	200	132	 57	116	179	136	162	191	200	224	124	128	 16	298	234	196	172	226	221	163	169	292	207	 28	111	 55	145	 54	107	143	177	110	147	189	163	276	276	213	202	 68	 15	142	226	155	209	218	 27	136	263	271	189	227	 81	223	 75	124	203	118	156	276	 18	242	314	245	139	265	264	195	152	303	109	248	141	201	205	106	172	220	 65	 63	263	 38	233	206	250
 95	200	 86	154	207	177	102	 78	101	200	198	242	226	182	 50	227	 69	 45	153	301	126	114	216	174	155	150	140	242	301	 65	260	151	138	201	118	185	 83	185	213	 89	279	121	 82	 53	 66	166	155	136	 46	206	215	 88	250	163	 43	285	216	226	149	201	101	113	149	236	159	110	215	111	 73	170	229	121	187	220	 90	 89	192	244	119	167	221	176	 95	 28	255	205	 63	278	167	165	 93	191	 13	252	 73	228
 96	215	135	245	 13	152	140	153	121	 45	184	118	 44	100	170	121	154	180	184	210	111	124	 24	283	219	180	157	210	208	154	155	277	192	 19	101	 41	136	 40	 92	132	164	103	139	182	154	261	261	198	191	 53	  9	134	211	140	202	204	 36	121	248	255	175	213	 71	208	 63	112	187	111	147	261	 32	228	299	229	130	252	248	180	137	289	 94	233	135	192	190	 91	164	206	 61	 56	250	 30	225	191	238	 16	219
 97	229	100	244	 50	167	128	131	 84	 17	203	158	 92	122	137	157	116	151	190	251	103	 77	 39	280	221	186	160	236	249	121	195	270	193	 39	 74	 58	104	 56	127	105	207	 63	103	140	119	260	257	197	165	 89	 47	 96	239	152	160	242	 34	157	245	264	165	205	 52	233	 57	 92	210	 75	112	261	 49	220	297	247	 97	234	256	211	132	283	132	239	 92	157	223	123	124	242	 19	 29	233	 32	187	223	217	 54	184	 55
 98	104	 93	 78	169	 84	 44	 49	104	183	102	161	171	107	 79	143	 99	 63	 56	207	 72	136	190	112	 65	 53	 47	145	207	 81	171	 99	 42	169	100	142	 86	143	139	 74	190	120	 95	115	 86	 94	 88	 42	 53	148	182	102	154	 74	123	190	195	143	 77	114	  8	 35	121	139	122	 81	118	108	 88	 96	205	 50	128	124	 92	 74	105	150	 46	113	146	 87	118	 88	159	132	106	182	153	144	 70	162	110	156	 64	196	 97	182	171
 99	 91	146	141	120	 35	 98	123	144	157	 59	 49	 93	 33	161	 31	165	156	 79	109	 84	172	148	177	112	 77	 67	 83	109	151	 61	181	 95	127	121	 98	141	100	 41	127	 80	144	150	194	155	155	159	101	155	 76	133	153	 86	 39	209	 96	158	 31	147	135	106	128	113	 80	101	110	 60	140	152	153	160	139	192	103	141	183	130	 59	 81	187	 45	118	166	180	 71	 39	176	 93	142	128	178	127	211	 71	176	144	199	128	154	113
100	 97	105	 66	180	 85	 56	 61	116	195	 98	164	179	114	 89	147	110	 72	 51	206	 83	147	201	100	 55	 50	 50	141	206	 92	172	 88	 35	179	112	152	 98	153	144	 86	191	132	106	125	 97	 82	 76	 34	 60	156	192	114	150	 78	132	189	206	147	 65	104	 19	 23	132	135	133	 93	115	120	 99	 84	215	 38	116	117	104	 68	 95	148	 55	101	151	 77	130	 96	157	138	117	180	165	155	 63	173	116	154	 60	206	103	192	183	 13	116
