nVehicles:  10
nDepots:     1
nCustomers: 50
nPeriods:    9
VEHICLE_TYPE	FLEET_SIZE	CAPACITY
           4	        10	      38	
DEPOT   	X  	Y  	INV_COST	INITIAL_INV 	MIN_LEVEL_INV 	MAX_LEVEL_INV	PRODUCTION_0	PRODUCTION_1	PRODUCTION_2	PRODUCTION_3	PRODUCTION_4	PRODUCTION_5	PRODUCTION_6	PRODUCTION_7	PRODUCTION_8
       0	 10	246	       0	        494	            0	         3130	         352	         352	         352	         352	         352	         352	         352	         352	         352	
CUSTOMER	X  	Y  	INV_COST	INITIAL_INV	MIN_LEVEL_INV 	MAX_LEVEL_INV	DEMAND_0	DEMAND_1	DEMAND_2	DEMAND_3	DEMAND_4	DEMAND_5	DEMAND_6	DEMAND_7	DEMAND_8
       1	107	107	    0.05	          3	            0	           41	       7	       5	       6	       7	       9	      11	       9	       7	       6
       2	109	156	    0.13	          1	            0	           63	       8	       6	       7	       9	      10	       7	       7	       6	       8
       3	257	408	    0.06	          3	            0	           40	       6	       5	       5	       5	       6	       7	       6	       6	       5
       4	 97	 75	     0.3	         12	            0	           17	       8	       6	       7	       8	      10	      10	      10	       8	       5
       5	224	139	    0.23	          1	            0	           36	       8	       6	       7	      10	      10	      10	       9	       6	       6
       6	278	380	    0.27	          4	            0	           30	       7	       7	       7	       9	      11	       9	      10	       6	       7
       7	127	261	    0.08	          2	            0	           13	       8	       6	       5	       8	       8	       6	       6	       6	       8
       8	101	451	     0.1	          9	            0	           24	       8	       6	       8	      10	      12	      10	       7	       7	       9
       9	327	437	    0.09	         10	            0	           30	       5	       5	       4	       4	       5	       7	       7	       6	       6
      10	273	238	    0.29	          2	            0	           70	       8	       6	       6	       8	       9	      10	       9	       8	       7
      11	115	132	     0.2	          9	            0	           46	       7	       5	       5	       8	       8	      10	       7	       7	       5
      12	444	247	    0.28	         13	            0	           47	       8	       6	       5	       8	       7	       6	       5	       6	       9
      13	265	 29	    0.19	         11	            0	           42	       8	       6	       7	       9	       9	       9	       6	       5	      10
      14	109	 81	    0.26	          7	            0	           21	       4	       3	       3	       3	       5	       6	       6	       6	       4
      15	162	180	    0.16	          3	            0	           12	       5	       4	       4	       4	       4	       5	       5	       4	       5
      16	  5	105	     0.2	          8	            0	           24	      10	       7	       7	       9	      10	      10	       8	       7	       7
      17	269	406	    0.21	          2	            0	           21	       7	       5	       6	       7	      10	       6	       6	       6	       8
      18	 40	432	    0.08	          6	            0	           72	       9	       9	       8	       8	      10	      13	      14	      10	      10
      19	348	383	    0.17	          1	            0	           25	       5	       5	       5	       7	       8	       6	       4	       4	       7
      20	123	 63	    0.19	          1	            0	           36	       5	       4	       3	       5	       5	       5	       4	       3	       5
      21	 67	211	    0.04	          4	            0	           12	       4	       4	       4	       4	       5	       6	       5	       5	       4
      22	307	182	    0.02	         18	            0	           46	      11	       8	       6	       8	      10	      11	      12	      10	       8
      23	491	422	     0.1	          1	            0	            8	       5	       4	       4	       4	       5	       6	       5	       4	       3
      24	 37	360	    0.12	          2	            0	           16	       8	       7	       8	      11	      10	       9	       7	       6	      11
      25	211	444	    0.15	          4	            0	           14	       9	       6	       6	       8	       9	       8	       8	       6	       6
      26	484	 94	    0.26	         11	            0	           58	       9	       6	       7	       8	      10	      11	      12	       7	       6
      27	132	436	    0.02	          2	            0	           39	       6	       4	       4	       6	       8	       7	       5	       4	       4
      28	177	281	    0.01	          5	            0	           20	       5	       5	       4	       6	       6	       6	       5	       4	       5
      29	181	 19	    0.23	          7	            0	           61	       8	       5	       6	       9	       8	       8	       7	       5	       7
      30	347	391	    0.28	         13	            0	           37	       8	       5	       6	       8	      10	      10	       7	       5	       5
      31	 73	 85	    0.12	          3	            0	           37	       5	       3	       4	       5	       5	       5	       3	       4	       4
      32	146	331	    0.14	         10	            0	           66	      10	       8	       8	      10	      12	      12	       6	       7	       8
      33	327	286	    0.02	         10	            0	           50	       9	       7	       7	      12	      14	       9	       6	       7	       9
      34	 79	 78	    0.19	          2	            0	           18	       4	       4	       4	       3	       6	       5	       5	       5	       4
      35	337	209	    0.22	          5	            0	           20	       4	       3	       4	       4	       4	       6	       6	       5	       4
      36	464	  4	       0	          3	            0	           66	       8	       6	       7	       8	       9	      11	      14	      13	      11
      37	286	 39	    0.21	          9	            0	           64	      10	       5	       6	      11	       9	       7	       6	       6	       9
      38	239	156	    0.11	          5	            0	           31	       6	       5	       6	       8	       8	      10	      10	       6	       5
      39	239	134	    0.02	          2	            0	           18	       8	       7	       7	       8	      11	      11	       9	       6	       6
      40	393	264	    0.23	          4	            0	           29	       9	       5	       6	      10	       9	       7	       5	       7	       9
      41	 23	393	    0.25	          4	            0	           62	       7	       5	       6	       7	       9	      11	       6	       5	       6
      42	404	443	    0.24	          1	            0	           43	      10	       7	       6	       8	      13	       8	       8	       7	       6
      43	309	294	     0.2	          5	            0	           55	       5	       6	       6	       7	       7	       9	       7	       5	       6
      44	 52	389	    0.07	         11	            0	           63	       7	       6	       5	       8	      10	      10	       8	       6	       6
      45	194	104	    0.22	          4	            0	           13	       6	       5	       4	       6	       7	       6	       6	       5	       4
      46	203	195	    0.16	          2	            0	           59	       8	       5	       5	       6	       9	       9	       7	       7	       5
      47	299	 74	    0.11	          6	            0	           53	       9	       6	       6	       7	      11	      11	       9	       7	       6
      48	346	256	    0.07	          6	            0	           25	       8	       7	       6	       7	       7	      10	      10	       9	       7
      49	206	243	    0.22	         13	            0	           70	       9	       8	       7	      10	      12	      11	      12	       9	       8
      50	354	197	    0.21	          6	            0	           74	       8	       6	       7	       9	      10	      11	       8	       9	       6
COST_MATRIX 
	  0	  1	  2	  3	  4	  5	  6	  7	  8	  9	 10	 11	 12	 13	 14	 15	 16	 17	 18	 19	 20	 21	 22	 23	 24	 25	 26	 27	 28	 29	 30	 31	 32	 33	 34	 35	 36	 37	 38	 39	 40	 41	 42	 43	 44	 45	 46	 47	 48	 49	 50
  0
  1	 85
  2	 67	 25
  3	148	169	147
  4	 96	 17	 41	185
  5	120	 61	 59	136	 72
  6	150	162	141	 18	178	124
  7	 59	 78	 54	 99	 95	 78	 97
  8	113	173	148	 81	189	168	 96	 96
  9	186	199	178	 38	215	158	 38	134	114
 10	132	106	 92	 86	120	 56	 72	 74	137	104
 11	 78	 14	 13	156	 30	 55	149	 65	160	186	 96
 12	218	183	174	124	194	123	107	159	200	112	 86	175
 13	168	 89	101	190	 88	 59	176	135	227	207	105	 91	142
 14	 97	 14	 38	180	  7	 65	172	 91	186	209	114	 26	187	 83
 15	 83	 46	 30	124	 62	 38	116	 45	139	153	 63	 34	145	 92	 57
 16	 71	 52	 58	198	 49	111	194	100	180	232	150	 57	231	136	 54	 87
 17	153	171	149	  7	187	136	 14	102	 87	 33	 85	158	119	189	182	126	201
 18	 95	166	143	110	181	173	122	 96	 32	144	152	155	223	231	179	140	165	116
 19	183	184	165	 48	199	137	 36	127	129	 29	 82	172	 84	182	193	138	221	 42	156
 20	108	 24	 48	186	 15	 64	177	100	195	214	116	 35	185	 74	 12	 62	 63	187	190	196
 21	 34	 56	 35	137	 70	 87	136	 40	122	173	104	 47	190	135	 69	 50	 62	141	112	165	 80
 22	152	107	100	116	118	 47	101	 99	170	128	 33	100	 76	 80	112	 73	156	114	183	103	110	121
 23	257	249	233	118	263	195	109	200	196	 83	143	238	 91	227	257	205	291	112	226	 75	258	237	152
 24	 59	132	109	113	146	145	121	 67	 56	151	133	121	212	201	145	110	129	119	 37	156	155	 76	162	230
 25	142	177	153	 30	194	153	 47	101	 56	 59	108	164	153	210	189	135	199	 35	 86	 75	196	137	140	141	 97
 26	249	189	191	194	194	132	177	198	262	189	128	186	 80	115	188	167	240	190	280	160	182	217	 99	165	261	222
 27	113	165	141	 65	182	156	 79	 88	 18	 98	122	153	183	215	178	129	178	 71	 47	112	187	118	155	180	 61	 40	246
 28	 86	 94	 72	 76	111	 75	 71	 27	 94	109	 53	 81	135	134	106	 52	124	 78	102	100	113	 66	 82	173	 81	 84	180	 81
 29	143	 58	 78	199	 51	 64	187	124	220	222	119	 66	175	 43	 48	 82	 98	199	219	201	 37	112	104	255	186	214	157	210	132
 30	184	186	168	 46	202	141	 35	128	127	 26	 85	174	 87	186	196	141	223	 40	155	  5	199	167	107	 74	156	 73	164	110	102	204
 31	 87	 21	 40	186	 14	 81	180	 93	184	218	126	 32	203	101	 19	 66	 36	189	175	203	 28	 64	127	269	139	193	206	178	111	 64	206
 32	 81	114	 90	 68	131	104	 71	 37	 65	105	 79	101	155	163	127	 76	134	 73	 74	105	135	 72	110	179	 57	 66	207	 53	 30	157	105	129
 33	160	142	127	 71	157	 90	 54	101	140	 76	 37	132	 62	133	150	 99	185	 67	162	 50	152	136	 53	107	150	 99	125	124	 76	153	 54	162	 94
 34	 91	 21	 42	188	 10	 79	181	 95	187	219	126	 33	202	 97	 16	 66	 40	190	179	204	 24	 67	126	269	143	195	203	181	113	 59	207	  5	131	162
 35	165	126	118	108	138	 67	 91	109	170	115	 36	118	 57	 97	131	 89	174	105	186	 88	130	136	 21	132	168	134	 94	153	 88	123	 92	146	114	 39	145
 36	258	186	194	227	187	138	210	212	288	228	152	186	122	101	182	175	235	224	302	199	174	224	119	210	278	254	 47	273	200	142	203	200	229	157	197	121
 37	173	 96	107	186	 97	 59	171	137	226	201	100	 98	131	 12	 91	 94	145	184	232	175	 83	140	 73	218	204	206	103	213	133	 54	179	109	162	126	106	 89	 91
 38	124	 71	 66	127	 82	 12	114	 77	163	148	 45	 64	113	 65	 76	 41	120	126	171	126	 75	 91	 37	184	144	145	127	150	 70	 75	130	 91	100	 79	 90	 56	136	 64
 39	128	 68	 66	138	 77	  8	125	 85	173	158	 55	 63	118	 55	 71	 45	118	137	180	136	 69	 95	 42	192	152	156	125	161	 80	 65	140	 87	109	 88	 85	 62	130	 53	 12
 40	192	164	152	100	176	106	 82	134	174	 93	 62	154	 27	134	169	123	210	 95	196	 64	169	166	 60	 93	185	128	 97	157	109	162	 68	184	128	 35	183	 40	135	125	 95	101
 41	 74	150	127	118	164	162	128	 85	 49	154	148	139	223	219	162	128	145	124	 22	163	173	 94	177	235	 18	 98	275	 59	 96	204	163	157	 69	162	160	182	295	221	161	169	196
 42	221	225	206	 76	240	177	 71	166	152	 39	122	213	101	219	234	179	262	 70	183	 42	237	205	140	 45	189	 97	180	137	140	240	 39	244	141	 88	245	122	222	211	166	176	 90	193
 43	152	138	122	 63	153	 89	 46	 93	131	 73	 34	127	 72	135	147	 94	179	 60	152	 49	149	128	 57	112	140	 90	133	114	 67	152	 53	158	 84	 10	158	 45	165	129	 78	 88	 45	152	 89
 44	 75	144	120	103	159	152	114	 75	 40	140	134	133	209	210	157	119	144	109	 23	149	167	 90	165	221	 17	 85	262	 47	 83	196	148	153	 56	147	157	169	282	211	150	159	182	 15	179	137
 45	117	 44	 50	156	 51	 24	145	 86	180	180	 78	 42	145	 52	 45	 42	 95	156	182	160	 41	 84	 69	218	151	171	146	169	 89	 43	163	 62	117	113	 59	 89	144	 57	 35	 28	128	168	200	112	160
 46	100	 66	 51	110	 81	 30	100	 51	138	136	 42	 55	124	 89	 74	 22	109	111	144	119	 78	 69	 53	184	118	125	150	126	 45	 89	122	 86	 74	 77	 86	 68	162	 89	 27	 36	102	134	160	 73	123	 46
 47	169	 98	104	169	102	 50	154	128	213	183	 84	 97	113	 29	 96	 87	148	167	221	157	 89	135	 55	199	194	191	 94	200	121	 66	161	114	150	107	111	 71	 90	 19	 51	 43	106	211	192	111	201	 55	 78
 48	169	141	129	 89	154	 85	 71	110	157	 91	 38	132	 50	121	148	100	187	 85	177	 64	148	142	 42	111	164	116	107	140	 86	145	 68	162	107	 18	161	 24	140	113	 74	 82	 24	176	 98	 27	162	108	 78	 94
 49	 99	 85	 66	 87	101	 53	 78	 41	117	115	 34	 72	120	111	 95	 39	122	 88	126	100	100	 72	 59	169	103	101	158	104	 24	113	103	104	 54	 65	105	 68	176	110	 47	 57	 95	119	141	 58	107	 70	 25	 97	 71
 50	174	132	125	117	143	 72	100	118	180	121	 46	124	 52	 96	136	 97	181	113	197	 94	134	144	 25	132	179	143	 83	164	 98	125	 98	152	124	 47	150	 11	112	 87	 62	 66	 39	193	126	 54	179	 93	 76	 68	 30	 78
