nVehicles:   6
nDepots:     1
nCustomers: 25
nPeriods:    9
VEHICLE_TYPE	FLEET_SIZE	CAPACITY
           4	         6	      38	
DEPOT   	X  	Y  	INV_COST	INITIAL_INV 	MIN_LEVEL_INV 	MAX_LEVEL_INV	PRODUCTION_0	PRODUCTION_1	PRODUCTION_2	PRODUCTION_3	PRODUCTION_4	PRODUCTION_5	PRODUCTION_6	PRODUCTION_7	PRODUCTION_8
       0	125	 46	       0	        228	            0	         1591	         181	         181	         181	         181	         181	         181	         181	         181	         181	
CUSTOMER	X  	Y  	INV_COST	INITIAL_INV	MIN_LEVEL_INV 	MAX_LEVEL_INV	DEMAND_0	DEMAND_1	DEMAND_2	DEMAND_3	DEMAND_4	DEMAND_5	DEMAND_6	DEMAND_7	DEMAND_8
       1	478	406	    0.13	          1	            0	           63	       8	       8	      11	      14	      13	       8	       6	       8	      11
       2	 37	348	    0.07	          3	            0	           49	       4	       6	       6	       9	      10	       9	       7	       5	       5
       3	281	386	    0.29	          6	            0	           55	       6	       5	       9	      10	      10	       9	       7	       8	       5
       4	367	317	    0.14	          6	            0	           19	       3	       4	       6	       6	       5	       4	       3	       4	       5
       5	497	422	    0.11	          2	            0	           65	       7	       5	      10	      10	       9	       9	       9	       8	       7
       6	463	207	    0.18	          1	            0	           46	       5	       6	       7	       9	       7	       5	       5	       9	       9
       7	481	426	     0.2	          6	            0	           40	       5	       4	       7	       8	       7	       8	       5	       5	       6
       8	280	213	    0.05	          5	            0	           47	       5	       8	       8	       9	       7	       7	       7	       9	      10
       9	120	 71	    0.26	          6	            0	           51	       5	       6	       9	      11	       7	       5	       7	      10	      10
      10	108	447	    0.12	          3	            0	           25	       3	       4	       5	       5	       4	       3	       4	       6	       6
      11	213	339	    0.17	          4	            0	           32	       5	       5	       6	       7	       7	       7	       6	       4	       5
      12	491	411	    0.24	          1	            0	           27	       4	       6	       6	       7	       6	       4	       5	       6	       6
      13	434	182	    0.11	          4	            0	           77	       7	       8	       9	      14	      11	      10	       7	       7	       7
      14	296	488	       0	          2	            0	           38	       4	       4	       4	       5	       5	       4	       5	       3	       4
      15	497	236	    0.28	          2	            0	           56	       5	       7	       9	      13	       7	       7	       8	      10	      10
      16	399	312	    0.18	         13	            0	           26	       8	       7	       9	      13	      11	       6	       8	      11	      12
      17	347	 76	    0.04	         13	            0	           34	       6	       7	       8	      11	       8	       6	       7	       8	      10
      18	342	303	    0.01	         11	            0	           63	       6	       7	       9	       8	       7	       7	       6	       9	       8
      19	157	383	     0.1	          5	            0	           21	       7	       8	       7	       8	       9	       8	       7	       6	       6
      20	469	373	       0	          2	            0	           46	       6	       6	      11	      11	       9	       7	       5	       6	       8
      21	317	466	     0.3	          6	            0	           56	       5	       6	       8	       9	      11	       9	       7	       7	       6
      22	244	440	    0.12	          5	            0	           12	       4	       5	       4	       6	       4	       4	       4	       6	       5
      23	112	494	    0.17	          3	            0	           57	       5	       6	       8	       7	       5	       5	       7	       8	       7
      24	 85	242	    0.22	          3	            0	           29	       7	      10	      13	      14	      10	       8	       8	      10	      13
      25	290	411	    0.01	          9	            0	           54	       6	       7	       9	      10	      13	       9	       7	       7	      12
COST_MATRIX 
	  0	  1	  2	  3	  4	  5	  6	  7	  8	  9	 10	 11	 12	 13	 14	 15	 16	 17	 18	 19	 20	 21	 22	 23	 24	 25
  0
  1	253
  2	158	223
  3	188	100	124
  4	182	 72	166	 56
  5	265	 13	233	110	 84
  6	188	100	225	128	 74	109
  7	261	 11	226	102	 79	  9	110
  8	114	139	139	 87	 68	151	 92	147
  9	 13	246	145	177	175	258	185	254	107
 10	201	187	 61	 92	145	195	215	187	146	189
 11	153	137	 89	 42	 78	148	142	141	 72	142	 76
 12	259	  7	230	106	 78	  7	103	 10	145	252	193	144
 13	169	115	216	128	 76	125	 20	125	 79	167	211	136	118
 14	237	100	148	 52	 93	106	164	 98	138	227	 97	 86	105	168
 15	209	 86	237	132	 77	 94	 23	 96	110	206	222	152	 88	 42	162
 16	191	 62	182	 70	 17	 74	 62	 71	 78	185	161	 94	 68	 68	102	 63
 17	113	178	207	159	121	189	 88	188	 77	114	221	148	183	 69	208	110	121
 18	169	 86	155	 52	 15	 98	 78	 93	 55	161	138	 67	 93	 77	 96	 85	 29	114
 19	170	161	 63	 63	111	172	177	164	105	158	 41	 36	168	172	 88	186	127	181	101
 20	238	 18	217	 95	 59	 29	 84	 28	124	231	185	130	 22	 98	104	 70	 47	161	 73	157
 21	231	 86	152	 44	 79	 93	149	 85	128	221	105	 83	 92	154	 16	147	 88	196	 83	 91	 90
 22	206	119	114	 33	 87	127	160	119	115	195	 69	 53	125	161	 36	163	101	190	 85	 53	118	 39
 23	225	189	 83	101	156	196	227	188	164	212	 24	 93	194	225	 93	232	170	240	150	 60	189	104	 72
 24	101	213	 59	122	146	225	190	219	 99	 88	104	 81	220	178	163	207	161	156	133	 80	203	162	127	127
 25	201	 95	131	 14	 61	104	134	 96	100	191	 93	 53	101	136	 39	136	 74	170	 60	 68	 92	 31	 28	 99	133
