nVehicles:  23
nDepots:     1
nCustomers: 25
nPeriods:   12
VEHICLE_TYPE	FLEET_SIZE	CAPACITY
           1	        23	       8	
DEPOT   	X  	Y  	INV_COST	INITIAL_INV 	MIN_LEVEL_INV 	MAX_LEVEL_INV	PRODUCTION_0	PRODUCTION_1	PRODUCTION_2	PRODUCTION_3	PRODUCTION_4	PRODUCTION_5	PRODUCTION_6	PRODUCTION_7	PRODUCTION_8	PRODUCTION_9	PRODUCTION_10	PRODUCTION_11
       0	167	 48	       0	        191	            0	         1924	         161	         161	         161	         161	         161	         161	         161	         161	         161	         161	          161	          161	
CUSTOMER	X  	Y  	INV_COST	INITIAL_INV	MIN_LEVEL_INV 	MAX_LEVEL_INV	DEMAND_0	DEMAND_1	DEMAND_2	DEMAND_3	DEMAND_4	DEMAND_5	DEMAND_6	DEMAND_7	DEMAND_8	DEMAND_9	DEMAND_10	DEMAND_11
       1	279	340	    0.05	          2	            0	           33	       6	       5	       5	       5	       8	       8	       6	       5	       5	       4	        6	        9
       2	285	339	    0.02	          7	            0	           78	       1	       0	       2	       4	       5	       7	       5	       5	       4	       4	        6	        7
       3	290	339	    0.09	          6	            0	           62	       7	       6	       5	       7	       8	       8	       8	       8	       7	       6	        4	        5
       4	278	355	    0.15	          1	            0	           28	       5	       3	       3	       5	       6	       6	       6	       5	       4	       3	        4	        5
       5	278	339	    0.06	         13	            0	           30	       8	       6	       8	      10	      11	       8	       7	       7	       9	      10	        9	        6
       6	263	321	     0.1	          8	            0	           76	       6	       5	       6	       8	       8	      10	       8	       6	       6	       6	        9	       10
       7	255	349	    0.04	          1	            0	           41	       4	       4	       5	       4	       7	       7	       7	       6	       6	       4	        3	        4
       8	298	286	    0.02	          1	            0	           44	       5	       3	       3	       5	       5	       6	       6	       4	       4	       4	        4	        4
       9	296	346	    0.21	          4	            0	          101	       0	       0	       0	       0	       0	       0	       0	       0	       0	       2	        6	       11
      10	280	341	    0.21	          3	            0	           26	       6	       4	       4	       5	       5	       7	       5	       5	       4	       4	        5	        7
      11	277	340	       0	          1	            0	           19	       4	       5	       5	       5	       6	       7	       6	       5	       3	       5	        6	        7
      12	279	339	    0.04	          6	            0	           51	       4	       4	       4	       3	       5	       6	       5	       5	       5	       4	        3	        4
      13	102	 83	    0.11	         12	            0	           32	       6	       6	       6	       7	      10	      10	       8	       8	       5	       5	        7	        7
      14	192	 32	    0.11	          6	            0	           29	       5	       4	       4	       6	       6	       5	       3	       6	       8	       7	        6	        5
      15	312	 99	    0.06	          6	            0	           50	       5	       4	       5	       8	       6	       4	       4	       4	       7	       7	        5	        4
      16	161	 47	    0.17	          6	            0	           33	       5	       2	       3	       3	       5	       7	       8	       7	       6	       4	        5	        5
      17	405	290	    0.26	          2	            0	           13	       4	       4	       3	       4	       5	       5	       4	       4	       4	       4	        4	        6
      18	 69	459	    0.15	          2	            0	           22	       4	       4	       4	       4	       6	       6	       7	       7	       5	       4	        4	        5
      19	128	139	    0.17	         11	            0	           59	       0	       0	       0	       0	       0	       0	       0	       0	       1	       8	        9	        5
      20	228	 80	     0.2	          5	            0	           39	       4	       4	       5	       6	       6	       7	       7	       4	       5	       5	        5	        6
      21	471	278	    0.11	          1	            0	           55	       7	       5	       7	       8	       8	       7	       7	       6	       6	       7	        8	        7
      22	440	456	    0.09	          5	            0	           64	       1	       0	       0	       1	       3	       3	       7	       7	       4	       5	        6	        6
      23	148	444	    0.11	         10	            0	           27	       0	       0	       0	       2	       1	       4	       6	       3	       5	       3	        3	        6
      24	245	125	    0.26	          5	            0	           21	       4	       3	       3	       4	       7	       6	       7	       5	       4	       4	        4	        8
      25	210	198	    0.14	          6	            0	           52	       2	       2	       2	       3	       5	       6	       6	       8	       5	       5	        5	        6
COST_MATRIX 
	  0	  1	  2	  3	  4	  5	  6	  7	  8	  9	 10	 11	 12	 13	 14	 15	 16	 17	 18	 19	 20	 21	 22	 23	 24	 25
  0
  1	157
  2	158	  4
  3	158	  6	  3
  4	164	  8	  9	 11
  5	156	  1	  4	  7	  9
  6	145	 13	 15	 17	 19	 12
  7	157	 13	 16	 19	 12	 13	 15
  8	136	 29	 28	 27	 36	 29	 25	 39
  9	163	 10	  7	  5	 11	 10	 21	 21	 31
 10	158	  1	  3	  6	  8	  2	 14	 14	 29	  9
 11	157	  2	  5	  7	  8	  1	 12	 12	 29	 10	  2
 12	156	  1	  4	  6	  9	  1	 13	 14	 29	 10	  2	  2
 13	 37	157	158	159	162	156	144	154	142	164	157	156	156
 14	 15	161	161	162	168	160	149	162	138	166	161	160	160	 52
 15	 77	122	121	121	130	122	114	129	 94	124	123	122	122	106	 69
 16	  4	158	159	160	165	158	147	159	138	165	159	158	158	 35	 18	 80
 17	170	 68	 65	 63	 72	 69	 73	 81	 54	 62	 68	 69	 68	184	168	107	173
 18	212	121	124	126	117	121	120	109	144	127	121	120	121	189	223	218	212	189
 19	 50	126	128	129	132	126	114	123	113	134	127	126	126	 31	 63	 95	 49	158	163
 20	 35	133	133	134	140	132	122	136	109	138	134	133	132	 64	 31	 44	 38	138	206	 59
 21	191	101	 98	 96	104	102	107	114	 87	 94	101	102	101	209	186	120	194	 34	221	186	157
 22	246	100	 98	 96	 96	100	112	107	111	 91	 99	101	100	252	246	190	248	 85	186	223	216	 91
 23	199	 84	 87	 89	 79	 84	 85	 72	109	 89	 84	 83	 84	182	208	191	199	150	 41	153	187	182	147
 24	 55	109	109	110	117	109	 99	113	 85	114	110	109	109	 75	 54	 36	 58	115	189	 59	 25	137	193	167
 25	 79	 79	 80	 82	 86	 79	 67	 79	 63	 86	 80	 79	 79	 79	 84	 72	 80	108	149	 51	 60	137	173	127	 41
