nVehicles:  22
nDepots:     1
nCustomers: 50
nPeriods:   12
VEHICLE_TYPE	FLEET_SIZE	CAPACITY
           2	        22	      18	
DEPOT   	X  	Y  	INV_COST	INITIAL_INV 	MIN_LEVEL_INV 	MAX_LEVEL_INV	PRODUCTION_0	PRODUCTION_1	PRODUCTION_2	PRODUCTION_3	PRODUCTION_4	PRODUCTION_5	PRODUCTION_6	PRODUCTION_7	PRODUCTION_8	PRODUCTION_9	PRODUCTION_10	PRODUCTION_11
       0	453	 24	       0	        699	            0	         4194	         351	         351	         351	         351	         351	         351	         351	         351	         351	         351	          351	          351	
CUSTOMER	X  	Y  	INV_COST	INITIAL_INV	MIN_LEVEL_INV 	MAX_LEVEL_INV	DEMAND_0	DEMAND_1	DEMAND_2	DEMAND_3	DEMAND_4	DEMAND_5	DEMAND_6	DEMAND_7	DEMAND_8	DEMAND_9	DEMAND_10	DEMAND_11
       1	 75	275	    0.26	         13	            0	           99	      10	       9	      12	       9	       8	       7	       7	       8	      12	      12	       10	        8
       2	 85	262	    0.09	          5	            0	           37	       4	       5	       5	       4	       3	       4	       5	       5	       5	       5	        4	        4
       3	 82	267	    0.23	          9	            0	           66	       7	       7	       6	       4	       4	       5	       7	       7	       5	       4	        6	        8
       4	 83	262	    0.21	         11	            0	           22	      10	      10	      10	       8	       8	       6	       5	       7	       7	      11	       11	        8
       5	 84	260	    0.11	          5	            0	           84	       9	      12	       8	       7	       6	       6	       9	      12	       8	       7	        5	        8
       6	 80	247	    0.23	         10	            0	           24	       8	      10	      11	       8	       7	       7	       8	      11	      10	       7	        6	        5
       7	 90	269	    0.28	          7	            0	          115	       9	      12	      10	       9	       7	       6	       8	      11	      14	      13	       11	        6
       8	102	279	    0.13	          4	            0	           87	      10	      11	      14	      11	       8	       6	       6	       7	      11	      13	       12	       13
       9	 72	261	    0.03	          4	            0	           18	       5	       8	       6	       4	       4	       6	       6	       7	       5	       4	        6	        8
      10	 82	265	    0.19	          1	            0	           59	       8	       9	      10	       6	       6	       7	      10	       8	       8	       7	        5	        8
      11	 58	269	       0	          7	            0	           74	       9	      10	      10	       7	       6	       6	       7	       7	      11	       8	        9	        5
      12	 80	265	    0.25	         13	            0	           59	       9	      10	       7	       6	       7	      10	       9	       9	       6	       5	        8	       10
      13	  5	115	    0.11	          1	            0	           48	       5	       6	       6	       4	       4	       5	       6	       5	       4	       3	        4	        6
      14	  4	121	    0.12	         11	            0	           37	       6	       8	       9	       8	       7	       4	       5	       6	       6	       8	        9	        7
      15	  1	119	    0.04	         10	            0	           31	       5	       7	       7	       3	       5	       5	       8	       5	       4	       5	        7	        6
      16	  5	123	    0.26	         10	            0	           68	       7	       9	       8	       7	       6	       7	      10	       8	       7	       6	        6	        7
      17	  2	113	    0.08	          9	            0	           26	       8	      10	       8	       5	       5	       6	       9	       9	       8	       7	        4	        7
      18	  2	124	    0.09	         14	            0	           63	       7	       7	       8	       5	       6	       6	       9	       6	       5	       4	        7	        9
      19	  3	124	    0.02	          8	            0	           38	      10	      10	      11	       9	       6	       7	       8	      11	      12	      13	       10	        8
      20	  1	121	    0.18	         10	            0	           34	       9	      12	      11	       7	       7	       9	      10	      13	       9	       7	        8	       11
      21	 18	147	    0.11	          6	            0	           48	       6	       6	       6	       5	       4	       7	       6	       6	       3	       5	        7	        6
      22	  6	119	    0.29	          9	            0	           39	       5	       5	       4	       4	       3	       4	       6	       5	       3	       3	        4	        6
      23	 14	 92	    0.05	          7	            0	           42	       5	       8	       6	       5	       5	       7	       7	       6	       4	       5	        8	        7
      24	 16	123	     0.1	         12	            0	           42	       6	       7	       6	       6	       4	       5	       4	       5	       6	       7	        7	        5
      25	  0	  0	    0.24	          5	            0	           20	       5	       6	       6	       5	       4	       4	       4	       5	       6	       5	        4	        3
      26	175	236	    0.11	          9	            0	           21	       8	       8	       7	       5	       5	       8	       7	       6	       5	       7	        8	        8
      27	438	458	       0	          8	            0	           27	       5	       5	       5	       5	       3	       4	       4	       6	       6	       6	        4	        3
      28	 80	 85	    0.13	          1	            0	           73	       8	      10	      11	      10	       8	       5	       8	       8	      10	       9	        7	        5
      29	 13	284	    0.19	         10	            0	           17	       4	       6	       5	       4	       3	       4	       6	       5	       4	       3	        4	        4
      30	253	227	    0.05	         14	            0	           18	       7	      10	       7	       6	       6	       8	       9	       7	       4	       5	        8	        9
      31	285	426	     0.2	          4	            0	           40	       5	       6	       5	       4	       4	       3	       4	       4	       5	       5	        5	        6
      32	170	 36	    0.19	          3	            0	           52	       4	       6	       6	       5	       4	       4	       3	       3	       4	       4	        5	        4
      33	281	370	    0.22	         17	            0	           75	       8	      12	       9	       7	       6	      10	      10	      11	       8	       6	        7	       10
      34	 49	348	    0.08	         24	            0	          113	      12	      13	      11	      11	       9	       8	       7	      10	      11	      12	        9	        9
      35	 77	199	    0.07	         16	            0	           33	      12	      11	      13	      12	       8	       7	       8	       8	      12	      11	       10	        8
      36	335	 73	     0.3	         10	            0	           60	       8	       9	       9	       9	       6	       5	       6	       6	       7	      11	       10	        9
      37	137	351	    0.18	          9	            0	           17	       5	       6	       5	       5	       4	       3	       4	       5	       6	       6	        4	        4
      38	231	117	    0.24	          7	            0	           43	       6	       7	       6	       3	       4	       7	       8	       5	       4	       5	        8	        6
      39	233	 71	    0.07	         17	            0	           46	       9	      10	       9	       8	       6	       6	       8	       8	      11	       9	        5	        5
      40	376	 29	    0.22	          3	            0	           67	       8	       9	       8	       8	       6	       5	       6	       8	       8	       8	        5	        4
      41	231	 44	     0.3	         14	            0	           52	      11	      13	      14	      10	       6	       6	      11	      14	       9	      10	        7	        8
      42	342	467	    0.08	          4	            0	           92	       8	      10	       8	       7	       7	       6	       5	       6	      10	       9	        9	        7
      43	416	134	     0.1	          7	            0	           78	       7	      10	       9	       7	       6	       8	      11	      10	       6	       6	        7	       11
      44	499	257	    0.06	          8	            0	           38	       5	       6	       7	       6	       4	       4	       6	       6	       6	       7	        5	        4
      45	240	 81	    0.08	          5	            0	           23	       4	       5	       4	       4	       4	       4	       5	       5	       4	       3	        4	        5
      46	123	441	    0.01	          9	            0	           40	       6	       6	       6	       4	       5	       7	       6	       6	       4	       5	        6	        7
      47	131	249	    0.23	         11	            0	           55	       6	       6	       7	       4	       4	       6	       7	       6	       4	       6	        7	        6
      48	 39	299	    0.11	         12	            0	           40	       6	       9	       8	       6	       6	       8	       8	       7	       4	       6	        6	        7
      49	 75	 99	    0.24	          5	            0	           34	       9	       9	      10	       9	       9	       5	       6	       7	      10	      11	       11	        8
      50	363	245	    0.02	          5	            0	           36	      10	       9	      13	       8	       7	       7	       5	       7	      11	      10	       12	        7
COST_MATRIX 
	  0	  1	  2	  3	  4	  5	  6	  7	  8	  9	 10	 11	 12	 13	 14	 15	 16	 17	 18	 19	 20	 21	 22	 23	 24	 25	 26	 27	 28	 29	 30	 31	 32	 33	 34	 35	 36	 37	 38	 39	 40	 41	 42	 43	 44	 45	 46	 47	 48	 49	 50
  0
  1	227
  2	220	  9
  3	222	  6	  3
  4	220	  8	  2	  3
  5	220	  9	  2	  4	  2
  6	218	 15	  8	 11	  8	  7
  7	219	  9	  5	  5	  5	  6	 13
  8	217	 14	 13	 12	 13	 14	 20	  8
  9	225	  8	  7	  6	  6	  7	  9	 10	 18
 10	222	  7	  3	  2	  2	  3	 10	  5	 13	  6
 11	233	 10	 14	 13	 13	 14	 16	 17	 23	  9	 13
 12	223	  6	  3	  2	  3	  4	 10	  6	 14	  5	  2	 12
 13	229	 88	 84	 86	 84	 83	 76	 88	 96	 81	 85	 82	 84
 14	230	 85	 82	 83	 81	 81	 74	 86	 93	 78	 82	 79	 82	  4
 15	231	 87	 83	 85	 83	 82	 76	 88	 95	 80	 84	 81	 84	  3	  2
 16	230	 84	 81	 82	 80	 80	 73	 85	 92	 77	 81	 78	 81	  5	  2	  3
 17	230	 89	 86	 87	 85	 85	 78	 90	 97	 82	 86	 83	 86	  2	  5	  4	  6
 18	231	 84	 81	 82	 81	 80	 73	 85	 93	 77	 82	 78	 81	  5	  2	  3	  2	  6
 19	231	 84	 81	 82	 80	 80	 73	 85	 92	 77	 81	 78	 81	  5	  2	  3	  2	  6	  1
 20	232	 86	 83	 84	 82	 81	 75	 87	 94	 79	 83	 80	 83	  4	  2	  2	  3	  5	  2	  2
 21	227	 71	 67	 69	 67	 66	 59	 71	 79	 64	 68	 65	 67	 18	 15	 17	 14	 19	 15	 14	 16
 22	229	 86	 82	 84	 82	 81	 74	 86	 94	 79	 83	 80	 82	  3	  2	  3	  3	  4	  4	  3	  3	 16
 23	223	 97	 93	 94	 92	 92	 85	 97	104	 90	 93	 92	 93	 13	 16	 15	 17	 13	 18	 17	 16	 28	 15
 24	225	 82	 78	 80	 78	 77	 70	 82	 90	 75	 79	 76	 78	  7	  7	  8	  6	  9	  8	  7	  8	 13	  6	 16
 25	227	143	138	140	138	137	130	142	149	136	139	138	139	 58	 61	 60	 62	 57	 63	 63	 61	 75	 60	 47	 63
 26	175	 54	 47	 50	 48	 48	 48	 46	 43	 53	 49	 61	 50	105	104	105	103	107	104	103	105	 91	103	109	 98	147
 27	218	204	202	203	203	203	208	199	191	208	203	213	204	277	275	277	274	278	275	275	276	262	275	281	270	317	173
 28	189	 96	 89	 92	 89	 88	 82	 93	 98	 89	 91	 93	 91	 41	 43	 44	 43	 42	 44	 44	 44	 44	 41	 34	 38	 59	 90	259
 29	256	 32	 38	 36	 37	 38	 39	 40	 45	 32	 36	 24	 35	 85	 82	 83	 81	 86	 81	 81	 82	 69	 83	 97	 81	143	 85	230	105
 30	143	 93	 86	 88	 87	 87	 88	 85	 80	 93	 88	100	 89	137	136	138	135	138	136	136	137	125	135	138	130	170	 40	148	112	124
 31	218	130	130	129	131	131	137	126	118	135	130	139	131	210	208	210	207	211	207	207	209	194	208	216	203	257	110	 79	199	154	101
 32	142	129	121	124	122	120	115	124	127	123	123	130	124	 92	 94	 95	 94	 93	 95	 95	 95	 95	 92	 83	 89	 87	101	250	 52	147	105	204
 33	194	114	112	113	113	113	118	109	101	118	113	123	114	188	187	189	186	190	186	186	188	173	187	193	182	233	 86	 90	175	141	 73	 29	176
 34	259	 39	 47	 44	 47	 48	 53	 45	 44	 45	 45	 40	 45	119	116	117	115	120	115	115	117	102	117	130	114	176	 85	203	133	 37	119	125	168	117
 35	208	 39	 32	 35	 32	 31	 25	 36	 42	 32	 34	 37	 34	 56	 54	 56	 53	 58	 54	 53	 55	 40	 54	 63	 49	107	 53	223	 58	 54	 90	154	 94	134	 76
 36	 64	165	157	160	158	157	155	157	156	162	159	170	160	167	168	169	167	168	169	168	169	163	167	161	162	172	115	200	128	193	 88	179	 85	151	199	144
 37	228	 50	 52	 51	 53	 53	 60	 48	 41	 56	 52	 57	 52	136	133	135	132	137	133	132	134	119	134	144	130	189	 61	160	137	 71	 85	 83	159	 73	 45	 82	171
 38	121	112	103	106	104	103	100	104	104	108	106	116	106	114	114	116	114	115	115	115	116	108	113	110	108	130	 66	200	 78	138	 57	157	 51	129	148	 88	 57	127
 39	113	130	121	124	122	121	117	123	123	125	123	133	124	117	118	119	117	118	119	119	119	115	117	111	112	122	 88	219	 77	154	 79	180	 37	152	167	101	 52	149	 24
 40	 39	195	187	190	188	187	184	187	186	192	189	200	190	191	192	193	192	192	193	193	194	189	191	184	187	189	145	217	151	222	117	204	104	177	229	172	 31	201	 85	 75
 41	112	140	132	135	132	131	127	133	135	135	134	142	134	119	120	121	120	120	122	121	122	119	119	112	115	118	101	232	 79	163	 93	193	 31	165	178	110	 54	161	 37	 14	 73
 42	229	165	165	165	166	166	172	161	153	170	165	174	166	244	242	244	241	246	242	242	243	228	242	250	237	290	143	 49	232	189	128	 36	233	 58	159	189	198	118	184	206	220	219
 43	 59	185	178	180	179	178	178	177	173	184	180	192	181	206	207	208	206	208	208	207	208	200	206	203	201	219	131	163	170	216	 94	161	133	136	213	173	 51	177	 93	 97	 57	103	171
 44	119	213	208	209	209	208	210	205	199	214	209	221	210	258	257	259	256	259	258	257	259	247	256	257	251	281	163	106	227	244	124	137	199	123	230	213	124	188	152	163	130	172	132	 75
 45	111	128	120	123	120	119	116	121	121	124	122	131	122	119	120	122	120	121	121	121	122	116	119	114	114	127	 85	213	 81	153	 74	174	 42	146	165	101	 48	145	 19	  7	 73	 20	200	 92	157
 46	266	 87	 92	 90	 92	 93	100	 88	 82	 94	 91	 92	 91	174	171	173	170	175	170	170	172	157	172	183	168	229	106	158	180	 96	126	 82	204	 87	 60	124	213	 46	171	194	242	206	111	213	210	190
 47	197	 31	 24	 27	 25	 25	 26	 23	 21	 31	 26	 38	 27	 92	 91	 92	 90	 94	 90	 90	 92	 77	 91	 98	 86	141	 23	186	 86	 62	 62	118	109	 97	 65	 37	135	 52	 83	103	165	115	152	154	185	101	 97
 48	249	 22	 30	 27	 29	 30	 34	 30	 34	 26	 28	 18	 27	 94	 91	 92	 90	 95	 90	 90	 92	 77	 92	105	 89	151	 75	215	109	 16	113	139	147	127	 26	 54	187	 56	133	150	216	160	174	206	231	149	 83	 53
 49	193	 89	 82	 85	 82	 81	 75	 86	 92	 82	 84	 86	 84	 36	 38	 39	 38	 38	 39	 39	 39	 38	 36	 31	 32	 63	 85	256	  8	 98	110	195	 57	171	126	 51	131	130	 79	 81	155	 83	228	172	227	 83	173	 81	102
 50	120	145	140	141	141	140	142	138	132	146	141	153	142	191	190	192	190	193	191	190	192	180	190	191	184	219	 95	113	163	177	 56	 99	143	 75	166	145	 88	125	 92	109	109	121	112	 62	 69	103	155	117	165	162
