nVehicles:   41
nDepots:      1
nCustomers: 100
nPeriods:     6
VEHICLE_TYPE	FLEET_SIZE	CAPACITY
           2	        41	      18	
DEPOT   	X  	Y  	INV_COST	INITIAL_INV 	MIN_LEVEL_INV 	MAX_LEVEL_INV	PRODUCTION_0	PRODUCTION_1	PRODUCTION_2	PRODUCTION_3	PRODUCTION_4	PRODUCTION_5
       0	163	369	       0	        817	            0	         4278	         716	         716	         716	         716	         716	         716	
CUSTOMER	X  	Y  	INV_COST	INITIAL_INV	MIN_LEVEL_INV 	MAX_LEVEL_INV	DEMAND_0	DEMAND_1	DEMAND_2	DEMAND_3	DEMAND_4	DEMAND_5
       1	 88	109	    0.25	          4	            0	           25	      10	      10	      12	      10	       7	       7
       2	 40	178	    0.22	          6	            0	           13	       7	       8	       7	       5	       6	       7
       3	 11	190	    0.18	         10	            0	           16	       5	       6	       6	       4	       3	       3
       4	 40	181	    0.15	          5	            0	           20	       5	       7	       6	       5	       4	       4
       5	 36	230	    0.14	         10	            0	           44	       9	      11	      10	       9	       6	       6
       6	 21	190	    0.04	         10	            0	           16	       5	       7	       5	       4	       3	       4
       7	 35	172	    0.23	          7	            0	           14	       4	       5	       6	       5	       3	       3
       8	 76	174	    0.21	          7	            0	           26	       4	       5	       6	       4	       5	       3
       9	 27	230	    0.01	          7	            0	           37	       8	      13	      11	       6	       5	       7
      10	 40	185	    0.02	          7	            0	           33	       9	      11	      12	      10	       7	       6
      11	 31	182	    0.22	         13	            0	           35	       7	       8	       8	       5	       6	       6
      12	 40	180	    0.06	          9	            0	           19	       5	       6	       6	       4	       3	       5
      13	 46	177	    0.03	          1	            0	           20	       7	       8	       7	       5	       4	       5
      14	 44	182	    0.06	          4	            0	           22	       7	       8	       8	       7	       5	       5
      15	 40	191	     0.1	          8	            0	           15	       8	       8	       7	       6	       4	       5
      16	 22	130	    0.09	          4	            0	           12	      10	      10	       9	       6	       6	       6
      17	427	397	    0.24	         21	            0	           26	       9	      12	       9	       7	       6	       8
      18	426	426	    0.23	          6	            0	           21	      11	      13	      11	       8	       8	       8
      19	418	406	    0.12	         17	            0	           17	       9	      10	       9	       5	       7	       9
      20	414	393	    0.17	          6	            0	           40	       9	       8	       9	       5	       6	       6
      21	436	471	    0.27	         14	            0	           20	       7	       9	      10	       8	       5	       5
      22	420	398	    0.24	          4	            0	           22	       6	       8	       7	       6	       5	       4
      23	430	377	    0.09	         15	            0	           25	       8	      11	       8	       7	       6	      11
      24	408	398	    0.16	         16	            0	           42	      10	      12	      11	       8	       7	       7
      25	422	399	    0.22	          3	            0	           20	       5	       6	       5	       5	       3	       4
      26	425	433	    0.12	          7	            0	           43	       8	      10	      12	       8	       7	       6
      27	416	415	    0.03	         14	            0	           41	      11	      10	       8	       7	       7	       9
      28	411	408	    0.27	         10	            0	           37	      11	       9	       9	       9	       6	       6
      29	405	400	    0.12	          3	            0	           29	      11	      12	      12	       9	       8	       6
      30	389	445	    0.19	          7	            0	           27	       9	       8	       8	       5	       6	       9
      31	411	324	     0.1	          2	            0	           18	       5	       6	       4	       3	       4	       4
      32	404	400	    0.25	          8	            0	           11	       5	       6	       5	       4	       3	       4
      33	109	 47	    0.24	         12	            0	           36	      12	      12	      12	      10	      10	       6
      34	134	 63	    0.14	         14	            0	           14	       7	       7	       8	       6	       5	       5
      35	118	 76	    0.07	          8	            0	            8	       5	       6	       5	       4	       4	       3
      36	123	 52	    0.18	          2	            0	           12	       5	       8	       6	       5	       4	       6
      37	150	 41	    0.13	          8	            0	           10	       5	       6	       6	       5	       3	       3
      38	 67	 71	    0.29	          2	            0	           16	       5	       5	       5	       4	       4	       5
      39	 93	 26	    0.06	          7	            0	           13	       9	      10	      11	       8	       6	       6
      40	112	 22	    0.29	         20	            0	           42	      11	      11	       8	       6	       8	      10
      41	122	 68	    0.21	         12	            0	           33	       9	      13	      10	       6	       6	      11
      42	162	 51	    0.28	          1	            0	           13	       8	       8	       8	       5	       5	       7
      43	139	 42	    0.14	         13	            0	           24	       8	       9	       7	       5	       5	       6
      44	 64	 77	       0	          7	            0	           28	       9	      12	      10	       7	       7	      11
      45	154	 61	    0.19	         12	            0	           35	       6	       8	       8	       6	       5	       6
      46	101	  9	    0.09	          3	            0	           14	       9	      10	       8	       8	       7	       9
      47	133	 61	    0.24	          6	            0	           18	       5	       6	       6	       5	       3	       3
      48	167	 51	    0.21	          2	            0	           37	       7	      10	       6	       5	       5	       8
      49	  0	  0	    0.05	          9	            0	           27	       8	       9	       8	       7	       6	       4
      50	  0	  0	    0.11	          9	            0	           25	       6	       6	       6	       6	       4	       5
      51	411	 25	    0.21	          4	            0	           40	      10	      11	      11	      10	       6	       7
      52	355	  1	    0.04	          2	            0	           20	       5	       5	       5	       4	       4	       5
      53	 49	496	    0.16	          4	            0	            9	       7	       8	       7	       6	       4	       4
      54	 84	 15	    0.19	         10	            0	           37	      11	      10	       9	       7	       6	      10
      55	464	342	       0	         21	            0	           49	       9	      13	       9	       7	       7	       6
      56	 75	413	    0.14	         21	            0	           21	      11	      11	      10	       9	       6	       6
      57	142	196	    0.13	          2	            0	           14	       8	      11	       9	      10	       7	       7
      58	448	 72	    0.26	         17	            0	           56	      11	      12	      12	      11	       7	       8
      59	426	106	     0.1	         12	            0	           28	       6	       6	       5	       5	       4	       3
      60	173	429	    0.13	         13	            0	           26	       8	       8	       7	       6	       5	       6
      61	404	205	    0.14	         17	            0	           54	      12	      13	      12	      10	       7	       7
      62	126	312	    0.17	          7	            0	           12	       4	       5	       4	       4	       3	       4
      63	375	 93	    0.29	          2	            0	           17	       7	      10	       8	       5	       5	       7
      64	 65	 36	    0.23	          2	            0	           42	      10	      13	      10	       7	       7	       7
      65	236	141	    0.23	          5	            0	           33	       9	      11	       8	       7	       5	       6
      66	314	494	    0.11	         11	            0	           21	       7	       6	       5	       4	       4	       5
      67	256	152	    0.03	         13	            0	           32	      13	      13	      13	      10	       8	       7
      68	436	338	    0.25	          5	            0	           47	      12	      10	      13	       9	       6	       7
      69	482	355	    0.03	          3	            0	           16	       6	       5	       4	       3	       4	       5
      70	 15	131	    0.05	          7	            0	           37	       7	       9	       6	       6	       5	       7
      71	230	341	    0.15	         21	            0	           33	      12	      11	      12	       8	       7	       6
      72	125	 11	    0.18	          8	            0	           32	       9	      11	       8	       7	       6	       7
      73	137	186	     0.3	         10	            0	           32	       6	       8	       6	       5	       4	       4
      74	190	150	    0.29	         13	            0	           27	      10	      10	       9	       6	       7	      10
      75	162	134	    0.05	          8	            0	            9	       6	       7	       5	       4	       3	       5
      76	393	353	    0.27	          7	            0	           16	       9	      11	       8	       5	       5	       7
      77	416	452	       0	         12	            0	           14	       6	       6	       6	       5	       3	       3
      78	  8	262	    0.18	          6	            0	           22	       5	       6	       5	       4	       4	       5
      79	233	454	    0.03	         18	            0	           21	       9	       9	       7	       5	       7	       8
      80	303	134	    0.13	          7	            0	           19	       7	       6	       8	       7	       5	       4
      81	303	256	    0.17	          9	            0	           18	      10	       9	      10	       8	       7	       5
      82	148	124	    0.25	          9	            0	           16	       9	      10	      14	      10	       9	       7
      83	317	213	    0.09	         18	            0	           28	       8	      11	       7	       6	       6	       7
      84	109	 28	    0.19	         17	            0	           31	      11	      13	      11	       9	       6	       7
      85	200	 80	    0.04	          6	            0	           22	       6	       6	       5	       4	       4	       5
      86	318	358	    0.09	          3	            0	           11	       6	       6	       6	       4	       3	       5
      87	 50	155	    0.16	         18	            0	           37	      12	      14	      11	       8	       6	       7
      88	361	264	     0.1	         19	            0	           57	      13	      11	      13	       9	       6	       7
      89	403	176	    0.25	         12	            0	           12	       8	      11	       7	       8	       5	       5
      90	143	409	    0.25	          6	            0	           13	       7	       7	       6	       4	       5	       6
      91	402	 61	    0.24	         18	            0	           43	      10	      12	      11	       7	       6	       7
      92	489	448	    0.18	          5	            0	            6	       6	       6	       5	       4	       3	       5
      93	282	153	    0.04	         10	            0	           15	       5	       6	       6	       6	       5	       4
      94	174	220	    0.16	          4	            0	           25	       7	      10	       9	       7	       7	       5
      95	402	423	    0.13	          2	            0	           45	       8	      11	      11	      10	       7	       6
      96	331	369	    0.06	         11	            0	           11	       7	       7	       6	       4	       6	       9
      97	378	259	    0.29	          5	            0	           44	      10	       8	      10	       7	       7	       6
      98	  8	119	     0.1	          8	            0	            8	       7	       8	       8	       8	       5	       4
      99	471	  3	    0.09	         22	            0	           38	      13	      11	      13	      10	       7	       7
     100	445	281	    0.24	          4	            0	           12	       5	       5	       5	       4	       4	       3
COST_MATRIX 
	  0	  1	  2	  3	  4	  5	  6	  7	  8	  9	 10	 11	 12	 13	 14	 15	 16	 17	 18	 19	 20	 21	 22	 23	 24	 25	 26	 27	 28	 29	 30	 31	 32	 33	 34	 35	 36	 37	 38	 39	 40	 41	 42	 43	 44	 45	 46	 47	 48	 49	 50	 51	 52	 53	 54	 55	 56	 57	 58	 59	 60	 61	 62	 63	 64	 65	 66	 67	 68	 69	 70	 71	 72	 73	 74	 75	 76	 77	 78	 79	 80	 81	 82	 83	 84	 85	 86	 87	 88	 89	 90	 91	 92	 93	 94	 95	 96	 97	 98	 99	100
  0
  1	136
  2	114	 43
  3	118	 56	 16
  4	113	 44	  2	 16
  5	 95	 66	 27	 24	 25
  6	115	 53	 12	  6	 11	 22
  7	118	 42	  4	 16	  6	 30	 12
  8	107	 34	 19	 34	 19	 35	 29	 21
  9	 98	 68	 27	 22	 26	  5	 21	 30	 38
 10	111	 45	  4	 15	  3	 23	 10	  7	 19	 24
 11	115	 47	  5	 11	  5	 25	  7	  6	 23	 25	  5
 12	113	 43	  2	 16	  1	 26	 11	  5	 19	 26	  3	  5
 13	113	 40	  4	 19	  4	 27	 15	  7	 16	 29	  6	  8	  4
 14	111	 43	  3	 17	  3	 25	 13	  7	 17	 26	  3	  7	  3	  3
 15	109	 48	  7	 15	  6	 20	 10	 10	 20	 21	  4	  7	  6	  8	  5
 16	139	 35	 26	 31	 28	 51	 31	 22	 35	 51	 29	 27	 27	 27	 29	 32
 17	133	223	223	233	222	213	228	226	208	217	221	226	222	220	220	220	243
 18	135	232	230	239	229	219	235	234	216	223	228	233	229	228	227	226	251	 15
 19	129	222	221	231	220	211	226	225	207	215	219	224	221	219	218	218	242	  7	 11
 20	127	217	216	226	215	206	222	220	202	210	214	219	216	214	213	213	237	  7	 18	  7
 21	146	252	247	255	246	234	251	251	234	238	245	249	246	245	244	243	269	 38	 24	 34	 41
 22	130	221	220	230	219	210	225	224	206	214	218	223	220	218	217	217	240	  4	 15	  5	  4	 38
 23	134	218	219	230	219	211	225	223	205	215	218	223	219	217	217	217	239	 11	 25	 16	 12	 48	 12
 24	124	216	215	225	214	205	220	219	201	209	213	218	214	213	212	212	235	 10	 17	  7	  4	 40	  7	 16
 25	131	222	221	231	220	211	227	225	207	215	219	224	221	219	218	218	242	  3	 14	  5	  6	 37	  2	 12	  8
 26	135	234	231	241	231	220	236	235	218	224	229	234	231	229	229	228	253	 19	  4	 14	 21	 20	 18	 29	 20	 18
 27	129	225	223	232	222	212	228	226	209	216	221	226	222	220	220	219	244	 11	  8	  5	 12	 30	  9	 21	 10	  9	 11
 28	126	221	219	228	218	208	224	222	205	212	217	222	218	216	216	215	240	 10	 12	  4	  8	 34	  7	 19	  6	  8	 15	  5
 29	122	216	214	224	213	204	219	218	200	208	212	217	214	212	211	211	235	 12	 17	  8	  6	 39	  8	 17	  2	  9	 20	 10	  6
 30	120	226	220	228	219	207	224	224	208	211	218	223	220	218	217	216	242	 31	 21	 25	 29	 27	 29	 40	 26	 29	 19	 21	 22	 24
 31	127	195	200	211	199	194	207	203	184	198	199	203	199	197	197	198	218	 38	 52	 42	 35	 75	 38	 29	 38	 38	 55	 46	 43	 39	 62
 32	122	215	214	223	213	203	219	217	200	207	212	217	213	211	211	210	234	 12	 18	  8	  7	 39	  9	 18	  3	 10	 20	 10	  6	  1	 24	 39
 33	164	 33	 75	 87	 76	 99	 84	 73	 66	101	 78	 78	 75	 73	 75	 80	 61	237	248	237	231	268	235	231	231	236	250	240	236	231	244	205	231
 34	154	 33	 75	 89	 76	 97	 85	 74	 63	100	 78	 79	 76	 73	 75	 80	 66	223	233	223	217	254	221	216	217	222	236	226	222	217	230	191	216	 15
 35	149	 23	 65	 79	 66	 88	 75	 64	 54	 90	 68	 69	 66	 63	 65	 70	 56	223	234	223	217	254	221	217	217	222	236	226	222	217	229	192	217	 16	 11
 36	160	 34	 76	 89	 77	100	 86	 75	 66	102	 79	 80	 77	 74	 77	 81	 64	230	241	231	225	262	228	224	225	230	244	234	229	224	238	199	224	  8	  8	 13
 37	165	 47	 88	102	 90	111	 99	 88	 77	113	 91	 93	 89	 86	 89	 94	 78	226	237	227	221	259	224	219	221	225	240	230	226	221	235	193	220	 21	 14	 24	 15
 38	157	 22	 56	 66	 57	 81	 64	 53	 52	 82	 59	 59	 57	 55	 57	 62	 38	243	253	243	237	273	241	238	237	242	255	246	241	236	247	214	236	 25	 34	 26	 30	 45
 39	176	 42	 81	 92	 82	106	 90	 79	 75	108	 84	 84	 82	 80	 82	 87	 63	250	261	251	244	281	248	244	244	249	263	253	249	244	257	218	244	 14	 28	 28	 20	 30	 26
 40	176	 46	 86	 99	 88	111	 96	 85	 79	113	 90	 90	 87	 85	 87	 92	 71	245	256	246	240	277	244	239	240	245	259	249	245	240	253	213	239	 13	 24	 28	 16	 22	 34	 10
 41	152	 27	 69	 83	 70	 92	 80	 68	 58	 94	 72	 73	 70	 67	 70	 74	 59	225	235	225	219	256	223	219	219	224	238	228	224	219	231	194	218	 13	  7	  5	  9	 20	 28	 26	 24
 42	160	 48	 89	103	 90	110	 99	 88	 76	113	 91	 93	 89	 86	 89	 93	 81	218	230	219	213	251	217	212	213	218	232	222	218	213	228	185	213	 27	 16	 26	 20	  8	 49	 37	 29	 22
 43	164	 43	 85	 98	 86	108	 95	 84	 74	110	 87	 89	 85	 82	 85	 90	 74	229	240	230	223	261	227	222	224	228	243	233	229	224	238	196	223	 16	 11	 20	 10	  6	 39	 25	 17	 16	 13
 44	155	 21	 52	 63	 54	 78	 61	 50	 49	 79	 56	 56	 53	 51	 54	 59	 34	242	252	242	236	271	240	237	236	241	254	245	240	235	246	213	235	 28	 36	 28	 33	 47	  4	 30	 37	 30	 51	 42
 45	155	 41	 82	 97	 83	104	 93	 82	 69	106	 85	 87	 83	 80	 82	 87	 75	217	228	218	211	249	215	210	212	216	231	221	216	211	226	184	211	 24	 11	 20	 17	 11	 44	 36	 29	 17	  7	 13	 46
 46	183	 51	 90	102	 92	116	 99	 88	 84	117	 94	 94	 91	 89	 92	 96	 73	254	265	255	248	286	252	247	248	253	267	257	253	248	262	221	248	 20	 32	 35	 25	 30	 36	 10	  9	 32	 38	 26	 39	 38
 47	155	 33	 75	 89	 76	 98	 86	 75	 64	100	 78	 80	 76	 73	 76	 80	 66	224	235	224	218	255	222	217	218	223	237	227	223	218	231	192	218	 14	  2	 11	  7	 14	 34	 27	 23	  7	 16	 10	 36	 11	 31
 48	160	 50	 90	105	 91	111	101	 90	 77	114	 93	 95	 91	 88	 90	 95	 83	217	228	218	211	250	215	210	212	216	231	221	217	212	227	184	211	 30	 18	 28	 23	 10	 51	 40	 32	 25	  3	 15	 54	  9	 40	 18
 49	202	 71	 92	 96	 93	117	 96	 88	 95	116	 95	 93	 93	 92	 94	 98	 66	292	302	292	286	321	290	286	285	291	304	294	290	285	296	262	285	 60	 75	 71	 67	 78	 49	 49	 58	 70	 85	 73	 51	 83	 51	 74	 88
 50	202	 71	 92	 96	 93	117	 96	 88	 95	116	 95	 93	 93	 92	 94	 98	 66	292	302	292	286	321	290	286	285	291	304	294	290	285	296	262	285	 60	 75	 71	 67	 78	 49	 49	 58	 70	 85	 73	 51	 83	 51	 74	 88	  1
 51	213	167	201	217	202	214	212	202	184	218	203	206	202	198	200	204	202	187	201	191	185	224	187	177	187	188	205	196	192	188	211	150	188	152	140	149	145	131	174	160	150	147	126	137	176	130	156	141	123	206	206
 52	208	145	181	197	182	197	192	182	165	201	183	186	182	178	180	184	179	202	216	205	199	239	202	192	201	202	219	210	206	202	223	164	201	126	115	125	119	105	149	132	122	122	100	110	151	105	128	115	 98	178	178	 31
 53	 86	195	160	155	158	134	154	163	162	134	156	158	159	160	158	153	184	196	192	190	190	194	192	200	187	193	191	188	187	185	172	201	184	227	221	213	226	234	213	237	240	218	230	232	210	224	245	222	231	250	250	298	291
 54	182	 48	 85	 95	 86	111	 93	 83	 80	112	 88	 88	 86	 84	 86	 91	 66	257	268	258	251	289	255	251	251	256	270	260	256	251	264	225	251	 21	 35	 35	 27	 36	 30	  8	 15	 33	 43	 31	 33	 42	 10	 34	 46	 43	 43	164	136	242
 55	152	222	228	239	227	222	235	231	212	226	227	231	227	225	225	226	246	 34	 47	 40	 36	 67	 36	 25	 40	 36	 50	 44	 43	 42	 64	 28	 42	231	217	219	224	218	241	244	238	220	210	222	240	210	247	218	208	289	289	161	179	222	251
 56	 50	153	119	117	118	 94	115	123	120	 95	116	118	118	119	117	113	144	177	176	172	170	183	173	179	167	174	176	171	169	166	158	174	165	184	178	170	183	190	172	194	197	175	187	189	169	181	203	179	187	210	210	257	250	 44	200	198
 57	 88	 52	 52	 66	 52	 56	 61	 55	 35	 60	 52	 56	 52	 49	 50	 52	 69	175	183	174	168	202	172	171	168	173	185	176	172	167	176	149	167	 77	 67	 62	 73	 78	 73	 89	 89	 65	 74	 78	 72	 68	 96	 68	 74	122	122	160	145	158	 96	177	114
 58	206	181	211	227	212	221	222	213	193	225	212	216	212	208	210	213	215	163	178	168	162	200	164	153	165	165	181	173	170	166	189	128	166	170	158	166	163	150	191	179	170	164	144	156	193	148	177	158	141	227	227	 30	 59	292	185	136	253	166
 59	186	170	197	212	197	205	207	199	179	209	198	202	197	194	195	198	203	146	161	151	144	183	147	136	147	147	164	155	152	148	171	110	148	162	148	155	154	142	181	172	163	154	135	148	182	138	170	149	133	220	220	 42	 64	272	177	120	234	149	 21
 60	 31	166	143	145	141	121	142	146	137	124	139	143	142	142	140	137	168	129	127	124	122	134	125	132	119	126	127	122	120	117	109	131	117	194	185	179	191	195	187	206	206	183	190	195	185	185	214	186	190	232	232	235	233	 71	212	152	 50	118	226	206
 61	146	166	183	197	183	185	192	186	165	189	183	187	183	180	181	183	195	 97	112	101	 95	134	 97	 87	 97	 98	115	106	102	 98	121	 60	 98	168	153	157	160	152	182	180	173	157	144	156	182	145	181	154	142	227	227	 91	105	230	187	 75	195	132	 71	 51	161
 62	 34	104	 80	 84	 79	 61	 81	 84	 74	 65	 77	 81	 79	 79	 77	 75	105	157	161	154	150	175	154	156	148	155	162	154	151	147	148	143	146	133	125	119	131	137	125	144	146	123	132	136	122	127	153	126	133	169	169	203	194	100	150	170	 57	 59	201	182	 64	149
 63	175	144	173	189	174	183	184	175	155	187	174	178	174	170	172	175	178	155	169	158	152	192	155	145	154	155	172	163	159	155	177	117	155	135	122	129	128	116	155	145	137	128	109	121	156	112	144	123	107	194	194	 39	 48	260	151	133	220	128	 38	 27	197	 58	166
 64	174	 39	 73	 82	 74	 99	 81	 70	 70	 99	 76	 75	 74	 72	 74	 79	 52	256	266	256	250	286	254	250	250	255	268	259	255	250	261	226	249	 23	 38	 34	 31	 43	 18	 15	 25	 33	 50	 38	 21	 47	 23	 37	 52	 38	 38	174	147	231	 15	252	189	 89	193	184	204	190	142	158
 65	120	 76	100	116	101	110	111	102	 82	114	101	105	100	 97	 99	102	108	160	172	161	155	193	159	153	155	160	174	164	160	155	171	127	155	 80	 65	 68	 72	 66	 92	 92	 86	 68	 59	 70	 92	 58	 95	 66	 57	138	138	105	 92	201	 99	152	159	 55	112	 97	148	 90	102	 74	101
 66	 99	224	210	215	208	192	212	214	200	195	207	211	209	208	207	205	234	 75	 66	 69	 72	 63	 72	 83	 68	 72	 64	 65	 65	 66	 45	 98	 66	246	234	231	241	241	245	259	257	234	235	243	244	231	265	235	234	293	293	240	248	133	266	107	127	173	222	202	 78	152	131	203	261	181
 67	119	 87	109	124	109	117	120	111	 91	121	110	114	109	106	108	110	118	150	162	151	145	184	148	143	145	149	164	154	150	145	161	116	145	 91	 76	 79	 84	 77	103	104	 98	 80	 69	 81	104	 69	106	 77	 68	149	149	101	 91	201	110	141	159	 62	105	 89	145	 79	104	 67	112	 12	174
 68	138	209	214	226	213	208	221	218	198	212	213	218	214	211	211	212	232	 30	 45	 36	 30	 67	 32	 20	 34	 32	 48	 40	 38	 35	 59	 15	 35	219	205	207	212	207	228	232	227	208	199	210	228	198	235	206	197	276	276	157	174	210	239	 15	185	164	134	117	140	 69	156	127	240	141	100	130
 69	160	233	239	250	238	232	245	242	223	236	237	242	238	236	236	236	257	 35	 46	 41	 39	 63	 38	 29	 43	 38	 49	 45	 45	 45	 65	 39	 46	242	228	230	235	229	252	255	249	231	221	233	252	221	258	229	219	300	300	169	189	228	262	 12	206	188	143	128	159	 85	180	142	263	164	110	152	 25
 70	141	 39	 27	 30	 28	 51	 30	 23	 38	 50	 30	 27	 28	 28	 30	 33	  4	246	253	244	239	271	243	242	238	244	255	246	242	237	245	221	237	 64	 69	 59	 67	 82	 40	 66	 73	 63	 84	 77	 37	 78	 75	 69	 86	 66	 66	205	183	184	 68	249	145	 72	219	206	169	198	107	182	 54	111	236	121	235	259
 71	 37	137	126	134	125	112	129	130	114	116	123	128	125	124	123	122	149	103	107	100	 96	122	100	102	 94	101	108	101	 97	 93	 95	 91	 92	159	148	144	155	156	158	172	171	147	149	157	156	146	179	149	149	206	206	183	182	120	179	118	 86	 85	174	154	 53	111	 54	144	174	101	 88	 96	104	127	151
 72	181	 53	 94	107	 96	119	104	 93	 86	120	 97	 98	 95	 92	 95	100	 79	246	257	246	240	278	244	239	240	245	259	249	245	240	254	212	240	 20	 27	 33	 21	 20	 42	 18	  9	 29	 28	 18	 45	 29	 13	 26	 30	 63	 63	144	116	246	 21	237	203	 93	165	158	211	170	151	132	 33	 86	260	 97	226	248	 82	174
 73	 93	 46	 49	 64	 49	 56	 59	 52	 32	 60	 49	 54	 49	 46	 47	 49	 64	180	188	179	173	207	177	175	173	178	190	181	177	172	181	154	172	 71	 62	 56	 68	 73	 68	 83	 83	 60	 69	 73	 66	 64	 91	 63	 70	116	116	159	143	162	 90	182	118	  6	166	150	123	134	 64	128	 84	 55	178	 62	168	193	 67	 91	 88
 74	111	 55	 77	 92	 77	 87	 87	 79	 59	 91	 78	 82	 77	 74	 75	 78	 85	172	182	172	166	203	170	166	166	171	184	175	170	165	178	141	165	 66	 52	 52	 60	 59	 74	 79	 75	 54	 52	 60	 73	 49	 84	 53	 51	122	122	127	112	187	 86	168	144	 34	135	121	140	111	 88	 97	 85	 24	183	 34	155	179	 89	 98	 77	 33
 75	118	 40	 65	 81	 66	 80	 76	 67	 48	 83	 67	 70	 66	 62	 64	 68	 71	187	197	187	181	218	185	181	181	186	200	190	186	181	193	157	180	 51	 39	 37	 46	 47	 57	 65	 62	 39	 42	 48	 57	 37	 70	 40	 42	106	106	136	118	190	 72	184	147	 33	147	133	148	127	 91	109	 69	 38	196	 48	171	195	 74	109	 65	 29	 17
 76	116	196	197	208	197	189	204	201	183	194	196	201	197	195	195	195	217	 28	 41	 30	 23	 63	 27	 23	 24	 28	 44	 34	 29	 25	 47	 18	 25	209	195	196	203	198	216	222	218	197	191	201	215	189	226	196	189	265	265	165	178	187	229	 36	162	149	144	125	117	 75	136	131	229	132	 81	122	 23	 45	220	 82	218	153	144	160
 77	134	238	233	242	232	221	237	237	220	224	231	236	233	231	230	229	255	 29	 14	 24	 30	 14	 28	 39	 28	 27	 11	 19	 23	 27	 14	 65	 27	255	241	240	248	245	259	268	264	242	238	248	258	236	272	242	237	308	308	214	228	185	275	 61	172	188	191	174	123	124	162	181	273	180	 56	171	 58	 59	257	109	265	193	189	204	 51
 78	 95	 87	 45	 37	 44	 22	 37	 47	 56	 19	 42	 42	 45	 47	 44	 39	 67	221	225	218	214	239	217	219	212	219	226	218	215	211	212	204	210	119	118	109	120	132	100	126	131	113	131	129	 97	125	135	119	133	132	132	234	218	119	130	232	 83	 75	240	224	118	201	 65	203	117	130	193	136	218	242	 66	118	139	 75	107	101	198	226
 79	 56	188	169	173	168	150	170	173	161	153	166	170	168	168	166	164	194	102	 98	 96	 96	102	 98	106	 92	 99	 97	 94	 92	 91	 79	111	 90	213	202	198	209	211	209	226	225	201	205	212	207	201	233	203	205	256	256	233	235	 95	232	129	 82	137	220	199	 33	152	 89	194	226	157	 46	152	117	134	195	 57	228	143	154	164	 95	 92	148
 80	137	109	134	149	134	142	144	136	116	147	134	139	134	131	132	135	141	146	159	148	141	182	145	138	143	146	162	152	148	143	162	110	143	107	 92	 97	 99	 90	123	119	111	 97	 82	 95	123	 83	119	 93	 80	166	166	 77	 72	222	125	132	181	 87	 79	 64	162	 62	126	 42	129	 34	181	 26	122	143	145	110	109	 87	 58	 71	119	169	161	164
 81	 90	131	138	150	137	135	145	141	121	139	137	141	137	135	135	136	154	 94	105	 95	 89	127	 92	 88	 89	 94	108	 98	 94	 89	104	 64	 88	143	129	130	137	132	150	156	152	131	125	135	150	123	160	130	124	199	199	128	131	175	163	 92	139	 86	118	 97	109	 57	 93	 90	163	 67	120	 58	 79	103	157	 57	152	 91	 78	 94	 67	114	148	106	 62
 82	123	 31	 61	 77	 62	 78	 72	 62	 44	 81	 63	 66	 61	 58	 60	 64	 64	196	206	196	190	226	194	190	189	195	208	198	194	189	201	166	189	 44	 32	 29	 39	 42	 49	 57	 55	 31	 38	 42	 49	 32	 63	 33	 38	 97	 97	141	121	193	 64	192	150	 37	153	140	154	135	 95	115	 61	 45	203	 56	180	204	 67	116	 58	 32	 25	  9	168	212	 99	171	 78	102
 83	110	126	140	154	140	141	149	143	123	146	140	144	140	137	138	139	154	108	120	109	103	143	106	100	104	107	123	113	109	104	122	 73	104	134	119	121	127	120	144	146	141	122	113	124	144	112	149	120	111	191	191	106	108	195	153	 98	157	 88	 97	 77	130	 44	108	 67	154	 55	141	 44	 87	109	157	 78	140	 92	 71	 87	 80	130	157	128	 41	 23	 96
 84	173	 42	 83	 95	 84	108	 93	 81	 75	110	 86	 87	 84	 81	 84	 89	 68	244	255	245	238	276	242	238	238	243	257	247	243	238	252	212	238	 10	 22	 25	 14	 22	 31	  9	  4	 22	 29	 17	 34	 28	 11	 21	 32	 57	 57	152	124	236	 15	237	194	 86	171	164	204	173	143	137	 23	 85	255	 97	226	249	 70	168	 12	 81	 74	 60	216	262	128	222	111	150	 52	140
 85	146	 58	 94	110	 95	112	106	 95	 78	115	 96	 99	 95	 92	 94	 98	 93	195	207	197	190	229	194	188	190	195	210	200	196	191	206	162	190	 49	 35	 42	 41	 32	 67	 60	 53	 40	 24	 36	 69	 25	 61	 35	 22	108	108	110	 87	222	 67	186	178	 65	125	114	176	120	122	 88	 71	 36	215	 46	175	197	 96	132	 51	 62	 36	 34	168	216	133	188	 59	102	 35	 89	 53
 86	 78	170	166	175	165	155	171	170	153	159	164	169	166	164	163	163	187	 58	 64	 56	 52	 82	 55	 57	 50	 56	 66	 57	 53	 49	 57	 50	 48	188	174	173	182	180	191	201	198	176	173	182	190	170	206	175	172	240	240	173	180	152	208	 74	125	120	158	138	 81	 88	 99	136	205	116	 69	108	 60	 83	190	 45	199	125	123	137	 38	 68	163	 65	113	 52	145	 73	196	152
 87	122	 30	 13	 27	 14	 39	 23	 12	 17	 40	 16	 17	 14	 12	 14	 19	 19	224	232	223	218	250	222	221	217	223	234	225	221	216	224	200	216	 62	 63	 53	 64	 76	 43	 68	 74	 57	 77	 72	 40	 71	 78	 63	 79	 82	 82	192	171	171	 73	228	130	 51	204	190	151	179	 88	166	 60	 94	215	104	214	239	 22	130	 82	 47	 71	 57	199	236	 58	176	127	137	 52	137	 71	 84	169
 88	113	157	167	179	166	164	174	170	150	168	166	171	166	164	164	165	183	 75	 88	 77	 70	111	 74	 67	 72	 75	 91	 81	 77	 72	 92	 40	 72	167	152	154	160	154	176	180	174	155	146	157	176	145	183	153	145	224	224	123	132	195	187	 65	162	115	106	 86	126	 37	120	 86	187	 88	118	 77	 53	 76	186	 76	173	119	103	119	 48	 98	177	115	 72	 30	128	 34	173	123	 52	165
 89	154	162	182	197	182	186	192	185	164	190	182	187	182	179	180	182	192	112	126	116	109	149	112	102	112	112	129	120	117	113	135	 75	113	161	146	152	154	144	177	173	165	151	136	149	177	138	173	147	134	220	220	 76	 91	239	179	 89	203	131	 57	 37	171	 15	155	 44	183	 86	166	 75	 83	 98	196	120	162	134	108	123	 89	139	203	163	 55	 65	131	 47	165	113	101	177	 49
 90	 23	153	127	128	126	105	126	131	123	107	124	127	126	126	124	121	153	143	142	138	136	150	139	145	133	140	142	137	135	132	125	141	131	182	174	167	179	185	174	194	195	171	180	184	171	175	202	175	180	217	217	235	230	 65	200	164	 35	107	228	208	 19	166	 50	197	191	142	 96	141	151	172	154	 56	200	112	132	138	129	139	100	 51	160	111	143	132	192	167	 92	136	131	175
 91	195	159	191	206	191	202	202	192	173	206	192	196	191	188	189	193	194	169	183	173	167	206	169	159	169	170	187	178	174	170	193	132	170	147	135	143	140	127	168	156	147	141	121	132	170	125	153	135	118	204	204	 19	 39	281	161	144	241	147	 24	 26	217	 73	187	 21	169	 93	221	 87	140	153	197	165	141	147	115	126	147	196	222	214	 62	110	131	 88	148	102	155	183	104	 58	217
 92	168	263	262	272	262	252	268	266	248	256	261	265	262	260	260	259	283	 41	 34	 42	 47	 29	 43	 47	 48	 42	 33	 41	 44	 49	 51	 74	 49	277	262	263	270	265	283	290	285	265	258	269	283	256	293	263	256	332	332	216	234	222	297	 55	208	215	190	174	159	129	194	187	296	199	 91	189	 62	 47	286	141	285	220	212	227	 68	 37	258	129	183	134	236	146	284	234	 97	264	113	143	175	199
 93	124	100	122	137	122	129	132	124	104	134	123	127	122	119	120	123	131	142	155	144	137	177	141	135	138	142	158	148	143	138	156	108	138	102	 87	 91	 95	 87	116	114	108	 91	 79	 91	116	 79	116	 88	 77	161	161	 91	 85	208	121	132	167	 74	 93	 76	149	 67	112	 56	124	 24	172	 14	121	143	134	 98	106	 75	 47	 61	115	164	148	153	 15	 53	 69	 35	107	 55	105	117	 69	 62	146	 76	181
 94	 75	 71	 71	 83	 70	 70	 78	 74	 55	 74	 70	 74	 70	 68	 68	 69	 89	155	163	154	148	182	152	151	148	153	165	156	152	147	156	130	147	 93	 82	 78	 88	 91	 92	106	104	 81	 85	 91	 91	 81	112	 83	 85	141	141	154	143	152	112	158	109	 21	156	139	105	116	 52	119	107	 51	154	 54	144	169	 92	 67	108	 26	 36	 44	129	168	 86	121	 78	 67	 50	 72	102	 72	100	 71	 97	117	 96	139	195	 64
 95	123	223	219	228	218	207	224	223	206	211	217	222	218	217	216	215	240	 19	 13	 12	 17	 30	 16	 27	 13	 16	 13	  9	  9	 12	 13	 50	 12	239	225	225	233	229	243	252	248	227	222	232	242	220	256	226	221	292	292	200	213	181	259	 52	164	173	178	159	115	110	149	166	257	164	 57	154	 46	 53	243	 96	249	178	173	188	 36	 17	213	 86	153	 98	197	114	246	200	 54	222	 83	124	130	182	 46	148	153
 96	 85	178	175	184	174	164	179	178	161	168	173	177	174	172	172	171	196	 51	 56	 48	 44	 74	 47	 50	 42	 48	 57	 49	 45	 41	 48	 46	 40	196	182	182	190	188	200	209	206	184	181	190	198	178	214	184	179	248	248	177	185	155	216	 68	130	129	160	140	 85	 90	107	140	214	124	 64	115	 55	 76	198	 53	207	134	131	145	 33	 60	171	 65	119	 59	153	 79	204	159	  9	177	 55	103	 97	159	 89	111	109	 45
 97	121	164	174	187	174	172	182	177	157	177	174	178	174	171	172	173	190	 74	 87	 77	 70	110	 73	 65	 72	 74	 91	 81	 77	 72	 94	 37	 72	172	157	159	165	158	182	185	179	160	150	162	182	150	187	158	149	230	230	119	130	203	192	 60	170	123	100	 81	134	 30	129	 84	193	 93	122	 82	 50	 71	193	 85	178	126	109	125	 48	 99	186	122	 73	 38	134	 39	178	127	 58	173	  9	 44	140	100	110	 72	104	 83	 60
 98	148	 41	 34	 36	 35	 58	 37	 30	 44	 57	 37	 34	 35	 35	 37	 40	  9	252	260	251	245	278	249	248	244	250	262	253	248	244	251	227	243	 63	 69	 60	 67	 82	 39	 63	 72	 63	 85	 76	 36	 79	 73	 69	 87	 60	 60	207	184	190	 65	254	151	 78	222	210	176	203	114	184	 51	115	243	126	241	265	  7	157	 80	 73	 93	 78	226	264	 72	202	148	163	 71	162	 68	 98	196	 28	191	200	160	200	292	139	 98	249	205	198
 99	240	199	233	249	234	246	244	234	216	250	234	238	233	230	232	236	234	199	213	204	198	235	200	189	200	200	217	208	205	202	225	164	202	183	172	181	176	162	205	190	180	178	157	168	207	162	186	172	154	236	236	 32	 59	325	194	170	286	191	 37	 57	260	107	232	 66	204	137	258	131	169	177	237	208	174	191	159	168	180	227	266	255	107	152	173	131	182	141	194	224	142	 93	261	 46	223	121	184	213	196	137	239
100	148	199	209	222	209	207	217	213	193	211	209	213	209	207	207	208	225	 59	 74	 64	 59	 96	 60	 49	 62	 61	 77	 69	 66	 63	 87	 28	 63	205	190	193	198	191	217	218	211	194	183	195	217	183	220	191	181	264	264	130	148	226	225	 32	197	158	105	 89	155	 44	161	101	227	126	126	115	 29	 42	228	112	210	162	144	160	 45	 87	219	137	103	 73	168	 73	211	159	 75	208	 43	 57	165	113	 87	104	139	 75	 73	 36	234	140
