nVehicles:   18
nDepots:      1
nCustomers: 100
nPeriods:    12
VEHICLE_TYPE	FLEET_SIZE	CAPACITY
           4	        18	      38	
DEPOT   	X  	Y  	INV_COST	INITIAL_INV 	MIN_LEVEL_INV 	MAX_LEVEL_INV	PRODUCTION_0	PRODUCTION_1	PRODUCTION_2	PRODUCTION_3	PRODUCTION_4	PRODUCTION_5	PRODUCTION_6	PRODUCTION_7	PRODUCTION_8	PRODUCTION_9	PRODUCTION_10	PRODUCTION_11
       0	 25	 78	       0	       1079	            0	         8014	         671	         671	         671	         671	         671	         671	         671	         671	         671	         671	          671	          671	
CUSTOMER	X  	Y  	INV_COST	INITIAL_INV	MIN_LEVEL_INV 	MAX_LEVEL_INV	DEMAND_0	DEMAND_1	DEMAND_2	DEMAND_3	DEMAND_4	DEMAND_5	DEMAND_6	DEMAND_7	DEMAND_8	DEMAND_9	DEMAND_10	DEMAND_11
       1	169	253	    0.13	          5	            0	           73	       7	       5	       6	       7	      10	       8	       9	       5	       6	       7	        9	        9
       2	198	231	    0.06	          4	            0	           39	       4	       3	       4	       5	       5	       4	       4	       4	       4	       5	        6	        4
       3	193	237	    0.18	          8	            0	           67	       7	       5	       5	       8	       8	       6	       4	       5	       7	       8	        6	        5
       4	173	237	    0.25	          8	            0	           35	       6	       4	       5	       8	       8	       8	       6	       4	       5	       7	        7	        7
       5	192	203	    0.07	          6	            0	           34	       5	       3	       4	       4	       5	       4	       3	       4	       4	       7	        6	        3
       6	215	267	    0.06	         10	            0	           54	       7	       7	       6	       7	       7	      10	       9	       9	       9	       6	        5	        6
       7	190	232	    0.27	          3	            0	           63	       6	       5	       5	       7	       9	       7	       7	       5	       5	       7	        7	        8
       8	169	255	    0.07	          3	            0	           75	       6	       5	       5	       5	       9	       7	       6	       5	       5	       7	        9	        9
       9	193	256	    0.04	         16	            0	           22	       8	       8	       7	      10	       9	      13	      10	      11	       8	       6	        7	        9
      10	199	239	    0.18	          5	            0	           43	       8	       7	       7	       8	       8	      10	      10	       9	       6	       6	        7	        7
      11	211	227	    0.07	          9	            0	           30	       8	       6	       6	       7	      10	       7	       5	       5	       8	       8	        9	        9
      12	197	237	     0.1	          2	            0	           55	      10	       6	      10	      11	      12	       7	       7	      11	      13	      12	        6	        7
      13	190	231	    0.06	          3	            0	           68	       8	       5	       6	       6	       8	       8	       9	       9	       8	       5	        5	        8
      14	207	232	    0.13	          4	            0	           91	       6	       5	       7	       8	      10	      11	       9	       5	       6	       8	       11	        9
      15	206	242	    0.08	          6	            0	           59	       8	       5	       6	       8	      10	       9	       8	       5	       7	       9	        8	        9
      16	197	236	    0.16	          1	            0	           27	       6	       5	       5	       6	       8	       8	       7	       6	       6	       5	        5	        7
      17	429	202	    0.25	          5	            0	           41	       8	       5	       5	       6	       7	       8	      11	       9	       5	       5	        6	        7
      18	430	199	    0.27	          1	            0	           20	       7	       6	       6	       7	      10	       9	      11	      12	       8	       8	        6	        7
      19	443	201	    0.07	          4	            0	           18	       4	       3	       3	       4	       5	       5	       6	       6	       5	       4	        3	        5
      20	434	195	    0.03	          5	            0	           40	       7	       6	       6	       8	       9	       8	       7	       5	       7	      11	       10	        6
      21	434	199	    0.26	          6	            0	           59	       7	       6	       4	       6	       7	       9	      10	       7	       6	       6	        5	        5
      22	421	185	     0.2	         12	            0	           36	       8	       5	       8	      11	      12	       7	       5	       7	       9	       9	        8	        7
      23	449	194	    0.14	          5	            0	           27	       5	       3	       3	       5	       5	       4	       4	       3	       5	       5	        5	        4
      24	421	152	    0.02	          4	            0	           65	       6	       5	       6	       8	       8	       7	       5	       5	       8	       7	        6	        5
      25	439	197	    0.15	          5	            0	           17	       4	       4	       6	       7	       6	       5	       4	       5	       6	       5	        5	        3
      26	443	184	    0.26	         10	            0	           48	       7	       4	       6	       7	       7	       7	       6	       5	       6	       9	        7	        6
      27	434	194	    0.01	          4	            0	           20	       5	       3	       3	       5	       6	       5	       6	       4	       3	       3	        6	        6
      28	451	174	    0.28	          8	            0	           65	       7	       5	       6	       6	       8	       9	       8	       7	       6	       5	        6	        6
      29	433	199	    0.13	          7	            0	           74	       8	       6	       8	       7	      11	      14	      13	       8	       8	       7	        8	        9
      30	433	194	    0.07	          5	            0	           45	       7	       5	       6	      10	      13	       9	       7	       6	      10	       9	       11	        8
      31	447	299	    0.28	          3	            0	           52	       7	       6	       5	       8	       8	       7	       4	       4	       6	       9	        9	        7
      32	417	180	     0.3	          6	            0	           59	       6	       4	       6	       9	       9	       5	       5	       6	       8	       8	        4	        4
      33	177	248	     0.1	          3	            0	           54	      10	       8	       8	      10	      13	       7	       7	      11	      11	      12	        7	        7
      34	118	189	    0.22	         14	            0	           35	       8	       7	       7	       9	      11	       8	       7	       6	       6	       9	       10	        8
      35	182	257	    0.21	          6	            0	           14	       5	       4	       5	       5	       7	       6	       6	       3	       4	       7	        8	        7
      36	169	252	    0.16	          9	            0	           45	       5	       4	       5	       7	       7	       6	       4	       5	       8	       6	        5	        3
      37	149	263	    0.09	          1	            0	           33	      10	       8	       7	      10	      13	      10	       8	       9	      11	      13	        8	        6
      38	160	248	    0.12	         14	            0	           23	      10	       7	       8	      10	      13	      10	       6	       9	       9	      13	        9	        7
      39	131	265	    0.15	          5	            0	           59	       7	       5	       4	       8	       8	       9	       6	       4	       5	       7	        7	        8
      40	149	238	    0.05	         13	            0	           55	       9	       7	       7	      11	      10	       7	       6	       8	       9	       9	        6	        8
      41	172	197	    0.27	          7	            0	           23	       5	       4	       3	       4	       5	       6	       5	       4	       4	       3	        3	        4
      42	144	255	    0.19	          5	            0	           37	       5	       4	       5	       7	       6	       4	       3	       5	       6	       6	        5	        4
      43	174	266	    0.04	         10	            0	           44	       7	       5	       6	       6	       9	       8	      10	       9	       6	       5	        7	        8
      44	159	228	    0.24	          1	            0	          100	       8	       7	       7	      10	      12	       8	       6	       9	      12	       9	        7	        7
      45	162	254	    0.19	          3	            0	           82	       8	       8	       8	      11	      14	      10	       8	       8	      10	      10	       12	        8
      46	116	256	    0.27	          4	            0	           37	       7	       6	       6	       8	      12	       9	       6	       7	       9	      11	        9	        7
      47	 99	269	    0.11	          5	            0	           21	       4	       3	       4	       4	       4	       7	       6	       4	       4	       3	        4	        5
      48	161	251	     0.3	          3	            0	           27	       6	       4	       5	       7	       7	       6	       6	       4	       8	       9	        7	        5
      49	  0	  0	    0.12	          5	            0	           57	       7	       5	       6	       7	       8	       6	       5	       5	       6	       8	        6	        4
      50	  0	  0	    0.12	          1	            0	           23	       6	       5	       5	       9	       7	       5	       4	       6	       8	       7	        6	        5
      51	428	205	    0.13	          8	            0	           62	       9	       7	       5	       6	      10	      10	      12	       9	       9	       7	        6	        8
      52	149	257	    0.03	          4	            0	           21	       4	       4	       4	       6	       5	       4	       3	       4	       6	       6	        3	        4
      53	312	401	    0.26	          5	            0	           56	       9	       5	       6	       8	       8	      12	      12	       9	       9	       6	        7	        8
      54	199	227	    0.01	          2	            0	           46	       4	       4	       4	       5	       6	       5	       3	       4	       5	       6	        4	        3
      55	192	353	    0.23	          6	            0	           22	       4	       3	       3	       3	       5	       5	       5	       6	       5	       4	        3	        3
      56	295	 42	    0.24	         10	            0	           39	       8	       5	       6	       7	       8	      10	      11	       8	       6	       6	        6	        7
      57	 67	149	    0.06	          5	            0	           48	       6	       4	       4	       5	       7	       8	       8	       6	       6	       4	        5	        7
      58	376	255	    0.06	          4	            0	           67	       6	       6	       6	       6	       9	      11	       8	       8	       6	       5	        6	        9
      59	242	248	    0.29	         13	            0	           41	       7	       6	       9	       8	      12	       8	       6	       7	      10	      11	        8	        6
      60	103	315	    0.28	          9	            0	           46	       5	       4	       4	       7	       6	       7	       4	       4	       6	       8	        7	        5
      61	 47	 73	    0.28	          4	            0	           39	      10	       7	       9	      14	      13	       8	       7	       8	      12	      13	        7	        8
      62	465	249	    0.19	          2	            0	           32	       4	       3	       4	       6	       4	       3	       3	       4	       6	       4	        3	        3
      63	137	169	    0.23	          1	            0	           52	       9	       5	       7	      10	       9	      10	       7	       6	       9	      10	       10	        7
      64	331	470	    0.13	         11	            0	           29	       6	       6	       5	       6	       7	       6	       6	       6	       5	       7	        9	        7
      65	 53	268	    0.21	          7	            0	           75	       8	       7	       6	       8	      10	      11	      10	       7	       7	       8	        8	        9
      66	 52	178	    0.18	          6	            0	           24	       9	       8	       6	       8	       9	      11	      10	      10	       9	       7	        7	        8
      67	156	481	    0.04	          6	            0	           19	       5	       4	       4	       5	       5	       8	       6	       7	       5	       3	        4	        6
      68	195	 86	    0.24	          3	            0	           23	       5	       3	       4	       6	       6	       4	       3	       4	       6	       5	        4	        3
      69	429	231	    0.18	          8	            0	           54	       5	       4	       5	       6	       7	       6	       5	       4	       5	       6	        8	        5
      70	278	359	    0.23	          4	            0	           28	       5	       3	       5	       6	       6	       4	       4	       4	       6	       6	        4	        3
      71	252	 89	    0.24	          4	            0	           41	       4	       3	       3	       3	       5	       6	       5	       4	       3	       3	        5	        6
      72	458	238	    0.04	          8	            0	          105	       8	       8	       6	       9	      12	      11	       9	       9	       8	       7	       11	       14
      73	 54	472	    0.08	         15	            0	           42	       9	       6	       8	       8	      14	       9	       8	       7	       9	       9	       12	        8
      74	208	156	    0.06	         10	            0	           58	       7	       5	       5	       7	       8	       6	       4	       6	       7	       9	        6	        5
      75	171	147	    0.01	          1	            0	           32	       5	       3	       4	       5	       6	       5	       5	       4	       4	       5	        5	        5
      76	  3	 11	    0.26	          2	            0	           81	       9	       7	       8	      13	      12	       9	       7	       9	      11	      12	        8	        7
      77	174	319	    0.04	          3	            0	           26	       5	       4	       4	       4	       5	       6	       5	       4	       4	       4	        3	        3
      78	107	205	    0.11	          9	            0	           22	       7	       5	       8	      11	      10	       7	       6	       8	       8	       7	        5	        6
      79	 99	288	    0.04	          7	            0	           42	       5	       4	       4	       7	       7	       5	       4	       5	       7	       5	        5	        4
      80	261	 45	    0.15	          4	            0	           55	       5	       5	       5	       6	       6	       5	       4	       4	       6	       7	        6	        4
      81	435	492	    0.13	          8	            0	           64	       8	       5	       5	       6	       8	      11	       8	       8	       6	       6	        7	        8
      82	232	 76	     0.2	          5	            0	           29	       5	       5	       5	       7	       9	       6	       5	       6	       7	       6	        5	        5
      83	167	403	    0.24	         10	            0	           37	       7	       7	       6	       6	       7	      11	      10	       7	       6	       4	        6	        6
      84	367	399	    0.24	          2	            0	           29	       4	       4	       3	       4	       5	       6	       5	       4	       5	       5	        5	        5
      85	 54	167	    0.13	          1	            0	           50	       8	       6	       7	       8	      11	      11	      11	       9	       7	       6	       10	       12
      86	212	114	    0.29	          3	            0	           72	       6	       5	       5	       6	       9	       7	       6	       6	       4	       6	        8	        9
      87	129	293	     0.1	          7	            0	          115	       8	       8	       7	      10	      12	      11	      10	       8	       9	      12	       11	        9
      88	477	354	    0.17	          4	            0	           47	       6	       6	       5	       6	       8	      10	       7	       5	       6	       7	       10	       10
      89	 12	331	    0.26	          5	            0	           60	       8	       5	       6	       9	      11	      10	       8	       5	       6	       7	        8	        8
      90	389	326	    0.13	          7	            0	           71	       8	       7	       7	       7	      12	      11	      13	      10	       9	       7	        8	       10
      91	147	299	    0.17	         15	            0	           89	      10	       7	       8	      14	      10	       8	       6	       8	      12	      12	        8	        7
      92	489	174	    0.05	          5	            0	           69	       9	       6	       6	      10	      12	      10	       9	       6	       7	       8	       10	       11
      93	336	112	    0.06	          5	            0	           28	       6	       4	       5	       7	       7	       5	       4	       6	       8	       6	        5	        4
      94	387	457	    0.29	         10	            0	           64	       8	       6	       7	      10	      11	       9	       7	       6	       7	      11	       11	        9
      95	  3	491	    0.28	          1	            0	           28	       5	       5	       6	       8	       9	       7	       5	       5	       9	       9	        5	        5
      96	482	329	    0.24	          2	            0	           30	       4	       4	       3	       4	       5	       7	       5	       4	       3	       4	        4	        5
      97	 27	361	    0.21	          3	            0	           27	       4	       3	       4	       6	       6	       4	       3	       5	       4	       6	        4	        3
      98	452	496	    0.17	          8	            0	           65	       5	       5	       5	       8	       8	       6	       5	       5	       8	       8	        5	        6
      99	146	183	    0.09	          4	            0	           23	       5	       4	       5	       5	       6	       5	       4	       4	       5	       6	        7	        6
     100	 97	 54	    0.13	          1	            0	           12	       4	       3	       3	       4	       5	       6	       6	       6	       5	       3	        3	        3
COST_MATRIX 
	  0	  1	  2	  3	  4	  5	  6	  7	  8	  9	 10	 11	 12	 13	 14	 15	 16	 17	 18	 19	 20	 21	 22	 23	 24	 25	 26	 27	 28	 29	 30	 31	 32	 33	 34	 35	 36	 37	 38	 39	 40	 41	 42	 43	 44	 45	 46	 47	 48	 49	 50	 51	 52	 53	 54	 55	 56	 57	 58	 59	 60	 61	 62	 63	 64	 65	 66	 67	 68	 69	 70	 71	 72	 73	 74	 75	 76	 77	 78	 79	 80	 81	 82	 83	 84	 85	 86	 87	 88	 89	 90	 91	 92	 93	 94	 95	 96	 97	 98	 99	100
  0
  1	114
  2	116	 19
  3	116	 15	  4
  4	109	  9	 13	 11
  5	105	 28	 15	 18	 20
  6	134	 25	 20	 19	 26	 35
  7	113	 15	  5	  3	  9	 15	 22
  8	115	  2	 19	 16	 10	 29	 24	 16
  9	123	 13	 13	 10	 14	 27	 13	 13	 13
 10	119	 17	  5	  4	 14	 19	 17	  6	 18	 10
 11	120	 25	  7	 11	 20	 16	 21	 11	 26	 18	  9
 12	118	 17	  4	  3	 13	 18	 18	  5	 17	 10	  2	  9
 13	113	 16	  5	  4	 10	 15	 22	  1	 16	 13	  7	 11	  5
 14	120	 22	  5	  8	 18	 17	 18	  9	 23	 14	  6	  4	  6	  9
 15	123	 20	  7	  7	 17	 21	 14	 10	 20	 10	  4	  8	  6	 10	  6
 16	117	 17	  3	  3	 13	 17	 18	  5	 17	 11	  2	  9	  1	  5	  6	  6
 17	212	133	117	120	130	119	112	121	133	122	117	110	118	121	113	114	118
 18	212	134	118	121	130	120	113	122	134	122	118	111	119	122	113	115	118	  2
 19	218	140	124	127	137	126	119	128	140	128	124	117	125	128	120	121	125	  8	  7
 20	213	136	120	123	133	122	116	124	136	125	120	113	121	124	115	117	121	  5	  3	  6
 21	214	136	120	122	132	122	115	124	136	124	120	113	121	124	115	117	120	  3	  3	  5	  3
 22	206	131	114	117	127	115	111	118	131	120	115	108	115	118	110	112	115	 10	  9	 14	  9	 10
 23	220	144	127	130	140	129	123	131	144	132	128	121	128	131	123	124	128	 11	 10	  5	  8	  8	 15
 24	202	136	119	122	132	118	118	123	137	126	120	112	120	123	115	117	120	 26	 24	 27	 23	 25	 17	 26
 25	216	138	122	125	135	124	118	126	139	127	122	115	123	126	118	119	123	  6	  5	  3	  3	  3	 11	  6	 25
 26	216	142	125	128	138	126	122	129	142	131	126	118	126	129	121	122	126	 12	 10	  9	  8	  9	 12	  6	 20	  7
 27	213	136	120	123	133	122	116	124	136	125	120	113	121	124	116	117	121	  5	  4	  6	  1	  3	  8	  8	 22	  3	  7
 28	219	147	130	133	143	131	127	134	147	136	131	123	131	134	126	128	131	 18	 17	 15	 14	 16	 16	 11	 19	 13	  7	 14
 29	213	135	119	122	132	121	115	123	135	124	119	112	120	123	115	116	120	  3	  2	  6	  3	  1	 10	  9	 25	  4	 10	  3	 16
 30	213	136	119	122	132	121	115	123	136	124	120	113	120	123	115	117	120	  5	  3	  7	  1	  3	  8	  9	 22	  4	  8	  1	 14	  3
 31	239	141	130	131	141	137	118	133	141	129	128	124	129	133	125	124	129	 50	 51	 50	 53	 51	 59	 53	 75	 52	 58	 53	 63	 51	 53
 32	203	130	113	116	126	114	110	117	130	119	113	106	114	117	109	110	114	 13	 12	 17	 12	 13	  4	 18	 15	 14	 14	 12	 18	 13	 11	 62
 33	115	  5	 14	 10	  6	 24	 22	 11	  6	  9	 12	 20	 12	 11	 18	 15	 12	129	129	136	132	131	127	139	132	134	137	132	142	131	131	138	125
 34	 73	 41	 46	 45	 37	 38	 63	 42	 42	 51	 48	 51	 47	 42	 50	 52	 46	156	157	163	159	159	152	166	153	161	163	159	167	158	158	174	150	 42
 35	120	  7	 16	 12	 11	 28	 18	 14	  7	  6	 13	 21	 13	 14	 18	 15	 13	127	128	134	130	130	125	138	131	132	136	130	141	129	130	135	124	  6	 47
 36	113	  1	 18	 15	  8	 28	 25	 15	  2	 13	 17	 25	 16	 15	 22	 20	 17	133	134	140	136	136	131	143	136	138	142	136	147	135	136	141	130	  5	 41	  7
 37	112	 12	 30	 26	 18	 37	 34	 26	 11	 23	 28	 36	 28	 27	 33	 31	 28	144	145	151	147	147	142	154	147	149	153	147	158	146	147	151	141	 16	 41	 17	 12
 38	109	  6	 21	 18	  9	 28	 30	 18	  6	 17	 21	 28	 20	 18	 25	 24	 20	137	138	144	140	140	135	148	140	142	146	140	151	139	140	146	133	  9	 37	 12	  5	 10
 39	108	 20	 38	 35	 26	 44	 43	 34	 20	 32	 37	 45	 36	 35	 42	 40	 37	153	154	160	156	156	151	163	156	158	162	156	167	155	156	159	150	 25	 39	 26	 21	 10	 17
 40	102	 13	 25	 23	 13	 28	 37	 21	 14	 24	 26	 32	 25	 21	 30	 29	 25	142	142	149	145	144	139	152	143	147	150	145	155	144	144	153	138	 15	 29	 20	 13	 13	  8	 17
 41	 95	 29	 22	 23	 21	 11	 42	 20	 30	 32	 25	 25	 24	 20	 25	 29	 24	129	130	136	132	132	125	139	127	134	136	132	140	131	131	147	123	 26	 28	 31	 28	 35	 27	 40	 24
 42	107	 13	 30	 27	 18	 36	 37	 26	 13	 25	 29	 37	 28	 26	 34	 32	 29	145	146	152	149	148	143	156	148	151	154	149	159	148	148	154	142	 17	 36	 20	 13	  5	  9	  9	  9	 33
 43	120	  7	 22	 18	 15	 33	 21	 19	  7	 11	 19	 27	 19	 20	 24	 21	 19	132	133	139	135	135	130	143	137	137	141	135	146	134	135	138	129	 10	 48	  7	  8	 13	 12	 22	 19	 35	 16
 44	101	 14	 20	 18	  9	 21	 35	 16	 15	 23	 21	 27	 20	 16	 25	 25	 20	136	137	143	139	139	133	146	137	141	144	139	149	138	139	149	132	 14	 29	 19	 14	 19	 11	 24	  8	 17	 16	 21
 45	112	  4	 22	 18	 11	 30	 28	 18	  4	 16	 20	 28	 20	 19	 26	 23	 20	137	137	143	140	139	135	147	140	142	145	140	150	139	139	145	133	  9	 40	 11	  4	  8	  4	 17	 11	 29	 10	  9	 14
 46	100	 27	 43	 40	 31	 47	 50	 39	 27	 39	 43	 50	 42	 40	 48	 46	 42	159	160	166	162	162	157	170	162	165	168	162	173	162	162	167	156	 31	 34	 34	 27	 17	 23	  9	 19	 41	 15	 30	 26	 24
 47	103	 36	 54	 50	 41	 58	 59	 50	 36	 48	 53	 60	 52	 50	 58	 56	 52	169	170	176	172	172	167	179	172	174	178	172	183	171	172	175	166	 41	 42	 42	 37	 26	 33	 17	 30	 52	 24	 38	 37	 33	 11
 48	111	  5	 22	 18	 10	 29	 29	 18	  5	 17	 20	 28	 20	 18	 25	 23	 20	137	137	144	140	139	135	147	140	142	145	140	151	139	139	146	133	  9	 38	 11	  5	  9	  2	 17	  9	 28	  9	 10	 12	  2	 23	 33
 49	 41	153	153	153	147	140	172	150	153	161	156	155	155	150	156	159	154	238	237	244	238	239	230	245	224	241	240	238	242	239	238	269	228	153	112	158	152	152	148	148	141	131	147	159	139	151	141	144	150
 50	 41	153	153	153	147	140	172	150	153	161	156	155	155	150	156	159	154	238	237	244	238	239	230	245	224	241	240	238	242	239	238	269	228	153	112	158	152	152	148	148	141	131	147	159	139	151	141	144	150	  1
 51	212	132	116	119	129	119	111	120	132	121	116	110	117	120	112	113	117	  2	  4	  8	  6	  5	 11	 12	 27	  7	 13	  7	 20	  4	  7	 48	 14	128	156	126	132	143	136	152	141	129	145	131	135	136	159	168	136	238	238
 52	109	 11	 28	 25	 16	 35	 34	 25	 11	 23	 27	 35	 27	 25	 32	 30	 27	143	144	150	146	146	141	154	146	149	152	146	157	145	146	151	140	 15	 38	 17	 11	  4	  8	 10	 10	 33	  3	 14	 16	  7	 17	 26	  7	149	149	142
 53	217	103	103	102	108	116	 83	105	103	 94	 99	101	101	105	100	 96	101	116	117	120	120	118	121	125	136	121	127	121	134	118	120	 85	123	103	144	 98	104	107	108	114	116	124	112	 97	116	106	122	126	107	255	255	114	109
 54	115	 20	  3	  6	 14	 13	 22	  6	 21	 15	  7	  7	  6	  5	  5	  9	  5	116	117	123	119	119	113	127	118	121	124	119	129	118	119	130	112	 16	 45	 18	 20	 31	 23	 39	 26	 21	 31	 24	 21	 23	 44	 55	 23	151	151	116	 30	104
 55	161	 52	 62	 59	 59	 76	 45	 61	 51	 49	 58	 64	 59	 62	 61	 56	 59	141	142	147	145	144	143	152	153	147	152	145	158	144	145	131	142	 54	 90	 49	 52	 50	 55	 54	 62	 79	 55	 45	 65	 52	 62	 63	 54	201	201	140	 53	 65	 64
 56	137	123	107	111	116	 96	120	109	124	119	110	102	110	109	105	110	109	105	104	109	104	105	 96	109	 84	106	103	103	103	105	103	150	 93	119	116	122	123	133	124	139	123	 99	131	128	116	126	140	150	125	149	149	106	130	180	105	164
 57	 42	 73	 78	 77	 69	 69	 95	 75	 74	 83	 80	 82	 79	 74	 82	 84	 79	183	184	190	185	186	178	193	178	188	189	185	193	185	185	205	176	 74	 33	 79	 73	 71	 68	 67	 61	 58	 66	 80	 61	 71	 59	 63	 70	 82	 82	183	 68	176	 77	120	126
 58	197	104	 90	 92	102	 96	 81	 94	104	 92	 89	 84	 90	 94	 86	 86	 91	 38	 39	 44	 42	 41	 42	 48	 57	 43	 49	 43	 56	 40	 42	 42	 43	100	134	 98	104	114	109	123	114	107	117	102	110	108	131	139	108	228	228	 37	114	 80	 90	105	114	164
 59	138	 37	 24	 26	 35	 34	 17	 28	 37	 25	 22	 19	 24	 28	 20	 19	 24	 97	 98	104	100	100	 95	107	102	102	106	100	111	 99	100	106	 94	 33	 69	 31	 37	 48	 42	 57	 47	 44	 50	 36	 43	 41	 64	 73	 41	174	174	 96	 47	 85	 24	 59	107	101	 68
 60	125	 46	 64	 60	 53	 72	 61	 61	 45	 54	 62	 70	 62	 61	 67	 64	 62	173	174	180	177	176	172	184	179	179	183	177	188	175	176	173	171	 50	 64	 50	 46	 35	 44	 29	 45	 69	 37	 44	 52	 43	 31	 24	 44	166	166	172	 38	114	 66	 49	167	 85	140	 78
 61	 12	109	110	110	104	 98	129	107	110	118	113	113	112	107	113	117	111	202	202	209	203	204	196	210	192	206	206	203	209	204	203	230	193	110	 69	115	109	108	105	105	 97	 89	104	116	 96	108	 98	102	106	 44	 44	202	106	211	109	158	125	 40	188	132	125
 62	237	149	134	137	147	139	126	138	149	137	134	128	135	138	130	130	135	 30	 31	 27	 32	 30	 39	 29	 54	 30	 35	 32	 39	 30	 32	 27	 43	145	177	142	149	159	153	168	159	149	161	146	154	152	175	184	153	264	264	 29	159	108	134	147	134	206	 45	112	184	227
 63	 73	 45	 44	 45	 39	 33	 63	 42	 46	 52	 47	 48	 46	 41	 48	 51	 45	147	148	154	150	150	143	157	143	152	154	150	158	149	149	169	141	 45	 14	 50	 45	 48	 42	 49	 36	 23	 44	 52	 32	 45	 45	 54	 43	109	109	147	 45	146	 43	 97	102	 37	128	 66	 75	 66	169
 64	249	136	137	136	141	151	117	139	135	128	134	136	135	139	135	131	135	143	145	146	147	145	150	151	166	147	154	148	160	145	148	104	152	136	177	130	136	138	141	144	148	158	143	129	149	138	152	154	139	288	288	142	141	 36	139	 91	215	208	110	120	138	245	130	180
 65	 97	 59	 75	 72	 62	 77	 82	 71	 59	 71	 75	 82	 74	 71	 80	 78	 74	191	192	198	194	194	189	202	193	197	200	195	205	194	194	198	188	 63	 52	 65	 59	 49	 55	 40	 51	 70	 46	 61	 57	 55	 33	 24	 55	137	137	191	 49	146	 76	 82	166	 60	162	 96	 35	 98	207	 65	172
 66	 52	 70	 78	 77	 68	 72	 93	 75	 71	 81	 80	 84	 79	 74	 83	 84	 79	189	190	196	192	192	185	199	185	194	196	192	200	191	191	207	183	 72	 34	 77	 70	 65	 65	 59	 58	 61	 60	 76	 60	 67	 51	 52	 66	 93	 93	189	 63	172	 78	113	140	 17	167	102	 74	 53	210	 43	202	 46
 67	212	115	127	124	123	141	111	126	114	115	123	130	124	127	128	123	125	196	197	201	200	198	199	206	212	201	207	200	213	198	200	172	200	117	148	113	115	110	117	109	122	143	114	108	127	114	115	110	116	253	253	194	113	 88	129	 67	231	172	158	125	 88	212	194	157	 88	119	161
 68	 86	 85	 73	 76	 77	 59	 92	 74	 86	 86	 77	 71	 76	 73	 74	 79	 76	131	131	137	132	133	124	139	118	135	134	132	136	132	131	165	121	 82	 65	 86	 85	 92	 83	 96	 80	 57	 89	 91	 74	 86	 94	104	 85	107	107	131	 89	169	 71	134	 55	 72	124	 85	124	 75	158	 51	204	116	 86	199
 69	217	131	116	119	129	120	109	120	131	119	116	110	117	120	112	112	117	 15	 17	 17	 19	 17	 24	 22	 40	 18	 25	 19	 31	 17	 19	 36	 27	127	157	125	131	141	135	150	141	130	144	129	136	134	157	167	135	244	244	 14	141	104	116	134	116	186	 30	 94	169	207	 21	150	130	189	191	186	138
 70	190	 77	 76	 75	 81	 90	 56	 78	 76	 67	 72	 75	 74	 78	 73	 69	 74	109	111	115	114	112	113	119	126	115	121	114	127	112	114	 90	114	 76	117	 71	 77	 81	 82	 88	 89	 97	 85	 70	 89	 79	 96	101	 80	228	228	108	 83	 28	 77	 44	159	149	 72	 59	 91	184	109	119	 62	122	145	 87	143	 99
 71	114	 92	 76	 80	 84	 65	 91	 78	 93	 89	 80	 72	 79	 78	 75	 80	 79	105	105	111	106	107	 98	112	 91	108	107	106	109	106	105	144	 95	 88	 84	 92	 92	102	 92	107	 91	 68	100	 97	 84	 94	108	119	 93	134	134	106	 99	159	 74	136	 32	 98	104	 80	136	103	134	 71	195	134	110	202	 29	114	136
 72	231	145	131	133	143	135	123	135	145	133	130	124	131	135	126	127	131	 24	 25	 20	 25	 23	 33	 23	 47	 23	 29	 26	 33	 24	 26	 31	 36	141	172	139	145	156	150	165	155	145	158	143	150	149	172	181	149	259	259	 23	155	110	130	145	128	201	 42	109	182	222	  7	165	133	204	206	194	152	 15	109	128
 73	198	124	141	137	132	152	131	138	123	129	138	146	138	139	143	138	138	232	233	238	236	234	233	242	244	237	243	236	249	234	236	215	233	128	146	126	125	115	124	111	127	150	118	120	133	122	113	104	123	238	238	230	118	134	143	 92	247	162	195	147	 83	200	234	158	139	103	148	 52	206	223	126	216	234
 74	100	 53	 38	 42	 45	 25	 56	 40	 54	 51	 42	 36	 41	 39	 39	 44	 41	113	114	120	115	116	108	122	107	118	119	115	122	115	115	140	106	 49	 48	 53	 52	 62	 52	 67	 51	 28	 59	 58	 44	 55	 68	 79	 53	131	131	113	 59	134	 36	 99	 72	 71	 98	 50	 96	 91	137	 37	169	 96	 79	165	 36	117	108	 41	132	176
 75	 81	 54	 45	 47	 46	 30	 64	 44	 55	 56	 49	 45	 47	 44	 47	 51	 47	132	133	139	134	135	127	141	126	137	138	134	141	134	134	158	125	 51	 34	 56	 53	 60	 51	 63	 47	 26	 56	 60	 41	 54	 62	 71	 53	113	113	132	 57	146	 43	104	 82	 53	116	 62	 91	 73	156	 21	181	 85	 62	168	 33	136	119	 50	151	173	 20
 76	 36	147	147	148	142	135	167	145	148	156	151	150	149	145	151	154	149	234	234	240	235	236	227	242	221	238	237	235	239	235	234	265	224	148	106	153	147	146	143	143	135	126	141	154	134	146	135	138	144	  6	  6	234	144	249	146	196	147	 77	223	169	161	 39	260	104	283	131	 88	248	104	240	222	131	255	232	126	109
 77	142	 34	 46	 43	 42	 59	 34	 45	 33	 33	 42	 50	 43	 45	 47	 42	 44	141	142	147	145	144	141	152	150	146	151	145	157	143	144	137	140	 36	 71	 32	 34	 31	 37	 35	 43	 62	 36	 27	 47	 34	 43	 46	 35	182	182	140	 34	 81	 48	 20	152	101	106	 50	 36	139	150	 78	109	 66	 94	 82	117	135	 56	122	148	 98	 84	 87	177
 78	 76	 40	 48	 46	 37	 43	 63	 44	 40	 50	 50	 54	 48	 44	 52	 53	 48	162	162	169	164	164	158	172	160	167	169	164	173	164	164	177	156	 42	 10	 46	 39	 36	 35	 33	 27	 33	 32	 46	 29	 37	 26	 33	 36	116	116	161	 34	142	 48	 86	125	 35	137	 71	 56	 73	181	 24	174	 42	 31	141	 75	162	116	 93	177	137	 57	 44	111	 67
 79	112	 40	 58	 54	 45	 63	 59	 54	 39	 50	 56	 64	 56	 54	 61	 59	 56	171	172	178	174	174	170	182	175	176	180	174	186	173	174	175	168	 44	 51	 45	 40	 28	 37	 20	 36	 59	 28	 40	 43	 36	 19	 10	 37	153	153	170	 30	121	 59	 57	158	 72	140	 75	 14	111	185	 63	148	 26	 60	101	112	168	 97	126	182	 95	 86	 80	147	 41	 42
 80	120	114	 99	102	106	 87	114	101	115	111	102	 95	102	100	 98	103	101	115	115	120	115	116	107	120	 97	118	115	115	115	116	114	158	104	110	102	114	114	123	114	128	112	 89	121	119	105	116	129	139	115	133	133	116	120	180	 97	158	 18	111	120	102	157	108	145	 88	216	153	124	225	 39	126	158	 23	138	238	 62	 69	131	144	112	147
 81	292	179	177	176	183	189	158	179	179	170	173	174	175	179	173	170	175	146	147	146	149	147	154	150	171	148	155	150	160	147	150	 97	157	178	220	173	180	184	184	190	192	198	188	173	191	182	199	202	183	329	329	144	186	 77	178	140	236	252	123	156	189	286	123	220	 54	222	248	140	236	131	103	222	128	191	203	218	324	157	218	197	240
 82	104	 94	 80	 83	 86	 67	 96	 81	 95	 93	 84	 77	 83	 81	 79	 85	 82	117	117	123	118	119	110	124	102	120	119	117	120	118	117	155	107	 91	 81	 94	 94	103	 94	108	 92	 68	100	100	 85	 96	108	118	 95	123	123	118	100	168	 78	140	 36	 91	115	 87	136	 93	146	 67	204	132	104	207	 20	126	144	 12	140	218	 42	 47	120	125	 90	126	 22	232
 83	178	 76	 88	 85	 84	101	 73	 87	 75	 75	 84	 91	 85	 87	 88	 83	 85	166	167	172	170	169	168	176	179	171	177	170	183	168	170	150	168	 78	110	 74	 76	 71	 78	 72	 83	104	 75	 69	 88	 75	 78	 76	 77	219	219	164	 74	 73	 90	 28	192	137	129	 87	 55	176	168	118	 89	 89	127	 40	160	157	 60	163	168	 67	126	129	213	 43	104	 67	186	142	167
 84	235	124	120	119	127	132	101	122	123	113	117	117	118	123	116	113	118	104	105	107	108	106	111	111	127	108	115	108	121	106	108	 65	113	122	163	117	124	129	129	136	136	141	133	118	135	126	145	149	127	272	272	102	131	 28	121	 91	183	196	 73	 99	139	229	 90	163	 40	171	193	114	179	 90	 49	166	 93	161	146	160	267	105	163	146	185	 58	176	101
 85	 47	 72	 79	 78	 70	 72	 95	 76	 73	 83	 81	 85	 80	 76	 84	 85	 80	189	189	196	191	191	184	198	184	194	195	191	199	191	190	208	182	 74	 34	 79	 72	 68	 67	 63	 60	 61	 63	 78	 61	 70	 55	 56	 69	 88	 88	188	 66	175	 79	116	136	 12	167	103	 78	 48	210	 42	206	 51	  6	166	 82	191	148	107	206	153	 78	 60	 83	 97	 33	 65	121	251	100	131	195
 86	 96	 73	 59	 63	 65	 46	 77	 61	 74	 72	 63	 57	 62	 60	 60	 65	 62	118	117	124	119	119	111	126	107	121	121	118	124	119	118	150	108	 70	 61	 74	 73	 81	 72	 86	 70	 47	 79	 79	 63	 75	 86	 96	 74	121	121	118	 79	152	 57	120	 55	 75	109	 69	115	 86	144	 47	188	111	 87	186	 17	124	127	 24	138	196	 22	 27	117	105	 70	104	 43	220	 22	147	163	 84
 87	120	 29	 47	 43	 36	 55	 45	 44	 28	 37	 45	 53	 45	 44	 50	 47	 45	157	158	164	161	160	156	168	163	163	167	161	172	160	160	160	155	 33	 53	 33	 29	 19	 28	 15	 30	 53	 21	 27	 36	 26	 20	 20	 27	161	161	156	 21	107	 49	 44	151	 79	125	 61	 18	118	170	 63	135	 41	 70	 95	109	154	 82	120	167	 98	 80	 76	155	 26	 46	 16	141	183	121	 59	131	 74	 99
 88	265	163	153	154	163	162	139	156	162	151	151	148	152	157	149	147	152	 80	 81	 79	 83	 81	 90	 82	105	 81	 87	 83	 91	 81	 83	 32	 93	160	198	156	163	171	168	179	174	172	174	158	172	166	188	194	167	298	298	 79	172	 86	153	143	181	230	 71	129	189	257	 53	194	 94	217	231	173	195	 67	100	174	 59	220	168	185	293	153	200	192	189	 73	186	157	 60	232	179	177
 89	127	 88	106	102	 94	111	107	102	 88	 98	105	113	104	103	110	107	104	219	220	226	222	222	218	229	224	224	228	222	234	221	222	219	217	 93	 89	 93	 88	 77	 85	 69	 83	105	 77	 88	 90	 85	 65	 54	 85	166	166	218	 78	155	107	 91	203	 96	186	123	 47	131	231	103	174	 38	 80	104	153	215	134	171	228	 74	132	122	161	 82	 79	 49	190	227	169	 86	181	 85	148	 62	233
 90	221	116	107	108	117	117	 92	111	116	105	105	102	106	111	103	101	107	 66	 67	 69	 70	 68	 73	 73	 89	 70	 76	 70	 83	 68	 70	 32	 75	113	152	110	117	125	121	133	128	127	128	112	126	120	141	148	121	254	254	 64	125	 54	108	100	150	184	 37	 84	144	213	 55	149	 78	171	185	140	155	 52	 58	137	 56	183	125	142	250	108	154	147	155	 87	148	118	 39	186	139	132	 47	189
 91	127	 26	 43	 39	 34	 54	 38	 40	 25	 32	 40	 49	 40	 41	 45	 42	 41	150	151	156	153	152	149	160	156	155	159	153	165	152	153	151	148	 30	 57	 28	 26	 19	 27	 19	 31	 53	 23	 22	 37	 24	 27	 29	 26	167	167	149	 22	 97	 45	 36	149	 86	117	 54	 24	124	161	 66	126	 50	 77	 92	110	146	 73	118	159	 99	 78	 77	161	 17	 52	 25	140	174	120	 53	121	 81	 99	 10	168	 70	122
 92	237	165	149	152	162	150	145	153	166	154	149	142	150	153	144	146	150	 34	 33	 27	 30	 31	 35	 23	 36	 28	 24	 30	 20	 31	 30	 66	 37	161	186	160	165	176	169	185	173	159	178	165	168	169	191	201	169	260	260	 35	175	144	148	174	118	212	 70	129	206	227	 40	177	168	224	219	227	154	 42	141	126	 36	264	141	160	257	174	192	204	131	162	138	198	128	218	142	190	 91	252	 91	183
 93	157	110	 92	 95	103	 86	 99	 95	110	102	 94	 85	 94	 95	 89	 92	 94	 65	 65	 70	 65	 66	 57	 70	 47	 67	 65	 64	 66	 66	 64	109	 53	105	116	106	109	121	112	128	113	 93	120	112	106	113	132	143	112	178	178	 66	119	145	 90	141	 41	136	 75	 83	155	146	 95	104	180	162	146	206	 72	 76	127	 44	 88	229	 68	 85	174	132	124	148	 51	197	 56	169	145	144	 63	138	141	196	111	133	 83
 94	263	150	148	147	154	161	129	150	149	140	144	145	146	150	145	141	146	130	131	132	134	132	138	136	154	133	140	134	146	132	134	 85	140	149	190	144	150	154	155	161	162	169	158	144	162	152	169	172	153	300	300	128	156	 47	149	111	213	223	102	128	159	257	112	191	 29	192	218	117	209	115	 74	196	116	167	176	189	295	127	189	167	216	 30	206	114	 31	221	193	153	 69	198	 66	144	151	175
 95	207	146	163	159	153	173	155	160	145	152	160	169	160	161	165	161	161	258	259	264	262	261	260	268	270	263	269	262	275	260	262	242	259	150	162	148	146	136	145	130	147	170	138	142	153	143	131	121	144	246	246	257	138	161	165	118	268	174	221	171	102	211	261	175	165	115	159	 77	225	250	153	237	261	 28	197	192	241	122	153	113	258	217	237	 94	188	164	216	118	247	 81	210	121	291	253	193
 96	261	162	151	152	162	159	138	154	161	150	149	145	150	155	146	145	150	 69	 71	 67	 72	 70	 79	 70	 94	 70	 76	 72	 80	 70	 72	 24	 82	158	195	155	162	170	167	179	173	169	174	158	170	165	187	194	166	292	292	 68	171	 93	151	146	172	227	 65	127	190	253	 41	191	104	217	228	180	189	 56	104	167	 48	226	163	181	288	155	198	193	180	 85	178	162	 68	229	173	178	 13	236	 47	169	 78	131	 80	253
 97	142	 90	108	104	 96	115	106	104	 89	 99	106	114	106	105	111	108	106	217	218	223	220	220	216	227	224	222	227	220	232	219	220	213	215	 94	 98	 94	 90	 79	 88	 71	 87	110	 79	 88	 94	 87	 69	 59	 87	182	182	216	 81	144	110	 83	209	108	183	122	 45	145	227	111	162	 49	 93	 89	162	212	126	177	225	 58	137	129	176	 77	 88	 52	197	215	176	 74	172	 98	155	 62	226	 17	182	 68	250	199	187	 67	229
 98	299	187	184	184	191	196	165	186	186	177	181	181	182	187	181	177	183	148	149	148	151	149	157	152	173	150	157	152	162	149	152	 99	159	186	227	181	187	192	192	198	199	205	196	181	199	189	207	210	191	336	336	146	193	 85	185	149	241	260	127	163	197	293	124	228	 62	230	256	149	242	133	111	227	130	200	210	225	331	165	226	205	245	  9	238	150	 65	259	226	191	 73	235	 91	182	163	201	 38	225	 85	223
 99	 81	 37	 36	 36	 31	 26	 55	 33	 38	 44	 39	 40	 38	 33	 40	 43	 37	142	143	149	145	145	138	152	139	147	149	145	153	144	144	162	136	 37	 15	 42	 37	 41	 34	 42	 28	 15	 37	 44	 24	 37	 40	 50	 35	118	118	142	 38	138	 35	 89	103	 44	121	 58	 70	 74	163	  9	171	 63	 48	150	 55	144	111	 71	159	152	 34	 22	112	 70	 23	 58	 90	212	 69	111	155	 47	 48	 56	187	100	141	 59	172	102	183	170	184	108	219
100	 38	106	102	104	100	 89	122	101	107	112	106	104	105	100	105	109	104	182	182	188	183	184	175	190	170	186	185	183	187	183	183	214	172	105	 69	111	106	108	102	107	 96	 81	104	113	 93	106	102	108	104	 56	 56	182	105	205	101	157	100	 50	172	122	131	 27	209	 61	239	110	 66	216	 52	189	178	 80	203	211	 76	 60	 52	138	 76	118	 83	277	 69	178	220	 61	 65	121	243	145	200	126	205	123	249	224	237	158	284	 69
