nVehicles:  14
nDepots:     1
nCustomers: 25
nPeriods:    9
VEHICLE_TYPE	FLEET_SIZE	CAPACITY
           2	        14	      18	
DEPOT   	X  	Y  	INV_COST	INITIAL_INV 	MIN_LEVEL_INV 	MAX_LEVEL_INV	PRODUCTION_0	PRODUCTION_1	PRODUCTION_2	PRODUCTION_3	PRODUCTION_4	PRODUCTION_5	PRODUCTION_6	PRODUCTION_7	PRODUCTION_8
       0	  7	432	       0	        145	            0	         1494	         168	         168	         168	         168	         168	         168	         168	         168	         168	
CUSTOMER	X  	Y  	INV_COST	INITIAL_INV	MIN_LEVEL_INV 	MAX_LEVEL_INV	DEMAND_0	DEMAND_1	DEMAND_2	DEMAND_3	DEMAND_4	DEMAND_5	DEMAND_6	DEMAND_7	DEMAND_8
       1	441	170	    0.23	          9	            0	           15	       4	       6	       6	       7	       6	       4	       4	       7	       6
       2	425	179	    0.14	          9	            0	           24	       4	       5	       7	       6	       7	       4	       3	       5	       8
       3	445	175	    0.19	         12	            0	           36	       8	       8	      12	      14	      11	       7	       7	       8	      12
       4	445	173	    0.12	          9	            0	           40	       6	       7	       9	       9	       9	       5	       7	      10	      11
       5	459	176	    0.03	          5	            0	           35	       3	       4	       6	       5	       5	       4	       4	       5	       6
       6	462	170	    0.21	          4	            0	           11	       4	       4	       6	       6	       6	       6	       5	       3	       4
       7	441	176	    0.14	          3	            0	           50	       4	       5	       7	       8	       6	       6	       4	       4	       6
       8	447	208	    0.04	          7	            0	           39	       3	       4	       5	       5	       5	       4	       4	       4	       5
       9	437	187	    0.18	          9	            0	           74	       6	       6	       9	      12	       9	       8	       7	       8	      11
      10	436	199	    0.16	          4	            0	           15	       5	       5	       8	       8	       6	       6	       5	       6	       8
      11	422	180	    0.29	          5	            0	           21	       3	       3	       5	       5	       5	       3	       4	       6	       6
      12	445	169	    0.25	          3	            0	           33	       5	       5	       5	       8	       5	       4	       4	       7	       7
      13	204	366	    0.11	         10	            0	           58	       7	       9	      13	      10	       8	       8	       8	      10	      12
      14	453	308	    0.22	          9	            0	           17	       6	       6	      10	      12	      12	      10	       8	       6	       6
      15	223	184	    0.28	          5	            0	           34	       5	       6	       9	       9	       5	       6	       5	       8	       7
      16	292	167	    0.09	          5	            0	           25	       3	       3	       4	       5	       5	       4	       3	       4	       5
      17	 48	469	     0.2	          2	            0	           31	       4	       6	       8	       8	       6	       5	       5	       7	       8
      18	430	311	    0.28	          8	            0	           32	       5	       6	       6	       9	       7	       7	       5	       5	       7
      19	314	 90	    0.17	          7	            0	           36	       6	       6	       9	      10	      10	       8	       6	       8	      10
      20	427	243	    0.16	         11	            0	           20	       7	       8	       8	      11	       9	       6	       7	      10	      10
      21	104	 99	    0.02	          5	            0	           35	       4	       6	       9	       8	       6	       5	       7	       9	       9
      22	474	195	    0.04	          9	            0	           60	       7	       7	       8	      11	      11	       9	       7	       6	       9
      23	  6	158	    0.27	          7	            0	           26	       5	       7	       9	       9	       8	       5	       6	       7	      11
      24	 89	358	    0.03	          4	            0	           26	       4	       5	       6	       7	       6	       4	       4	       7	       6
      25	309	389	    0.23	          2	            0	           29	       8	       7	       9	      11	      12	       9	       7	       8	       7
COST_MATRIX 
	  0	  1	  2	  3	  4	  5	  6	  7	  8	  9	 10	 11	 12	 13	 14	 15	 16	 17	 18	 19	 20	 21	 22	 23	 24	 25
  0
  1	254
  2	245	 10
  3	254	  4	 11
  4	255	  3	 11	  2
  5	260	 10	 18	  8	  8
  6	263	 11	 20	  9	  9	  4
  7	252	  4	  9	  3	  3	 10	 11
  8	247	 20	 19	 17	 18	 18	 21	 17
  9	248	  9	  8	  8	  9	 13	 16	  6	 12
 10	245	 15	 12	 13	 14	 17	 20	 12	  8	  7
 11	243	 11	  2	 12	 13	 19	 21	 10	 19	  9	 12
 12	256	  3	 12	  4	  3	  8	  9	  5	 20	 10	 16	 13
 13	104	154	145	154	155	160	163	152	145	147	143	144	156
 14	232	 70	 67	 67	 68	 67	 70	 67	 51	 62	 56	 66	 70	128
 15	165	110	102	112	112	119	120	110	113	108	107	100	112	 92	131
 16	195	 75	 67	 77	 77	 84	 86	 75	 81	 74	 74	 66	 77	109	108	 36
 17	 28	247	238	248	248	253	256	246	239	241	237	237	249	 94	218	168	195
 18	220	 71	 67	 69	 70	 70	 73	 68	 53	 63	 57	 66	 72	117	 12	122	100	207
 19	230	 76	 72	 79	 78	 85	 85	 77	 89	 79	 82	 71	 77	149	130	 66	 41	232	125
 20	231	 38	 33	 36	 37	 38	 41	 35	 21	 29	 23	 32	 39	128	 36	107	 78	221	 35	 96
 21	174	173	166	175	175	182	183	173	180	173	174	165	175	143	204	 74	100	188	195	106	177
 22	262	 21	 26	 18	 19	 13	 14	 20	 15	 19	 20	 28	 20	160	 58	126	 93	254	 63	 96	 34	192
 23	138	218	210	220	220	227	229	218	222	216	216	209	220	144	236	110	144	157	226	158	215	 58	235
 24	 56	200	191	201	201	207	209	199	195	194	191	189	202	 58	184	110	140	 60	173	175	179	130	210	109
 25	153	128	120	127	128	131	134	126	114	120	115	119	130	 54	 83	112	112	137	 72	150	 94	178	128	191	112
