nVehicles:   96
nDepots:      1
nCustomers: 100
nPeriods:    12
VEHICLE_TYPE	FLEET_SIZE	CAPACITY
           1	        96	       8	
DEPOT   	X  	Y  	INV_COST	INITIAL_INV 	MIN_LEVEL_INV 	MAX_LEVEL_INV	PRODUCTION_0	PRODUCTION_1	PRODUCTION_2	PRODUCTION_3	PRODUCTION_4	PRODUCTION_5	PRODUCTION_6	PRODUCTION_7	PRODUCTION_8	PRODUCTION_9	PRODUCTION_10	PRODUCTION_11
       0	392	323	       0	       1007	            0	         8500	         709	         709	         709	         709	         709	         709	         709	         709	         709	         709	          709	          709	
CUSTOMER	X  	Y  	INV_COST	INITIAL_INV	MIN_LEVEL_INV 	MAX_LEVEL_INV	DEMAND_0	DEMAND_1	DEMAND_2	DEMAND_3	DEMAND_4	DEMAND_5	DEMAND_6	DEMAND_7	DEMAND_8	DEMAND_9	DEMAND_10	DEMAND_11
       1	372	374	    0.15	         13	            0	          101	       9	       9	       7	       7	       6	      10	      10	      11	      10	       8	        7	        7
       2	384	397	    0.27	          7	            0	           30	       6	       5	       3	       3	       4	       5	       5	       5	       5	       4	        3	        4
       3	385	400	    0.14	          4	            0	           61	       5	       3	       3	       1	       2	       4	       7	       8	       5	       6	        5	        4
       4	367	387	    0.17	         11	            0	           55	       6	       6	       4	       5	       7	       8	       5	       4	       4	       5	        6	        6
       5	389	362	    0.14	          4	            0	           63	       7	       6	       4	       7	       7	       7	       6	       4	       8	       7	        6	        5
       6	371	387	    0.25	          7	            0	           67	       8	       5	       5	       5	       9	       8	       6	       5	       8	       8	        6	        6
       7	370	387	    0.26	          6	            0	           59	      11	       8	       6	       6	       6	       7	      10	      10	      11	       8	        7	        7
       8	359	358	    0.24	         10	            0	           26	       8	       7	       5	       4	       6	       7	       8	       9	       6	       5	        4	        6
       9	371	389	     0.1	         21	            0	           97	      13	       8	       6	       7	       7	      12	      12	      10	       7	       5	        8	       11
      10	377	391	    0.19	          2	            0	           41	       6	       4	       3	       4	       4	       5	       6	       5	       4	       3	        4	        5
      11	367	384	    0.05	         13	            0	          116	       9	       6	       4	       7	       8	       7	       5	       5	       6	      10	       11	        8
      12	380	349	    0.02	          2	            0	           28	       3	       2	       1	       3	       4	       5	       6	       5	       6	       5	        9	        9
      13	401	392	       0	         19	            0	           68	       9	       8	       5	       7	       9	      13	      11	       7	       5	       8	       12	       12
      14	382	372	    0.22	         13	            0	           70	      12	      10	       6	       7	       7	      10	      11	      10	       7	       7	        7	       11
      15	368	388	     0.1	          5	            0	           55	       9	       6	       6	       4	       5	       6	       9	       8	       9	       6	        5	        5
      16	358	413	    0.01	          2	            0	           29	       9	       5	       4	       6	       9	       7	       5	       5	       6	       7	        6	        5
      17	 43	244	    0.28	         12	            0	           20	      10	       8	       7	       7	       6	      10	      10	       9	       9	       6	        7	        9
      18	 41	239	    0.21	          4	            0	           19	       6	       6	       4	       4	       5	       6	       9	       9	       7	       4	        5	        6
      19	 32	259	    0.27	          8	            0	           23	       7	       5	       4	       5	       7	       8	       8	       9	       5	       5	        5	        8
      20	 60	271	    0.24	          6	            0	           58	       7	       7	       6	       6	       7	       9	       8	       5	       5	       5	        6	        9
      21	 42	220	    0.28	         10	            0	           48	       7	       3	       0	       0	       3	       6	       4	       2	       3	       7	       10	        8
      22	 35	260	    0.29	          4	            0	           77	       8	       8	       6	       4	       6	       6	       8	      10	       9	       6	        5	        4
      23	 45	227	    0.08	          2	            0	           72	       8	       7	       7	       6	       5	       7	       7	      11	      10	       9	        7	        7
      24	 42	262	    0.15	         10	            0	           49	       7	       8	       6	       7	       8	       9	      10	       6	       6	       5	        9	       11
      25	 37	241	    0.16	          9	            0	          112	       3	       0	       0	       0	       0	       3	       1	       4	       3	       2	        5	        9
      26	 35	247	    0.13	          7	            0	           78	       8	       7	       6	       5	       5	       7	       8	       9	       7	       8	        4	        5
      27	 34	240	    0.13	          9	            0	           42	       6	       5	       4	       4	       4	       6	       6	       6	       4	       4	        3	        6
      28	 36	234	    0.22	          3	            0	           26	       7	       5	       4	       4	       5	       7	       8	       7	       6	       5	        4	        5
      29	  8	219	    0.05	         18	            0	           52	       8	       8	       6	       8	       8	       9	       6	       6	       7	      10	       11	        8
      30	 70	275	    0.17	          8	            0	           22	       9	       7	       6	       4	       7	       8	       8	       6	       4	       5	        7	        8
      31	 30	245	    0.24	          5	            0	           60	      12	       7	       6	       6	       6	       8	      10	       9	       9	      10	        7	        7
      32	 42	238	     0.1	          6	            0	           27	       7	       8	       6	       6	       5	       6	       7	       8	       9	       6	        4	        5
      33	409	205	    0.07	         14	            0	           90	       9	       8	       7	       8	      12	      10	       8	       5	       9	      10	       10	        6
      34	414	209	    0.07	          6	            0	           27	       9	       5	       5	       5	       7	       8	       7	       5	       5	       7	        8	        7
      35	406	243	    0.22	         16	            0	           67	       9	       7	       7	       9	      13	       9	       7	       7	      10	      12	       10	        6
      36	420	246	    0.17	         13	            0	           41	       8	       7	       4	       5	       7	       7	       8	       8	       6	       4	        6	        8
      37	493	170	    0.19	         14	            0	           71	      11	       8	       5	       7	      11	       8	       8	       5	       7	      10	       11	        9
      38	408	254	    0.17	          9	            0	           17	       5	       4	       3	       4	       5	       5	       4	       3	       4	       6	        6	        4
      39	403	244	    0.14	          9	            0	          105	       9	       3	       3	       4	       9	       5	       3	       4	       6	       9	        7	        5
      40	360	207	    0.23	          1	            0	           48	       5	       4	       3	       4	       5	       6	       4	       3	       4	       6	        5	        4
      41	366	273	    0.21	          5	            0	           54	       6	       1	       2	       0	       2	       3	       6	       5	       7	       5	        4	        6
      42	404	244	    0.07	          7	            0	           33	      10	       8	       5	       7	       7	       9	       9	       6	       5	       7	        7	        8
      43	408	242	     0.1	         14	            0	           79	      10	       7	       5	       6	       9	       8	      10	       8	       5	       7	        9	       10
      44	395	283	    0.14	          6	            0	           60	      10	       7	       6	       5	       8	      10	       9	       7	       5	       5	        7	        7
      45	407	201	    0.26	          8	            0	           42	       0	       0	       0	       0	       0	       0	       0	       0	       2	       6	        5	        5
      46	413	228	    0.26	          7	            0	           74	       9	       8	       6	       8	      10	       9	       6	       6	       8	       9	        9	        7
      47	423	234	    0.22	          3	            0	           30	       6	       4	       3	       4	       5	       5	       5	       3	       3	       4	        5	        6
      48	392	232	    0.22	         11	            0	           58	       6	       5	       4	       5	       7	       7	       5	       3	       4	       6	        6	        4
      49	  0	  0	    0.08	          6	            0	           43	       6	       4	       3	       5	       5	       5	       4	       3	       4	       5	        6	        5
      50	  0	  0	    0.21	          4	            0	           78	       6	       3	       1	       2	       6	       5	       3	       4	       7	       7	        8	        5
      51	158	202	    0.12	          7	            0	           50	       9	       7	       5	       7	      10	       9	       6	       6	       6	       8	       10	        8
      52	253	249	    0.09	         14	            0	           55	      11	       4	       3	       6	       8	       8	       6	       5	       6	      11	        6	        7
      53	 58	 75	     0.3	          2	            0	           65	       1	       1	       0	       0	       1	       3	       5	       4	       4	       5	        5	        6
      54	 90	138	     0.1	          8	            0	           33	       5	       5	       4	       3	       4	       6	       5	       6	       5	       3	        3	        3
      55	323	395	    0.25	         14	            0	           64	      14	       8	       6	       8	       8	      11	      13	      10	       8	       7	        7	        9
      56	201	205	    0.15	          4	            0	           76	       9	       4	       2	       3	       6	       7	       9	       7	       6	       6	        8	        9
      57	 58	123	    0.19	          2	            0	           19	       6	       4	       4	       4	       5	       6	       5	       5	       4	       3	        5	        5
      58	287	 41	    0.07	         12	            0	           29	       8	       6	       5	       5	       7	       7	       9	       8	       7	       6	        7	        8
      59	 26	 30	    0.02	          2	            0	           65	       5	       2	       2	       3	       4	       6	       6	       6	       5	       5	        7	        9
      60	209	320	    0.14	         15	            0	           29	      12	       8	       8	       7	       6	       7	      11	       9	       9	       8	        7	        7
      61	435	 43	    0.22	         17	            0	           57	       9	       8	       5	       5	       6	       6	       7	       9	       8	       7	        5	        8
      62	 31	174	    0.04	         18	            0	           67	      11	       7	       6	       7	      10	      10	       7	       7	       7	      11	       10	        8
      63	402	100	    0.25	         10	            0	           58	       6	       6	       4	       6	       6	       7	       6	       4	       4	       6	        6	        7
      64	 71	275	    0.05	         17	            0	           85	       6	       6	       3	       2	       3	       6	       8	       9	       8	       6	        5	        6
      65	  9	430	    0.16	         11	            0	           53	       8	       5	       4	       5	       9	       7	       3	       3	       6	       9	        6	        5
      66	294	122	    0.23	          3	            0	           32	       3	       1	       0	       0	       3	       4	       5	       4	       3	       4	        7	        8
      67	236	390	    0.19	          9	            0	           43	       5	       4	       4	       3	       4	       4	       4	       5	       6	       5	        5	        3
      68	 15	452	    0.19	          5	            0	           63	       7	       5	       4	       5	       5	       7	       6	       6	       4	       4	        5	        7
      69	254	282	    0.12	          8	            0	           18	       5	       4	       3	       3	       5	       6	       4	       4	       3	       4	        6	        5
      70	433	188	    0.26	          8	            0	           81	       7	       7	       5	       5	       8	       7	       8	       7	       6	       5	        7	        8
      71	355	460	    0.14	          2	            0	           27	       0	       0	       0	       0	       0	       0	       0	       4	       5	       4	        4	        5
      72	445	423	    0.02	          6	            0	           68	       5	       5	       4	       4	       6	       6	       8	       6	       4	       6	        6	        8
      73	 42	159	    0.08	          9	            0	           13	       5	       5	       3	       4	       5	       7	       6	       4	       4	       4	        5	        5
      74	487	443	    0.17	          3	            0	           14	       5	       4	       3	       3	       4	       4	       6	       6	       5	       4	        3	        3
      75	347	 84	    0.09	         18	            0	           87	       2	       2	       0	       0	       0	       2	       5	       6	       5	       4	        4	        6
      76	389	168	    0.06	          5	            0	           75	       8	       6	       3	       5	       6	       7	       6	       4	       3	       6	        8	        7
      77	288	198	    0.11	         13	            0	           49	       6	       4	       2	       3	       4	       6	       8	       6	       5	       5	        5	        7
      78	280	479	    0.08	          1	            0	           35	       0	       0	       0	       0	       2	       2	       2	       2	       3	       5	       10	       11
      79	207	313	    0.05	         12	            0	           27	       5	       3	       1	       0	       3	       5	       4	       5	       6	       5	        6	        6
      80	360	447	    0.13	          5	            0	           82	       9	       6	       5	       7	       9	       8	       7	       6	       8	       8	        8	        7
      81	346	271	    0.12	          4	            0	           13	       5	       4	       3	       3	       4	       4	       5	       5	       4	       3	        3	        3
      82	182	344	    0.08	         10	            0	           35	       5	       5	       3	       4	       5	       6	       6	       4	       3	       4	        5	        5
      83	142	448	    0.06	          3	            0	           28	       6	       4	       4	       4	       6	       6	       4	       4	       4	       6	        6	        4
      84	136	353	    0.07	          5	            0	           48	       5	       4	       4	       5	       6	       5	       4	       4	       3	       4	        6	        5
      85	 49	388	    0.05	          6	            0	           72	       6	       6	       4	       1	       2	       4	       5	       5	       7	       8	        7	        5
      86	323	325	    0.12	          4	            0	           32	       5	       4	       4	       4	       5	       6	       5	       3	       4	       5	        6	        4
      87	251	190	    0.19	          1	            0	           41	       0	       0	       0	       0	       1	       3	       5	       6	       4	       4	        5	        7
      88	139	 46	    0.08	          1	            0	           62	       9	       7	       5	       4	       5	       8	       7	       8	       7	       7	        6	        5
      89	362	275	    0.16	         10	            0	           19	       5	       5	       3	       3	       4	       4	       6	       5	       5	       4	        3	        3
      90	124	 78	    0.03	          4	            0	           23	       7	       6	       5	       6	       8	       8	       5	       5	       7	       9	        6	        6
      91	485	103	    0.08	         17	            0	           60	       0	       0	       0	       0	       0	       0	       1	       0	       5	       2	        4	        4
      92	281	377	    0.07	         17	            0	           83	       7	       5	       4	       3	       7	       6	       5	       4	       5	       9	        7	        7
      93	350	 48	    0.03	          7	            0	           52	       8	       6	       6	       6	       6	       9	       8	       8	       6	       4	        4	        7
      94	170	494	     0.3	          2	            0	           67	       3	       1	       0	       2	       5	       4	       4	       4	       5	       9	        7	        6
      95	216	229	    0.25	          5	            0	           35	       6	       4	       4	       4	       5	       6	       5	       4	       4	       4	        5	        5
      96	226	 38	    0.05	          1	            0	           41	       7	       5	       5	       5	       7	       9	       7	       5	       4	       5	        7	        9
      97	415	172	    0.01	          9	            0	           60	       0	       0	       0	       0	       0	       1	       0	       0	       2	       5	        6	        9
      98	352	362	    0.15	          7	            0	           38	       8	       5	       3	       4	       6	       7	       7	       5	       5	       4	        7	        8
      99	421	167	    0.01	          9	            0	           28	       6	       4	       4	       5	       5	       6	       5	       4	       4	       5	        6	        8
     100	128	465	    0.23	          2	            0	           26	       6	       4	       4	       4	       7	       7	       5	       4	       5	       7	        7	        5
COST_MATRIX 
	  0	  1	  2	  3	  4	  5	  6	  7	  8	  9	 10	 11	 12	 13	 14	 15	 16	 17	 18	 19	 20	 21	 22	 23	 24	 25	 26	 27	 28	 29	 30	 31	 32	 33	 34	 35	 36	 37	 38	 39	 40	 41	 42	 43	 44	 45	 46	 47	 48	 49	 50	 51	 52	 53	 54	 55	 56	 57	 58	 59	 60	 61	 62	 63	 64	 65	 66	 67	 68	 69	 70	 71	 72	 73	 74	 75	 76	 77	 78	 79	 80	 81	 82	 83	 84	 85	 86	 87	 88	 89	 90	 91	 92	 93	 94	 95	 96	 97	 98	 99	100
  0
  1	 28
  2	 38	 13
  3	 39	 15	  2
  4	 35	  7	 10	 12
  5	 20	 11	 18	 20	 17
  6	 34	  7	  9	 10	  3	 16
  7	 34	  7	  9	 10	  2	 16	  1
  8	 25	 11	 24	 25	 16	 16	 16	 16
  9	 35	  8	  8	  9	  3	 17	  2	  2	 17
 10	 35	  9	  5	  7	  6	 16	  4	  5	 19	  4
 11	 33	  6	 11	 13	  2	 16	  3	  3	 14	  4	  7
 12	 15	 14	 25	 26	 21	  8	 20	 20	 12	 21	 22	 19
 13	 35	 18	  9	  9	 18	 17	 16	 16	 28	 16	 13	 18	 24
 14	 26	  6	 13	 15	 11	  7	 10	 10	 14	 11	 10	 10	 12	 14
 15	 35	  8	 10	 11	  1	 17	  2	  2	 16	  2	  5	  3	 21	 17	 11
 16	 49	 21	 16	 15	 14	 30	 15	 15	 28	 14	 15	 16	 34	 24	 24	 14
 17	179	177	187	188	178	183	179	179	168	180	183	177	177	194	182	178	179
 18	181	179	189	190	180	185	181	181	170	182	185	179	179	196	184	180	181	  3
 19	183	180	190	191	180	186	182	181	171	182	185	179	180	197	184	180	181	 10	 11
 20	169	165	174	175	165	171	166	166	156	167	170	164	165	181	169	165	166	 16	 19	 16
 21	183	183	193	194	183	188	185	185	173	185	189	183	181	200	187	184	186	 13	 10	 21	 28
 22	182	178	188	189	178	185	180	180	170	180	184	178	179	195	183	179	179	  9	 11	  2	 14	 21
 23	181	180	190	191	180	185	182	182	171	183	186	180	179	197	184	181	183	  9	  7	 18	 24	  4	 18
 24	178	175	184	185	175	181	176	176	166	177	180	174	175	191	179	175	176	 10	 12	  6	 11	 22	  4	 18
 25	183	181	191	192	181	187	183	182	172	183	186	180	180	198	185	182	183	  4	  3	 10	 19	 11	 10	  9	 11
 26	183	181	190	191	181	187	183	182	172	183	186	180	180	197	185	181	182	  5	  6	  7	 18	 14	  7	 12	  9	  4
 27	184	182	192	193	183	188	184	184	173	185	188	182	182	199	187	183	184	  5	  4	 10	 21	 11	 11	  9	 12	  2	  4
 28	184	183	193	194	183	188	185	184	173	185	188	182	182	199	187	183	185	  7	  4	 13	 23	  8	 14	  6	 15	  4	  7	  4
 29	199	198	209	210	199	204	200	200	189	201	204	198	198	215	203	199	201	 22	 20	 24	 37	 18	 25	 19	 28	 19	 20	 17	 16
 30	163	159	169	170	159	166	161	161	151	161	165	159	160	176	164	160	160	 21	 24	 21	  6	 31	 20	 28	 16	 24	 23	 26	 27	 42
 31	186	183	193	194	183	189	185	185	174	186	189	183	183	200	188	184	185	  7	  7	  8	 20	 14	  8	 12	 11	  5	  3	  4	  7	 18	 26
 32	181	179	189	190	179	185	181	181	170	181	185	179	178	196	183	180	181	  4	  1	 12	 19	 10	 12	  6	 13	  3	  6	  5	  4	 20	 24	  7
 33	 60	 87	 97	 99	 94	 80	 93	 94	 81	 94	 95	 92	 74	 94	 85	 94	108	185	185	191	178	184	190	183	186	187	189	189	188	201	174	191	185
 34	 59	 86	 96	 97	 93	 78	 92	 92	 80	 93	 93	 91	 73	 92	 84	 93	106	187	188	193	180	187	192	185	188	190	191	191	190	204	176	193	187	  4
 35	 41	 68	 78	 80	 75	 61	 75	 75	 63	 76	 76	 74	 55	 75	 66	 75	 89	182	183	188	174	183	186	181	183	185	186	187	186	200	169	189	183	 20	 18
 36	 41	 69	 78	 79	 76	 61	 75	 75	 64	 76	 76	 74	 56	 74	 66	 76	 90	189	190	195	181	190	193	188	190	192	193	194	193	207	176	196	190	 22	 19	  8
 37	 92	119	126	128	126	110	125	125	116	126	125	125	106	121	116	126	139	229	229	235	223	227	234	226	231	231	233	233	231	244	218	235	229	 46	 45	 57	 53
 38	 36	 63	 73	 74	 70	 55	 70	 70	 58	 70	 71	 69	 50	 70	 61	 70	 84	183	184	189	175	184	187	183	184	186	187	188	187	201	170	190	184	 25	 23	  6	  8	 60
 39	 40	 67	 78	 79	 74	 60	 74	 74	 62	 75	 75	 73	 54	 75	 65	 75	 88	181	182	186	173	181	185	180	181	184	185	185	184	198	168	187	181	 20	 19	  2	  9	 59	  6
 40	 61	 84	 96	 98	 91	 79	 91	 91	 76	 92	 93	 89	 72	 95	 84	 91	104	160	161	167	154	160	165	158	162	163	164	164	163	177	149	167	160	 25	 28	 30	 36	 70	 34	 29
 41	 29	 51	 63	 65	 58	 46	 58	 58	 43	 59	 60	 56	 39	 63	 51	 58	 71	163	164	168	154	165	166	163	163	166	167	167	167	182	149	169	163	 41	 41	 26	 31	 82	 24	 24	 34
 42	 40	 67	 78	 79	 74	 60	 74	 74	 62	 75	 75	 73	 54	 75	 65	 75	 88	181	182	187	173	182	185	180	182	184	185	186	185	199	168	188	182	 20	 19	  2	  9	 58	  6	  1	 29	 24
 43	 42	 69	 79	 80	 76	 61	 75	 75	 63	 76	 77	 74	 56	 76	 67	 76	 90	183	184	189	175	184	187	182	184	186	187	188	187	201	170	190	184	 19	 17	  2	  7	 56	  7	  3	 30	 27	  3
 44	 21	 47	 58	 59	 54	 40	 54	 54	 42	 55	 55	 53	 34	 55	 45	 55	 68	178	179	182	168	180	181	178	177	181	181	182	182	197	163	184	178	 40	 39	 21	 23	 75	 16	 20	 42	 16	 21	 22
 45	 62	 89	 99	101	 96	 82	 95	 95	 83	 96	 97	 94	 76	 96	 87	 96	109	184	184	190	177	183	189	182	186	187	188	188	187	200	173	190	184	  3	  6	 22	 24	 46	 27	 22	 24	 42	 22	 21	 42
 46	 49	 76	 86	 88	 83	 69	 83	 83	 71	 84	 84	 82	 63	 83	 74	 84	 97	186	187	192	178	186	190	185	187	189	190	190	189	203	174	192	186	 12	 10	  9	 10	 50	 14	 10	 29	 33	 10	  8	 29	 14
 47	 48	 75	 84	 86	 82	 67	 81	 81	 70	 82	 82	 81	 62	 80	 72	 82	 96	191	192	196	183	191	195	190	192	194	195	195	194	208	178	197	191	 17	 14	 10	  7	 48	 13	 12	 35	 35	 11	  9	 29	 19	  6
 48	 46	 72	 83	 85	 79	 66	 79	 79	 66	 80	 80	 78	 59	 81	 71	 79	 93	175	176	181	168	176	180	174	176	178	179	180	179	193	163	182	176	 16	 16	  9	 16	 60	 14	  9	 21	 25	  9	 10	 26	 18	 11	 16
 49	254	264	277	278	267	266	269	268	254	269	272	266	258	281	267	268	274	124	122	131	139	112	132	116	133	122	125	122	119	110	142	124	121	229	232	237	244	261	241	236	208	229	236	238	243	227	236	242	228
 50	254	264	277	278	267	266	269	268	254	269	272	266	258	281	267	268	274	124	122	131	139	112	132	116	133	122	125	122	119	110	142	124	121	229	232	237	244	261	241	236	208	229	236	238	243	227	236	242	228	  1
 51	132	138	150	151	140	141	142	141	128	142	145	139	134	155	141	141	146	 62	 62	 70	 60	 59	 68	 58	 66	 64	 66	 65	 64	 76	 58	 68	 61	126	129	126	133	169	128	125	102	110	125	127	126	125	129	134	118	129	129
 52	 79	 87	 99	101	 90	 89	 91	 91	 77	 92	 95	 89	 81	103	 90	 91	 98	106	107	111	 98	107	110	105	106	109	110	110	109	124	 93	112	106	 82	 83	 77	 84	127	 78	 76	 58	 58	 76	 78	 74	 81	 81	 86	 71	178	178	 53
 53	209	217	230	231	220	220	221	221	207	222	225	219	212	234	220	221	226	 85	 83	 93	 99	 73	 94	 77	 94	 84	 87	 84	 81	 77	101	 87	 82	188	191	194	201	223	197	193	165	184	193	194	199	186	194	200	185	 48	 48	 81	131
 54	178	184	196	198	187	187	188	188	174	189	192	186	180	201	188	187	192	 58	 57	 68	 69	 48	 67	 50	 67	 58	 62	 59	 56	 58	 70	 62	 56	163	166	167	174	203	170	166	140	154	166	168	169	162	168	174	159	 83	 83	 47	 99	 36
 55	 50	 27	 31	 32	 23	 37	 25	 24	 26	 25	 28	 23	 37	 40	 32	 23	 20	160	162	161	146	166	160	163	156	163	162	164	165	181	141	165	161	105	104	 87	 89	142	 83	 86	 96	 65	 86	 88	 67	106	 95	 95	 89	256	256	127	 81	208	174
 56	113	121	133	135	124	123	125	125	110	126	129	123	115	137	124	124	131	 82	 82	 89	 78	 80	 88	 79	 85	 84	 86	 86	 84	 97	 75	 88	 82	105	107	105	112	148	107	103	 80	 90	104	106	105	104	107	112	 97	144	144	 22	 35	 97	 65	113
 57	195	201	213	215	204	205	205	205	191	206	209	203	197	218	205	204	209	 61	 59	 70	 75	 50	 70	 53	 70	 60	 64	 60	 57	 55	 77	 63	 59	181	184	185	192	219	187	183	157	172	184	185	187	179	186	191	176	 68	 68	 64	117	 25	 18	190	 83
 58	151	172	185	187	178	169	179	178	163	179	181	177	161	185	173	179	190	159	158	168	162	152	167	153	165	161	163	161	159	166	160	165	158	103	106	118	123	122	123	117	 91	123	118	118	133	101	113	119	109	145	145	104	106	116	110	178	 93	122
 59	235	244	257	258	247	246	249	248	234	249	252	246	239	261	247	248	254	108	105	115	122	 96	116	 99	117	106	109	106	103	 95	125	108	105	211	214	218	225	244	222	217	190	209	218	219	224	209	218	224	210	 20	 20	109	158	 28	 63	236	124	 50	131
 60	 92	 86	 96	 97	 86	 93	 88	 88	 78	 89	 92	 86	 87	103	 91	 87	 88	 92	 94	 94	 79	 98	 93	 95	 89	 95	 95	 97	 97	113	 74	 98	 94	116	117	106	112	161	105	105	 95	 82	105	107	 95	116	112	116	102	192	192	 65	 42	144	109	 69	 58	125	145	172
 61	142	169	179	181	176	162	175	176	163	176	177	174	156	176	167	176	189	221	221	229	220	216	228	216	225	223	225	224	222	231	217	227	220	 83	 84	102	102	 70	107	102	 91	121	102	101	122	 81	 94	 96	 97	219	219	160	138	190	179	185	143	193	 75	205	179
 62	196	198	209	210	199	203	201	201	189	202	205	199	196	215	202	200	203	 36	 33	 43	 51	 24	 44	 28	 45	 34	 37	 34	 31	 26	 55	 36	 33	190	193	191	198	232	193	190	166	175	190	192	190	189	193	199	183	 89	 89	 66	118	 52	 35	184	 87	 29	145	 73	116	213
 63	112	138	149	151	145	132	145	145	131	146	147	144	125	147	137	146	159	194	194	202	192	190	201	190	198	196	198	197	195	206	188	200	193	 53	 55	 72	 74	 58	 78	 73	 58	 89	 73	 72	 92	 51	 65	 68	 67	208	208	133	106	173	158	153	114	173	 65	192	147	 33	190
 64	163	159	168	169	159	165	161	160	150	161	164	158	159	176	163	159	160	 21	 24	 22	  6	 32	 20	 28	 16	 25	 23	 26	 27	 43	  1	 26	 24	173	175	169	176	218	169	167	149	148	168	170	163	173	173	178	162	143	143	 57	 92	101	 70	140	 74	 77	160	125	 73	216	 55	188
 65	199	184	189	189	181	194	183	182	179	183	186	181	190	197	189	181	175	 95	 97	 87	 84	107	 86	104	 86	 96	 93	 96	 99	106	 84	 94	 98	230	231	220	226	275	219	218	208	195	219	221	207	230	226	230	216	216	216	137	152	180	152	158	148	156	240	201	115	288	129	257	 84
 66	112	132	145	147	138	130	138	138	123	139	141	136	122	146	133	139	149	140	140	148	139	136	147	136	145	142	144	143	141	152	136	146	139	 71	 75	 83	 89	103	 88	 82	 54	 84	 83	 83	 96	 69	 80	 86	 74	160	160	 79	 67	121	103	138	 63	119	 41	142	108	 81	135	 56	136	210
 67	 85	 69	 75	 75	 66	 78	 68	 68	 64	 68	 71	 66	 75	 83	 74	 67	 63	122	124	122	107	129	120	126	117	125	124	126	127	143	101	126	124	127	127	113	117	170	110	111	111	 88	112	114	 96	128	120	122	112	228	228	102	 72	181	146	 44	 95	161	177	209	 38	201	149	168	101	116	138
 68	200	183	187	187	179	193	181	181	179	181	184	180	190	196	188	180	173	105	108	 97	 94	117	 97	114	 96	107	103	107	110	117	 93	104	108	233	234	222	228	278	221	221	212	198	221	223	208	233	229	232	219	227	227	145	157	190	162	157	155	166	247	212	118	294	140	262	 93	 12	217	115
 69	 72	 75	 87	 89	 78	 79	 79	 79	 65	 80	 83	 77	 72	 92	 79	 78	 84	108	109	112	 98	111	111	109	107	111	111	112	112	127	 93	114	109	 87	 88	 79	 85	132	 79	 77	 65	 57	 78	 80	 71	 87	 84	 88	 74	190	190	 63	 17	143	110	 67	 47	127	122	170	 30	150	124	118	 92	144	 83	 55	147
 70	 71	 98	108	109	105	 90	105	105	 93	106	106	104	 85	104	 96	106	119	198	198	204	192	197	203	195	199	200	202	202	200	214	187	204	198	 15	 15	 31	 30	 32	 36	 32	 38	 55	 32	 30	 52	 15	 23	 24	 31	237	237	138	 96	196	174	118	117	191	104	219	131	 73	202	 47	187	245	 77	142	248	102
 71	 71	 44	 35	 34	 37	 52	 38	 38	 52	 37	 37	 39	 57	 42	 47	 37	 24	190	192	191	176	198	189	194	186	194	193	195	196	212	170	195	192	131	129	112	112	161	107	111	127	 94	111	113	 91	133	120	119	116	291	291	163	118	244	209	 37	149	225	213	271	102	213	217	182	170	174	172	 70	171	103	142
 72	 57	 44	 34	 33	 43	 42	 42	 42	 54	 41	 38	 44	 50	 27	 41	 43	 44	221	222	223	207	226	221	223	217	224	224	225	226	242	202	226	222	111	109	 93	 90	129	 87	 92	117	 85	 92	 93	 75	113	 99	 96	100	307	307	182	130	261	228	 63	164	245	207	288	129	191	242	163	202	219	169	106	216	119	118	 49
 73	194	197	209	210	199	202	201	200	188	201	204	198	194	214	201	200	203	 43	 41	 51	 57	 31	 51	 35	 52	 42	 45	 41	 38	 35	 60	 44	 40	185	188	187	194	226	190	186	161	172	186	188	188	184	189	195	179	 83	 83	 62	115	 43	 27	184	 83	 20	136	 65	116	205	 10	183	 60	137	128	151	148	123	197	218	241
 74	 77	 68	 57	 56	 67	 64	 65	 65	 77	 64	 61	 67	 72	 50	 64	 66	 67	244	246	246	231	249	244	246	241	247	247	249	249	265	225	250	245	126	123	108	105	137	103	109	135	105	108	108	 93	128	114	110	116	330	330	204	152	283	251	 86	187	268	225	310	152	202	265	177	225	240	188	129	237	142	131	 67	 24	264
 75	122	146	158	160	152	141	152	152	138	153	155	151	134	157	146	153	165	172	172	181	172	167	180	168	177	174	177	175	173	183	169	178	171	 68	 71	 85	 89	 85	 91	 85	 62	 95	 85	 85	103	 66	 80	 85	 78	179	179	112	 95	145	132	156	 95	146	 37	163	137	 49	165	 29	168	242	 33	163	248	110	 68	189	177	158	193
 76	 78	104	115	117	111	 98	110	110	 97	111	112	109	 91	113	103	111	124	178	178	185	173	176	183	175	180	180	182	182	180	193	169	184	177	 22	 25	 39	 42	 53	 45	 39	 25	 54	 39	 39	 58	 19	 33	 38	 33	212	212	117	 80	172	151	119	 96	168	 82	195	118	 67	180	 35	168	231	 53	135	235	 89	 25	147	131	174	146	 47
 77	 82	 98	111	113	103	 97	104	104	 88	105	107	102	 89	113	 99	104	114	125	126	132	120	124	131	123	128	128	129	129	128	141	116	132	125	 61	 64	 64	 71	104	 67	 62	 37	 55	 63	 64	 69	 60	 65	 70	 55	175	175	 66	 31	131	104	101	 44	121	 79	156	 73	107	130	 76	116	182	 39	100	187	 46	 73	136	138	125	158	 65	 53
 78	 97	 70	 67	 66	 64	 80	 65	 65	 73	 64	 66	 65	 83	 75	 74	 64	 52	167	170	166	152	176	165	173	162	171	169	172	173	189	147	172	170	152	151	134	136	188	130	133	142	112	133	135	114	153	143	142	136	278	278	152	116	231	196	 48	143	210	220	258	 88	232	197	200	147	138	179	 50	134	100	165	 39	 88	200	106	201	165	141
 79	 93	 88	 98	100	 89	 95	 90	 90	 80	 91	 94	 88	 89	105	 93	 89	 91	 89	 91	 92	 77	 95	 90	 92	 87	 93	 93	 94	 95	111	 72	 95	 91	115	116	106	112	160	105	104	 94	 82	105	107	 96	115	112	115	101	188	188	 61	 40	141	106	 72	 55	121	142	168	  4	177	113	145	 71	115	105	 42	119	 29	130	105	132	113	155	135	117	 71	 91
 80	 65	 37	 28	 27	 31	 45	 31	 31	 45	 30	 30	 32	 51	 35	 40	 30	 18	189	191	190	174	196	188	193	184	192	191	194	194	210	169	194	191	124	123	105	105	154	100	104	121	 88	104	106	 84	126	113	112	109	287	287	159	113	240	206	 32	145	222	207	268	 99	206	214	175	169	176	166	 69	173	 99	135	  7	 45	215	 64	182	141	130	 44	102
 81	 35	 54	 66	 68	 59	 51	 60	 60	 44	 61	 62	 58	 43	 67	 54	 60	 72	153	154	158	144	155	156	153	153	156	156	157	157	171	139	159	153	 46	 47	 34	 40	 90	 33	 32	 33	 11	 32	 35	 26	 47	 40	 43	 31	220	220	101	 48	175	145	 64	 80	162	119	201	 73	123	165	 90	138	187	 79	 82	189	 47	 61	 95	 91	162	112	 94	 56	 47	110	 73	 89
 82	106	 97	105	106	 95	104	 97	 97	 89	 98	101	 95	100	113	101	 96	 95	 86	 88	 87	 72	 94	 85	 91	 82	 89	 89	 91	 92	108	 66	 91	 88	134	135	123	129	179	122	122	113	 99	122	124	111	134	130	133	120	195	195	 73	 60	149	113	 75	 71	127	161	176	 19	197	114	165	 66	 97	125	 36	100	 48	148	105	138	117	161	154	136	 91	 84	 20	103	 90
 83	140	121	124	124	117	131	119	119	118	119	121	117	129	133	126	117	110	114	117	110	 98	125	109	121	106	117	114	118	120	133	 94	116	117	181	182	168	172	224	165	166	163	143	167	169	152	182	175	177	166	235	235	124	114	192	158	 95	126	168	217	217	 73	250	148	218	 94	 68	180	 56	 64	101	196	107	153	153	173	209	187	145	 71	 75	110	136	 56
 84	129	119	126	127	117	127	119	119	112	119	122	117	123	134	124	118	115	 72	 75	 71	 56	 82	 69	 78	 66	 75	 74	 77	 78	 93	 52	 76	 75	156	157	146	152	201	145	145	134	122	145	147	135	156	152	156	142	190	190	 77	 79	145	110	 96	 81	122	174	171	 41	216	104	184	 51	 75	140	 54	 79	 69	170	122	159	108	182	171	157	109	 96	 41	122	113	 24	 48
 85	175	162	168	169	160	171	162	161	156	162	165	160	167	177	167	160	156	 73	 75	 66	 59	 85	 65	 81	 64	 74	 71	 75	 78	 87	 58	 73	 76	202	204	193	199	248	192	192	180	169	192	194	181	202	199	203	189	196	196	108	124	157	127	138	119	133	211	180	 87	259	108	228	 58	 30	181	 94	 37	116	217	158	199	115	221	213	203	153	125	 88	159	160	 71	 56	 47
 86	 35	 35	 48	 49	 39	 38	 40	 39	 25	 41	 43	 37	 31	 52	 38	 39	 48	146	148	150	135	150	148	148	144	150	150	151	151	167	129	152	148	 74	 74	 59	 63	116	 56	 57	 62	 34	 58	 60	 42	 75	 67	 68	 58	230	230	103	 52	183	150	 36	 86	167	144	210	 58	152	165	120	129	166	103	 55	167	 41	 88	 70	 79	164	102	122	 86	 66	 80	 59	 64	 30	 72	110	 95	141
 87	 97	111	124	125	115	111	116	116	100	117	119	114	103	126	113	115	124	108	108	115	104	106	114	105	111	110	112	112	110	123	100	114	108	 80	 83	 82	 90	122	 85	 81	 56	 71	 82	 83	 86	 79	 84	 89	 74	158	158	 47	 30	113	 85	109	 27	103	 77	139	 69	118	111	 88	100	171	 41	101	177	 47	 92	145	152	106	173	 72	 70	 19	146	 66	140	 63	 85	141	100	142	 77
 88	188	202	215	216	206	202	207	206	191	208	210	204	194	218	204	206	214	111	109	120	120	100	119	102	119	111	114	111	108	109	120	114	108	157	160	166	173	188	171	166	137	161	166	167	175	155	165	171	158	 74	 74	 79	117	 44	 53	198	 86	 56	 75	 58	142	149	 84	135	120	203	 87	179	213	132	164	234	243	 75	264	106	140	107	228	138	229	153	151	202	154	177	168	 92
 89	 29	 50	 62	 64	 57	 46	 57	 57	 42	 58	 59	 55	 39	 62	 50	 57	 70	161	162	166	152	163	164	161	161	164	165	165	165	180	147	167	162	 43	 43	 28	 33	 84	 26	 26	 35	  3	 27	 29	 17	 44	 35	 37	 27	228	228	109	 57	182	153	 64	 88	170	123	208	 80	122	174	 90	146	193	 84	 86	195	 55	 57	 93	 85	171	105	 96	 56	 54	110	 80	 87	  9	 97	140	120	167	 32	 70	160
 90	182	194	206	208	197	195	198	198	183	199	202	196	187	210	196	198	205	 93	 91	102	102	 82	102	 85	101	 93	 96	 93	 90	 92	103	 96	 90	157	160	164	171	191	168	163	135	156	163	164	170	155	163	169	155	 74	 74	 65	108	 34	 35	188	 75	 40	 84	 55	129	157	 67	140	103	186	 88	166	195	121	164	224	236	 58	258	112	140	102	216	125	220	148	137	186	138	160	159	 85	 18	155
 91	120	147	156	157	154	139	154	154	143	154	154	153	134	151	145	155	168	232	233	240	229	230	239	229	236	235	237	236	234	246	225	239	232	 64	 64	 81	 79	 34	 85	 82	 82	104	 82	 80	101	 63	 73	 73	 80	248	248	171	138	214	199	167	151	214	104	233	176	 40	230	 42	225	289	 96	190	293	147	 50	190	162	224	171	 70	 58	110	215	175	184	110	194	244	215	261	138	125	176	106	181
 92	 62	 46	 53	 54	 44	 55	 46	 45	 41	 46	 49	 44	 52	 61	 51	 44	 43	137	139	138	123	143	137	140	133	140	140	142	142	158	118	142	139	108	108	 92	 96	149	 89	 91	 94	 68	 91	 93	 74	109	100	101	 92	236	236	107	 66	188	153	 23	 95	170	169	216	 46	184	162	152	117	139	128	 24	139	 50	122	 56	 86	162	109	151	118	 90	 52	 49	 53	 63	 53	 79	 74	117	 34	 95	181	 66	169	171
 93	140	164	176	177	170	159	170	170	156	171	173	169	152	174	163	171	183	183	182	191	183	177	190	177	188	184	187	185	183	192	181	188	181	 84	 87	102	106	 94	108	102	 80	113	102	102	120	 82	 96	100	 95	177	177	124	112	147	138	175	109	151	 32	163	154	 43	172	 37	180	257	 47	181	263	127	 82	207	194	164	210	 19	 64	 82	219	151	200	112	171	226	187	228	140	 87	106	114	114	 73	169
 94	141	118	118	118	113	128	114	114	117	114	116	113	128	127	123	113	103	141	143	137	125	152	136	148	133	143	141	145	147	160	121	143	144	188	188	173	177	229	170	171	173	148	172	174	155	189	181	182	172	262	262	147	130	217	183	 92	146	194	234	243	 90	262	175	229	121	 87	197	 62	 81	115	202	 95	143	180	161	224	197	160	 56	 93	 98	143	 76	 27	 73	 81	114	158	225	146	210	252	 81	241
 95	100	107	119	121	110	110	111	111	 97	112	115	109	102	124	110	110	117	 87	 88	 94	 81	 88	 92	 86	 89	 90	 91	 92	 91	105	 77	 94	 88	 98	100	 96	103	142	 97	 94	 73	 79	 95	 97	 94	 97	 99	104	 89	158	158	 32	 22	111	 78	 99	 15	 96	101	138	 46	144	 97	114	 77	145	 67	 82	151	 33	111	135	151	 94	173	 98	 92	 40	130	 43	131	 69	 60	116	 74	116	 72	 27	100	 77	 89	149	 81	113	135
 96	165	184	197	198	189	182	189	189	174	190	192	187	174	198	185	189	199	138	137	148	144	130	147	131	145	139	142	140	137	142	142	143	136	124	128	137	143	149	142	136	108	137	137	137	149	122	134	139	128	115	115	 89	107	 87	 85	185	 85	 95	 31	101	142	105	119	 94	142	225	 55	177	233	123	128	221	222	111	241	 65	105	 86	223	138	216	132	155	210	164	197	152	 78	 44	137	 55	134	172	 63	230	 96
 97	 77	104	114	115	111	 96	110	110	 98	111	112	109	 91	111	102	111	124	190	190	197	185	189	196	188	192	193	194	194	193	205	181	196	190	 17	 19	 36	 38	 40	 42	 37	 33	 57	 37	 36	 57	 16	 29	 32	 33	225	225	130	 90	185	164	121	109	181	 92	208	127	 66	193	 37	180	241	 66	142	245	 98	 13	148	127	187	141	 56	 14	 65	168	126	141	 61	145	195	167	213	 90	 83	152	 58	153	 50	123	 71	203	104	116
 98	 28	 12	 24	 26	 15	 19	 16	 16	  5	 17	 20	 14	 16	 29	 16	 16	 26	166	168	169	153	171	167	168	163	169	169	171	171	187	148	172	167	 84	 83	 66	 68	120	 61	 65	 78	 46	 65	 67	 45	 86	 74	 74	 69	253	253	126	 76	206	173	 22	109	190	164	233	 75	165	187	134	148	175	124	 60	175	 64	 96	 50	 56	186	 79	140	 99	 89	 69	 77	 43	 46	 86	114	109	153	 24	100	191	 44	183	146	 37	158	113	 96	174	101
 99	 80	107	117	118	114	 99	113	113	101	114	115	112	 94	113	105	114	127	193	194	200	188	192	199	191	196	196	198	197	196	209	184	200	193	 20	 22	 39	 40	 37	 44	 40	 37	 60	 40	 39	 60	 19	 31	 34	 36	227	227	133	 94	188	167	125	112	183	 92	210	131	 63	196	 35	184	245	 68	145	249	102	 13	151	129	190	142	 56	 17	 69	172	130	144	 65	149	198	171	217	 93	 86	154	 62	156	 46	127	 70	207	108	117	  4	104
100	150	131	133	133	126	141	128	128	128	128	130	127	139	142	136	127	118	119	122	114	103	130	113	127	111	121	119	122	125	137	100	121	122	192	192	178	183	235	176	177	174	153	177	179	162	193	186	188	177	242	242	133	125	199	165	104	136	175	227	224	 84	261	154	229	100	 63	191	 66	 57	112	207	114	160	159	180	220	198	156	 77	 86	117	146	 67	 12	 57	 56	121	151	210	151	194	255	 89	237	 26	126	220	206	124	209
