nVehicles:   5
nDepots:     1
nCustomers: 25
nPeriods:    6
VEHICLE_TYPE	FLEET_SIZE	CAPACITY
           4	         5	      38	
DEPOT   	X  	Y  	INV_COST	INITIAL_INV 	MIN_LEVEL_INV 	MAX_LEVEL_INV	PRODUCTION_0	PRODUCTION_1	PRODUCTION_2	PRODUCTION_3	PRODUCTION_4	PRODUCTION_5
       0	416	253	       0	         95	            0	         1006	         174	         174	         174	         174	         174	         174	
CUSTOMER	X  	Y  	INV_COST	INITIAL_INV	MIN_LEVEL_INV 	MAX_LEVEL_INV	DEMAND_0	DEMAND_1	DEMAND_2	DEMAND_3	DEMAND_4	DEMAND_5
       1	390	314	    0.02	          1	            0	           29	       8	       6	       9	      14	      13	       8
       2	416	319	    0.25	          2	            0	           19	       3	       3	       3	       5	       6	       4
       3	403	328	    0.05	          5	            0	           33	       6	       5	       6	       7	       8	       6
       4	392	310	    0.17	         11	            0	           26	       7	       6	       8	      12	      12	       8
       5	386	295	    0.09	          4	            0	            7	       4	       4	       3	       4	       5	       6
       6	396	310	    0.02	         15	            0	           36	       8	       8	       9	      11	      10	       8
       7	357	323	    0.23	         13	            0	           57	      10	       6	       6	      11	      13	      11
       8	405	219	    0.25	          7	            0	           17	       8	       5	       6	       8	      10	       7
       9	395	320	    0.29	          2	            0	           41	       8	       7	       7	       8	      10	      12
      10	425	321	     0.1	          1	            0	           15	       4	       4	       5	       5	       7	       6
      11	397	314	    0.29	          5	            0	           12	       5	       4	       5	       5	       8	       5
      12	394	313	    0.19	          9	            0	           45	       9	       5	       6	       7	      12	      12
      13	148	483	    0.05	         10	            0	           32	       9	       7	       8	      12	       9	       7
      14	307	421	    0.02	          9	            0	           20	       6	       5	       5	       6	       7	       8
      15	310	117	    0.16	          3	            0	           12	       7	       6	       6	       5	       8	       8
      16	313	 14	    0.14	         10	            0	           15	       7	       7	       8	      11	      12	       8
      17	309	116	    0.13	          5	            0	            6	       5	       3	       4	       6	       5	       4
      18	435	451	    0.07	         10	            0	           16	       9	       7	       5	      10	      10	      12
      19	100	249	     0.1	          2	            0	           41	       8	       5	       6	       9	      12	      11
      20	 19	 56	    0.17	          8	            0	           16	       9	       7	       6	       9	      10	      13
      21	298	303	     0.2	          2	            0	           15	       4	       3	       3	       4	       5	       5
      22	224	  8	     0.2	          2	            0	           42	       6	       6	       6	       8	      10	       9
      23	344	109	    0.09	          2	            0	           11	       5	       4	       3	       3	       5	       5
      24	489	202	    0.17	          5	            0	           38	       5	       4	       6	       9	       8	       6
      25	195	485	    0.08	          4	            0	           12	       4	       3	       3	       4	       5	       5
COST_MATRIX 
	  0	  1	  2	  3	  4	  5	  6	  7	  8	  9	 10	 11	 12	 13	 14	 15	 16	 17	 18	 19	 20	 21	 22	 23	 24	 25
  0
  1	 34
  2	 34	 14
  3	 39	 10	  8
  4	 31	  3	 13	 11
  5	 26	 10	 20	 19	  9
  6	 31	  4	 11	 10	  3	 10
  7	 46	 18	 30	 24	 19	 21	 21
  8	 18	 49	 51	 55	 46	 40	 46	 58
  9	 36	  4	 11	  6	  6	 14	  6	 20	 51
 10	 35	 18	  5	 12	 18	 24	 16	 35	 52	 16
 11	 32	  4	 10	  8	  4	 11	  3	 21	 48	  4	 15
 12	 32	  3	 12	  9	  2	 10	  2	 20	 48	  4	 17	  2
 13	177	148	158	150	150	152	152	132	185	148	161	151	150
 14	101	 68	 75	 67	 70	 75	 72	 56	113	 67	 78	 70	 70	 86
 15	 87	107	115	116	105	 97	106	106	 70	111	118	108	107	201	153
 16	131	155	161	164	154	146	154	157	113	159	164	156	155	249	204	 52
 17	 87	107	115	116	106	 98	107	107	 71	111	118	109	108	201	153	  1	 52
 18	100	 73	 67	 64	 74	 82	 74	 75	117	 69	 66	 72	 72	145	 66	179	227	179
 19	159	149	162	157	150	145	152	134	154	152	167	153	151	120	135	125	159	124	196
 20	222	226	239	236	226	219	228	216	210	230	243	229	228	224	233	149	149	149	287	105
 21	 65	 47	 60	 54	 48	 45	 50	 32	 69	 50	 65	 50	 49	118	 60	 94	145	 94	101	103	187
 22	156	175	183	184	173	165	174	171	139	178	186	176	175	241	211	 70	 45	 69	246	136	106	153
 23	 81	106	112	114	104	 96	104	108	 63	109	114	106	106	212	158	 18	 50	 18	177	141	165	100	 79
 24	 45	 75	 69	 77	 73	 70	 72	 90	 43	 76	 68	 73	 74	221	143	100	129	100	128	196	247	109	165	 87
 25	161	130	139	131	132	135	134	115	170	130	142	133	132	 24	 65	193	243	194	122	128	232	105	239	203	205
