nVehicles:  24
nDepots:     1
nCustomers: 25
nPeriods:    6
VEHICLE_TYPE	FLEET_SIZE	CAPACITY
           1	        24	       8	
DEPOT   	X  	Y  	INV_COST	INITIAL_INV 	MIN_LEVEL_INV 	MAX_LEVEL_INV	PRODUCTION_0	PRODUCTION_1	PRODUCTION_2	PRODUCTION_3	PRODUCTION_4	PRODUCTION_5
       0	475	356	       0	        327	            0	         1090	         183	         183	         183	         183	         183	         183	
CUSTOMER	X  	Y  	INV_COST	INITIAL_INV	MIN_LEVEL_INV 	MAX_LEVEL_INV	DEMAND_0	DEMAND_1	DEMAND_2	DEMAND_3	DEMAND_4	DEMAND_5
       1	307	 78	    0.19	          3	            0	           23	       6	       8	       6	       5	       4	       7
       2	297	 88	    0.29	         11	            0	           33	      10	      10	       7	       7	       5	       8
       3	314	 94	    0.08	         10	            0	           20	       9	      10	      11	       7	       8	       9
       4	299	155	    0.23	         16	            0	           23	       8	       8	       6	       4	       5	       5
       5	309	 81	    0.19	          1	            0	           17	       6	       8	       6	       6	       5	       5
       6	304	 84	    0.03	          3	            0	           29	       8	       8	       9	       7	       5	       5
       7	287	 76	     0.1	          5	            0	           17	       5	       5	       5	       4	       3	       4
       8	293	 95	    0.27	          5	            0	           45	      11	       9	       8	       5	       8	       9
       9	291	 82	    0.02	          9	            0	           36	      10	       8	       9	       6	       5	       6
      10	301	 76	    0.14	         15	            0	           38	       8	       9	       6	       5	       5	       7
      11	302	 91	    0.15	          2	            0	           17	       7	       9	      10	       8	       5	       6
      12	314	 66	    0.13	          6	            0	            7	       6	       7	       6	       5	       5	       6
      13	431	308	    0.23	         16	            0	           35	       8	       9	       8	       5	       6	       7
      14	444	439	    0.16	          9	            0	           19	      11	      10	       7	       7	       6	      10
      15	126	323	    0.09	         10	            0	           23	      10	      13	      10	       7	       7	      10
      16	 37	 38	    0.21	         13	            0	           46	       8	      10	       6	       6	       7	       9
      17	118	 82	    0.09	         10	            0	           39	       8	       9	       9	       7	       7	       6
      18	429	 41	    0.17	         10	            0	           12	       8	       8	       8	       6	       4	       5
      19	333	115	    0.28	          4	            0	           32	       7	       6	       5	       4	       5	       5
      20	139	158	    0.28	         10	            0	           36	       6	       6	       6	       5	       4	       6
      21	204	430	    0.16	         10	            0	           10	       9	       8	       6	       5	       5	       8
      22	477	306	    0.21	          6	            0	           38	      10	      10	       7	       6	       6	       9
      23	173	386	    0.06	         11	            0	           28	       5	       6	       4	       3	       4	       6
      24	 21	245	    0.16	          4	            0	           12	       4	       5	       5	       3	       6	       7
      25	424	 72	    0.26	         23	            0	           24	      10	      11	       9	       7	       7	       6
COST_MATRIX 
	  0	  1	  2	  3	  4	  5	  6	  7	  8	  9	 10	 11	 12	 13	 14	 15	 16	 17	 18	 19	 20	 21	 22	 23	 24	 25
  0
  1	163
  2	161	  8
  3	154	  9	 10
  4	134	 39	 34	 32
  5	161	  2	  7	  7	 38
  6	161	  4	  5	  8	 36	  3
  7	169	 11	  8	 17	 40	 12	 10
  8	160	 12	  5	 11	 31	 11	  8	 10
  9	166	  9	  5	 13	 37	 10	  7	  4	  7
 10	165	  4	  7	 12	 40	  5	  5	  8	 11	  6
 11	159	  7	  3	  7	 33	  7	  4	 11	  5	  8	  8
 12	166	  7	 14	 15	 46	  8	 11	 15	 18	 15	  9	 14
 13	 33	131	129	122	102	129	129	137	127	133	133	127	135
 14	 45	194	191	185	160	192	191	198	188	195	196	188	198	 66
 15	176	153	146	149	121	152	150	148	142	147	152	146	160	153	170
 16	271	137	133	142	144	138	136	127	132	129	134	136	140	239	286	150
 17	226	 95	 90	 99	 98	 96	 94	 85	 88	 87	 92	 93	 99	194	242	121	 47
 18	160	 64	 71	 64	 87	 64	 67	 74	 74	 72	 67	 69	 59	134	200	207	197	157
 19	140	 23	 23	 15	 27	 21	 22	 31	 23	 27	 26	 20	 27	109	172	147	153	109	 61
 20	196	 94	 87	 94	 81	 94	 91	 85	 84	 85	 91	 89	 99	165	208	 83	 79	 40	157	100
 21	141	184	178	177	146	183	181	182	174	180	184	177	191	129	121	 67	214	180	225	171	140
 22	 26	143	142	134	117	141	141	150	140	146	145	139	146	 24	 69	176	258	212	135	120	185	150
 23	152	168	162	163	132	167	165	166	158	164	168	161	175	135	139	 40	187	155	215	158	116	 27	158
 24	234	166	159	165	147	166	163	158	156	158	164	161	172	208	233	 66	104	 95	229	170	 74	131	231	104
 25	145	 59	 65	 57	 76	 58	 61	 69	 67	 67	 62	 62	 56	119	184	195	195	154	 16	 51	149	211	120	201	220
