nVehicles:  50
nDepots:     1
nCustomers: 50
nPeriods:    6
VEHICLE_TYPE	FLEET_SIZE	CAPACITY
           1	        50	       8	
DEPOT   	X  	Y  	INV_COST	INITIAL_INV 	MIN_LEVEL_INV 	MAX_LEVEL_INV	PRODUCTION_0	PRODUCTION_1	PRODUCTION_2	PRODUCTION_3	PRODUCTION_4	PRODUCTION_5
       0	242	289	       0	        546	            0	         2284	         382	         382	         382	         382	         382	         382	
CUSTOMER	X  	Y  	INV_COST	INITIAL_INV	MIN_LEVEL_INV 	MAX_LEVEL_INV	DEMAND_0	DEMAND_1	DEMAND_2	DEMAND_3	DEMAND_4	DEMAND_5
       1	376	360	    0.02	          3	            0	           23	       0	       3	       3	       4	       8	       6
       2	379	349	    0.25	          7	            0	           22	       4	       5	       6	       4	       3	       4
       3	367	368	    0.08	         16	            0	           51	       8	       8	      13	       9	       7	       6
       4	390	358	    0.24	         12	            0	           24	       6	       7	      10	       5	       5	       6
       5	340	402	    0.18	          1	            0	           17	       5	       7	       7	       6	       4	       4
       6	413	363	    0.25	          6	            0	            8	       4	       5	       6	       5	       6	       4
       7	403	364	     0.3	          9	            0	           34	       7	      10	      10	      10	       6	       6
       8	374	355	     0.2	          7	            0	           17	       5	       9	       8	       7	       5	       6
       9	328	386	    0.22	          1	            0	           42	       7	       9	       9	       7	       7	       6
      10	363	363	    0.24	          5	            0	           10	       5	       7	       7	       6	       5	       4
      11	438	320	    0.24	          2	            0	           12	       6	       8	       8	       8	       8	       4
      12	375	364	     0.2	          5	            0	           23	       6	       5	       9	       6	       5	       6
      13	386	389	    0.24	          4	            0	           34	       0	       1	       4	       5	       5	       5
      14	392	412	    0.13	         11	            0	           35	       6	       8	      11	       9	       8	       6
      15	395	410	     0.1	         16	            0	           38	       9	      10	      10	      11	      12	      10
      16	393	412	    0.01	         16	            0	           32	       7	       9	      10	       8	       7	       8
      17	376	377	    0.15	         14	            0	           33	       7	       7	       8	       7	       5	       5
      18	359	415	    0.07	          3	            0	           23	       3	       6	       7	       5	       3	       7
      19	385	420	    0.06	          2	            0	           40	       7	       8	       9	       8	       7	       6
      20	338	411	    0.15	         12	            0	           18	       5	       7	       8	       5	       4	       5
      21	388	434	    0.09	          9	            0	           30	       8	       8	      10	       9	      10	       7
      22	398	483	    0.25	         10	            0	           25	       6	       6	       8	       5	       4	       6
      23	405	413	    0.17	          4	            0	           22	       3	       8	       6	       6	       5	       8
      24	398	395	    0.01	          7	            0	           13	       8	       9	       9	      10	       8	       8
      25	  0	  0	    0.04	          4	            0	           48	       8	       8	       9	       9	       8	       7
      26	 21	199	    0.04	          8	            0	           39	       7	      11	      12	       8	       6	       5
      27	 57	476	    0.27	          2	            0	           15	       6	       8	       9	       9	       7	       7
      28	392	389	    0.22	         11	            0	           25	       5	       8	       8	       8	       7	       4
      29	 75	212	    0.14	          9	            0	           27	       5	       7	       6	       7	       7	       5
      30	100	 10	    0.24	          2	            0	           10	       7	       8	       9	       9	       8	       8
      31	  3	369	    0.03	          9	            0	           33	       6	       9	       8	       8	       9	       6
      32	361	188	    0.21	          1	            0	           14	       2	       5	       8	       7	       6	       5
      33	401	289	     0.2	         19	            0	           36	       7	      12	      12	       8	       6	      10
      34	255	423	    0.25	          9	            0	           14	       7	       8	      11	       7	       6	       5
      35	  2	 85	    0.17	         10	            0	           36	       5	       6	       7	       6	       7	       6
      36	182	285	    0.05	          3	            0	           34	       8	       8	      10	       8	       5	       5
      37	 88	426	    0.12	          4	            0	           16	       6	       7	       9	       6	       5	       6
      38	117	257	    0.01	          8	            0	           45	       8	      10	       9	       9	       6	       6
      39	332	432	    0.17	          2	            0	           46	       2	       5	       6	       5	       4	       6
      40	169	154	    0.24	          9	            0	           13	       6	       9	       9	       9	       7	       5
      41	221	189	    0.06	          7	            0	           28	       7	       7	      10	      11	       7	       6
      42	476	329	    0.25	          7	            0	           14	       0	       3	       4	       7	       4	       7
      43	368	192	    0.07	          1	            0	           17	       1	       4	       4	       6	       4	       7
      44	425	 55	    0.13	          3	            0	           28	       5	       6	       7	       7	       6	       4
      45	434	 49	    0.14	         12	            0	           35	       6	      12	      10	       7	       7	       8
      46	441	 12	    0.11	          5	            0	           22	       4	       5	       6	       4	       3	       5
      47	145	 60	    0.05	          9	            0	           31	       4	       8	       8	       8	       7	       5
      48	218	253	    0.08	         16	            0	           16	       6	      10	       8	      11	       7	       5
      49	139	423	     0.1	         10	            0	           42	       5	       9	       8	       6	       4	       6
      50	279	496	    0.27	          7	            0	           20	       4	       6	       5	       4	       4	       4
COST_MATRIX 
	  0	  1	  2	  3	  4	  5	  6	  7	  8	  9	 10	 11	 12	 13	 14	 15	 16	 17	 18	 19	 20	 21	 22	 23	 24	 25	 26	 27	 28	 29	 30	 31	 32	 33	 34	 35	 36	 37	 38	 39	 40	 41	 42	 43	 44	 45	 46	 47	 48	 49	 50
  0
  1	 76
  2	 75	  6
  3	 74	  7	 12
  4	 82	  8	  8	 13
  5	 75	 28	 33	 22	 34
  6	 94	 19	 19	 24	 12	 42
  7	 89	 14	 15	 19	  8	 37	  6
  8	 74	  3	  4	  8	  9	 30	 20	 16
  9	 65	 28	 32	 22	 35	 11	 45	 40	 28
 10	 71	  7	 11	  4	 14	 23	 26	 21	  7	 21
 11	100	 37	 33	 43	 31	 64	 25	 29	 37	 65	 44
 12	 77	  3	  8	  5	  9	 26	 20	 15	  5	 26	  7	 39
 13	 88	 16	 21	 15	 16	 24	 19	 16	 19	 30	 18	 44	 14
 14	 97	 28	 33	 26	 28	 27	 27	 25	 30	 35	 29	 52	 26	 12
 15	 98	 27	 32	 26	 27	 28	 26	 24	 30	 36	 29	 50	 26	 12	  2
 16	 98	 28	 33	 26	 28	 27	 27	 25	 31	 36	 29	 52	 26	 13	  1	  2
 17	 81	  9	 15	  7	 12	 22	 20	 15	 12	 25	 10	 43	  7	  8	 20	 20	 20
 18	 86	 29	 35	 24	 33	 12	 38	 34	 31	 22	 27	 62	 27	 19	 17	 19	 18	 21
 19	 97	 31	 36	 28	 32	 25	 32	 30	 33	 34	 31	 57	 29	 16	  6	  8	  6	 22	 14
 20	 78	 32	 38	 26	 38	  5	 45	 41	 34	 14	 28	 68	 30	 27	 28	 29	 28	 26	 11	 24
 21	103	 38	 43	 35	 39	 29	 38	 36	 41	 39	 38	 63	 36	 23	 12	 13	 12	 30	 18	  8	 28
 22	125	 63	 68	 60	 63	 50	 61	 60	 66	 60	 63	 84	 61	 48	 36	 37	 36	 55	 40	 33	 47	 26
 23	103	 31	 35	 30	 29	 33	 26	 25	 33	 41	 33	 50	 29	 16	  7	  6	  7	 24	 24	 11	 34	 14	 36
 24	 95	 21	 25	 21	 19	 30	 18	 16	 24	 36	 24	 43	 20	  7	 10	  8	  9	 15	 22	 15	 32	 21	 45	 10
 25	189	261	258	260	265	264	275	272	258	254	257	272	262	275	285	285	285	267	275	285	267	292	313	290	281
 26	120	195	195	193	201	190	213	209	193	180	190	218	196	206	214	215	215	199	201	213	191	218	237	220	213	101
 27	132	170	174	165	177	147	187	182	170	143	164	206	169	171	171	173	172	168	155	167	145	167	171	177	176	240	140
 28	 91	 17	 22	 17	 16	 27	 17	 14	 20	 33	 20	 42	 16	  4	 12	 11	 12	 11	 22	 16	 30	 23	 48	 14	  5	277	209	174
 29	 92	168	167	166	174	164	186	181	166	154	163	190	169	179	188	189	188	172	175	187	165	192	211	194	186	113	 28	133	182
 30	157	223	220	224	227	230	236	233	221	220	221	230	225	238	249	249	249	230	241	250	234	257	280	253	244	 51	103	234	240	102
 31	127	187	189	183	194	170	206	201	186	163	181	219	187	192	196	198	197	187	180	193	169	196	206	203	198	185	 86	 60	195	 87	186
 32	 79	 87	 82	 91	 87	108	 92	 91	 84	101	 88	 77	 89	102	114	113	114	 95	114	117	113	124	149	115	106	204	171	210	102	144	158	201
 33	 80	 38	 32	 44	 35	 65	 38	 38	 36	 61	 42	 25	 40	 51	 62	 61	 62	 46	 67	 66	 69	 73	 98	 63	 54	248	196	196	 51	168	206	203	 55
 34	 68	 69	 73	 63	 75	 44	 85	 80	 69	 41	 62	105	 67	 68	 69	 71	 70	 65	 53	 66	 42	 67	 78	 76	 73	247	162	103	 71	139	221	129	129	100
 35	158	233	231	231	238	232	249	245	230	222	228	248	233	245	255	255	255	238	244	255	235	261	281	260	252	 43	 58	198	248	 74	 62	143	187	225	212
 36	 31	104	104	102	111	 99	122	118	103	 89	 99	130	105	115	123	124	124	108	110	122	101	128	147	129	122	170	 92	115	118	 65	144	 99	102	110	 79	135
 37	104	148	151	143	155	127	166	161	148	122	142	183	147	151	153	154	153	147	136	149	126	151	158	159	156	218	119	 30	154	108	209	 52	182	171	 84	176	 85
 38	 65	140	139	137	146	133	158	153	138	124	134	164	140	150	158	159	159	143	145	157	135	162	181	164	157	142	 57	114	153	 31	124	 80	127	143	108	104	 36	 86
 39	 85	 43	 48	 37	 48	 16	 54	 50	 44	 24	 38	 78	 41	 35	 32	 34	 33	 36	 16	 28	 11	 29	 42	 38	 38	273	195	140	 37	170	241	168	123	 80	 39	240	106	123	139
 40	 77	147	144	146	151	151	161	158	144	141	143	159	148	160	171	171	171	153	162	172	154	178	201	176	167	115	 78	171	162	 56	 80	136	 98	135	142	 91	 66	142	 58	162
 41	 52	116	113	116	120	122	130	127	113	113	113	127	117	130	141	141	141	122	133	142	126	149	172	145	136	146	101	166	132	 74	109	142	 71	103	119	122	 52	136	 63	134	 32
 42	119	 53	 50	 58	 46	 78	 36	 41	 53	 80	 60	 20	 54	 55	 60	 58	 59	 56	 73	 65	 81	 69	 87	 55	 52	290	237	223	 52	209	247	238	 91	 43	121	267	149	200	184	 89	177	146
 43	 80	 85	 79	 89	 84	106	 89	 88	 82	100	 86	 73	 87	 99	111	110	111	 93	112	115	111	122	147	113	103	208	174	211	100	147	162	203	  5	 52	129	191	104	183	130	122	102	 74	 88
 44	149	155	149	160	153	179	155	155	153	173	158	133	157	169	180	179	180	163	184	184	184	191	215	180	171	215	215	280	168	192	165	264	 74	118	203	213	168	251	185	195	138	123	140	 75
 45	154	159	153	163	157	183	158	159	156	177	161	136	161	172	183	182	183	167	187	188	188	194	218	183	174	219	220	285	172	198	169	269	 79	122	208	217	173	256	190	199	143	128	142	 79	  6
 46	171	178	172	182	175	202	177	178	175	196	180	155	180	191	202	201	202	186	206	206	207	213	237	202	193	221	230	302	191	209	171	283	 97	140	226	223	189	273	204	217	154	142	160	 98	 23	 19
 47	125	190	186	190	193	197	203	200	187	187	187	196	191	204	216	216	216	197	208	217	201	224	247	220	210	 79	 94	213	206	 84	 34	171	126	172	190	 73	115	186	100	209	 49	 75	214	130	141	145	150
 48	 22	 96	 94	 95	101	 97	112	108	 94	 87	 92	115	 97	109	118	119	119	101	108	119	100	125	147	124	115	167	103	138	111	 75	136	123	 79	 94	 87	137	 25	109	 51	107	 56	 33	135	 81	144	149	165	104
 49	 85	123	126	118	130	102	141	136	123	 97	116	159	122	125	127	129	128	121	111	124	100	125	133	134	131	223	127	 49	128	111	208	 74	162	148	 59	183	 73	 26	 84	 97	136	124	175	163	234	239	256	182	 94
 50	106	 84	 89	 78	 89	 57	 95	 91	 86	 61	 79	119	 82	 76	 71	 73	 71	 77	 57	 66	 52	 63	 60	 76	 79	285	197	112	 78	175	259	152	160	121	 39	248	117	102	145	 42	180	157	130	159	233	237	256	229	126	 79
