nVehicles:  100
nDepots:      1
nCustomers: 100
nPeriods:     9
VEHICLE_TYPE	FLEET_SIZE	CAPACITY
           4	       100	      38	
DEPOT   	X  	Y  	INV_COST	INITIAL_INV 	MIN_LEVEL_INV 	MAX_LEVEL_INV	PRODUCTION_0	PRODUCTION_1	PRODUCTION_2	PRODUCTION_3	PRODUCTION_4	PRODUCTION_5	PRODUCTION_6	PRODUCTION_7	PRODUCTION_8
       0	132	149	       0	        915	            0	         5101	         571	         571	         571	         571	         571	         571	         571	         571	         571	
CUSTOMER	X  	Y  	INV_COST	INITIAL_INV	MIN_LEVEL_INV 	MAX_LEVEL_INV	DEMAND_0	DEMAND_1	DEMAND_2	DEMAND_3	DEMAND_4	DEMAND_5	DEMAND_6	DEMAND_7	DEMAND_8
       1	488	243	    0.22	          3	            0	           46	       6	       5	       5	       4	       6	       6	       8	       6	       4
       2	500	261	    0.06	          9	            0	           61	       7	       6	       6	       9	       9	       9	       7	       5	       8
       3	499	259	    0.27	          4	            0	           23	       5	       3	       4	       5	       5	       5	       3	       3	       5
       4	500	260	    0.21	          7	            0	           13	       7	       5	       5	       5	       8	       9	       8	       6	       6
       5	488	257	    0.23	          2	            0	           14	       5	       5	       4	       5	       5	       7	       8	       6	       5
       6	487	285	    0.28	          2	            0	           19	       7	       5	       5	       6	       7	       7	       5	       5	       5
       7	457	300	    0.07	          2	            0	           17	       4	       4	       4	       3	       5	       5	       5	       5	       5
       8	470	253	    0.29	          1	            0	           24	       4	       4	       3	       4	       4	       5	       6	       6	       5
       9	484	243	    0.25	          8	            0	           17	       6	       5	       4	       5	       5	       8	       6	       7	       5
      10	496	262	    0.14	          4	            0	           10	       4	       4	       3	       3	       4	       5	       6	       4	       4
      11	495	252	    0.05	          3	            0	           29	       6	       5	       5	       8	       8	       8	       5	       5	       8
      12	497	260	    0.13	          2	            0	           22	       5	       4	       4	       4	       5	       5	       5	       4	       4
      13	472	259	    0.12	          3	            0	           23	       5	       3	       3	       4	       6	       6	       4	       3	       5
      14	471	277	    0.01	          1	            0	            7	       4	       3	       3	       3	       5	       4	       4	       3	       2
      15	468	242	    0.13	          4	            0	           25	       5	       3	       3	       4	       5	       5	       4	       4	       3
      16	500	252	    0.27	          5	            0	           40	       5	       3	       4	       6	       5	       5	       3	       4	       6
      17	405	145	    0.13	          5	            0	           13	       8	       6	       4	       5	       7	       6	       8	       8	       8
      18	409	172	    0.12	          7	            0	           43	       8	       6	       5	       9	       9	       9	       7	       5	       7
      19	384	164	    0.12	         13	            0	           26	       8	       5	       6	       7	       8	       8	       7	       7	       5
      20	329	138	    0.24	         11	            0	           11	       6	       5	       4	       5	       6	       7	       6	       7	       5
      21	410	171	    0.17	         14	            0	           32	       9	       6	       8	      10	       9	      10	       7	       6	       8
      22	413	149	    0.24	          6	            0	           30	       4	       3	       2	       3	       4	       4	       4	       4	       3
      23	409	159	    0.18	          5	            0	           45	       8	       5	       5	       7	       9	      11	       9	       7	       6
      24	422	183	    0.18	          4	            0	            9	       5	       4	       3	       5	       6	       6	       4	       3	       3
      25	393	169	    0.09	          1	            0	           11	       3	       3	       3	       4	       5	       4	       2	       4	       4
      26	445	228	    0.29	          7	            0	           12	       4	       4	       4	       4	       6	       5	       5	       4	       4
      27	412	150	    0.27	          4	            0	           27	       5	       4	       4	       5	       6	       8	       6	       6	       6
      28	394	147	    0.26	          2	            0	           21	       4	       3	       3	       3	       4	       5	       4	       3	       2
      29	395	182	    0.23	         13	            0	           25	       8	       5	       6	      10	      12	       9	       8	       7	       6
      30	395	168	    0.15	          4	            0	           49	       8	       6	       4	       6	       7	       7	       9	       6	       4
      31	387	206	    0.05	          1	            0	           34	       5	       5	       4	       5	       8	       7	       5	       4	       3
      32	420	172	    0.16	          6	            0	           22	       6	       6	       5	       5	       7	       7	       6	       7	       5
      33	138	192	     0.1	          8	            0	           12	       7	       5	       5	       6	       9	       7	       7	       5	       5
      34	107	175	    0.26	          9	            0	           32	       6	       5	       4	       5	       9	      10	       7	       7	       5
      35	126	188	    0.07	          1	            0	           12	       3	       3	       2	       3	       3	       4	       4	       5	       4
      36	152	185	    0.22	          9	            0	           34	       7	       6	       6	       8	      11	       8	       6	       7	       9
      37	133	204	    0.04	          4	            0	           23	       5	       5	       4	       5	       6	       7	       6	       5	       4
      38	141	182	    0.26	          3	            0	           26	       5	       4	       4	       6	       7	       7	       6	       5	       5
      39	172	216	    0.04	          3	            0	           30	       4	       3	       3	       4	       5	       3	       3	       3	       4
      40	138	191	    0.18	          5	            0	           35	       7	       6	       6	       7	       9	       8	       8	       8	       6
      41	132	180	    0.12	          3	            0	           13	       4	       2	       3	       3	       4	       4	       3	       3	       3
      42	125	196	    0.27	          3	            0	           35	       6	       5	       5	       7	       7	       7	       5	       4	       5
      43	139	187	    0.19	          6	            0	           39	       7	       5	       7	       9	      11	       9	       7	       5	      10
      44	176	174	    0.15	         10	            0	           22	       5	       5	       5	       6	       7	       7	       5	       3	       6
      45	163	200	    0.07	          7	            0	           32	       6	       4	       4	       6	       6	       7	       6	       3	       4
      46	139	185	    0.18	         12	            0	           56	       8	       7	       5	       6	       9	      10	      11	       9	       7
      47	171	146	    0.23	          5	            0	           23	       5	       4	       3	       3	       4	       5	       6	       5	       4
      48	131	185	    0.01	          8	            0	           30	       6	       4	       5	       6	       8	       8	       5	       5	       6
      49	  0	  0	     0.1	         10	            0	           56	       9	       5	       5	       7	       9	       8	       5	       6	       8
      50	  0	  0	    0.07	          1	            0	           61	       9	       7	       7	       9	       9	       9	       8	       5	       9
      51	478	248	    0.11	         11	            0	           46	      10	       7	       7	       8	       9	       9	       7	       5	       7
      52	350	392	    0.12	          6	            0	           44	       6	       4	       4	       5	       8	       5	       4	       4	       7
      53	444	154	    0.08	          6	            0	           17	       4	       3	       4	       4	       4	       6	       5	       4	       3
      54	123	353	    0.22	          1	            0	           15	       5	       4	       3	       4	       5	       5	       5	       5	       3
      55	 36	 47	    0.24	          4	            0	           33	       6	       5	       5	       4	       5	       7	       7	       6	       6
      56	346	326	    0.25	          3	            0	           25	       7	       5	       6	       7	       9	       7	       5	       5	       6
      57	 61	404	    0.11	          4	            0	           40	       7	       5	       6	       9	      10	      10	       7	       6	       6
      58	238	 71	     0.2	          6	            0	           23	       7	       4	       4	       6	       7	       7	       6	       4	       4
      59	386	405	    0.25	          4	            0	           41	       7	       6	       6	       6	       5	       6	       8	       9	       8
      60	299	 56	    0.13	          1	            0	           19	       6	       4	       4	       6	       7	       6	       5	       7	       8
      61	228	267	    0.27	          4	            0	           46	       7	       5	       5	       6	       6	       8	      10	       8	       6
      62	251	 19	    0.15	          4	            0	           15	       3	       3	       2	       3	       4	       5	       4	       4	       3
      63	491	166	    0.14	         12	            0	           56	       8	       6	       5	       8	       9	      10	       6	       6	       7
      64	217	346	    0.02	          5	            0	           42	       5	       4	       5	       7	       7	       5	       4	       5	       8
      65	 93	187	    0.12	          4	            0	           11	       5	       3	       3	       4	       5	       6	       4	       4	       4
      66	421	412	    0.16	          3	            0	           10	       5	       4	       4	       5	       5	       6	       4	       3	       3
      67	367	299	    0.16	          4	            0	           15	       5	       4	       4	       4	       5	       6	       5	       4	       3
      68	444	397	    0.13	         12	            0	           63	       8	       7	       5	       7	       8	       8	       8	       7	       5
      69	201	328	    0.29	          8	            0	           47	       6	       5	       5	       6	       6	       8	      10	       7	       7
      70	442	104	     0.2	          6	            0	           23	       4	       3	       3	       5	       6	       6	       3	       4	       4
      71	268	268	    0.02	          8	            0	           23	       7	       6	       5	       6	       7	       8	       8	       7	       4
      72	141	296	    0.05	          5	            0	           11	       3	       3	       3	       3	       3	       5	       5	       4	       3
      73	262	220	    0.19	          5	            0	           22	       7	       5	       4	       6	       6	       9	       8	       6	       6
      74	244	418	    0.16	         11	            0	           19	      10	       8	       8	       8	      10	       9	       8	       7	       8
      75	125	219	    0.14	          5	            0	           14	       4	       4	       3	       3	       6	       5	       5	       6	       3
      76	 84	174	    0.12	          3	            0	           32	       5	       3	       4	       5	       5	       6	       4	       4	       4
      77	484	459	    0.13	          5	            0	           31	       5	       4	       4	       4	       6	       6	       8	       6	       5
      78	149	 14	    0.11	         12	            0	           50	       9	       5	       5	       9	      11	      10	       7	       6	       5
      79	195	  3	    0.05	          7	            0	           14	       5	       4	       4	       5	       6	       6	       6	       5	       5
      80	 32	351	    0.08	         11	            0	           45	       7	       5	       3	       4	       5	       6	       7	       7	       4
      81	 37	314	    0.09	          2	            0	           54	       8	       6	       5	       6	       7	       8	       7	       7	       6
      82	363	151	    0.13	          3	            0	           23	       6	       4	       4	       7	       6	       6	       4	       4	       5
      83	219	290	    0.18	          8	            0	           26	       9	       5	       6	      10	      10	       8	       6	       7	       9
      84	417	183	    0.15	          6	            0	           27	       4	       3	       3	       2	       3	       3	       4	       5	       4
      85	418	 84	    0.15	          2	            0	           25	       5	       4	       3	       3	       4	       5	       5	       6	       4
      86	252	 86	    0.21	         13	            0	           69	      10	       6	       7	       7	       8	      10	       9	      10	       8
      87	269	248	    0.24	         13	            0	           13	       7	       7	       5	       7	       9	      10	       6	       5	       7
      88	137	397	    0.24	          7	            0	           13	       7	       4	       4	       7	       9	       7	       7	       5	       5
      89	424	168	    0.12	          9	            0	           41	       5	       5	       3	       4	       5	       6	       8	       7	       7
      90	 27	148	    0.18	          6	            0	           26	       5	       3	       4	       4	       6	       5	       5	       5	       3
      91	493	382	    0.24	          5	            0	           32	       4	       4	       3	       5	       5	       6	       5	       3	       4
      92	271	169	    0.12	          8	            0	           44	       6	       5	       4	       5	       8	       9	       7	       7	       5
      93	393	377	     0.1	          7	            0	           51	       7	       5	       5	       5	       8	       9	       8	       6	       5
      94	 14	104	       0	         11	            0	           15	       7	       4	       4	       5	       5	       7	       7	       5	       5
      95	484	443	    0.29	          5	            0	           26	       5	       5	       4	       6	       8	       5	       5	       5	       6
      96	495	311	    0.21	          2	            0	           29	       8	       6	       5	       5	       8	       8	      10	      11	       7
      97	293	392	    0.25	          2	            0	           36	      10	       6	       7	       9	      12	       9	       8	       6	       5
      98	298	490	    0.23	          7	            0	           18	       5	       3	       4	       6	       5	       4	       3	       4	       5
      99	299	390	    0.21	         14	            0	           73	       9	       6	       6	       8	      12	      10	      10	       6	       7
     100	493	 74	     0.2	          5	            0	           39	       8	       6	       5	       7	       8	       9	      10	       9	       8
COST_MATRIX 
	  0	  1	  2	  3	  4	  5	  6	  7	  8	  9	 10	 11	 12	 13	 14	 15	 16	 17	 18	 19	 20	 21	 22	 23	 24	 25	 26	 27	 28	 29	 30	 31	 32	 33	 34	 35	 36	 37	 38	 39	 40	 41	 42	 43	 44	 45	 46	 47	 48	 49	 50	 51	 52	 53	 54	 55	 56	 57	 58	 59	 60	 61	 62	 63	 64	 65	 66	 67	 68	 69	 70	 71	 72	 73	 74	 75	 76	 77	 78	 79	 80	 81	 82	 83	 84	 85	 86	 87	 88	 89	 90	 91	 92	 93	 94	 95	 96	 97	 98	 99	100
  0
  1	185
  2	193	 11
  3	192	 10	  2
  4	193	 11	  1	  1
  5	187	  8	  7	  6	  7
  6	191	 22	 14	 15	 15	 15
  7	180	 33	 30	 30	 30	 27	 17
  8	177	 11	 16	 15	 16	 10	 19	 25
  9	183	  3	 13	 11	 12	  8	 22	 32	  9
 10	191	 11	  3	  3	  3	  5	 13	 28	 14	 12
 11	189	  6	  6	  5	  5	  5	 17	 31	 13	  8	  6
 12	191	 10	  2	  2	  2	  5	 14	 29	 14	 11	  2	  5
 13	179	 12	 15	 14	 15	  9	 16	 22	  4	 11	 13	 13	 13
 14	182	 20	 17	 17	 17	 14	  9	 14	 13	 19	 15	 18	 16	 10
 15	175	 11	 19	 18	 19	 13	 24	 30	  6	  9	 18	 15	 18	  9	 18
 16	192	  8	  5	  4	  5	  7	 18	 33	 16	 10	  6	  3	  5	 15	 20	 17
 17	137	 65	 75	 74	 75	 70	 82	 82	 64	 63	 75	 70	 74	 67	 74	 58	 72
 18	139	 54	 64	 63	 64	 59	 69	 69	 51	 52	 63	 59	 63	 54	 61	 46	 61	 14
 19	127	 66	 76	 75	 76	 70	 80	 78	 62	 64	 75	 71	 75	 65	 72	 58	 73	 15	 14
 20	 99	 96	106	105	106	100	108	104	 91	 94	105	101	104	 94	100	 87	103	 39	 44	 31
 21	140	 54	 64	 63	 64	 59	 69	 69	 51	 52	 63	 59	 63	 54	 62	 46	 61	 14	  1	 14	 44
 22	141	 61	 71	 70	 71	 66	 78	 79	 60	 59	 71	 66	 70	 63	 71	 55	 68	  5	 12	 17	 43	 12
 23	139	 58	 69	 68	 68	 63	 75	 75	 57	 57	 68	 64	 67	 60	 67	 51	 66	  8	  7	 13	 42	  7	  6
 24	146	 45	 56	 55	 55	 50	 61	 62	 43	 44	 55	 51	 54	 46	 54	 38	 53	 21	  9	 22	 52	  9	 18	 14
 25	131	 61	 71	 70	 71	 65	 75	 73	 57	 59	 70	 66	 70	 60	 67	 53	 68	 14	  9	  6	 36	  9	 15	 10	 17
 26	162	 23	 33	 32	 32	 26	 36	 37	 18	 21	 31	 28	 31	 21	 28	 14	 31	 47	 34	 45	 74	 34	 43	 39	 26	 40
 27	141	 61	 71	 70	 71	 66	 78	 79	 60	 59	 71	 66	 70	 63	 71	 54	 68	  5	 12	 16	 42	 11	  1	  5	 18	 14	 43
 28	132	 68	 78	 77	 78	 73	 84	 83	 66	 66	 77	 73	 77	 69	 76	 61	 75	  6	 15	 10	 33	 15	 10	 10	 23	 12	 48	 10
 29	133	 56	 66	 65	 66	 60	 70	 67	 52	 54	 65	 62	 65	 55	 61	 48	 64	 20	  9	 11	 40	 10	 19	 14	 14	  7	 34	 19	 18
 30	132	 60	 71	 70	 70	 65	 75	 73	 57	 59	 69	 66	 69	 60	 67	 52	 68	 13	  8	  6	 37	  8	 14	  9	 16	  2	 40	 13	 11	  8
 31	131	 54	 63	 62	 63	 57	 64	 59	 48	 52	 62	 59	 62	 51	 55	 45	 62	 32	 21	 22	 45	 21	 32	 26	 21	 19	 32	 31	 30	 13	 20
 32	145	 50	 60	 59	 60	 55	 66	 67	 48	 48	 59	 55	 59	 51	 59	 43	 57	 16	  6	 19	 49	  6	 13	  9	  6	 14	 31	 12	 19	 14	 13	 24
 33	 22	177	185	184	185	178	181	169	169	175	183	182	183	171	172	167	184	136	136	124	100	137	140	137	143	129	155	139	130	129	130	125	142
 34	 19	194	202	201	202	195	198	186	186	192	200	198	200	188	190	184	201	150	152	139	113	152	154	152	158	144	172	154	145	145	145	141	157	 18
 35	 20	184	191	190	191	185	187	175	176	182	189	188	189	177	179	174	190	142	142	130	105	143	145	143	149	134	161	145	136	135	135	131	148	  7	 12
 36	 21	171	179	178	178	172	175	163	163	169	177	175	177	165	167	161	178	129	129	117	 92	130	132	130	136	121	149	132	123	122	122	118	135	  8	 24	 14
 37	 28	179	186	186	186	180	182	169	171	177	184	183	185	172	173	169	186	140	139	128	104	140	143	140	145	132	157	143	134	132	133	128	145	  7	 20	  9	 14
 38	 18	177	184	184	184	178	181	169	169	175	182	181	183	170	172	167	183	134	135	122	 97	135	137	135	141	127	154	137	128	128	128	124	140	  6	 18	  9	  6	 12
 39	 40	159	166	165	166	160	162	149	151	157	164	163	164	152	153	149	165	122	121	110	 88	122	126	122	127	113	137	125	117	113	115	108	126	 21	 39	 27	 19	 21	 24
 40	 22	177	185	184	185	179	181	169	169	175	183	182	183	171	172	167	184	136	136	124	100	137	140	137	143	128	155	139	130	129	130	125	142	  1	 18	  7	  8	  7	  5	 22
 41	 16	181	189	188	189	183	186	174	173	179	187	186	187	175	177	171	188	138	139	127	101	140	142	139	146	131	159	141	133	132	132	129	145	  7	 13	  6	 11	 13	  5	 27	  7
 42	 24	184	191	190	191	185	187	174	175	182	189	188	189	177	178	174	190	143	143	131	107	144	146	144	149	135	161	146	137	136	136	132	148	  7	 14	  5	 15	  6	 11	 26	  7	  9
 43	 20	177	185	184	185	178	181	169	169	175	183	181	183	171	172	167	184	135	136	124	 99	136	139	136	142	128	155	138	130	129	129	125	141	  3	 18	  7	  7	 10	  3	 22	  3	  5	  9
 44	 26	160	168	167	168	162	166	154	153	158	166	165	167	154	157	150	167	116	117	105	 79	118	120	117	124	109	138	119	110	110	110	107	123	 22	 35	 26	 14	 27	 18	 22	 21	 23	 28	 20
 45	 30	164	172	171	172	165	168	156	156	162	170	169	170	158	159	154	171	125	124	112	 89	125	128	125	130	117	142	127	119	117	118	113	130	 14	 31	 20	 10	 16	 15	 10	 14	 19	 20	 14	 15
 46	 19	177	185	184	185	179	182	170	169	175	183	182	183	171	173	167	184	135	136	123	 98	136	139	136	142	128	155	138	129	129	129	125	141	  4	 17	  7	  7	 10	  2	 23	  4	  5	  9	  2	 20	 15
 47	 20	166	175	174	175	168	173	163	159	164	173	171	173	161	164	157	173	118	120	107	 80	121	122	120	127	112	144	121	112	114	113	113	126	 29	 36	 31	 22	 35	 24	 36	 28	 26	 34	 27	 15	 28	 26
 48	 19	181	189	188	189	183	185	173	173	179	187	186	187	175	177	171	188	139	140	127	102	140	143	140	146	132	159	142	133	133	133	129	145	  5	 14	  3	 11	 10	  6	 26	  5	  3	  7	  5	 24	 18	  5	 28
 49	100	273	283	282	282	276	283	274	267	271	281	278	281	270	274	264	280	216	222	209	179	223	220	220	230	214	251	220	211	218	215	220	227	119	103	114	120	122	116	139	118	112	117	117	124	130	116	113	114
 50	100	273	283	282	282	276	283	274	267	271	281	278	281	270	274	264	280	216	222	209	179	223	220	220	230	214	251	220	211	218	215	220	227	119	103	114	120	122	116	139	118	112	117	117	124	130	116	113	114	  1
 51	180	  6	 13	 12	 13	  7	 20	 29	  5	  4	 12	  9	 12	  7	 15	  6	 12	 64	 52	 64	 93	 52	 60	 57	 43	 59	 20	 60	 66	 54	 58	 51	 48	173	190	179	167	174	172	154	173	177	179	173	156	160	173	162	177	270	270
 52	164	102	100	100	100	 97	 87	 71	 92	101	 98	101	 99	 91	 84	 96	103	127	114	116	128	115	126	121	111	114	 95	125	125	108	115	 95	116	146	163	152	144	144	149	126	147	153	150	148	140	135	148	153	151	263	263	 97
 53	157	 50	 61	 60	 60	 57	 69	 74	 52	 49	 60	 56	 60	 55	 63	 46	 57	 21	 20	 31	 59	 20	 16	 18	 19	 27	 38	 17	 26	 29	 26	 39	 16	155	169	160	147	158	153	140	155	157	161	154	135	143	154	137	158	235	235	 50	128
 54	103	191	195	194	195	189	186	170	181	189	192	193	193	181	179	182	196	176	170	162	149	170	178	173	172	164	173	177	171	161	165	152	174	 81	 90	 83	 86	 75	 86	 73	 82	 87	 79	 84	 94	 80	 85	107	 85	187	187	186	116	189
 55	 71	247	256	255	256	250	255	246	241	245	254	252	254	243	247	237	254	191	197	184	154	198	196	195	205	189	224	195	186	192	190	193	202	 89	 74	 84	 91	 93	 86	109	 89	 83	 87	 87	 95	100	 87	 84	 84	 30	 30	243	234	211	160
 56	139	 83	 84	 84	 84	 79	 74	 58	 72	 81	 82	 84	 83	 72	 68	 75	 86	 96	 84	 84	 95	 84	 95	 90	 81	 82	 70	 94	 93	 77	 83	 64	 86	124	142	130	120	123	126	103	124	130	129	125	115	112	126	126	129	238	238	 77	 34	 99	113	209
 57	133	229	231	231	232	226	222	205	218	227	229	230	230	218	215	220	233	216	210	202	189	210	218	213	212	204	212	217	211	201	205	191	214	113	117	113	119	107	118	110	114	118	109	116	129	115	117	141	115	205	205	223	145	229	 41	179	148
 58	 66	152	162	161	162	156	165	159	148	151	161	158	161	151	156	144	160	 92	100	 87	 57	100	 96	 97	108	 92	130	 96	 87	 97	 93	101	105	 79	 84	 81	 72	 85	 74	 80	 79	 77	 85	 77	 61	 75	 76	 51	 79	125	125	150	170	112	153	102	139	189
 59	181	 96	 92	 93	 93	 90	 79	 64	 87	 95	 91	 94	 92	 85	 77	 92	 96	131	118	121	137	118	129	124	113	119	 94	129	130	112	119	100	118	164	181	170	161	162	166	143	164	170	168	165	157	152	166	169	169	280	280	 91	 20	129	135	251	 45	163	183
 60	 96	133	144	143	144	138	149	146	131	132	143	139	143	134	141	126	141	 70	 80	 69	 44	 80	 74	 76	 89	 74	113	 74	 66	 80	 74	 87	 84	106	113	109	 98	112	102	103	106	105	112	104	 86	100	103	 79	106	153	153	132	170	 88	173	132	138	211	 32	180
 61	 77	131	137	136	137	131	130	116	122	129	135	134	135	123	122	121	137	108	103	 94	 82	103	110	106	106	 96	111	110	103	 94	 98	 86	108	 59	 77	 65	 56	 57	 61	 38	 59	 65	 63	 60	 54	 47	 61	 67	 64	176	176	126	 88	122	 68	147	 66	109	 99	105	112
 62	 89	164	174	173	174	168	178	175	161	162	173	169	173	164	170	156	171	100	110	 99	 72	110	104	106	119	104	143	104	 96	109	104	116	114	104	107	106	 97	110	 99	107	103	101	109	101	 87	101	101	 76	103	126	126	162	193	118	179	109	161	215	 27	205	 31	125
 63	180	 39	 48	 47	 48	 46	 60	 70	 45	 39	 49	 44	 48	 48	 57	 40	 44	 45	 42	 54	 83	 41	 40	 42	 36	 50	 39	 41	 50	 49	 49	 56	 36	177	193	183	170	181	176	162	177	180	184	177	158	165	177	161	181	260	260	 42	134	 25	207	236	108	246	136	131	111	141	141
 64	108	145	148	148	148	143	139	123	135	144	146	147	147	135	132	136	150	138	130	124	119	131	139	135	131	125	129	139	134	122	126	111	134	 87	102	 92	 87	 83	 91	 69	 87	 94	 88	 89	 89	 78	 90	103	 92	205	205	140	 71	149	 48	175	 66	 84	138	 90	151	 40	165	164
 65	 28	200	207	207	207	201	204	191	192	198	205	204	206	193	195	190	207	158	159	146	121	159	162	159	165	151	178	161	152	152	152	148	164	 23	 10	 17	 30	 22	 25	 43	 23	 20	 17	 24	 43	 36	 24	 45	 20	105	105	195	165	177	 85	 76	145	110	 93	183	123	 79	116	200	101
 66	196	 91	 86	 86	 86	 85	 72	 59	 84	 91	 84	 89	 85	 81	 72	 89	 90	134	121	126	145	121	132	127	115	123	 93	132	134	116	123	105	121	180	197	186	176	178	182	159	180	186	184	181	171	167	182	183	185	295	295	 87	 37	130	152	266	 58	181	194	 18	189	121	215	128	108	199
 67	140	 67	 70	 69	 70	 65	 61	 46	 57	 65	 68	 69	 68	 57	 54	 58	 71	 80	 67	 69	 83	 68	 79	 74	 65	 67	 53	 78	 78	 61	 67	 48	 69	127	145	133	122	127	128	106	127	132	132	128	115	114	128	125	132	237	237	 62	 48	 83	125	209	 18	162	131	 54	127	 72	152	 91	 79	149	 63
 68	200	 81	 74	 75	 75	 74	 60	 49	 74	 80	 73	 77	 74	 71	 62	 79	 78	128	114	121	142	115	125	121	108	117	 85	125	128	111	118	100	114	185	202	191	181	184	186	164	185	191	189	186	175	172	186	186	190	298	298	 77	 48	122	163	269	 61	192	193	 30	186	127	213	118	117	205	 14	 63
 69	 96	150	154	153	154	148	145	129	140	148	152	152	152	140	138	141	155	138	131	123	115	131	139	135	133	125	132	139	133	122	126	112	135	 75	 90	 80	 76	 71	 79	 58	 76	 82	 77	 78	 79	 67	 78	 93	 80	193	193	145	 82	150	 41	163	 73	 80	130	101	145	 34	157	167	 13	 89	118	 85	127
 70	157	 74	 84	 83	 84	 80	 94	 99	 76	 73	 84	 79	 83	 79	 88	 71	 80	 28	 38	 42	 60	 38	 27	 33	 41	 41	 63	 28	 33	 46	 40	 58	 36	159	172	164	151	163	156	147	159	160	166	158	138	148	157	138	161	228	228	 75	152	 26	203	205	121	243	104	154	 76	135	105	 40	166	180	155	105	147	165
 71	 91	111	117	116	117	111	110	 96	102	109	115	114	115	103	102	101	117	 93	 86	 78	 72	 86	 94	 90	 88	 80	 91	 94	 88	 77	 81	 68	 90	 76	 93	 82	 72	 75	 77	 55	 76	 81	 81	 77	 66	 63	 77	 78	 81	190	190	106	 75	105	 85	161	 49	124	100	 91	108	 21	125	123	 47	 97	106	 52	110	 45	120
 72	 74	176	181	180	181	175	174	159	166	174	179	179	179	167	166	166	181	153	148	139	123	149	155	151	152	142	156	154	147	140	143	131	153	 53	 63	 55	 56	 47	 58	 43	 53	 59	 51	 55	 64	 50	 56	 77	 56	164	164	171	115	168	 30	136	104	 68	123	135	144	 46	150	187	 46	 60	152	114	160	 35	179	 66
 73	 75	114	121	121	121	115	118	106	106	112	119	118	120	107	109	104	121	 81	 78	 68	 53	 78	 84	 80	 83	 71	 92	 83	 76	 70	 72	 63	 83	 64	 81	 70	 58	 65	 64	 46	 64	 69	 70	 64	 49	 51	 64	 59	 68	172	172	109	 97	 97	 97	143	 68	137	 76	112	 85	 30	101	118	 67	 87	125	 66	127	 63	108	 25	 72
 74	146	151	151	151	151	147	139	122	140	149	149	151	150	139	134	143	153	159	149	146	147	149	159	154	148	146	139	159	155	141	147	128	152	125	140	130	126	121	129	108	126	132	126	127	127	117	128	141	130	243	243	145	 55	166	 69	213	 69	 92	174	 72	184	 76	200	177	 39	138	 89	 86	101	 50	186	 76	 80	100
 75	 36	182	189	189	189	183	184	171	174	180	187	186	188	175	176	172	189	145	144	133	110	145	149	146	150	137	161	148	140	137	138	132	150	 15	 24	 16	 22	  9	 21	 24	 16	 20	 12	 18	 35	 22	 19	 44	 18	127	127	178	142	163	 68	 97	123	 98	 94	161	120	 57	119	185	 79	 23	177	128	183	 67	169	 76	 40	 69	116
 76	 28	205	213	212	213	207	210	197	198	203	211	210	211	199	201	195	212	162	163	151	124	164	165	163	170	155	183	165	156	156	156	153	169	 29	 12	 23	 35	 29	 29	 49	 29	 25	 24	 29	 47	 42	 29	 46	 25	 97	 97	201	172	181	 92	 68	152	116	 93	191	123	 86	114	204	109	  8	207	155	212	 97	183	104	 68	 92	146	 31
 77	235	109	100	101	100	102	 88	 81	104	109	 99	104	100	101	 92	109	104	162	149	156	179	149	160	155	142	152	118	159	163	146	153	136	148	219	237	225	216	217	221	198	219	225	223	220	210	207	221	222	224	334	334	106	 75	154	189	305	 96	214	230	 56	222	161	249	147	145	239	 40	100	 37	156	179	145	190	164	122	216	246
 78	 69	205	215	214	215	209	217	211	201	203	214	210	214	203	208	197	213	144	153	140	110	153	149	149	161	145	183	149	140	149	146	153	157	 90	 84	 88	 86	 96	 85	102	 89	 84	 92	 87	 82	 94	 86	 67	 86	 75	 75	202	215	164	170	 59	185	200	 53	229	 78	133	 52	188	170	 91	242	180	242	160	154	141	142	118	208	104	 87	279
 79	 80	190	200	199	200	194	203	199	186	188	199	195	199	189	195	182	197	127	137	125	 96	137	132	133	145	130	169	132	123	135	130	140	141	 99	 97	 99	 94	106	 94	108	 99	 94	103	 97	 87	100	 96	 73	 97	 98	 98	188	210	146	179	 83	179	212	 41	223	 59	134	 30	169	172	106	234	172	234	163	134	138	149	114	209	114	102	270	 24
 80	113	235	239	238	239	233	230	215	225	233	237	237	237	225	223	225	240	214	209	200	183	210	216	212	213	203	216	215	208	201	204	192	214	 96	 96	 95	103	 90	101	 98	 96	100	 91	 98	115	100	 99	124	 97	177	177	229	161	229	 46	153	158	 31	174	180	199	107	199	248	 93	 88	197	170	208	 86	240	126	 62	133	112	 81	 93	233	179	193
 81	 96	229	234	233	234	228	226	211	219	227	231	232	232	220	218	219	234	203	200	190	171	200	206	202	204	193	209	205	198	191	194	184	205	 80	 78	 78	 87	 74	 85	 84	 80	 83	 74	 82	 99	 85	 83	108	 80	159	159	223	162	219	 48	134	155	 47	158	181	184	 99	183	239	 92	 70	199	166	208	 83	229	118	 53	122	116	 65	 74	235	161	175	 19
 82	116	 78	 88	 87	 88	 82	 92	 89	 74	 77	 87	 84	 87	 77	 83	 70	 86	 22	 26	 13	 19	 26	 26	 24	 34	 18	 57	 25	 16	 23	 19	 31	 31	115	129	120	107	119	113	101	115	117	122	114	 95	103	114	 97	118	197	197	 76	121	 41	157	172	 88	197	 75	128	 58	 89	 87	 65	122	137	134	 75	130	120	 46	 76	133	 62	147	124	140	166	128	112	194	183
 83	 83	137	142	141	142	136	135	120	127	135	140	140	140	128	127	127	142	118	112	104	 94	113	120	116	115	106	118	120	113	104	108	 94	117	 64	 81	 70	 63	 61	 67	 44	 64	 71	 67	 66	 62	 54	 67	 76	 69	182	182	132	 84	132	 58	153	 67	 98	110	102	124	 13	137	150	 29	 82	118	 75	125	 22	146	 27	 40	 42	 66	 59	 89	158	143	145	 99	 92	101
 84	144	 47	 57	 56	 57	 52	 62	 62	 44	 45	 56	 53	 56	 47	 55	 39	 54	 20	  7	 20	 50	  7	 18	 13	  3	 14	 27	 17	 22	 12	 14	 19	  6	140	156	146	133	143	139	124	140	143	147	140	121	128	140	125	144	228	228	 45	110	 20	170	203	 80	210	106	113	 87	104	117	 38	130	163	115	 64	108	131	 42	 86	150	 80	146	148	167	143	159	143	211	201	 32	113
 85	147	 87	 98	 97	 98	 94	107	110	 89	 87	 98	 93	 97	 92	101	 83	 94	 32	 45	 44	 53	 44	 33	 38	 50	 45	 74	 34	 34	 51	 44	 63	 45	151	163	155	143	155	147	140	150	151	157	149	130	141	149	128	153	214	214	 88	158	 38	200	192	127	240	 91	162	 62	132	 90	 55	166	171	165	111	158	164	 16	119	175	104	189	162	173	191	139	119	235	223	 44	144	 50
 86	 68	142	152	151	152	146	154	149	138	141	151	148	151	140	146	134	150	 82	 90	 77	 47	 90	 87	 87	 98	 82	120	 87	 78	 87	 83	 91	 95	 78	 86	 82	 71	 84	 74	 77	 78	 77	 85	 76	 59	 73	 76	 51	 79	134	134	140	161	102	149	110	129	186	 11	174	 28	 92	 34	127	132	 95	184	122	183	124	 96	 92	119	 68	167	 92	 95	220	 63	 51	173	157	 65	104	 96	 84
 87	 85	110	116	116	116	110	111	 98	101	108	114	114	115	102	103	100	116	 86	 80	 72	 63	 81	 88	 83	 84	 74	 89	 87	 81	 72	 75	 63	 85	 72	 89	 78	 67	 72	 73	 52	 72	 77	 77	 72	 60	 59	 73	 71	 76	183	183	105	 83	100	 90	154	 55	131	 90	 98	 98	 23	115	119	 56	 94	112	 56	115	 53	113	 11	 69	 15	 86	 74	100	151	132	128	130	121	 68	 33	 81	111	 82
 88	125	192	194	194	194	189	184	168	182	190	192	194	193	182	178	183	196	184	177	170	162	178	186	181	179	172	176	185	180	168	173	158	181	103	113	105	107	 97	108	 93	104	109	101	106	114	100	107	127	107	210	210	187	107	196	 24	183	111	 39	171	125	189	 80	198	212	 48	108	143	126	154	 48	212	 92	 51	109	 55	 90	115	177	192	200	 58	 65	168	 68	177	211	166	100
 89	147	 50	 61	 59	 60	 55	 67	 69	 49	 49	 60	 55	 59	 52	 60	 44	 57	 15	  8	 21	 50	  8	 11	  9	  8	 16	 32	 11	 19	 17	 15	 27	  3	144	159	150	137	147	142	129	144	147	151	143	125	132	143	127	147	229	229	 49	118	 13	177	204	 89	217	105	121	 84	110	115	 34	137	166	123	 72	115	138	 34	 93	156	 86	155	152	171	149	158	142	217	207	 32	120	  9	 43	 96	 88	184
 90	 53	236	244	243	244	237	240	229	228	234	242	240	242	230	232	226	243	190	192	179	152	192	194	192	199	184	213	193	184	185	185	183	197	 60	 43	 54	 66	 60	 60	 81	 60	 55	 55	 60	 76	 73	 59	 73	 56	 76	 76	231	203	209	114	 51	183	130	113	221	144	117	130	233	138	 39	238	187	243	126	209	135	 94	123	174	 61	 32	277	 91	111	102	 84	169	120	196	199	117	131	137	199
 91	215	 70	 61	 62	 62	 63	 49	 45	 66	 70	 61	 66	 62	 63	 54	 72	 66	127	114	122	147	114	124	120	106	118	 81	123	128	112	118	103	112	202	220	208	197	201	203	181	202	207	207	203	190	189	203	200	207	312	312	 68	 72	117	186	284	 79	217	202	 55	190	145	219	109	140	223	 40	 76	 26	149	142	127	182	142	126	202	230	 39	252	242	232	231	133	145	107	154	191	131	179	113	261
 92	 71	115	124	123	124	118	123	114	109	113	122	120	122	111	114	106	122	 69	 70	 57	 33	 70	 72	 70	 76	 62	 92	 72	 63	 63	 63	 61	 75	 68	 83	 74	 61	 72	 66	 55	 68	 70	 75	 67	 48	 57	 67	 52	 71	160	160	111	119	 87	119	133	 87	158	 52	132	 59	 54	 76	111	 93	 90	143	 81	144	 87	 92	 50	 91	 26	126	 78	 94	180	 99	 92	151	138	 47	 66	 74	 85	 43	 40	133	 77	123	154
 93	174	 83	 79	 80	 80	 77	 66	 51	 73	 81	 78	 81	 79	 72	 64	 78	 83	117	103	107	124	104	115	110	 99	105	 79	114	116	 98	105	 86	104	158	176	164	155	157	160	137	158	164	162	159	149	146	160	161	163	273	273	 78	 23	115	136	244	 35	167	172	 15	168	100	193	117	 90	178	 23	 42	 28	100	139	 83	133	103	 78	156	185	 62	219	212	181	181	114	 98	 98	148	162	 90	129	106	216	 51	121
 94	 64	247	256	255	256	250	254	243	240	246	254	252	254	242	245	238	255	197	201	188	159	201	201	200	208	193	225	201	192	195	194	194	206	 77	 59	 71	 81	 78	 75	 97	 76	 71	 73	 76	 89	 89	 75	 82	 72	 53	 53	243	222	217	136	 31	200	152	114	240	145	135	126	241	158	 58	256	202	261	146	215	152	116	137	195	 80	 50	295	 82	104	124	106	177	139	206	203	120	147	159	208	 23	277	133	234
 95	230	101	 92	 93	 92	 94	 80	 73	 96	101	 91	 96	 92	 93	 84	101	 96	155	141	149	172	141	152	147	134	145	110	151	155	138	145	129	140	214	232	220	211	213	216	193	215	220	218	215	205	202	216	216	219	329	329	 98	 72	146	187	299	 91	213	223	 53	215	156	242	139	143	234	 36	 93	 31	153	171	139	187	158	121	212	242	  9	273	264	231	233	159	153	135	183	213	146	176	141	272	 31	174	 57	290
 96	199	 35	 26	 27	 26	 28	 14	 20	 32	 35	 25	 30	 26	 29	 21	 38	 30	 95	 82	 93	120	 82	 91	 88	 74	 88	 49	 91	 97	 82	 88	 76	 79	189	206	195	183	189	189	169	189	193	194	189	174	176	189	182	193	293	293	 33	 84	 83	188	265	 75	222	176	 72	161	136	191	 73	141	211	 63	 65	 50	148	107	116	178	126	137	191	217	 75	228	215	233	230	104	139	 75	120	166	118	185	 80	248	 36	133	 61	262	 67
 97	146	123	123	123	123	119	111	 95	113	122	121	123	122	112	106	116	125	136	125	123	129	126	136	131	123	123	112	135	133	117	124	105	128	127	143	132	126	124	130	107	127	134	130	129	124	116	130	138	132	245	245	118	 29	141	 88	216	 43	117	163	 47	169	 71	188	151	 45	144	 65	 60	 76	 57	163	 64	 90	 88	 28	121	152	102	203	201	133	134	126	 64	122	167	155	 73	 79	130	181	101	113	 51	201	 99	109
 98	190	156	153	154	154	151	140	124	147	155	151	155	153	145	138	151	157	181	169	169	177	170	180	175	166	168	151	180	179	162	169	149	171	170	185	174	170	166	173	151	170	176	171	172	170	160	172	184	174	287	287	151	 56	184	112	258	 86	127	212	 62	218	117	237	189	 83	183	 73	102	 87	 95	206	113	125	137	 46	161	191	 95	250	249	151	158	173	108	165	212	204	122	 93	173	219	112	162	 74	240	 96	134	 50
 99	147	120	120	120	120	116	108	 91	110	119	118	120	119	109	103	113	122	134	123	121	127	123	134	128	121	121	110	133	131	115	121	102	125	128	145	133	127	125	131	108	128	135	131	130	125	117	131	138	133	246	246	115	 26	139	 90	217	 40	120	163	 45	168	 72	188	148	 47	145	 62	 57	 73	 58	160	 63	 92	 87	 31	122	153	 99	203	201	135	137	124	 65	120	165	154	 73	 82	128	183	 98	112	 48	202	 97	106	  4	 51
100	185	 85	 94	 93	 94	 92	106	115	 91	 85	 95	 90	 94	 94	103	 85	 90	 57	 65	 71	 89	 64	 55	 60	 66	 69	 81	 56	 62	 73	 68	 85	 62	188	200	193	180	192	185	176	187	189	194	186	167	177	186	165	190	250	250	 88	175	 47	232	229	146	272	128	174	 98	164	125	 47	194	208	173	129	164	194	 30	149	209	137	213	198	211	193	175	154	269	258	 76	175	 67	 38	121	142	241	 59	236	155	121	160	240	185	119	188	230	186
