nVehicles:   94
nDepots:      1
nCustomers: 100
nPeriods:     6
VEHICLE_TYPE	FLEET_SIZE	CAPACITY
           1	        94	       8	
DEPOT   	X  	Y  	INV_COST	INITIAL_INV 	MIN_LEVEL_INV 	MAX_LEVEL_INV	PRODUCTION_0	PRODUCTION_1	PRODUCTION_2	PRODUCTION_3	PRODUCTION_4	PRODUCTION_5
       0	205	214	       0	        901	            0	         4312	         720	         720	         720	         720	         720	         720	
CUSTOMER	X  	Y  	INV_COST	INITIAL_INV	MIN_LEVEL_INV 	MAX_LEVEL_INV	DEMAND_0	DEMAND_1	DEMAND_2	DEMAND_3	DEMAND_4	DEMAND_5
       1	339	487	    0.13	          4	            0	           40	       8	       9	       6	       5	       5	       7
       2	343	490	    0.22	          5	            0	           27	       8	       8	       8	       6	       4	       8
       3	391	498	    0.17	          2	            0	           33	       7	       8	       7	       5	       5	       6
       4	336	484	    0.01	          1	            0	           44	       5	       7	       5	       6	       5	       6
       5	358	478	    0.05	         12	            0	           16	       7	       6	       7	       5	       4	       4
       6	300	491	    0.16	          4	            0	           12	       4	       5	       6	       4	       3	       4
       7	334	486	    0.01	         18	            0	           34	      12	      12	      12	      12	       9	       6
       8	414	460	    0.04	          6	            0	           23	       5	       6	       5	       4	       4	       4
       9	358	484	    0.09	          8	            0	           22	       7	       6	       8	       6	       4	       4
      10	346	480	    0.06	          3	            0	           35	       8	       8	      10	       7	       6	       5
      11	365	479	    0.24	         20	            0	           47	       9	      13	      12	      10	       9	       6
      12	348	488	    0.08	          7	            0	           26	       5	       5	       6	       5	       4	       3
      13	345	482	    0.26	         12	            0	           12	       7	       7	       8	       5	       6	       6
      14	376	457	    0.06	          4	            0	           22	       8	       9	       8	       6	       6	       9
      15	351	479	       0	         10	            0	           13	       7	      11	       9	       9	       7	       6
      16	353	475	    0.26	         23	            0	           57	      10	      14	      10	       7	       7	      10
      17	177	461	     0.2	          8	            0	           29	       7	       8	       7	       5	       4	       5
      18	197	458	    0.28	         11	            0	           23	       5	       6	       5	       4	       4	       5
      19	213	443	    0.22	         16	            0	           31	      11	      12	      13	       9	       7	       7
      20	202	445	    0.23	          7	            0	           35	       7	      10	       9	       9	       6	       5
      21	202	448	    0.29	          5	            0	           14	       6	       9	       7	       7	       4	       6
      22	203	454	    0.15	          2	            0	           10	       7	       7	       7	       6	       5	       4
      23	172	421	     0.1	          4	            0	           25	       6	       6	       5	       4	       5	       7
      24	200	461	    0.16	         14	            0	           35	       9	      10	      10	       6	       6	       8
      25	205	450	    0.14	          5	            0	           34	       7	       7	       8	       5	       5	       4
      26	205	457	    0.27	          5	            0	           21	       8	       8	       9	       7	       6	       6
      27	211	458	    0.14	          8	            0	            9	       8	       9	       8	       7	       6	       7
      28	200	454	    0.03	          9	            0	           29	       7	       6	       7	       5	       4	       4
      29	229	430	    0.07	          6	            0	           20	       6	       5	       6	       4	       4	       6
      30	200	444	    0.19	          1	            0	           15	       5	       6	       5	       4	       3	       4
      31	181	433	    0.29	          6	            0	           28	       7	       6	       5	       4	       7	      10
      32	201	476	     0.1	          4	            0	           50	       9	      10	       8	       6	       6	      11
      33	103	396	    0.09	          2	            0	           22	       5	       6	       5	       5	       3	       3
      34	 92	371	    0.19	          4	            0	           12	       5	       8	       5	       4	       5	       7
      35	109	435	    0.16	         13	            0	           18	       8	       9	       8	       6	       6	       7
      36	155	415	    0.04	         19	            0	           59	      10	      13	      12	      11	       6	       9
      37	 75	474	     0.3	          3	            0	           18	       5	       6	       6	       4	       3	       4
      38	 99	423	    0.18	          6	            0	            9	       4	       6	       6	       4	       3	       4
      39	 98	424	    0.11	          6	            0	           20	       5	       7	       5	       4	       4	       5
      40	 98	444	    0.18	         13	            0	           39	       9	      13	      13	       9	       8	       6
      41	 96	414	    0.02	         18	            0	           37	      10	      11	       8	       5	       7	       9
      42	 78	425	    0.07	         12	            0	           25	      10	      14	      11	       6	       9	      10
      43	 94	408	    0.22	         15	            0	           36	       9	      12	      12	       9	       6	       8
      44	117	441	    0.15	         18	            0	           54	      10	      10	       9	       8	       8	      11
      45	 98	415	    0.08	          5	            0	           22	       8	       9	       9	       5	       6	      10
      46	172	400	    0.17	         17	            0	           26	       7	      10	       7	       6	       6	       7
      47	 83	413	    0.18	          1	            0	           12	       8	       9	       7	       6	       6	       5
      48	 58	389	    0.14	          1	            0	           38	       7	       8	       7	       5	       6	       9
      49	  0	  0	    0.08	          6	            0	           25	       4	       5	       5	       4	       4	       4
      50	  0	  0	    0.09	         12	            0	           12	       8	       8	       7	       5	       7	      10
      51	137	 34	    0.01	          1	            0	           28	       8	       7	       7	       5	       5	       6
      52	 56	493	    0.13	          5	            0	           38	       7	       9	       8	       8	       6	       5
      53	176	205	       0	          5	            0	           10	       4	       5	       6	       4	       4	       3
      54	462	 48	    0.13	         15	            0	           56	      11	      14	      12	       9	       7	       9
      55	381	300	    0.11	          8	            0	           38	       9	      11	      10	       8	       8	       9
      56	413	141	    0.27	         14	            0	           14	       9	      12	       8	       6	       6	       9
      57	355	355	    0.02	          4	            0	           32	       5	       6	       6	       6	       5	       4
      58	142	462	    0.24	         12	            0	           39	      10	      10	      12	       8	       7	       6
      59	111	377	    0.27	          3	            0	           14	       5	       7	       7	       6	       5	       5
      60	424	178	    0.22	          6	            0	           17	       7	       6	       7	       7	       6	       4
      61	252	443	    0.08	         16	            0	           16	       7	      10	       9	       7	       5	       7
      62	296	173	    0.28	         11	            0	           42	       9	       8	       9	       9	       7	       5
      63	 40	313	    0.12	         10	            0	           28	       7	      11	       9	       9	       7	       6
      64	375	 72	    0.15	         13	            0	           13	       8	       9	       8	       7	       6	       5
      65	318	110	       0	         12	            0	           12	       8	      10	       9	       9	       7	       6
      66	 17	432	    0.04	         11	            0	           13	       4	       4	       6	       5	       4	       5
      67	112	195	    0.29	         21	            0	           21	      11	      12	       9	       8	       7	      11
      68	169	331	    0.09	         15	            0	           20	       8	      11	      12	       8	       8	       7
      69	 40	488	    0.26	         10	            0	           14	       6	       8	       7	       4	       5	       6
      70	185	 90	     0.2	          9	            0	           29	       8	       8	       9	       6	       5	       6
      71	497	 89	    0.07	          1	            0	            6	       4	       6	       5	       4	       3	       3
      72	490	145	    0.24	          7	            0	            8	       6	       6	       5	       5	       4	       4
      73	353	314	    0.01	          5	            0	           22	       7	      10	       6	       5	       5	       7
      74	151	240	    0.17	         11	            0	           22	       9	       9	       9	       7	       6	       8
      75	 44	258	    0.15	          1	            0	           32	       8	       8	       8	       6	       6	       6
      76	335	259	       0	          1	            0	           14	       8	       8	       8	       9	       5	       6
      77	192	105	    0.02	         13	            0	           32	       7	       6	       7	       5	       5	       4
      78	264	181	     0.2	          7	            0	           34	       6	       9	       8	       7	       5	       4
      79	  3	329	    0.22	         21	            0	           33	      11	      10	      12	       9	       8	       6
      80	275	108	    0.11	          4	            0	           41	       2	       2	       5	       4	       3	       5
      81	292	497	     0.3	         14	            0	           34	      10	      12	       9	       7	       6	      10
      82	 49	 56	    0.27	          8	            0	           32	       7	       9	       9	       6	       5	       6
      83	 61	127	    0.09	         13	            0	           20	       7	       7	       7	       8	       5	       4
      84	467	 41	    0.19	          3	            0	           47	       6	       8	       9	       7	       6	       6
      85	129	240	    0.06	          2	            0	           34	       5	       9	       6	       7	       6	       8
      86	313	174	    0.17	          1	            0	           35	       0	       1	       4	       2	       3	       7
      87	101	 77	    0.12	         10	            0	           41	      10	      11	      12	       8	       7	       6
      88	215	183	    0.24	          5	            0	           28	       7	       8	       7	       4	       4	       7
      89	213	492	    0.03	          8	            0	           33	       6	       7	       7	       6	       4	       5
      90	324	101	    0.15	         11	            0	           26	       6	       9	       7	       7	       5	       4
      91	392	259	    0.04	         22	            0	           22	       5	       5	       5	       4	       7	       5
      92	170	428	    0.11	          3	            0	           12	       4	       7	       5	       3	       3	       5
      93	 27	 84	    0.14	         10	            0	           20	       7	       9	       7	       8	       6	       5
      94	 75	286	    0.27	          6	            0	           11	       4	       6	       5	       4	       4	       3
      95	498	470	    0.26	         14	            0	           23	       6	       8	       8	       6	       4	       4
      96	287	347	     0.2	          9	            0	           21	       5	       8	       6	       5	       5	       4
      97	104	  3	    0.24	          4	            0	           28	       2	       3	       6	       4	       4	       6
      98	221	163	    0.28	          3	            0	           19	       6	       7	       8	       7	       5	       4
      99	206	363	    0.15	          9	            0	           16	       6	       6	       6	       3	       3	       4
     100	 10	171	    0.22	         21	            0	           46	      10	      11	      10	       8	       5	       6
COST_MATRIX 
	  0	  1	  2	  3	  4	  5	  6	  7	  8	  9	 10	 11	 12	 13	 14	 15	 16	 17	 18	 19	 20	 21	 22	 23	 24	 25	 26	 27	 28	 29	 30	 31	 32	 33	 34	 35	 36	 37	 38	 39	 40	 41	 42	 43	 44	 45	 46	 47	 48	 49	 50	 51	 52	 53	 54	 55	 56	 57	 58	 59	 60	 61	 62	 63	 64	 65	 66	 67	 68	 69	 70	 71	 72	 73	 74	 75	 76	 77	 78	 79	 80	 81	 82	 83	 84	 85	 86	 87	 88	 89	 90	 91	 92	 93	 94	 95	 96	 97	 98	 99	100
  0
  1	153
  2	155	  3
  3	170	 27	 25
  4	151	  3	  5	 29
  5	153	 11	 10	 20	 12
  6	147	 20	 22	 46	 19	 30
  7	151	  3	  5	 30	  2	 13	 18
  8	162	 40	 39	 23	 41	 30	 60	 43
  9	156	 10	  9	 18	 12	  4	 30	 13	 31
 10	151	  5	  6	 25	  6	  7	 24	  7	 36	  7
 11	155	 14	 13	 17	 15	  4	 34	 16	 27	  5	 10
 12	155	  5	  3	 23	  7	  8	 25	  8	 36	  6	  5	 10
 13	152	  4	  5	 25	  5	  7	 23	  6	 37	  7	  2	 11	  4
 14	149	 24	 24	 22	 25	 14	 42	 26	 20	 17	 19	 13	 21	 20
 15	152	  8	  7	 23	  8	  4	 27	 10	 33	  5	  3	  8	  5	  4	 17
 16	151	 10	 10	 23	 10	  3	 28	 11	 32	  6	  5	  7	  7	  6	 15	  3
 17	125	 83	 85	109	 81	 91	 64	 80	119	 92	 86	 95	 87	 85	100	 88	 89
 18	123	 73	 75	100	 71	 82	 55	 70	109	 82	 76	 85	 77	 75	 90	 78	 79	 11
 19	115	 67	 70	 94	 65	 75	 50	 65	101	 76	 70	 79	 72	 69	 82	 72	 72	 21	 11
 20	116	 72	 75	 99	 70	 80	 55	 70	107	 81	 75	 84	 77	 74	 88	 77	 77	 15	  7	  6
 21	118	 72	 74	 98	 70	 80	 54	 69	107	 81	 74	 83	 76	 74	 88	 77	 77	 15	  6	  7	  2
 22	121	 70	 73	 97	 69	 79	 52	 68	106	 79	 73	 82	 75	 73	 87	 76	 76	 14	  4	  8	  5	  4
 23	105	 90	 93	117	 88	 98	 73	 88	123	 99	 92	101	 95	 92	104	 95	 95	 21	 23	 24	 20	 21	 23
 24	124	 71	 73	 98	 69	 80	 53	 69	108	 80	 74	 83	 76	 74	 89	 77	 77	 12	  3	 12	  9	  7	  4	 25
 25	119	 70	 72	 97	 68	 78	 52	 67	105	 79	 73	 82	 74	 72	 86	 75	 76	 16	  6	  6	  3	  2	  3	 22	  7
 26	122	 69	 71	 96	 67	 78	 51	 67	105	 78	 72	 81	 74	 72	 86	 74	 75	 15	  5	  9	  7	  5	  2	 25	  4	  4
 27	123	 66	 68	 93	 64	 75	 48	 64	102	 75	 69	 78	 71	 69	 83	 71	 72	 18	  8	  8	  8	  7	  5	 27	  6	  6	  4
 28	121	 72	 74	 99	 70	 80	 54	 69	108	 81	 75	 84	 76	 74	 89	 77	 78	 13	  3	  9	  5	  4	  2	 22	  4	  4	  3	  6
 29	109	 62	 65	 88	 60	 69	 47	 60	 94	 70	 64	 73	 67	 64	 75	 66	 66	 31	 22	 11	 16	 17	 18	 29	 22	 16	 19	 17	 19
 30	116	 73	 76	100	 71	 81	 56	 71	108	 82	 76	 85	 78	 75	 89	 78	 79	 15	  8	  7	  2	  3	  6	 19	  9	  4	  7	  9	  6	 17
 31	111	 84	 86	110	 82	 92	 67	 81	118	 93	 86	 95	 88	 86	 99	 89	 89	 15	 15	 17	 13	 13	 16	  8	 17	 15	 17	 20	 15	 25	 11
 32	132	 70	 72	 96	 68	 79	 51	 67	107	 79	 73	 83	 74	 73	 89	 76	 77	 15	 10	 18	 16	 15	 12	 32	  8	 14	 10	 11	 12	 27	 17	 24
 33	105	127	129	153	125	134	110	124	159	135	129	138	131	129	140	131	132	 50	 57	 60	 56	 56	 58	 37	 59	 58	 60	 63	 57	 66	 55	 44	 64
 34	 97	137	139	163	135	144	121	134	168	145	139	147	141	139	149	141	141	 62	 69	 71	 67	 68	 70	 48	 71	 69	 72	 74	 69	 75	 66	 55	 76	 14
 35	121	118	121	145	117	127	100	116	154	127	121	130	123	121	134	123	124	 37	 46	 53	 47	 47	 48	 33	 48	 49	 50	 53	 47	 61	 46	 37	 51	 20	 34
 36	104	 99	102	126	 97	107	 82	 97	132	108	101	110	104	101	113	104	104	 26	 31	 33	 28	 29	 31	 10	 33	 31	 33	 36	 30	 38	 27	 16	 39	 28	 39	 26
 37	146	133	135	159	131	142	113	130	170	142	136	146	137	136	151	139	140	 52	 62	 71	 66	 65	 65	 56	 63	 67	 66	 69	 64	 81	 65	 57	 64	 42	 53	 26	 50
 38	118	125	127	151	123	133	107	122	159	134	127	136	129	127	140	130	130	 44	 53	 58	 53	 53	 55	 37	 54	 55	 56	 59	 53	 66	 52	 42	 58	 14	 27	  8	 29	 29
 39	118	125	127	152	123	133	107	123	160	134	128	137	130	127	140	130	131	 44	 53	 59	 54	 54	 55	 38	 55	 56	 56	 60	 54	 66	 52	 42	 58	 15	 27	  8	 29	 28	  1
 40	127	123	125	149	121	132	104	120	159	132	126	135	127	125	140	128	129	 41	 50	 58	 53	 53	 53	 39	 52	 54	 54	 57	 52	 66	 52	 42	 54	 25	 37	  8	 32	 19	 11	 11
 41	114	127	130	154	126	135	110	125	161	136	130	139	132	130	142	132	133	 47	 56	 61	 56	 56	 58	 39	 58	 58	 59	 62	 56	 67	 55	 44	 61	 10	 22	 13	 30	 32	  5	  6	 16
 42	124	135	137	161	133	143	116	132	169	144	137	147	139	137	150	140	140	 53	 62	 69	 63	 64	 65	 48	 64	 65	 66	 69	 63	 76	 62	 52	 67	 20	 28	 17	 39	 25	 11	 11	 14	 11
 43	112	129	132	156	127	137	112	127	163	138	132	141	134	131	144	134	134	 50	 58	 63	 58	 58	 60	 40	 60	 60	 61	 64	 58	 69	 56	 46	 64	  8	 19	 16	 31	 35	  8	  9	 19	  4	 12
 44	122	114	116	140	112	122	 95	111	149	123	117	126	118	116	130	119	120	 32	 41	 49	 43	 43	 44	 30	 43	 45	 45	 48	 43	 57	 42	 33	 46	 24	 38	  6	 24	 27	 13	 13	 10	 18	 22	 21
 45	114	126	129	153	124	134	108	124	160	135	129	138	131	128	141	131	131	 46	 54	 60	 55	 55	 57	 38	 56	 57	 58	 61	 55	 66	 54	 43	 60	 10	 23	 12	 29	 32	  5	  5	 15	  2	 12	  5	 17
 46	 95	 95	 97	120	 93	101	 79	 92	125	103	 96	105	 99	 96	106	 98	 98	 31	 32	 30	 28	 29	 32	 11	 34	 30	 33	 35	 31	 33	 27	 18	 41	 35	 43	 37	 12	 62	 39	 39	 44	 39	 49	 40	 35	 38
 47	117	134	136	160	132	142	116	131	168	143	136	145	138	136	149	139	139	 53	 62	 67	 62	 63	 64	 45	 64	 64	 65	 68	 62	 74	 61	 51	 67	 14	 22	 18	 37	 31	 10	 10	 18	  7	  7	  7	 23	  8	 45
 48	115	149	152	176	147	157	132	147	182	158	152	160	154	151	163	154	154	 70	 78	 83	 78	 78	 80	 60	 80	 80	 81	 84	 79	 88	 77	 66	 84	 23	 20	 35	 51	 44	 27	 27	 35	 23	 21	 21	 40	 24	 58	 18
 49	149	297	300	317	295	299	288	295	310	302	296	302	300	297	296	297	296	247	250	246	245	246	249	228	252	248	251	253	249	244	244	235	259	205	192	225	222	240	218	218	228	213	217	210	229	214	218	211	197
 50	149	297	300	317	295	299	288	295	310	302	296	302	300	297	296	297	296	247	250	246	245	246	249	228	252	248	251	253	249	244	244	235	259	205	192	225	222	240	218	218	228	213	217	210	229	214	218	211	197	  1
 51	 97	248	251	265	247	248	243	247	255	251	247	251	251	247	243	247	246	215	215	209	209	210	213	195	216	211	215	216	213	204	208	201	224	182	170	201	191	223	196	196	206	192	198	189	204	192	184	192	182	 71	 71
 52	159	142	144	168	141	152	123	140	180	152	146	155	147	145	162	148	149	 63	 73	 83	 77	 77	 77	 69	 74	 78	 77	 80	 75	 93	 77	 70	 73	 54	 64	 40	 64	 14	 42	 41	 33	 45	 36	 47	 41	 45	 75	 43	 53	249	249	234
 53	 16	163	166	182	161	165	156	162	175	167	162	167	166	163	161	163	162	129	127	121	121	123	126	109	129	124	127	128	126	116	121	115	137	103	 94	120	106	144	116	117	126	112	121	110	122	113	 98	114	110	136	136	 88	157
 54	153	228	229	228	227	222	236	229	208	225	224	221	228	225	209	223	221	251	245	234	238	239	241	237	245	239	242	241	242	224	238	239	251	250	246	262	240	288	261	262	269	259	270	258	262	259	229	264	265	233	233	163	302	164
 55	 98	 96	 97	100	 95	 90	104	 96	 82	 93	 92	 90	 96	 93	 79	 91	 89	130	122	111	116	117	118	121	122	116	118	117	119	101	116	121	126	148	149	152	127	177	154	155	159	154	164	154	150	153	116	160	168	243	243	181	189	113	133
 56	111	177	178	179	176	171	184	177	160	174	173	171	177	174	160	172	170	199	192	182	186	187	189	185	193	187	190	188	190	172	186	187	199	201	198	212	189	238	212	212	219	210	220	208	211	209	177	214	217	219	219	149	251	123	 53	 82
 57	103	 67	 68	 74	 66	 62	 74	 67	 61	 65	 63	 63	 67	 64	 53	 63	 61	104	 95	 84	 89	 90	 91	 98	 94	 89	 91	 89	 92	 74	 90	 96	 98	128	132	130	105	153	133	134	136	133	143	134	127	132	 95	140	150	252	252	195	165	117	163	 31	111
 58	128	100	102	126	 98	109	 81	 97	137	109	103	112	104	102	118	105	106	 18	 28	 37	 32	 31	 31	 26	 30	 33	 32	 35	 30	 47	 31	 25	 31	 39	 52	 22	 25	 35	 30	 30	 24	 34	 37	 37	 17	 33	 35	 39	 56	242	242	215	 46	130	262	145	211	120
 59	 95	127	130	153	125	134	111	125	158	135	129	137	131	129	139	131	131	 54	 60	 61	 57	 58	 60	 38	 62	 60	 62	 65	 59	 65	 56	 45	 67	 11	 10	 30	 30	 52	 24	 25	 35	 20	 30	 18	 33	 21	 33	 23	 28	197	197	172	 65	 92	241	141	192	123	 46
 60	111	161	162	161	160	154	169	161	142	157	156	154	160	158	142	155	153	188	181	170	174	175	177	176	181	175	178	176	178	160	174	177	187	195	193	204	180	229	204	205	211	203	213	202	203	202	168	208	212	230	230	161	243	125	 68	 65	 20	 95	201	186
 61	117	 49	 52	 75	 47	 56	 34	 47	 82	 57	 51	 60	 54	 51	 63	 53	 53	 39	 29	 20	 26	 26	 26	 42	 28	 24	 25	 22	 27	 14	 27	 36	 31	 79	 88	 72	 51	 90	 78	 78	 78	 80	 88	 81	 68	 79	 46	 86	101	255	255	213	102	125	224	 97	172	 68	 56	 78	158
 62	 50	159	161	170	157	156	160	158	156	159	156	157	160	157	148	156	154	156	151	142	144	146	148	139	152	146	150	149	149	133	144	143	159	148	143	161	141	187	160	160	168	157	167	155	162	157	130	161	161	172	172	106	201	 63	104	 77	 61	 96	164	138	 65	137
 63	 97	173	176	199	171	180	158	171	201	181	175	183	178	175	183	177	177	101	107	109	105	106	108	 86	109	108	110	113	107	112	104	 93	115	 53	 39	 71	 77	 83	 63	 63	 72	 58	 60	 55	 75	 59	 80	 55	 40	158	158	148	 91	 87	250	171	206	159	 91	 48	204	125	146
 64	111	209	210	214	207	204	213	209	195	207	205	204	209	206	193	204	202	219	213	203	206	207	210	202	214	208	211	210	211	194	206	205	220	212	206	226	204	251	224	224	232	221	231	220	226	221	193	225	225	191	191	121	265	120	 46	115	 40	142	228	202	 59	196	 65	207
 65	 77	189	191	198	188	186	191	189	182	189	186	186	190	187	176	186	184	190	185	175	178	179	182	172	186	180	183	183	182	167	178	176	193	179	173	194	173	219	192	192	200	189	199	187	194	189	163	192	191	169	169	 99	233	 86	 79	101	 50	124	197	169	 63	170	 34	173	 35
 66	144	164	166	190	162	173	145	161	199	173	167	176	168	166	180	169	170	 82	 91	 99	 93	 93	 94	 78	 93	 95	 95	 98	 93	107	 92	 83	 95	 47	 49	 47	 70	 36	 42	 41	 41	 41	 31	 41	 51	 42	 80	 35	 30	217	217	208	 37	139	294	194	246	174	 65	 55	240	118	191	 61	254	221
 67	 48	185	188	206	183	188	176	184	201	190	185	191	189	185	186	186	185	137	139	134	133	135	138	117	141	136	140	141	137	132	133	124	148	101	 89	121	113	141	115	115	125	110	117	107	124	111	107	110	101	113	113	 82	152	 33	190	145	153	146	135	 92	157	143	 93	 70	146	112	128
 68	 62	116	118	139	114	120	104	114	139	122	116	123	120	116	122	118	117	 66	 66	 61	 60	 61	 64	 46	 67	 63	 66	 67	 64	 58	 59	 52	 75	 47	 44	 61	 43	 86	 58	 59	 67	 56	 66	 54	 61	 55	 35	 60	 63	186	186	150	 99	 64	204	108	155	 94	 67	 38	149	 70	102	 66	166	134	 92	 74
 69	160	150	152	176	149	160	131	148	188	160	154	163	155	153	169	156	157	 70	 80	 90	 84	 84	 84	 75	 82	 85	 84	 87	 82	 99	 83	 76	 81	 56	 65	 44	 69	 19	 44	 44	 37	 47	 37	 49	 46	 47	 80	 44	 51	245	245	233	  9	157	305	195	255	171	 53	 66	247	109	203	 88	268	235	 31	151	102
 70	 63	213	216	229	211	213	209	212	218	216	211	215	216	212	207	212	211	186	185	178	178	180	183	166	186	181	184	185	183	172	178	172	194	159	148	177	164	200	172	173	183	169	176	166	179	169	156	170	163	103	103	 37	212	 58	141	144	117	158	188	149	128	180	 70	133	 96	 68	191	 64	121	212
 71	159	215	215	212	214	207	224	215	191	210	210	206	213	211	194	209	206	246	238	227	232	233	235	233	239	233	235	234	236	217	232	234	244	250	247	260	237	286	260	261	268	259	269	257	259	258	225	263	266	253	253	183	300	171	 27	121	 50	151	258	241	 58	216	109	255	 62	 91	295	200	204	304	157
 72	147	187	188	184	187	180	198	188	163	182	183	179	186	184	167	181	179	223	215	204	208	210	211	211	215	209	212	210	212	194	209	212	220	231	229	240	216	265	240	241	247	239	250	238	239	238	204	244	249	256	256	186	279	160	 51	 95	 39	125	236	223	 37	191	 99	241	 69	 88	277	191	186	283	155	 29
 73	 90	 87	 89	 94	 86	 83	 93	 87	 80	 86	 84	 83	 88	 85	 73	 83	 81	115	107	 96	100	101	103	106	107	101	103	102	104	 85	101	105	112	132	134	137	112	161	139	139	144	138	149	138	135	138	101	144	153	237	237	177	174	104	144	 16	 92	 21	129	126	 77	 82	 77	157	122	104	179	135	 93	180	141	134	109
 74	 30	156	158	177	154	158	146	154	172	160	155	161	159	156	157	156	155	112	112	107	106	108	111	 92	114	109	112	114	110	103	105	 98	121	 82	 72	100	 88	124	 96	 96	106	 92	100	 89	102	 92	 81	 93	 88	142	142	104	136	 22	183	119	141	118	112	 72	140	114	 80	 67	141	106	118	 30	 47	136	 77	189	177	108
 75	 84	187	190	211	185	192	174	185	211	194	188	195	191	188	194	190	189	122	126	126	123	124	127	104	129	126	128	131	126	127	122	112	135	 76	 62	 95	 97	110	 87	 88	 97	 83	 86	 80	 99	 84	 96	 80	 66	131	131	122	118	 72	234	170	194	163	114	 69	195	140	133	 28	190	156	 89	 47	 73	116	110	242	231	158	 55
 76	 69	115	116	123	113	111	118	114	108	114	111	112	115	112	102	111	109	129	122	111	115	116	118	115	122	116	119	118	119	101	115	117	128	135	134	144	120	169	144	145	151	143	153	142	142	142	108	148	153	212	212	150	183	 84	124	 31	 71	 50	141	127	 61	101	 48	150	 96	 75	182	117	 91	187	113	118	 97	 29	 93	146
 77	 55	205	207	221	203	205	201	204	210	207	203	207	207	204	199	204	202	179	177	170	171	172	175	159	179	173	177	177	175	164	170	165	186	153	143	171	157	194	166	167	176	162	170	160	173	162	148	164	158	110	110	 45	206	 51	138	136	112	150	181	142	122	172	 63	129	 93	 64	186	 61	114	207	  9	153	151	132	 71	107	106
 78	 34	158	160	171	156	156	157	157	159	159	156	158	160	156	149	156	154	147	143	134	136	138	140	129	144	138	142	142	141	126	136	133	151	135	129	149	130	175	147	148	156	144	154	142	150	144	119	148	147	161	161	 98	188	 46	120	 84	 78	 99	154	125	 81	132	 17	131	 78	 45	177	 77	 89	191	 61	126	115	 81	 64	117	 53	 53
 79	117	186	189	212	184	193	170	184	216	194	188	196	190	188	198	190	190	110	117	120	116	116	118	 97	119	118	120	123	117	124	115	104	124	 61	 50	 75	 88	 81	 68	 68	 75	 63	 61	 61	 80	 65	 92	 59	 41	165	165	163	 87	107	270	190	226	177	 97	 60	224	137	166	 21	227	192	 52	 87	 84	 82	151	275	261	176	 87	 41	170	147	151
 80	 64	193	195	204	191	190	192	192	190	193	190	191	194	191	182	190	188	184	180	171	173	174	177	165	181	175	178	178	178	163	173	170	188	168	161	184	165	209	181	182	190	178	187	176	185	178	155	181	178	148	148	 79	222	 70	 99	110	 71	130	190	158	 83	168	 35	156	 54	 22	208	 93	124	224	 46	112	110	111	 91	138	 82	 42	 37	176
 81	149	 25	 26	 50	 23	 35	  6	 22	 64	 34	 29	 38	 29	 28	 47	 31	 33	 61	 52	 48	 52	 52	 50	 72	 50	 50	 48	 45	 51	 46	 54	 65	 47	108	119	 97	 80	110	104	104	101	107	113	109	 92	106	 78	113	129	289	289	245	119	158	241	109	189	 78	 78	109	173	 34	163	157	217	194	142	176	104	127	211	229	202	 97	147	173	121	203	159	168	195
 82	112	260	263	280	258	262	252	258	273	264	259	265	263	260	259	260	259	213	215	211	210	211	214	193	217	212	216	217	213	208	209	200	224	173	159	192	188	210	186	186	196	181	186	178	196	182	183	180	167	 38	 38	 46	219	 98	207	207	187	214	209	164	198	219	137	129	164	138	189	 77	151	217	 71	225	225	200	106	102	176	 76	125	139	116	252
 83	 85	228	230	249	226	230	218	226	243	233	227	233	231	228	229	229	228	177	179	176	174	176	179	158	181	177	181	182	178	174	174	165	189	137	123	156	152	174	150	150	160	145	150	142	160	146	148	144	132	 71	 71	 61	184	 70	205	182	177	187	173	128	184	185	120	 94	160	129	155	 43	116	181	 65	219	215	174	 73	 67	153	 67	106	106	108	219	 37
 84	157	233	233	232	231	226	240	233	212	229	228	225	232	229	213	227	225	256	249	238	242	243	246	241	249	243	246	245	246	229	242	243	255	255	250	267	244	293	266	266	274	264	274	262	266	263	233	268	269	235	235	166	306	168	  5	137	 57	167	266	245	 72	228	109	254	 49	 83	299	194	208	310	144	 29	 54	148	187	238	128	142	124	274	102	245	210	208
 85	 41	163	165	184	160	166	152	161	181	168	162	168	166	163	165	164	163	114	115	110	109	111	114	 94	117	112	115	117	113	108	109	100	124	 80	 69	 99	 89	121	 93	 94	104	 89	 96	 86	101	 89	 83	 90	 83	137	137	104	132	 30	193	130	151	127	112	 70	151	119	 90	 58	149	115	112	 25	 50	132	 81	199	187	118	 12	 44	104	 75	 74	 78	 99	153	101	 66	197
 86	 58	158	159	167	156	154	159	157	152	157	154	155	158	155	145	154	152	159	154	144	147	148	151	143	155	149	152	151	151	135	147	146	162	153	149	166	145	192	165	165	173	162	172	161	166	162	134	166	167	180	180	113	205	 71	 98	 72	 53	 93	168	144	 56	138	  9	154	 60	 33	197	102	107	209	 77	102	 90	 73	 88	141	 44	 70	 25	174	 39	162	145	129	102	 98
 87	 87	238	240	256	235	239	230	236	248	241	236	241	240	237	235	237	236	196	197	192	191	193	196	176	199	194	197	199	195	188	191	183	206	160	148	180	172	199	174	174	184	169	175	166	183	170	166	169	158	 64	 64	 29	210	 75	182	179	160	189	194	151	170	198	109	122	138	110	183	 60	132	208	 43	199	198	173	 86	 95	149	 48	 97	136	 89	231	 29	 33	184	 83	117
 88	 17	165	167	181	163	164	160	163	171	167	163	166	167	164	159	163	162	141	138	131	132	133	136	121	140	134	138	138	136	124	131	127	147	121	113	137	120	162	134	134	144	130	140	128	138	130	111	133	130	142	142	 85	175	 23	141	102	102	111	145	111	105	132	 41	110	 98	 64	160	 52	 78	176	 49	149	139	 96	 43	 94	 72	 41	 25	129	 49	162	105	 82	145	 52	 50	 78
 89	140	 64	 66	 90	 62	 73	 44	 61	102	 73	 67	 77	 68	 67	 84	 70	 71	 24	 19	 25	 25	 23	 20	 41	 17	 22	 18	 18	 21	 33	 25	 34	 11	 74	 86	 60	 49	 70	 67	 67	 63	 71	 76	 73	 55	 70	 51	 77	 94	269	269	233	 79	145	255	128	202	 99	 39	 77	190	 32	165	125	226	199	103	157	 84	 87	202	247	223	114	130	145	132	194	158	133	195	 40	233	198	259	133	167	215	155
 90	 83	194	195	202	192	190	196	193	186	193	190	191	194	191	180	190	188	195	190	180	183	184	187	178	191	185	188	188	188	172	183	181	198	185	178	199	179	225	197	198	206	194	204	192	200	194	168	198	197	170	170	100	238	 91	 74	104	 49	128	203	175	 64	175	 39	178	 30	  6	226	116	139	241	 70	 87	 86	108	111	161	 80	 67	 51	197	 25	199	140	133	 78	120	 37	113	 69	204
 91	 97	118	119	120	116	111	125	118	102	114	113	111	117	114	100	112	110	148	140	129	133	134	136	137	140	134	137	135	137	119	134	137	145	160	161	167	142	192	168	169	174	168	178	167	165	167	131	173	180	235	235	171	205	112	112	 22	 60	 52	162	153	 44	116	 65	179	 94	 84	207	144	118	210	134	100	 76	 34	121	175	 29	127	 75	198	 96	130	200	179	116	132	 59	172	 97	147	 87
 92	109	 90	 92	116	 88	 98	 73	 87	124	 99	 92	101	 94	 92	105	 95	 95	 17	 21	 23	 19	 19	 22	  4	 23	 21	 23	 26	 20	 30	 18	  7	 29	 38	 49	 31	 10	 53	 36	 37	 37	 38	 47	 40	 28	 37	 15	 45	 60	231	231	198	 66	112	240	124	189	100	 23	 39	179	 42	143	 87	206	176	 77	121	 49	 72	170	236	214	108	 95	106	119	162	133	 98	169	 71	196	161	244	 97	146	179	125	 39	181	140
 93	111	255	258	276	253	258	246	253	270	260	255	260	259	255	256	256	255	203	206	203	201	202	205	184	208	204	207	209	205	201	200	191	215	161	148	181	178	197	174	174	184	169	173	166	185	170	174	167	154	 45	 45	 61	206	 96	219	208	196	213	198	153	204	212	142	115	175	147	175	 70	143	203	 80	236	234	200	100	 88	178	 84	129	124	125	246	 18	 28	222	 94	150	 38	107	225	149	203	187
 94	 75	166	169	191	164	171	153	164	191	173	167	175	170	167	174	169	169	102	106	105	102	103	106	 84	108	105	108	110	105	106	101	 91	114	 57	 44	 77	 76	 95	 70	 70	 80	 65	 70	 62	 81	 66	 75	 64	 53	148	148	130	104	 65	228	154	184	145	 95	 49	183	119	125	 23	185	151	 79	 50	 53	103	113	233	220	140	 45	 21	131	108	109	 42	134	152	116	 80	232	 36	132	106	 87	124	156	160	 86	104
 95	195	 80	 79	 56	 82	 71	100	 83	 43	 71	 77	 67	 76	 77	 62	 74	 73	161	151	144	149	149	148	165	150	147	147	144	150	136	150	160	149	201	209	196	174	212	201	202	201	203	212	205	192	202	167	210	224	343	343	284	222	209	212	104	170	 92	179	200	151	124	180	243	209	202	242	237	179	230	247	191	163	107	209	251	134	239	186	258	213	104	306	278	216	218	175	280	202	143	204	119	166	305	231
 96	 79	 75	 77	 92	 73	 75	 73	 74	 85	 78	 73	 77	 77	 74	 71	 74	 73	 80	 72	 61	 65	 67	 69	 69	 72	 66	 69	 68	 69	 51	 66	 69	 78	 96	 99	100	 75	124	102	103	107	102	112	102	 98	101	 64	108	117	226	226	174	137	 91	174	 53	121	 35	 93	 90	109	 52	 88	125	145	120	142	116	 60	143	139	167	144	 37	 87	130	 51	130	 84	143	120	 76	188	158	178	 96	 88	164	 90	 82	125	 69	 72	185	111	123
 97	117	270	272	287	268	270	263	268	277	272	268	272	272	269	265	269	267	232	233	227	227	228	231	212	234	230	233	234	231	223	226	219	242	197	185	217	208	236	211	211	221	206	212	203	220	207	202	206	195	 53	 53	 23	247	108	181	204	170	217	231	188	183	233	129	159	140	120	219	 97	168	245	 60	202	206	200	121	131	173	 68	120	171	101	265	 39	 66	183	120	136	 38	106	251	121	193	216	 56	143	306	195
 98	 27	173	175	188	171	172	169	172	178	175	171	174	175	172	167	171	170	151	148	141	142	143	146	132	150	144	148	148	146	134	141	137	157	131	123	148	131	172	144	145	154	141	150	138	149	141	122	143	140	138	138	 77	185	 31	134	106	 97	118	155	121	102	141	 38	118	 90	 56	169	 57	 88	187	 41	143	135	101	 53	101	 75	 33	 24	138	 39	171	102	 83	138	 60	 47	 74	 11	165	 61	 99	135	105	 96	207	 98	100
 99	 75	 91	 94	115	 89	 96	 80	 89	115	 98	 92	 99	 95	 92	 98	 93	 93	 52	 48	 41	 42	 43	 46	 34	 50	 44	 48	 48	 46	 36	 41	 38	 57	 55	 58	 61	 37	 86	 62	 63	 68	 61	 72	 61	 60	 60	 26	 67	 76	209	209	169	100	 81	203	 93	152	 75	 59	 49	143	 47	106	 87	169	139	101	 97	 25	104	137	200	180	 78	 68	 97	 83	130	 96	103	133	 80	173	139	208	 73	109	153	 91	 65	144	107	 38	166	 76	156	 42	188	101
100	100	229	231	252	226	233	216	226	249	235	229	235	232	229	233	230	230	168	172	170	168	169	172	149	174	171	174	176	171	170	167	157	180	122	109	141	142	155	134	134	144	129	132	126	146	130	141	127	112	 86	 86	 94	163	 85	235	197	203	196	160	115	208	183	144	 73	190	157	131	 53	113	160	 97	247	241	186	 79	 47	169	 97	128	 80	137	216	 61	 34	238	 69	152	 66	103	190	161	197	152	 45	 67	287	165	 97	106	138
