nVehicles:   5
nDepots:     1
nCustomers: 25
nPeriods:    9
VEHICLE_TYPE	FLEET_SIZE	CAPACITY
           4	         5	      38	
DEPOT   	X  	Y  	INV_COST	INITIAL_INV 	MIN_LEVEL_INV 	MAX_LEVEL_INV	PRODUCTION_0	PRODUCTION_1	PRODUCTION_2	PRODUCTION_3	PRODUCTION_4	PRODUCTION_5	PRODUCTION_6	PRODUCTION_7	PRODUCTION_8
       0	 91	348	       0	        215	            0	         1555	         177	         177	         177	         177	         177	         177	         177	         177	         177	
CUSTOMER	X  	Y  	INV_COST	INITIAL_INV	MIN_LEVEL_INV 	MAX_LEVEL_INV	DEMAND_0	DEMAND_1	DEMAND_2	DEMAND_3	DEMAND_4	DEMAND_5	DEMAND_6	DEMAND_7	DEMAND_8
       1	319	464	    0.27	          1	            0	           27	       4	       6	       5	       5	       5	       4	       3	       4	       5
       2	325	438	    0.17	          2	            0	           28	       6	       7	       8	       5	       5	       4	       4	       5	       6
       3	270	415	    0.17	         16	            0	           20	       7	      11	      10	       7	       5	       6	       7	      11	       8
       4	315	435	    0.18	         10	            0	           65	       7	       9	      10	       8	       6	       6	       8	      10	      12
       5	322	434	    0.19	          8	            0	           31	       6	       8	       5	       4	       4	       6	       7	       5	       5
       6	322	433	    0.08	          4	            0	           14	       7	       8	       9	       6	       5	       8	      10	       7	       5
       7	321	430	    0.22	          3	            0	           16	       5	       8	       6	       5	       5	       4	       7	       6	       6
       8	345	393	    0.06	         13	            0	           52	       9	       8	       8	       7	       5	       6	       9	      10	       7
       9	311	429	     0.1	          3	            0	           40	       8	       9	      13	       8	       6	       6	       7	       9	      10
      10	340	479	    0.19	         12	            0	           32	       6	       9	       9	       8	       6	       5	       4	       6	       8
      11	326	421	    0.18	          2	            0	           21	       6	       8	       7	       7	       5	       4	       6	       6	       6
      12	362	374	    0.06	         14	            0	           57	       7	      11	       8	       7	       6	       6	       7	       8	      10
      13	128	  2	    0.03	          4	            0	           75	       9	       9	      12	       7	       5	       7	       9	      10	       9
      14	277	362	    0.18	          8	            0	           52	       7	       9	       8	       6	       5	       6	       6	       8	       6
      15	424	 65	    0.07	          4	            0	           22	       5	       6	       5	       4	       4	       3	       5	       5	       6
      16	372	332	    0.01	          7	            0	           58	       6	       8	       8	       6	       5	       5	       7	       7	       7
      17	385	428	    0.04	          5	            0	           20	       5	       7	       7	       6	       4	       5	       4	       5	       6
      18	146	389	    0.18	          6	            0	           33	       4	       6	       6	       5	       3	       4	       4	       6	       5
      19	478	383	    0.01	          1	            0	           72	      10	      12	      12	       9	       7	       7	      11	      13	       9
      20	425	265	    0.12	          7	            0	           87	      11	      12	      14	      11	      11	       6	       8	       8	       8
      21	260	 45	    0.23	          1	            0	           37	       7	      12	      11	       7	       5	      10	       9	       8	       5
      22	278	321	    0.23	         12	            0	           36	       9	      13	      12	      10	       7	       6	       6	       9	      12
      23	355	 20	     0.1	         12	            0	           38	       8	      10	       9	      10	       6	       5	       6	       9	       9
      24	427	273	    0.03	         14	            0	           32	       8	       8	       8	       7	       7	       6	       6	       8	       8
      25	134	251	     0.1	          4	            0	           23	       5	       6	       7	       5	       4	       3	       5	       6	       8
COST_MATRIX 
	  0	  1	  2	  3	  4	  5	  6	  7	  8	  9	 10	 11	 12	 13	 14	 15	 16	 17	 18	 19	 20	 21	 22	 23	 24	 25
  0
  1	128
  2	126	 14
  3	 96	 35	 30
  4	121	 15	  6	 25
  5	124	 16	  3	 28	  4
  6	124	 16	  3	 28	  4	  1
  7	123	 18	  5	 27	  4	  3	  2
  8	129	 38	 25	 40	 26	 24	 24	 23
  9	118	 18	  9	 22	  4	  7	  6	  6	 25
 10	141	 13	 22	 48	 26	 25	 25	 27	 44	 29
 11	124	 22	  9	 29	  9	  7	  7	  6	 17	  9	 30
 12	137	 50	 37	 51	 39	 37	 36	 35	 13	 38	 54	 30
 13	174	250	240	219	236	237	237	235	224	233	261	232	220
 14	 94	 56	 45	 27	 42	 43	 43	 41	 38	 38	 67	 39	 43	195
 15	219	207	193	192	193	192	191	190	169	191	212	185	158	152	166
 16	141	 72	 58	 66	 59	 57	 57	 56	 34	 58	 76	 51	 22	206	 50	137
 17	153	 38	 31	 58	 36	 32	 32	 33	 27	 38	 35	 30	 30	249	 64	183	 49
 18	 35	 95	 93	 64	 88	 91	 91	 90	100	 85	107	 92	109	194	 67	214	117	122
 19	195	 90	 82	106	 86	 83	 82	 82	 67	 87	 85	 79	 59	259	102	162	 59	 52	167
 20	173	113	100	108	102	 99	 99	 98	 76	100	116	 93	 63	199	 89	101	 43	 84	153	 65
 21	174	212	200	186	197	197	197	195	180	194	221	191	173	 70	159	 83	155	202	182	202	138
 22	 95	 75	 64	 48	 60	 61	 61	 59	 50	 57	 85	 56	 50	177	 21	148	 48	 76	 75	105	 79	139
 23	211	223	210	203	209	208	208	206	187	206	230	202	178	114	176	 42	157	205	213	192	128	 50	156
 24	173	110	 97	106	 99	 97	 96	 95	 73	 98	112	 90	 61	202	 88	105	 41	 81	153	 61	  5	142	 79	132
 25	 54	142	134	107	130	132	131	130	128	126	154	129	130	125	 91	173	126	154	 70	185	146	121	 81	160	147
