nVehicles:  22
nDepots:     1
nCustomers: 50
nPeriods:    9
VEHICLE_TYPE	FLEET_SIZE	CAPACITY
           2	        22	      18	
DEPOT   	X  	Y  	INV_COST	INITIAL_INV 	MIN_LEVEL_INV 	MAX_LEVEL_INV	PRODUCTION_0	PRODUCTION_1	PRODUCTION_2	PRODUCTION_3	PRODUCTION_4	PRODUCTION_5	PRODUCTION_6	PRODUCTION_7	PRODUCTION_8
       0	191	467	       0	        672	            0	         3393	         379	         379	         379	         379	         379	         379	         379	         379	         379	
CUSTOMER	X  	Y  	INV_COST	INITIAL_INV	MIN_LEVEL_INV 	MAX_LEVEL_INV	DEMAND_0	DEMAND_1	DEMAND_2	DEMAND_3	DEMAND_4	DEMAND_5	DEMAND_6	DEMAND_7	DEMAND_8
       1	425	130	    0.26	         11	            0	           46	      12	      11	       9	       7	       8	      12	      13	      14	      10
       2	422	148	     0.2	          8	            0	           54	      11	       9	       8	       6	       8	      10	      12	      11	       9
       3	430	134	    0.04	          7	            0	           22	       5	       4	       3	       3	       3	       5	       5	       6	       6
       4	437	102	    0.19	          1	            0	           46	      10	       8	       6	       7	       9	       9	       9	       6	       5
       5	433	138	    0.11	         14	            0	           15	       8	       7	       6	       4	       5	       7	      10	       9	       7
       6	431	126	    0.04	          4	            0	           71	      13	       9	       7	       8	      10	      14	       9	       6	       8
       7	405	152	     0.1	          2	            0	           41	       6	       4	       3	       4	       5	       5	       5	       5	       4
       8	406	138	    0.18	          5	            0	           56	       9	       6	       4	       5	       7	       9	       8	       6	       4
       9	394	159	    0.01	          8	            0	           60	      11	      10	       8	       6	      10	      12	      10	      12	       7
      10	436	136	    0.24	          4	            0	           40	       5	       5	       4	       3	       4	       5	       5	       5	       4
      11	438	121	    0.06	         10	            0	           22	       8	       6	       6	       6	       8	       9	       7	       6	       6
      12	418	134	    0.06	         11	            0	           44	       9	       8	       7	       6	       8	       8	       9	       8	       7
      13	494	  6	    0.24	          2	            0	           48	       7	       5	       5	       5	       4	       5	       7	       6	       6
      14	499	  6	    0.05	          4	            0	           68	      11	      10	       7	       5	       5	       8	      10	      13	      10
      15	475	 15	    0.12	          9	            0	           39	       6	       5	       4	       3	       5	       6	       6	       4	       4
      16	491	  7	    0.03	         15	            0	           57	      11	      10	       7	       5	       8	      11	      10	       8	       6
      17	500	  4	    0.22	          2	            0	           56	       8	       8	       6	       6	       9	       9	       8	       5	       6
      18	475	 14	    0.12	         17	            0	           73	      10	       9	       9	       6	       7	      10	      12	      13	      11
      19	493	  4	    0.13	         11	            0	           65	       9	       8	       5	       6	       6	      11	       9	       9	       5
      20	499	  9	    0.29	         13	            0	           55	      14	       9	       7	       6	      11	      14	      10	      11	       8
      21	483	  0	    0.19	         16	            0	           29	      10	       9	       8	       6	       8	       9	      11	      12	      11
      22	474	  2	    0.18	         16	            0	           50	       9	       7	       5	       8	      10	       9	       6	       6	       7
      23	495	  5	    0.08	          9	            0	           28	       7	       7	       5	       6	       9	       8	       6	       5	       6
      24	489	  1	    0.29	         15	            0	           51	       8	       9	       7	       5	       7	       9	       9	       8	       8
      25	  0	  0	    0.11	          7	            0	           48	      10	       8	       8	       6	       8	       9	       9	      11	      10
      26	108	427	    0.13	          6	            0	           40	       5	       5	       4	       3	       5	       4	       5	       6	       4
      27	493	 68	    0.17	         15	            0	           51	       9	       8	       5	       6	       9	       9	       7	       6	       5
      28	366	102	    0.19	         21	            0	           80	      13	       9	       6	      11	      12	      10	       6	       8	       9
      29	438	100	    0.25	          1	            0	           25	       9	      11	       7	       7	       8	      10	      11	      13	      11
      30	319	318	    0.28	          4	            0	           10	       6	       5	       3	       4	       5	       5	       4	       4	       3
      31	290	484	    0.16	          4	            0	           59	      11	      10	       7	       7	       7	       8	       9	      12	      11
      32	339	 56	    0.26	         10	            0	           28	       7	       6	       5	       5	       5	       6	       9	       8	       7
      33	308	132	    0.21	          2	            0	           37	       6	       4	       3	       4	       4	       5	       6	       4	       4
      34	478	314	    0.06	          8	            0	           44	      12	      10	       7	       9	      10	      10	      10	       7	       8
      35	287	239	    0.19	         10	            0	           43	       9	       7	       5	       7	       8	       8	       8	       4	       7
      36	 74	 20	    0.24	          3	            0	           21	      10	       7	       5	       6	       9	      11	       9	       5	       6
      37	327	 54	    0.14	          6	            0	           34	      11	      10	       7	       6	       7	       8	      10	       9	      11
      38	488	441	    0.25	          3	            0	           37	       7	       6	       4	       5	       5	       7	       8	       5	       4
      39	298	142	    0.09	         10	            0	           73	      12	       9	       8	       7	       9	      13	      11	      11	       9
      40	  2	321	     0.3	         16	            0	           50	      11	      10	       8	       8	       7	      10	      14	      11	       8
      41	104	446	    0.05	          2	            0	           24	       9	       8	       8	       6	       7	       7	       8	       9	      10
      42	 56	  9	    0.18	         18	            0	           75	      11	      10	       7	       7	       7	       9	      11	       9	      10
      43	333	208	    0.23	          5	            0	           46	      10	       8	       5	       6	       8	      10	       9	       5	       5
      44	261	 33	    0.15	         17	            0	           44	      12	       9	       7	       7	       7	      11	      10	      11	       8
      45	186	304	    0.12	          1	            0	           39	       7	       6	       5	       4	       6	       7	       9	       7	       5
      46	385	142	    0.21	          1	            0	           44	      12	       8	       6	       7	       7	      10	      10	       8	       7
      47	342	260	    0.15	         13	            0	           83	      10	       9	       7	       7	       8	      13	      13	       9	       7
      48	161	120	    0.26	         10	            0	           13	       7	       5	       5	       4	       5	       5	       6	       7	       5
      49	343	 78	    0.23	          9	            0	           28	       9	       7	       5	       5	       8	       7	       6	       5	       4
      50	187	113	    0.07	         14	            0	           45	       7	       7	       6	       5	       5	       8	       9	       9	       7
COST_MATRIX 
	  0	  1	  2	  3	  4	  5	  6	  7	  8	  9	 10	 11	 12	 13	 14	 15	 16	 17	 18	 19	 20	 21	 22	 23	 24	 25	 26	 27	 28	 29	 30	 31	 32	 33	 34	 35	 36	 37	 38	 39	 40	 41	 42	 43	 44	 45	 46	 47	 48	 49	 50
  0
  1	206
  2	197	 10
  3	205	  4	  9
  4	221	 16	 25	 17
  5	205	  6	  8	  3	 19
  6	209	  4	 12	  5	 13	  7
  7	191	 15	  9	 16	 30	 16	 19
  8	197	 11	 10	 13	 24	 14	 14	  8
  9	185	 22	 16	 22	 36	 23	 25	  7	 13
 10	206	  7	 10	  4	 18	  2	  6	 18	 16	 24
 11	213	  8	 16	  8	 10	  9	  5	 23	 19	 30	  8
 12	202	  5	  8	  7	 19	  8	  8	 12	  7	 18	 10	 12
 13	276	 71	 80	 72	 56	 73	 68	 86	 80	 92	 72	 64	 75
 14	278	 73	 81	 73	 58	 74	 69	 87	 81	 93	 73	 66	 76	  3
 15	267	 63	 72	 64	 48	 65	 60	 77	 71	 83	 64	 57	 66	 11	 13
 16	275	 70	 79	 71	 55	 72	 67	 85	 79	 91	 71	 63	 74	  2	  5	  9
 17	279	 74	 82	 74	 59	 75	 71	 88	 82	 94	 74	 67	 77	  4	  2	 14	  5
 18	268	 64	 73	 65	 48	 66	 61	 78	 71	 84	 65	 57	 67	 11	 13	  1	  9	 14
 19	277	 72	 81	 73	 57	 74	 69	 87	 80	 92	 72	 65	 76	  2	  4	 11	  2	  4	 11
 20	276	 71	 80	 72	 56	 73	 68	 86	 80	 92	 71	 64	 75	  3	  2	 13	  5	  3	 13	  4
 21	276	 72	 81	 73	 56	 74	 69	 86	 80	 92	 72	 65	 75	  7	  9	  9	  6	  9	  9	  6	 10
 22	273	 69	 78	 70	 54	 72	 66	 83	 77	 89	 70	 63	 72	 11	 13	  7	  9	 14	  7	 10	 13	  5
 23	277	 72	 81	 73	 57	 74	 69	 87	 81	 93	 72	 65	 76	  1	  3	 12	  3	  3	 11	  2	  3	  7	 11
 24	277	 73	 81	 73	 57	 75	 69	 87	 81	 93	 73	 66	 76	  4	  6	 10	  4	  6	 10	  3	  7	  4	  8	  4
 25	253	223	224	226	225	228	225	217	215	213	229	228	220	248	250	238	246	251	238	247	250	242	238	248	245
 26	 47	218	211	218	232	218	221	203	208	196	220	226	214	286	288	276	285	289	277	286	287	285	281	287	286	221
 27	251	 47	 54	 46	 33	 47	 43	 61	 56	 68	 45	 39	 50	 32	 32	 28	 31	 33	 29	 33	 30	 35	 35	 32	 34	249	264
 28	203	 33	 37	 36	 36	 39	 35	 32	 27	 32	 39	 38	 31	 81	 83	 70	 79	 84	 71	 81	 82	 78	 74	 81	 80	190	208	 66
 29	222	 17	 26	 18	  2	 20	 14	 31	 25	 37	 19	 11	 20	 55	 57	 47	 54	 58	 47	 56	 55	 55	 53	 56	 56	225	233	 32	 37
 30	 99	108	100	108	124	107	112	 94	100	 88	109	116	105	179	181	171	178	182	171	180	179	179	176	180	180	226	119	153	111	125
 31	 51	190	181	189	205	188	193	176	183	171	189	197	187	260	261	253	259	262	253	261	260	261	258	261	262	283	 96	232	195	206	 85
 32	219	 57	 62	 60	 55	 63	 58	 59	 53	 59	 63	 60	 56	 82	 84	 72	 80	 85	 72	 82	 84	 78	 73	 83	 80	172	219	 78	 27	 55	132	216
 33	178	 59	 58	 62	 67	 63	 62	 50	 50	 46	 65	 66	 56	113	115	102	111	116	103	113	114	110	106	114	112	168	179	 98	 33	 67	 94	177	 42
 34	163	 96	 88	 94	108	 91	 97	 89	 96	 89	 92	 99	 95	155	155	150	154	156	151	156	153	158	157	155	157	286	194	124	120	109	 80	127	147	125
 35	124	 88	 82	 89	102	 89	 92	 74	 79	 67	 91	 96	 84	156	158	147	155	159	147	157	157	155	151	157	157	187	130	134	 80	103	 43	123	 96	 55	103
 36	232	184	186	187	187	189	187	179	177	175	191	189	182	211	213	201	209	214	201	210	213	205	201	211	208	 39	205	211	152	187	193	256	134	130	250	153
 37	218	 63	 67	 66	 61	 68	 64	 63	 58	 63	 69	 65	 61	 87	 90	 77	 86	 91	 77	 87	 89	 83	 78	 88	 86	166	217	 84	 31	 61	133	216	  7	 41	151	 95	128
 38	150	159	151	157	172	154	161	151	157	149	155	162	158	218	218	214	218	219	214	219	217	221	220	219	221	329	191	187	181	173	105	102	207	179	 64	143	296	210
 39	172	 64	 63	 67	 73	 68	 67	 54	 55	 49	 70	 71	 61	120	122	109	118	123	110	120	121	117	113	120	119	166	172	105	 40	 74	 89	172	 48	  8	125	 49	128	 47	178
 40	120	233	228	234	244	235	236	219	222	213	236	240	229	293	295	282	291	296	282	293	294	290	285	293	292	161	 75	277	213	245	159	166	215	180	239	149	155	211	251	173
 41	 45	226	218	226	240	226	229	211	216	205	228	234	222	294	296	285	293	297	285	295	295	293	289	295	295	229	 10	272	217	241	126	 95	228	188	199	139	214	226	193	181	 81
 42	239	195	196	198	197	200	197	189	187	185	201	200	192	220	222	210	218	223	210	219	222	214	210	220	217	 29	211	221	162	197	203	265	144	141	261	163	 11	138	306	139	159	220
 43	148	 61	 54	 62	 75	 62	 64	 46	 51	 40	 63	 69	 57	130	131	120	128	132	121	130	130	129	125	130	130	197	157	107	 56	 76	 56	140	 77	 41	 90	 28	161	 78	140	 38	175	166	171
 44	220	 96	 99	 99	 95	101	 97	 94	 90	 92	102	 99	 94	118	120	108	116	121	108	117	120	113	108	118	116	132	212	118	 63	 95	146	226	 41	 55	178	104	 94	 35	234	 58	194	221	104	 95
 45	 82	148	142	149	162	149	152	134	138	127	151	156	144	215	217	205	213	218	205	215	216	213	209	215	215	179	 73	194	136	163	 67	104	146	106	147	 61	153	144	166	 99	 93	 82	162	 88	141
 46	190	 21	 19	 23	 33	 25	 25	 12	 11	 10	 26	 29	 17	 88	 89	 78	 86	 90	 79	 88	 88	 87	 83	 88	 88	206	199	 66	 23	 34	 94	178	 49	 39	 98	 69	168	 53	159	 44	212	207	178	 43	 83	129
 47	129	 78	 69	 77	 93	 77	 81	 63	 69	 57	 78	 85	 74	149	150	140	147	151	140	149	149	148	145	149	149	215	144	123	 80	 94	 32	115	103	 67	 74	 30	180	104	117	 63	173	152	191	 27	121	 82	 63
 48	175	133	132	135	139	137	136	124	123	119	138	139	129	176	179	166	175	180	166	176	178	172	168	177	175	101	156	169	103	139	127	194	 95	 74	186	 87	 67	 90	230	 70	129	166	 77	 97	 67	 93	113	115
 49	209	 49	 53	 52	 49	 55	 51	 49	 44	 48	 55	 53	 47	 84	 86	 74	 83	 87	 74	 84	 86	 81	 76	 85	 83	176	211	 76	 17	 49	121	205	 12	 33	136	 86	138	 15	196	 40	210	220	148	 66	 47	138	 39	 92	 94
 50	178	120	119	122	126	124	123	111	111	107	126	126	116	163	165	153	161	166	153	163	165	159	154	164	162	110	162	155	 90	126	122	193	 82	 62	177	 81	 74	 76	223	 58	140	172	 84	 88	 55	 96	101	107	 14	 80
