nVehicles:  50
nDepots:     1
nCustomers: 50
nPeriods:    9
VEHICLE_TYPE	FLEET_SIZE	CAPACITY
           1	        50	       8	
DEPOT   	X  	Y  	INV_COST	INITIAL_INV 	MIN_LEVEL_INV 	MAX_LEVEL_INV	PRODUCTION_0	PRODUCTION_1	PRODUCTION_2	PRODUCTION_3	PRODUCTION_4	PRODUCTION_5	PRODUCTION_6	PRODUCTION_7	PRODUCTION_8
       0	140	360	       0	        651	            0	         3358	         374	         374	         374	         374	         374	         374	         374	         374	         374	
CUSTOMER	X  	Y  	INV_COST	INITIAL_INV	MIN_LEVEL_INV 	MAX_LEVEL_INV	DEMAND_0	DEMAND_1	DEMAND_2	DEMAND_3	DEMAND_4	DEMAND_5	DEMAND_6	DEMAND_7	DEMAND_8
       1	340	 92	    0.23	          3	            0	           12	       4	       5	       5	       4	       3	       3	       3	       4	       5
       2	342	104	    0.27	         13	            0	           80	       8	      12	      11	       9	       6	       5	       7	      11	      13
       3	343	123	    0.02	          7	            0	           44	       5	       7	       5	       4	       4	       5	       6	       6	       5
       4	350	127	    0.09	         13	            0	           30	       6	       7	       5	       4	       4	       3	       4	       5	       5
       5	370	143	     0.2	         15	            0	           34	       9	      10	      10	       7	       6	       7	      12	      11	       8
       6	361	107	     0.1	         13	            0	           43	       8	       7	       6	       5	       6	       6	       9	       6	       4
       7	334	118	    0.21	         15	            0	           81	       9	       9	       9	       6	       5	       7	       9	       8	       8
       8	342	106	    0.06	         11	            0	           46	       6	       7	       8	       7	       5	       4	       4	       6	       5
       9	313	117	     0.1	         10	            0	           17	       8	       9	       8	       5	       4	       6	       7	       9	       6
      10	335	104	    0.08	         19	            0	           50	       9	      10	      12	      10	       7	       6	       6	       9	       9
      11	342	107	    0.03	          8	            0	           39	       7	       9	       9	       9	       7	       5	       5	       8	       7
      12	347	114	     0.1	          1	            0	           32	       0	       0	       0	       0	       0	       0	       1	       7	      10
      13	488	310	    0.24	         11	            0	           21	       7	       7	       7	       5	       4	       5	       5	       7	       8
      14	373	294	    0.03	         21	            0	           37	      12	      12	       9	       7	       8	      12	      13	       9	       8
      15	405	288	    0.23	         10	            0	           60	       7	      10	       8	       9	       7	       6	       6	       7	       8
      16	406	303	    0.21	          7	            0	           38	       8	       9	       7	       6	       5	       6	       7	       8	       7
      17	424	271	    0.24	          3	            0	           63	       8	       8	       7	       7	       5	       7	       7	      10	       9
      18	368	285	    0.11	          5	            0	           23	       8	       7	       6	       6	       6	       7	       9	       6	       5
      19	323	277	    0.14	         15	            0	           24	       7	      10	       7	       6	       6	       7	       8	       8	       5
      20	456	259	    0.06	         13	            0	           30	       7	       7	       7	       4	       4	       5	       7	       7	       4
      21	403	309	     0.1	         12	            0	           76	      11	      11	      10	       9	       7	       6	       8	      11	      10
      22	410	284	    0.28	          9	            0	           33	       9	      11	       9	       8	       5	       7	       8	       7	       8
      23	394	286	    0.19	         23	            0	           50	      10	      13	      10	       6	       7	       9	      12	      11	       6
      24	372	338	    0.27	          6	            0	           33	       9	      10	       9	       7	       5	       5	       5	       8	       9
      25	  0	  0	    0.29	          6	            0	           29	       4	       5	       5	       5	       4	       3	       3	       5	       5
      26	134	401	    0.01	          5	            0	           76	       0	       0	       0	       0	       0	       0	       3	       6	      10
      27	 78	382	    0.16	         20	            0	           49	      10	      11	      10	       7	       5	       6	       7	      11	       8
      28	169	236	    0.19	         16	            0	           61	      10	      10	       8	       5	       6	       6	      12	       8	       9
      29	478	439	    0.25	          7	            0	           24	       6	       5	       5	       4	       5	       4	       3	       4	       6
      30	138	221	    0.29	          3	            0	           56	       7	      11	       9	       7	       8	       6	       6	       6	       9
      31	426	163	    0.21	         11	            0	           20	       6	       8	       8	       5	       5	       4	       5	       7	       6
      32	177	 75	    0.28	         20	            0	           85	      11	      12	      13	       7	       5	       7	       9	      11	       9
      33	224	481	    0.09	          6	            0	           25	       7	       7	       6	       4	       4	       7	      10	       7	       5
      34	200	461	    0.16	         13	            0	           37	       7	       7	       6	       4	       5	       6	       7	       5	       4
      35	362	  2	    0.05	          7	            0	           65	      10	      10	      11	       6	       7	       8	       9	      10	       8
      36	448	 95	     0.1	          8	            0	           52	       7	      10	       8	       7	       5	       6	       9	       8	       8
      37	184	 16	    0.29	          6	            0	           41	       5	       6	       5	       4	       3	       4	       4	       4	       6
      38	137	  7	    0.12	          2	            0	           48	       6	       8	       6	       5	       4	       5	       6	       7	       5
      39	493	284	    0.26	         16	            0	           19	      11	      10	       8	       7	       6	       8	       9	       9	       6
      40	444	259	    0.13	         16	            0	           65	      11	      11	      10	       5	       8	       8	      12	       8	       5
      41	321	 58	    0.11	          8	            0	           47	       8	      10	       8	       7	       6	       5	       6	       9	      10
      42	143	168	    0.08	          7	            0	           31	      11	       9	       8	       6	       5	       8	      11	       9	       9
      43	177	119	     0.2	         19	            0	           23	       7	      10	       8	       6	       5	       8	       8	      11	       8
      44	357	 41	     0.1	         10	            0	           24	       6	       8	       7	       4	       6	       7	      10	       6	       6
      45	391	264	    0.02	         11	            0	           78	       7	       5	       4	       4	       3	       5	       9	       8	       8
      46	123	415	     0.1	         10	            0	           19	       7	       8	       7	       5	       6	       7	       7	       8	       6
      47	 72	429	     0.1	          9	            0	           39	       5	       5	       6	       4	       3	       4	       4	       5	       5
      48	341	215	    0.27	         10	            0	           46	       6	       7	       8	       6	       5	       4	       5	       5	       7
      49	115	 36	    0.07	         13	            0	           52	       7	       8	       7	       5	       4	       4	       6	       6	       5
      50	457	259	    0.01	          4	            0	           19	       6	       7	       8	       6	       5	       8	       9	       9	       5
COST_MATRIX 
	  0	  1	  2	  3	  4	  5	  6	  7	  8	  9	 10	 11	 12	 13	 14	 15	 16	 17	 18	 19	 20	 21	 22	 23	 24	 25	 26	 27	 28	 29	 30	 31	 32	 33	 34	 35	 36	 37	 38	 39	 40	 41	 42	 43	 44	 45	 46	 47	 48	 49	 50
  0
  1	168
  2	164	  7
  3	157	 16	 10
  4	157	 19	 13	  5
  5	159	 30	 25	 17	 13
  6	168	 13	 10	 13	 12	 19
  7	156	 14	  9	  6	 10	 22	 15
  8	163	  8	  2	  9	 12	 24	 10	  8
  9	150	 19	 16	 16	 20	 32	 25	 11	 16
 10	161	  7	  4	 11	 14	 27	 14	  8	  4	 13
 11	162	  8	  2	  9	 11	 23	 10	  7	  1	 16	  4
 12	161	 12	  6	  5	  7	 19	  8	  7	  5	 18	  8	  5
 13	176	132	127	119	115	103	120	124	126	131	129	126	121
 14	122	103	 97	 87	 85	 76	 94	 91	 96	 94	 97	 95	 91	 59
 15	138	104	 98	 89	 86	 75	 94	 93	 97	 98	 99	 96	 92	 43	 17
 16	137	111	105	 96	 93	 83	101	100	104	104	106	104	 99	 42	 18	  8
 17	149	 99	 94	 85	 81	 70	 88	 89	 93	 95	 95	 92	 88	 38	 28	 13	 19
 18	121	 98	 92	 82	 80	 72	 90	 86	 91	 89	 92	 90	 87	 62	  6	 19	 22	 29
 19	101	 93	 88	 78	 77	 72	 88	 80	 87	 81	 87	 86	 83	 85	 27	 42	 44	 51	 23
 20	166	102	 97	 89	 85	 73	 90	 94	 96	101	 99	 96	 91	 31	 46	 30	 34	 18	 46	 68
 21	134	113	107	 98	 95	 85	104	102	106	107	108	106	102	 43	 17	 11	  4	 22	 22	 44	 37
 22	141	103	 97	 88	 85	 74	 92	 92	 96	 97	 98	 95	 91	 42	 20	  4	 10	 10	 22	 44	 27	 13
 23	133	101	 95	 86	 83	 73	 92	 90	 94	 94	 96	 94	 90	 49	 12	  6	 11	 17	 14	 36	 34	 13	  9
 24	117	125	118	109	107	 98	116	112	117	115	119	117	113	 60	 23	 30	 25	 43	 27	 40	 58	 22	 34	 29
 25	194	177	179	183	187	199	189	178	180	168	176	180	183	290	238	249	254	252	233	213	263	254	250	244	252
 26	 21	186	182	174	175	175	186	174	181	168	180	181	179	183	131	147	145	159	131	114	176	143	150	143	124	212
 27	 33	196	192	186	187	189	198	184	191	178	190	191	190	209	154	171	169	182	153	134	199	167	174	166	149	195	 30
 28	 64	112	109	104	106	111	116	102	109	 94	107	108	108	164	107	121	124	129	103	 80	144	123	123	116	114	146	 85	 87
 29	174	187	181	172	169	158	177	176	180	181	183	180	176	 65	 90	 84	 77	 89	 95	113	 91	 76	 85	 88	 74	325	174	203	185
 30	 70	120	118	114	116	123	126	111	118	102	115	117	118	181	124	138	141	146	120	 97	161	140	140	133	131	131	 91	 86	 18	202
 31	174	 56	 52	 47	 43	 30	 43	 52	 51	 62	 55	 51	 47	 80	 71	 64	 71	 55	 68	 77	 51	 74	 62	 64	 92	229	189	206	134	141	147
 32	144	 82	 84	 87	 91	103	 94	 82	 84	 72	 81	 85	 88	195	147	157	162	158	142	125	168	163	157	152	164	 97	165	162	 81	237	 76	133
 33	 74	203	198	189	188	185	200	190	197	188	197	197	194	158	120	133	128	146	122	114	161	125	136	130	103	266	 61	 89	126	129	137	189	205
 34	 59	198	193	184	184	181	195	185	192	182	191	191	189	163	121	135	130	147	122	111	164	127	138	131	106	252	 45	 73	114	140	124	188	194	 16
 35	211	 47	 52	 62	 63	 71	 53	 60	 53	 63	 53	 54	 57	167	147	145	153	139	142	139	137	155	144	143	169	182	230	238	152	227	157	 87	100	250	244
 36	204	 55	 54	 55	 52	 46	 44	 59	 54	 69	 57	 54	 52	110	107	 99	107	 89	104	111	 83	110	 97	100	128	229	220	235	157	173	168	 36	136	224	222	 64
 37	174	 87	 91	 96	100	113	100	 91	 91	 82	 88	 92	 96	212	169	176	182	176	163	148	183	183	176	172	187	 93	195	191	111	258	106	142	 30	234	223	 90	138
 38	177	111	114	119	123	135	123	114	114	104	111	115	118	232	186	195	200	195	181	164	204	202	195	190	203	 69	198	190	116	276	108	165	 40	241	230	113	162	 24
 39	181	123	118	111	107	 94	111	115	117	123	120	117	113	 14	 61	 45	 45	 36	 63	 86	 23	 47	 42	 50	 67	285	189	214	164	 78	181	 70	190	167	172	156	 98	205	226
 40	161	 99	 93	 85	 82	 69	 87	 90	 92	 97	 95	 92	 88	 34	 40	 25	 30	 12	 41	 62	  7	 33	 22	 29	 54	258	171	194	138	 92	155	 49	163	157	159	135	 83	178	199	 28
 41	177	 20	 26	 35	 38	 50	 32	 31	 27	 30	 25	 27	 31	152	121	123	130	119	116	110	122	133	122	120	143	164	196	203	118	207	123	 75	 73	217	211	 35	 67	 72	 96	143	118
 42	 97	106	105	103	106	115	114	 99	105	 89	102	105	106	187	132	145	148	150	127	106	163	148	146	139	143	111	117	112	 37	216	 27	142	 50	162	150	138	157	 79	 81	185	158	105
 43	122	 83	 83	 84	 87	 98	 93	 79	 83	 69	 80	 83	 86	183	132	142	147	146	127	108	157	148	143	137	147	107	143	141	 59	220	 55	127	 23	183	172	110	137	 52	 60	179	151	 79	 30
 44	193	 27	 33	 42	 44	 52	 34	 41	 34	 44	 34	 34	 37	150	127	126	134	120	123	120	120	136	125	124	149	180	212	221	136	208	142	 71	 92	230	225	 20	 53	 88	112	140	118	 20	125	 99
 45	135	 90	 84	 75	 72	 62	 80	 79	 83	 84	 85	 83	 79	 54	 18	 14	 21	 17	 16	 35	 33	 24	 14	 12	 39	236	146	168	112	 98	129	 54	143	137	138	132	 90	162	181	 52	 27	109	133	130	113
 46	 29	195	191	183	184	184	195	183	190	177	189	189	188	190	139	155	153	167	139	122	184	150	158	151	131	217	  9	 28	 93	178	 98	198	173	 61	 45	239	229	202	205	197	179	205	124	151	221	154
 47	 49	216	212	205	206	207	217	204	211	198	210	211	210	217	165	181	179	193	165	147	210	177	184	177	157	218	 35	 24	109	204	110	222	185	 81	 66	259	252	214	214	223	205	224	136	164	241	180	 27
 48	124	 62	 56	 47	 45	 39	 55	 49	 55	 51	 56	 55	 51	 88	 43	 49	 55	 51	 38	 33	 62	 57	 49	 45	 64	202	140	156	 87	132	102	 50	108	146	142	108	 81	127	146	 84	 57	 80	102	 96	 88	 36	148	172
 49	163	116	119	123	127	139	129	117	119	107	116	119	123	232	183	193	198	195	178	160	204	199	193	188	199	 61	183	174	104	272	 94	168	 37	230	217	125	170	 36	 19	227	199	104	 68	 52	122	179	190	198	145
 50	167	102	 97	 89	 85	 73	 90	 94	 96	102	 99	 96	 92	 30	 46	 30	 34	 18	 47	 68	  1	 37	 27	 35	 59	263	177	200	145	 91	161	 51	168	161	164	137	 83	183	204	 22	  7	122	164	157	120	 34	185	211	 63	205
