nVehicles:   55
nDepots:      1
nCustomers: 100
nPeriods:    12
VEHICLE_TYPE	FLEET_SIZE	CAPACITY
           2	        55	      18	
DEPOT   	X  	Y  	INV_COST	INITIAL_INV 	MIN_LEVEL_INV 	MAX_LEVEL_INV	PRODUCTION_0	PRODUCTION_1	PRODUCTION_2	PRODUCTION_3	PRODUCTION_4	PRODUCTION_5	PRODUCTION_6	PRODUCTION_7	PRODUCTION_8	PRODUCTION_9	PRODUCTION_10	PRODUCTION_11
       0	 84	481	       0	        920	            0	         8022	         670	         670	         670	         670	         670	         670	         670	         670	         670	         670	          670	          670	
CUSTOMER	X  	Y  	INV_COST	INITIAL_INV	MIN_LEVEL_INV 	MAX_LEVEL_INV	DEMAND_0	DEMAND_1	DEMAND_2	DEMAND_3	DEMAND_4	DEMAND_5	DEMAND_6	DEMAND_7	DEMAND_8	DEMAND_9	DEMAND_10	DEMAND_11
       1	144	269	    0.02	          6	            0	           76	       7	       6	       7	       7	      11	      10	       6	       5	       6	       9	        9	        9
       2	149	254	    0.06	         15	            0	           79	       9	       6	       7	       9	      10	       8	       6	       7	       8	       8	        7	        6
       3	179	240	    0.19	          9	            0	           28	       5	       5	       5	       6	       7	       8	       6	       5	       5	       5	        7	        7
       4	118	296	    0.15	         11	            0	           80	       8	       5	       6	      10	      10	       6	       6	       9	       8	      10	        7	        6
       5	146	257	    0.06	          8	            0	           95	       8	       6	       9	      10	      13	      13	      11	       6	       7	       9	       10	       10
       6	148	252	    0.28	          4	            0	           17	       4	       4	       3	       5	       5	       6	       4	       3	       4	       5	        5	        5
       7	145	254	    0.18	          7	            0	           85	       8	       6	       5	       7	       7	      10	       9	       7	       6	       5	        7	        9
       8	162	250	    0.12	          5	            0	           54	       5	       5	       5	       7	       6	       6	       5	       5	       6	       7	        5	        4
       9	140	251	    0.08	          3	            0	           89	       8	       7	       7	       9	      11	       7	       7	       8	       9	      11	        6	        6
      10	148	246	    0.16	          3	            0	           21	       5	       5	       5	       6	       8	       8	       8	       8	       5	       5	        5	        8
      11	143	248	    0.16	          6	            0	           62	       7	       4	       5	       8	       8	       6	       5	       5	       9	       7	        7	        5
      12	151	258	    0.27	         10	            0	           32	       7	       5	       8	      10	      12	       9	       5	       9	      11	      10	        7	        5
      13	161	264	    0.08	          4	            0	           87	       8	       6	       6	       9	      10	       9	       5	       6	       9	       9	        9	        6
      14	152	255	    0.23	          2	            0	           58	       5	       5	       5	       5	       5	       7	       6	       7	       4	       4	        5	        5
      15	161	259	    0.14	         13	            0	           55	       7	       6	       7	      10	       9	       7	       5	       6	      11	       8	        6	        6
      16	147	250	    0.07	          5	            0	           56	       8	       6	       5	       7	      11	      10	       6	       5	       5	       8	        8	        8
      17	127	191	    0.14	          2	            0	           82	       8	       6	       8	      12	      14	      12	       9	       8	       9	      10	       12	       12
      18	168	214	    0.28	          7	            0	           58	       9	       7	       6	       9	       8	      10	      11	       7	       5	       7	        9	       12
      19	104	210	    0.29	          8	            0	           92	       7	       6	       6	       9	       9	      11	      10	       6	       6	      10	       10	       10
      20	171	201	    0.14	         14	            0	           62	       9	       7	       7	      13	      11	       8	       7	      10	      13	      10	        7	        8
      21	116	204	    0.18	          9	            0	           24	       7	       5	       7	       6	       9	       9	       7	       6	       6	       6	        7	       11
      22	 97	191	    0.29	          1	            0	           49	       4	       5	       5	       5	       7	       7	       8	       6	       6	       4	        4	        5
      23	150	216	    0.12	         10	            0	           17	       5	       5	       4	       6	       7	       6	       6	       4	       4	       5	        6	        6
      24	 96	193	     0.1	          4	            0	           23	       6	       5	       5	       7	      11	       8	       7	       6	       5	      10	        9	        8
      25	115	192	       0	          7	            0	           21	       4	       3	       4	       6	       6	       5	       3	       4	       6	       5	        4	        3
      26	136	205	    0.12	          8	            0	           50	       5	       4	       3	       6	       5	       5	       4	       4	       4	       6	        5	        4
      27	131	192	    0.24	          2	            0	           51	       5	       3	       3	       4	       5	       6	       5	       5	       4	       3	        3	        5
      28	128	215	    0.21	          8	            0	           40	       7	       5	       5	       8	       8	       8	       5	       5	       7	       7	        7	        6
      29	148	181	    0.16	          3	            0	           63	       6	       5	       5	       7	      11	       8	       7	       5	       5	       7	        9	        9
      30	131	185	    0.01	          4	            0	           40	       5	       3	       3	       6	       5	       5	       3	       5	       5	       4	        4	        3
      31	129	187	    0.02	         10	            0	           58	       8	       7	       7	       8	      14	      12	       8	       7	       7	       9	       12	       13
      32	123	197	    0.04	         11	            0	           32	       7	       5	       5	       6	       8	       6	       5	       5	       5	       7	        7	        7
      33	199	309	    0.14	          6	            0	           20	       4	       4	       4	       5	       6	       6	       7	       6	       4	       4	        5	        6
      34	324	387	    0.26	          7	            0	           29	       4	       3	       4	       5	       5	       4	       3	       4	       5	       5	        4	        4
      35	289	341	    0.08	          4	            0	          106	       8	       8	       7	      13	      12	       9	       7	       8	      12	      12	       10	        9
      36	249	375	    0.12	          8	            0	           37	       5	       4	       5	       5	       6	       9	       9	       7	       5	       5	        6	        6
      37	217	322	    0.23	          4	            0	           28	       4	       3	       4	       4	       6	       6	       5	       4	       3	       4	        5	        5
      38	292	341	    0.28	         10	            0	           72	       6	       5	       5	       9	       9	       9	       6	       6	       7	      10	       10	        6
      39	257	334	     0.1	          2	            0	          107	      11	       8	       6	       9	       9	      11	      13	       9	       9	       6	        7	        9
      40	262	335	    0.03	          5	            0	           28	       4	       3	       3	       4	       5	       5	       7	       5	       4	       4	        4	        4
      41	265	340	    0.16	         12	            0	           57	       7	       6	       6	       6	      10	      10	      10	       7	       6	       6	        7	        7
      42	271	347	    0.04	         12	            0	           73	       8	       7	       7	       7	      10	      10	      10	       7	       7	       8	       10	       12
      43	288	331	    0.01	          8	            0	           13	       4	       4	       3	       4	       4	       4	       6	       6	       5	       4	        3	        4
      44	263	337	    0.18	          8	            0	           83	       8	       5	       6	       7	      12	      12	       9	       6	       6	       9	       10	        8
      45	269	343	       0	          1	            0	           44	       9	       7	       6	       8	      11	       9	       8	       7	       7	       8	       12	       11
      46	275	321	    0.18	          7	            0	           20	       5	       3	       3	       4	       4	       6	       6	       4	       4	       3	        3	        4
      47	266	339	    0.12	          9	            0	           33	       8	       5	       7	       9	       8	       6	       5	       8	       8	       9	        6	        6
      48	267	336	    0.26	          5	            0	           58	       6	       5	       6	       8	       7	       6	       5	       6	       8	       9	        8	        6
      49	  0	  0	    0.26	          9	            0	           48	       7	       6	       6	       8	      10	       8	       8	       6	       7	      12	        9	        9
      50	  0	  0	    0.19	          7	            0	           63	       5	       5	       4	       6	       7	       6	       5	       5	       6	       7	        8	        5
      51	270	179	    0.22	         14	            0	           91	       9	       7	       5	       8	      11	      10	      10	       8	       6	       7	        7	       10
      52	225	 19	    0.04	          1	            0	           10	       4	       3	       4	       4	       4	       5	       7	       5	       5	       3	        3	        3
      53	309	201	    0.24	          1	            0	           33	       6	       5	       5	       5	       6	       8	       8	       6	       6	       5	        6	        7
      54	131	324	       0	         10	            0	           42	       6	       5	       5	       5	       7	       8	       8	       7	       6	       6	        4	        5
      55	307	225	    0.07	         10	            0	           47	       7	       4	       5	       6	      10	       8	       6	       5	       5	       6	        9	        9
      56	301	283	    0.17	          5	            0	           48	       7	       5	       6	       6	       8	       9	       8	       5	       7	       9	       10	       10
      57	469	488	     0.3	         11	            0	           51	       9	       5	       6	       9	      11	       7	       5	       6	       8	      11	        9	        7
      58	164	463	     0.1	          2	            0	           19	       4	       3	       4	       6	       6	       6	       3	       3	       5	       6	        5	        4
      59	124	 34	    0.18	          2	            0	           40	       8	       5	       5	       7	      11	      10	       8	       5	       5	       7	        9	        9
      60	270	351	    0.26	          6	            0	           53	       6	       4	       5	       7	      10	       6	       4	       6	       6	       8	        6	        4
      61	497	224	    0.13	          8	            0	           50	       5	       4	       4	       4	       6	       7	       8	       7	       4	       4	        3	        5
      62	 11	 67	    0.17	          8	            0	           18	       7	       6	       6	       8	       8	       6	       6	       6	       7	      10	        8	        7
      63	265	340	       0	          6	            0	          118	       9	       8	       7	      11	      13	      12	       8	       6	      11	      13	       13	        9
      64	379	455	    0.22	         12	            0	           84	       7	       6	       7	       9	       9	       7	       6	       7	       8	      11	        9	        6
      65	 28	161	    0.09	          7	            0	           25	       4	       3	       4	       5	       5	       5	       4	       4	       6	       5	        4	        3
      66	432	227	    0.19	          2	            0	           91	       7	       5	       6	      10	      12	      11	       8	       7	       9	      11	       11	       11
      67	160	139	    0.14	          3	            0	           33	       5	       4	       5	       6	       6	       6	       6	       6	       4	       4	        6	        7
      68	166	237	     0.1	          3	            0	           17	       5	       4	       4	       5	       6	       4	       4	       4	       5	       6	        5	        4
      69	 48	348	    0.01	          8	            0	           30	       5	       5	       5	       5	       5	       8	       6	       6	       5	       4	        4	        5
      70	404	 48	    0.16	         11	            0	           85	       8	       5	       9	       9	      12	       8	       6	       8	       9	       9	        6	        7
      71	 65	221	    0.07	          7	            0	           76	       7	       4	       4	       7	       8	       8	       6	       5	       5	       7	        9	        7
      72	133	175	     0.1	          1	            0	           30	       8	       5	       6	      10	       8	       7	       6	       7	      10	       8	        7	        6
      73	241	 14	    0.27	          2	            0	           53	       7	       5	       5	       5	       7	       7	       8	       9	       6	       5	        5	        4
      74	147	362	    0.18	          3	            0	           24	       6	       4	       4	       6	       6	       7	       5	       5	       4	       6	        6	        8
      75	454	176	    0.08	          1	            0	           50	       5	       4	       4	       5	       6	       6	       6	       6	       5	       4	        5	        6
      76	454	158	     0.1	         11	            0	           24	       7	       4	       5	       5	       7	       7	       7	       7	       6	       5	        5	        6
      77	221	284	    0.07	         12	            0	           57	       8	       6	       8	       8	       9	      11	      10	       9	       9	       7	        8	       10
      78	188	466	    0.05	         16	            0	           98	       9	       7	       8	      10	      10	       8	       8	       7	      13	      10	        8	        7
      79	116	356	    0.03	          3	            0	           55	       5	       3	       4	       4	       6	       6	       3	       4	       4	       6	        5	        5
      80	180	429	       0	          2	            0	          101	       7	       7	       6	      10	      12	      11	      10	       7	       7	       9	       10	       10
      81	 37	129	    0.11	          4	            0	           73	       8	       8	       6	      10	       9	      14	      10	      10	       9	       7	        7	       11
      82	389	343	       0	          2	            0	           59	       5	       4	       5	       6	       8	       5	       5	       5	       5	       7	        7	        5
      83	  4	101	    0.24	         10	            0	           21	       5	       5	       4	       6	       8	       6	       4	       5	       4	       7	        6	        7
      84	384	420	    0.29	         10	            0	           57	       6	       5	       6	       7	       7	       7	       6	       6	       6	       6	        9	        7
      85	487	136	    0.29	         13	            0	           58	       8	       6	       8	      10	      11	       9	       6	       7	      12	      10	        7	        6
      86	 52	 82	    0.29	          2	            0	           72	       8	       6	       6	       9	       8	       7	       6	       7	       9	       7	        7	        6
      87	 28	366	    0.04	          7	            0	           44	       5	       3	       4	       5	       6	       5	       4	       4	       5	       6	        4	        3
      88	472	193	    0.25	          6	            0	           16	       6	       5	       4	       5	       7	       7	       7	       6	       4	       5	        5	        7
      89	458	179	    0.27	          6	            0	           15	       5	       4	       5	       7	       7	       7	       5	       3	       5	       8	        8	        5
      90	483	487	    0.01	          1	            0	           44	       6	       5	       5	       7	       9	       8	       7	       6	       4	       6	        8	        8
      91	323	397	    0.28	          1	            0	           67	       6	       4	       5	       6	       7	       7	       8	       5	       5	       6	        8	       10
      92	 96	 94	    0.22	          5	            0	           47	       9	       7	       7	       8	      12	      14	      11	      10	       9	       6	        7	       10
      93	401	153	    0.16	          3	            0	           73	       6	       5	       7	      10	       8	       6	       6	       7	      11	       7	        7	        5
      94	 20	  3	    0.03	         12	            0	           86	       7	       5	       8	       8	      12	      12	       8	       7	       7	       9	        9	       10
      95	472	 20	    0.28	         16	            0	           97	       8	       8	       6	       7	      12	      11	      10	      11	       9	       7	        7	       11
      96	432	453	    0.21	          2	            0	           42	       5	       3	       5	       6	       5	       4	       3	       4	       5	       5	        3	        4
      97	324	 33	    0.17	          7	            0	           19	       4	       3	       4	       6	       6	       3	       3	       5	       5	       4	        3	        4
      98	 57	165	    0.17	         16	            0	           83	       9	       7	       7	       7	      10	      12	      13	       8	       9	       8	        6	        8
      99	232	280	    0.01	          3	            0	           51	       4	       3	       4	       5	       6	       5	       4	       3	       5	       5	        6	        4
     100	167	466	    0.01	          3	            0	           81	       7	       5	       7	       9	       9	      12	      10	       7	       5	       7	        9	        9
COST_MATRIX 
	  0	  1	  2	  3	  4	  5	  6	  7	  8	  9	 10	 11	 12	 13	 14	 15	 16	 17	 18	 19	 20	 21	 22	 23	 24	 25	 26	 27	 28	 29	 30	 31	 32	 33	 34	 35	 36	 37	 38	 39	 40	 41	 42	 43	 44	 45	 46	 47	 48	 49	 50	 51	 52	 53	 54	 55	 56	 57	 58	 59	 60	 61	 62	 63	 64	 65	 66	 67	 68	 69	 70	 71	 72	 73	 74	 75	 76	 77	 78	 79	 80	 81	 82	 83	 84	 85	 86	 87	 88	 89	 90	 91	 92	 93	 94	 95	 96	 97	 98	 99	100
  0
  1	111
  2	119	  8
  3	130	 23	 17
  4	 95	 19	 27	 42
  5	117	  7	  3	 19	 25
  6	119	  9	  2	 17	 27	  3
  7	118	  8	  3	 19	 25	  2	  2
  8	122	 14	  7	 10	 32	  9	  8	  9
  9	119	 10	  5	 21	 26	  5	  5	  3	 12
 10	122	 12	  5	 16	 30	  6	  4	  5	  8	  5
 11	121	 11	  5	 19	 28	  5	  4	  4	 10	  3	  3
 12	117	  7	  3	 17	 26	  3	  4	  4	  7	  7	  7	  7
 13	116	  9	  8	 16	 27	  9	  9	 10	  8	 13	 12	 13	  6
 14	119	  9	  2	 16	 27	  4	  3	  4	  6	  7	  5	  6	  2	  7
 15	118	 10	  7	 14	 29	  8	  8	  9	  5	 12	 10	 11	  6	  3	  5
 16	120	 10	  3	 17	 28	  4	  2	  3	  8	  4	  3	  3	  5	 10	  4	  9
 17	147	 40	 34	 36	 53	 35	 33	 33	 35	 31	 30	 30	 36	 41	 35	 39	 32
 18	140	 31	 23	 15	 49	 25	 22	 24	 19	 24	 19	 22	 24	 26	 23	 23	 21	 24
 19	136	 36	 32	 41	 44	 32	 31	 31	 36	 28	 29	 28	 34	 40	 33	 38	 30	 15	 33
 20	147	 37	 29	 20	 55	 31	 28	 30	 25	 30	 26	 28	 31	 32	 29	 30	 28	 23	  7	 34
 21	140	 36	 30	 37	 47	 31	 29	 29	 33	 27	 27	 26	 33	 38	 32	 36	 28	  9	 27	  7	 28
 22	146	 46	 41	 48	 54	 42	 40	 40	 44	 37	 38	 37	 44	 49	 43	 47	 39	 16	 38	 11	 38	 12
 23	137	 27	 20	 19	 44	 21	 19	 20	 19	 19	 16	 17	 22	 25	 20	 23	 18	 17	 10	 24	 13	 19	 30
 24	145	 45	 41	 48	 53	 41	 40	 40	 44	 37	 38	 37	 43	 49	 42	 47	 39	 16	 38	 10	 38	 12	  2	 30
 25	146	 42	 36	 41	 53	 37	 35	 35	 38	 33	 32	 32	 38	 43	 37	 41	 34	  7	 29	 11	 29	  7	 10	 22	 10
 26	141	 33	 26	 28	 47	 27	 25	 25	 26	 24	 22	 22	 28	 33	 27	 30	 24	  9	 17	 17	 18	 11	 21	  9	 21	 13
 27	147	 40	 33	 34	 53	 34	 32	 32	 33	 30	 29	 29	 35	 40	 34	 37	 31	  3	 22	 17	 21	 10	 18	 16	 18	  9	  7
 28	135	 29	 23	 29	 41	 23	 22	 22	 25	 19	 19	 19	 25	 30	 24	 28	 20	 13	 21	 13	 23	  9	 20	 12	 20	 14	  7	 12
 29	154	 45	 37	 34	 60	 39	 36	 37	 36	 36	 33	 34	 39	 43	 38	 40	 35	 12	 20	 27	 16	 20	 26	 18	 27	 18	 14	 11	 20
 30	150	 43	 36	 37	 56	 37	 35	 36	 37	 34	 32	 33	 38	 43	 37	 40	 34	  4	 24	 19	 22	 13	 18	 19	 18	  9	 11	  4	 16	  9
 31	149	 42	 35	 37	 55	 37	 34	 35	 36	 33	 31	 32	 38	 42	 36	 40	 33	  3	 24	 17	 23	 11	 17	 18	 17	  8	 10	  3	 15	 10	  2
 32	144	 38	 32	 36	 50	 33	 31	 31	 33	 29	 28	 28	 34	 39	 33	 37	 30	  4	 25	 12	 25	  5	 14	 17	 14	  5	  8	  5	 10	 15	  8	  6
 33	104	 35	 38	 36	 42	 38	 39	 39	 35	 42	 41	 42	 36	 30	 36	 32	 40	 70	 50	 69	 56	 67	 78	 53	 78	 73	 61	 68	 59	 69	 71	 71	 68
 34	129	108	110	104	113	111	111	112	107	115	113	115	108	103	109	104	112	139	117	142	121	139	150	122	150	143	131	138	131	136	140	140	139	 74
 35	125	 81	 83	 75	 89	 83	 84	 85	 79	 88	 86	 87	 81	 75	 81	 77	 85	111	 88	114	 92	111	122	 94	122	115	103	109	103	107	112	112	110	 48	 29
 36	 99	 75	 79	 77	 77	 79	 80	 80	 77	 83	 82	 83	 77	 71	 78	 73	 81	111	 91	110	 96	109	120	 94	119	114	103	109	101	110	112	112	110	 42	 38	 27
 37	104	 46	 49	 46	 52	 49	 50	 50	 46	 53	 52	 53	 46	 41	 47	 43	 51	 80	 60	 80	 65	 78	 89	 63	 89	 83	 72	 78	 70	 79	 81	 81	 79	 12	 63	 38	 31
 38	126	 83	 84	 76	 90	 85	 85	 86	 80	 89	 87	 88	 82	 76	 83	 78	 86	112	 89	115	 93	112	124	 95	123	116	104	110	104	108	113	113	112	 50	 29	  2	 28	 39
 39	114	 66	 68	 62	 73	 68	 69	 69	 64	 72	 71	 72	 66	 60	 66	 61	 70	 97	 75	 99	 80	 96	108	 80	108	101	 89	 95	 88	 94	 98	 98	 96	 32	 43	 17	 21	 21	 18
 40	116	 68	 70	 64	 75	 70	 71	 72	 66	 75	 73	 74	 68	 62	 69	 64	 72	 99	 77	101	 81	 99	110	 82	110	103	 91	 97	 90	 96	100	100	 98	 35	 41	 14	 22	 24	 16	  3
 41	115	 71	 73	 66	 77	 73	 74	 74	 69	 77	 76	 77	 71	 65	 71	 66	 75	102	 80	104	 84	101	113	 85	112	106	 94	100	 93	 99	103	103	101	 37	 38	 13	 20	 26	 14	  6	  3
 42	116	 75	 77	 71	 81	 78	 78	 79	 73	 82	 80	 81	 75	 69	 76	 71	 79	107	 85	109	 89	106	117	 90	117	110	 98	105	 98	104	108	107	106	 41	 34	 10	 18	 30	 11	 10	  8	  5
 43	127	 79	 80	 71	 87	 81	 81	 82	 75	 85	 82	 84	 78	 72	 78	 73	 82	107	 84	111	 88	107	119	 90	119	111	 99	105	 99	103	108	108	107	 46	 34	  6	 30	 36	  6	 16	 14	 13	 12
 44	115	 69	 71	 65	 76	 71	 72	 73	 67	 76	 74	 75	 69	 63	 70	 65	 73	100	 78	102	 83	100	111	 83	111	104	 92	 99	 91	 97	101	101	 99	 35	 40	 14	 21	 25	 15	  4	  2	  2	  7	 13
 45	116	 73	 75	 69	 80	 76	 76	 77	 71	 80	 78	 79	 73	 67	 74	 69	 77	105	 82	106	 87	104	115	 88	115	108	 96	103	 96	102	105	105	104	 39	 36	 11	 19	 29	 12	  8	  6	  3	  3	 12	  5
 46	125	 71	 72	 63	 80	 73	 73	 74	 67	 77	 74	 76	 70	 64	 70	 65	 74	 99	 76	102	 80	 99	111	 82	111	103	 91	 97	 91	 95	100	100	 99	 39	 42	 13	 30	 30	 14	 12	 10	 11	 14	  9	 11	 12
 47	116	 71	 73	 66	 78	 73	 74	 74	 69	 77	 76	 77	 71	 65	 71	 67	 75	102	 80	104	 84	101	113	 85	113	106	 94	100	 93	 99	103	103	101	 37	 38	 12	 20	 26	 14	  6	  3	  1	  5	 12	  2	  3	 11
 48	117	 71	 72	 66	 78	 73	 73	 74	 68	 77	 75	 77	 70	 65	 71	 66	 74	101	 79	104	 83	101	112	 84	112	105	 93	100	 93	 98	102	102	101	 37	 39	 12	 22	 26	 13	  6	  3	  3	  6	 11	  3	  4	  9	  2
 49	245	153	148	150	160	148	147	147	149	144	144	144	150	155	149	153	146	115	137	118	132	118	108	132	108	112	124	117	126	117	114	114	117	184	253	224	226	195	225	211	213	216	221	220	214	218	212	216	215
 50	245	153	148	150	160	148	147	147	149	144	144	144	150	155	149	153	146	115	137	118	132	118	108	132	108	112	124	117	126	117	114	114	117	184	253	224	226	195	225	211	213	216	221	220	214	218	212	216	215	  1
 51	178	 78	 72	 55	 96	 74	 72	 73	 65	 75	 70	 73	 72	 70	 71	 68	 72	 72	 54	 85	 51	 79	 87	 63	 88	 78	 69	 70	 74	 62	 70	 71	 75	 75	108	 82	 99	 77	 82	 78	 79	 81	 85	 77	 80	 83	 72	 81	 79	162	162
 52	242	132	124	113	149	126	123	125	120	124	120	122	126	127	124	125	122	 99	102	114	 95	108	108	106	109	103	104	 99	110	 90	 96	 97	103	146	191	165	179	152	165	159	160	162	166	160	161	164	154	162	160	113	113	 84
 53	180	 90	 85	 68	107	 87	 85	 87	 78	 89	 84	 87	 84	 81	 84	 80	 85	 92	 71	103	 70	 97	107	 80	107	 98	 87	 90	 91	 82	 90	 91	 94	 78	 94	 71	 93	 77	 71	 72	 72	 73	 76	 66	 72	 74	 63	 73	 71	185	185	 23	101
 54	 82	 29	 37	 49	 16	 35	 37	 36	 41	 37	 40	 39	 35	 34	 37	 36	 38	 67	 59	 59	 65	 61	 69	 55	 68	 67	 60	 67	 55	 73	 70	 69	 64	 35	102	 80	 65	 44	 81	 64	 66	 68	 71	 79	 67	 70	 73	 68	 69	175	175	101	160	109
 55	170	 85	 81	 65	101	 83	 81	 83	 74	 85	 81	 83	 80	 76	 79	 75	 81	 92	 70	102	 70	 97	107	 79	107	 98	 87	 90	 90	 83	 91	 92	 94	 69	 82	 59	 81	 67	 59	 60	 60	 62	 64	 54	 61	 62	 51	 61	 59	191	191	 30	111	 13	101
 56	147	 79	 78	 65	 92	 79	 79	 80	 72	 83	 79	 81	 77	 71	 76	 72	 79	 99	 75	106	 77	101	112	 83	112	104	 92	 97	 93	 92	 99	 99	 99	 53	 54	 30	 53	 47	 30	 34	 33	 34	 36	 25	 34	 35	 24	 34	 32	207	207	 55	138	 42	 88	 30
 57	193	196	199	191	201	199	200	200	195	203	202	203	197	191	197	192	201	227	204	230	207	227	239	210	238	231	219	225	219	223	227	228	227	162	 89	117	124	151	116	132	129	127	122	120	128	124	128	126	127	339	339	184	265	165	188	155	133
 58	 42	 98	105	112	 87	104	106	105	107	107	109	109	103	100	105	103	107	138	125	131	132	132	141	124	140	138	130	137	126	142	140	140	135	 79	 89	 88	 62	 76	 89	 80	 81	 80	 79	 91	 81	 80	 91	 81	 82	246	246	152	225	150	 72	139	114	154
 59	225	118	111	107	132	113	110	111	110	109	107	108	113	117	112	115	109	 79	 93	 89	 87	 86	 80	 92	 81	 80	 86	 80	 91	 75	 76	 77	 82	143	203	175	182	152	175	165	166	169	173	170	167	171	163	169	168	 65	 65	103	 52	125	146	133	153	286	216
 60	114	 76	 78	 72	 81	 78	 79	 80	 74	 83	 81	 82	 76	 70	 77	 72	 80	108	 86	109	 90	107	118	 91	118	112	100	106	 99	105	109	109	107	 42	 33	 11	 16	 31	 13	 11	  9	  7	  3	 14	  8	  5	 16	  7	  8	222	222	 87	168	 78	 71	 66	 38	121	 78	175
 61	244	178	175	160	193	177	176	177	169	180	175	178	174	170	174	169	176	186	165	197	164	191	201	174	202	192	181	184	185	176	185	185	188	155	119	120	146	149	119	133	130	130	129	118	130	129	122	130	128	273	273	116	171	 95	190	 96	103	133	205	210	131
 62	211	121	117	121	127	117	116	116	119	113	113	113	119	124	118	122	115	 85	108	 86	105	 87	 76	102	 76	 82	 94	 87	 95	 90	 85	 85	 86	154	224	196	195	164	197	182	184	187	192	192	185	189	184	187	186	 34	 34	142	110	164	142	168	181	312	213	 59	193	256
 63	115	 71	 73	 66	 77	 73	 74	 74	 69	 77	 76	 77	 71	 65	 71	 66	 75	102	 80	104	 84	101	113	 85	112	106	 94	100	 93	 99	103	103	101	 37	 38	 13	 20	 26	 14	  6	  3	  1	  5	 13	  2	  3	 11	  1	  3	216	216	 81	162	 73	 68	 62	 34	127	 80	169	  7	130	187
 64	149	150	153	147	153	153	154	155	150	158	156	157	151	145	152	147	155	183	161	185	165	182	194	166	193	187	175	181	174	180	184	184	182	116	 44	 73	 77	105	 72	 86	 84	 81	 77	 77	 83	 79	 85	 81	 82	297	297	149	232	132	141	121	 95	 48	108	247	 76	130	268	 81
 65	163	 80	 77	 86	 82	 77	 76	 75	 81	 72	 74	 73	 79	 85	 78	 83	 75	 52	 75	 46	 75	 49	 38	 67	 38	 47	 59	 54	 57	 61	 53	 53	 51	114	187	159	154	125	160	144	146	149	154	156	147	152	148	149	149	 82	 82	122	122	142	 97	144	150	275	166	 80	154	237	 48	149	229
 66	216	146	143	127	161	144	143	145	136	147	143	145	142	137	141	137	143	154	133	165	132	159	169	142	169	160	149	152	153	144	152	153	156	124	 97	 92	118	118	 91	103	101	101	101	 89	101	101	 92	101	 99	245	245	 85	147	 63	159	 63	 72	132	179	182	103	 33	226	101	118	205
 67	176	 66	 58	 52	 82	 60	 57	 58	 56	 57	 54	 56	 60	 63	 59	 61	 56	 31	 38	 46	 32	 40	 41	 39	 42	 35	 36	 31	 42	 22	 28	 29	 35	 88	149	120	127	 96	121	109	111	114	118	116	112	116	108	114	113	106	106	 59	 69	 81	 94	 86	101	234	163	 56	120	174	 83	114	193	 67	143
 68	129	 20	 13	  7	 39	 15	 12	 14	  7	 15	 11	 13	 13	 14	 12	 12	 12	 31	 12	 34	 19	 30	 42	 14	 42	 35	 22	 29	 22	 30	 32	 32	 30	 40	109	 81	 81	 50	 82	 67	 69	 72	 77	 78	 70	 74	 69	 72	 71	145	145	 60	113	 74	 47	 71	 72	197	114	104	 78	166	116	 72	153	 79	134	 50
 69	 69	 63	 69	 85	 44	 67	 70	 68	 76	 67	 72	 69	 69	 71	 70	 72	 70	 88	 90	 75	 96	 80	 83	 84	 82	 85	 84	 89	 78	 98	 92	 91	 85	 78	140	121	102	 86	123	105	108	109	112	121	108	111	115	110	110	176	176	140	187	150	 44	144	131	222	 82	162	112	233	142	109	174	 95	202	119	 82
 70	270	171	164	148	190	167	164	166	158	167	162	165	165	163	164	161	164	156	145	171	140	164	170	153	171	162	156	155	162	145	153	155	160	166	175	158	181	166	157	161	161	162	164	153	161	163	151	162	160	204	204	 94	 91	 91	195	101	129	223	240	141	166	100	197	162	204	197	 91	131	152	233
 71	131	 47	 46	 58	 46	 45	 45	 44	 51	 41	 44	 42	 47	 53	 47	 52	 44	 35	 52	 21	 54	 27	 22	 43	 21	 29	 37	 37	 32	 47	 38	 37	 32	 81	154	128	120	 92	129	112	114	117	121	125	115	119	117	117	117	116	116	105	129	123	 62	122	123	243	131	 99	122	217	 82	117	196	 36	184	 63	 52	 65	191
 72	155	 48	 41	 40	 61	 42	 40	 40	 41	 39	 37	 37	 43	 47	 42	 45	 39	  9	 27	 23	 24	 17	 20	 23	 21	 13	 16	  9	 21	  9	  6	  7	 13	 75	143	114	116	 85	115	101	103	106	111	110	104	109	102	106	105	110	110	 69	 91	 89	 75	 91	100	230	145	 71	112	184	 82	106	187	 53	152	 23	 36	 97	150	 42
 73	247	137	129	118	154	131	128	130	125	129	125	127	131	132	129	129	128	106	107	120	100	114	115	111	116	110	109	105	116	 96	102	104	109	149	192	166	181	155	166	161	161	164	168	161	162	166	155	163	162	121	121	 84	  9	100	165	111	138	263	228	 60	170	166	119	164	232	130	144	 75	118	193	 84	136	 97
 74	 68	 47	 55	 64	 37	 53	 56	 55	 57	 56	 59	 58	 53	 50	 54	 52	 57	 87	 75	 79	 82	 81	 90	 74	 89	 87	 79	 86	 75	 91	 89	 88	 84	 38	 90	 72	 52	 41	 74	 57	 60	 61	 63	 73	 60	 62	 68	 61	 62	196	196	111	176	115	 21	106	 87	173	 52	165	 62	189	163	 61	125	117	158	112	 64	 50	203	 82	 94	181
 75	240	162	158	142	179	160	158	160	151	162	157	160	157	153	157	153	158	164	145	176	143	170	179	154	180	170	160	162	165	154	162	163	166	144	124	117	143	140	116	127	125	126	126	114	125	125	116	125	124	244	244	 93	139	 74	178	 78	 94	157	205	180	127	 33	229	126	145	214	 28	149	148	221	 69	196	161	134	180
 76	246	165	160	144	182	162	161	162	154	164	160	162	160	156	159	155	161	165	146	177	144	171	180	155	180	171	161	163	166	154	163	164	167	149	132	124	150	145	123	133	131	132	132	120	131	131	122	131	130	241	241	 93	134	 76	182	 81	 99	166	211	177	134	 40	227	132	154	214	 37	148	150	225	 61	198	161	129	185	 10
 77	120	 40	 40	 31	 52	 40	 40	 41	 35	 44	 42	 43	 38	 32	 38	 33	 41	 67	 44	 70	 49	 67	 78	 50	 78	 71	 59	 65	 58	 64	 67	 67	 66	 17	 73	 45	 48	 20	 46	 31	 33	 36	 41	 41	 34	 39	 33	 36	 35	180	180	 58	133	 61	 50	 53	 41	161	 94	135	 42	142	151	 36	117	115	110	 79	 37	 93	150	 85	 71	136	 54	129	133
 78	 53	101	108	114	 92	107	109	109	109	111	112	112	106	102	108	105	110	141	127	135	133	136	145	127	145	142	134	140	130	144	144	143	139	 79	 79	 81	 55	 74	 82	 75	 76	 74	 73	 85	 75	 74	 85	 75	 77	252	252	150	225	146	 77	135	108	141	 13	219	 71	197	219	 74	 96	173	171	165	116	 92	236	138	149	228	 56	197	204	 93
 79	 65	 46	 54	 67	 31	 52	 55	 54	 58	 54	 58	 56	 53	 52	 54	 54	 56	 83	 76	 74	 83	 77	 84	 73	 83	 83	 77	 83	 71	 89	 86	 85	 80	 48	106	 87	 68	 54	 89	 72	 74	 75	 78	 87	 75	 77	 82	 76	 77	188	188	118	178	124	 18	116	100	189	 59	162	 78	202	154	 75	141	107	171	111	 65	 35	211	 73	 91	183	 16	192	196	 64	 66
 80	 55	 83	 89	 95	 74	 88	 90	 90	 90	 92	 93	 93	 87	 84	 89	 86	 92	122	108	116	115	117	127	108	126	123	115	122	111	126	125	124	120	 61	 76	 71	 44	 57	 72	 62	 63	 62	 62	 73	 62	 62	 72	 63	 64	233	233	133	207	131	 58	121	 95	148	 19	200	 60	189	200	 62	101	155	162	146	 97	 78	221	119	130	210	 38	187	193	 76	 19	 49
 81	178	 89	 84	 91	 93	 85	 83	 83	 87	 80	 81	 80	 87	 92	 86	 90	 82	 55	 79	 53	 77	 55	 44	 72	 44	 51	 63	 57	 63	 62	 55	 55	 55	122	193	165	163	132	166	151	153	156	160	162	154	158	153	156	155	 68	 68	120	109	141	109	144	153	281	179	 65	161	235	 34	156	237	 17	204	 62	 85	110	188	 49	 54	118	129	210	210	121	185	121	167
 82	168	128	128	117	138	129	129	130	123	133	130	132	127	121	127	122	130	152	128	158	131	154	165	136	165	157	145	150	146	146	152	152	152	 97	 40	 51	 72	 87	 49	 67	 64	 63	 60	 51	 64	 61	 59	 62	 62	260	260	102	182	 82	130	 72	 54	 83	128	204	 60	 81	235	 63	 57	203	 62	154	124	171	148	174	154	181	122	 90	 99	 90	118	137	114	206
 83	195	110	106	112	113	106	105	105	109	102	103	102	108	114	107	112	104	 77	100	 74	 98	 77	 65	 93	 66	 72	 85	 79	 85	 83	 77	 76	 77	143	215	187	184	154	188	172	175	177	182	183	176	180	175	177	177	 51	 51	139	118	161	129	164	175	303	198	 69	183	255	 18	177	258	 33	224	 81	106	126	202	 68	 75	127	149	229	227	142	205	140	187	 22	228
 84	154	142	144	137	147	145	145	146	140	149	147	149	142	137	143	138	146	173	150	176	153	173	184	156	184	177	165	171	164	168	173	173	172	108	 35	 62	 72	 97	 61	 77	 75	 72	 68	 66	 74	 70	 74	 72	 73	285	285	134	216	116	136	105	 81	 55	113	233	 67	114	257	 72	 18	221	100	180	143	172	187	188	176	216	122	127	136	107	101	138	103	227	 39	249
 85	266	184	180	163	202	181	180	181	173	183	179	181	179	176	178	175	180	183	165	196	162	189	197	174	198	189	179	181	184	171	180	181	185	168	150	143	169	164	142	152	151	151	151	140	151	151	141	151	149	253	253	111	144	 95	202	101	119	177	230	189	153	 45	241	151	169	230	 54	164	169	244	 61	216	179	138	205	 26	 20	153	223	216	213	226	115	243	152
 86	201	105	 99	102	112	100	 98	 98	101	 96	 96	 95	101	107	100	104	 97	 67	 88	 70	 85	 69	 59	 84	 60	 64	 75	 68	 77	 69	 65	 66	 68	136	205	176	177	146	177	163	165	168	172	172	166	170	164	168	167	 49	 49	120	 93	142	128	147	161	292	199	 44	174	234	 22	168	249	 42	204	 62	 97	134	177	 70	 62	101	148	207	205	132	204	141	185	 25	214	 26	237	220
 87	 64	 76	 83	 99	 58	 81	 83	 81	 89	 81	 85	 83	 82	 84	 84	 86	 84	101	104	 87	110	 93	 95	 97	 93	 98	 97	102	 91	111	105	103	 97	 91	149	132	111	 98	133	116	119	120	122	132	119	122	126	120	121	184	184	153	200	163	 56	157	143	229	 84	173	122	246	150	120	182	103	214	132	 95	 14	247	 75	109	206	 60	234	238	105	 95	 45	 83	119	181	134	181	257	143
 88	242	169	165	149	185	167	165	167	158	169	165	167	164	160	163	159	165	173	153	185	151	179	188	162	189	179	169	171	173	163	171	172	175	149	123	118	144	143	117	129	127	127	127	116	127	127	118	127	125	255	255	102	152	 82	183	 85	 97	148	205	192	129	 20	239	127	140	223	 27	159	155	226	 81	204	170	147	184	 13	 20	134	197	196	188	220	 86	239	122	 30	218	239
 89	241	164	159	143	180	161	160	161	153	164	159	162	159	155	158	154	160	166	147	178	144	172	181	156	182	172	162	164	166	156	164	165	168	145	124	118	144	141	116	127	126	126	126	115	126	126	116	125	124	246	246	 95	142	 76	179	 79	 95	155	205	183	128	 30	231	126	144	216	 28	151	149	222	 71	198	163	137	181	  3	 11	130	198	193	187	212	 89	231	127	 26	209	235	 10
 90	200	202	204	196	206	205	205	206	200	209	207	208	202	196	203	198	206	232	209	235	212	232	244	215	244	236	224	230	224	227	232	233	232	168	 94	122	130	157	121	137	135	132	128	125	134	129	134	132	132	343	343	188	268	168	194	158	137	  8	160	290	127	132	316	132	 55	280	133	238	202	229	224	248	235	266	180	157	166	166	148	195	155	286	 86	308	 60	176	296	236	148	155
 91	127	111	113	107	115	113	114	115	110	118	116	117	111	105	112	107	115	143	120	144	125	142	153	126	153	147	135	141	134	139	144	143	142	 77	  6	 33	 39	 65	 33	 46	 44	 41	 37	 38	 43	 39	 45	 41	 42	256	256	113	196	 99	103	 87	 59	 87	 87	207	 36	123	228	 41	 41	189	101	153	113	140	180	157	147	196	 90	129	137	 77	 76	106	 74	196	 43	218	 33	155	208	149	127	129	 92
 92	194	 91	 85	 84	102	 86	 84	 84	 85	 82	 81	 81	 87	 92	 86	 89	 83	 51	 70	 59	 66	 56	 49	 67	 50	 50	 59	 53	 63	 51	 49	 50	 54	120	186	157	160	130	158	145	147	150	154	153	148	152	145	150	149	 68	 68	 97	 75	120	117	125	140	272	188	 34	156	211	 45	150	230	 48	181	 40	 80	130	156	 66	 45	 83	137	184	182	114	192	132	173	 35	193	 47	218	197	 23	141	195	186	276	190
 93	229	141	136	120	159	138	136	138	129	140	135	138	136	133	135	132	136	139	121	152	118	145	154	130	154	145	136	137	140	128	136	138	141	128	124	110	135	125	109	116	115	116	117	106	116	116	106	115	114	215	215	 67	111	 52	160	 60	 83	171	196	151	119	 60	200	116	152	187	 41	121	125	202	 53	172	135	106	165	 29	 27	112	190	175	177	183	 96	201	134	 44	179	215	 41	 32	172	129	156
 94	242	147	142	143	155	142	140	141	143	138	138	138	144	149	143	147	139	109	129	112	125	112	102	125	103	106	117	110	119	110	107	107	110	178	245	216	219	188	217	204	206	209	213	212	207	211	204	209	208	 11	 11	153	103	176	170	182	199	331	242	 55	215	263	 33	209	289	 80	235	 98	138	174	194	112	103	111	191	234	231	173	247	183	228	 64	251	 50	277	243	 43	182	246	237	335	249	 60	205
 95	302	206	200	184	225	202	200	202	194	203	198	201	200	198	199	197	200	193	181	208	176	201	207	189	207	199	192	191	198	181	190	191	196	199	198	185	210	198	185	191	190	191	192	181	190	191	180	190	189	237	237	129	124	122	229	132	157	235	270	175	194	103	232	191	223	233	106	167	188	269	 37	227	187	116	236	 79	 70	183	265	245	252	225	167	238	205	 59	213	282	 87	 80	234	203	192	 76	227
 96	175	171	173	166	176	174	174	175	169	178	176	178	172	166	172	167	175	202	179	205	182	202	213	185	213	206	194	200	194	197	202	202	201	137	 64	 91	100	126	 90	106	104	101	 97	 95	103	 99	103	101	102	313	313	160	241	141	164	131	108	 26	135	261	 96	120	286	101	 27	250	114	208	172	200	203	218	205	240	150	139	148	136	123	166	127	256	 60	278	 30	161	266	207	132	138	 31	 62	246	151	306	218
 97	255	149	141	127	168	144	141	143	136	143	139	141	142	142	141	140	141	127	120	142	114	135	139	127	140	132	128	126	134	115	123	125	130	152	178	155	176	155	155	155	155	157	160	151	156	158	147	156	155	163	163	 78	 50	 85	175	 97	126	239	230	101	162	129	158	157	213	162	112	 98	130	210	 41	161	120	 43	187	 97	 91	136	227	193	211	152	159	164	196	 97	139	223	109	100	241	183	119	 72	153	 75	217
 98	159	 68	 65	 72	 73	 65	 63	 63	 68	 60	 61	 60	 67	 72	 66	 71	 62	 38	 61	 33	 60	 36	 24	 54	 25	 32	 45	 40	 44	 47	 39	 38	 37	102	174	146	143	113	147	131	134	136	141	143	135	139	135	136	136	 88	 88	107	112	128	 88	129	136	262	159	 74	142	222	 55	136	217	 15	191	 54	 66	 92	184	 29	 39	120	109	199	199	102	165	100	146	 21	189	 42	208	216	 42	102	208	201	268	177	 41	173	 84	220	237	149
 99	125	 45	 44	 34	 58	 45	 45	 46	 39	 49	 46	 48	 42	 37	 42	 38	 46	 69	 46	 73	 50	 70	 81	 53	 81	 74	 61	 67	 62	 65	 70	 70	 69	 22	 71	 42	 49	 23	 43	 30	 32	 35	 39	 38	 33	 37	 30	 35	 34	182	182	 54	131	 56	 56	 47	 35	158	 98	135	 41	136	154	 35	115	119	104	 80	 40	 99	145	 89	 73	134	 60	123	127	  6	 96	 70	 79	124	 85	145	104	147	134	111	128	124	163	 75	116	106	175	177	133	132	105
100	 43	100	107	114	 89	106	108	107	109	109	111	110	105	102	106	104	109	139	127	132	133	134	142	126	142	140	132	139	128	143	142	141	137	 81	 88	 88	 62	 77	 89	 80	 81	 80	 80	 91	 81	 80	 91	 81	 83	248	248	153	226	151	 74	140	114	152	  3	218	 78	205	215	 80	107	168	179	164	115	 84	241	133	147	230	 53	205	211	 95	 11	 61	 20	181	127	200	111	230	201	 86	205	205	159	 86	190	196	243	271	133	231	161	 99
