nVehicles:  21
nDepots:     1
nCustomers: 50
nPeriods:    6
VEHICLE_TYPE	FLEET_SIZE	CAPACITY
           2	        21	      18	
DEPOT   	X  	Y  	INV_COST	INITIAL_INV 	MIN_LEVEL_INV 	MAX_LEVEL_INV	PRODUCTION_0	PRODUCTION_1	PRODUCTION_2	PRODUCTION_3	PRODUCTION_4	PRODUCTION_5
       0	299	411	       0	        450	            0	         2184	         367	         367	         367	         367	         367	         367	
CUSTOMER	X  	Y  	INV_COST	INITIAL_INV	MIN_LEVEL_INV 	MAX_LEVEL_INV	DEMAND_0	DEMAND_1	DEMAND_2	DEMAND_3	DEMAND_4	DEMAND_5
       1	121	421	    0.01	         16	            0	           48	       9	      11	       9	      12	       8	       6
       2	 67	453	    0.03	         11	            0	           30	       7	      10	      10	       7	       6	       5
       3	 52	404	    0.12	          2	            0	           35	       8	      10	       9	       9	       7	       6
       4	 71	395	    0.29	         13	            0	           42	      10	       9	      10	      10	       8	       9
       5	 30	381	    0.15	         16	            0	           24	       8	      11	      10	       6	       5	       9
       6	 85	394	    0.12	          7	            0	           55	      10	      13	      11	      10	       9	       8
       7	 99	417	    0.29	          8	            0	           34	       7	       7	       7	       8	       5	       4
       8	 77	413	     0.2	         11	            0	           23	       8	      10	       8	       8	       5	       6
       9	 72	404	    0.04	          2	            0	            8	       4	       6	       6	       4	       4	       5
      10	 67	393	    0.08	          3	            0	           28	       6	       9	       9	       7	       6	       5
      11	 80	402	    0.18	         13	            0	           13	       7	      12	      12	      10	      10	       7
      12	 61	382	    0.22	         16	            0	           37	      10	      12	      11	       8	       7	      11
      13	478	359	    0.14	          9	            0	           20	       5	       6	       7	       6	       6	       4
      14	483	380	    0.07	         12	            0	           45	       7	       9	      10	       6	       6	       9
      15	468	371	    0.05	          9	            0	           44	      10	      11	      12	      10	       7	       7
      16	480	377	    0.25	          9	            0	           38	       5	       8	       9	       8	       8	       6
      17	493	326	    0.07	          2	            0	           21	       7	       7	       9	       6	       5	       4
      18	453	336	    0.16	          1	            0	           43	      10	      14	      11	      11	       7	       7
      19	471	419	    0.17	         10	            0	           35	       9	      12	       9	       9	       7	       6
      20	321	349	    0.23	          7	            0	           23	       6	      10	       7	       6	       5	       9
      21	486	365	    0.01	          5	            0	           37	       7	      11	      12	      10	       9	       7
      22	476	360	    0.02	          9	            0	           28	       9	      12	      12	       9	       6	       7
      23	471	361	    0.26	          1	            0	           45	       7	      11	       9	       8	       8	       5
      24	480	364	    0.05	         11	            0	           19	       5	       6	       6	       5	       4	       6
      25	  0	  0	    0.18	          9	            0	           17	       4	       5	       6	       6	       4	       4
      26	253	 24	    0.04	         11	            0	           34	       9	      10	      10	       9	       9	       6
      27	154	 10	    0.26	          5	            0	           25	       4	       5	       7	       6	       4	       4
      28	245	149	    0.14	          4	            0	           48	       8	       9	      10	      11	       8	       8
      29	186	313	    0.27	          9	            0	           23	       7	       9	      11	       9	       6	       6
      30	474	 22	    0.23	         19	            0	           43	      10	      11	      11	      13	       9	       9
      31	168	 18	    0.29	          6	            0	           22	       8	       8	      10	       9	       6	       6
      32	287	405	    0.28	          6	            0	           11	       5	       8	       5	       5	       3	       6
      33	458	391	    0.15	         10	            0	           37	       7	       9	       8	       5	       5	       8
      34	202	125	    0.27	          1	            0	           18	       4	       5	       5	       5	       4	       3
      35	477	414	    0.29	          2	            0	           13	       8	      10	      10	       7	       6	       6
      36	314	324	    0.24	          4	            0	           28	       5	       6	       6	       6	       4	       4
      37	334	374	    0.02	         20	            0	           22	       9	      11	      12	      10	       7	       6
      38	372	159	    0.01	          2	            0	           24	       6	       6	       8	       7	       6	       4
      39	333	 70	    0.05	          8	            0	           23	       4	       4	       6	       6	       5	       4
      40	487	297	    0.19	          3	            0	            6	       4	       6	       6	       6	       3	       3
      41	 18	177	    0.13	          8	            0	           20	       4	       6	       5	       3	       4	       4
      42	273	270	     0.2	          9	            0	           12	       9	      12	      11	      12	      10	       6
      43	263	168	    0.21	          9	            0	           30	       5	       6	       8	       6	       5	       4
      44	192	485	    0.13	          8	            0	           17	       5	       9	      10	       8	       6	       5
      45	102	480	    0.28	          8	            0	           28	       6	       7	       8	       6	       5	       4
      46	213	127	    0.17	          1	            0	           13	       5	       5	       6	       3	       3	       4
      47	302	 99	    0.29	          3	            0	           19	       4	       5	       5	       4	       3	       5
      48	 27	125	    0.17	          4	            0	           52	       8	      11	       9	      12	       8	       8
      49	 43	424	    0.09	          2	            0	           24	       8	      10	      12	       8	       6	       7
      50	 23	472	    0.04	         12	            0	           22	       5	       8	       7	       6	       5	       5
COST_MATRIX 
	  0	  1	  2	  3	  4	  5	  6	  7	  8	  9	 10	 11	 12	 13	 14	 15	 16	 17	 18	 19	 20	 21	 22	 23	 24	 25	 26	 27	 28	 29	 30	 31	 32	 33	 34	 35	 36	 37	 38	 39	 40	 41	 42	 43	 44	 45	 46	 47	 48	 49	 50
  0
  1	 90
  2	118	 32
  3	124	 36	 26
  4	115	 29	 30	 11
  5	136	 50	 41	 16	 22
  6	108	 23	 31	 18	  8	 29
  7	101	 12	 25	 25	 18	 39	 14
  8	112	 23	 21	 14	 10	 29	 11	 12
  9	114	 26	 25	 11	  5	 24	  9	 15	  6
 10	117	 31	 31	 10	  3	 20	 10	 21	 12	  7
 11	110	 23	 27	 15	  6	 28	  5	 13	  6	  5	  8
 12	120	 36	 36	 12	  9	 16	 14	 26	 18	 13	  7	 14
 13	 94	182	211	215	205	225	198	192	203	205	207	201	209
 14	 94	183	212	216	207	227	200	193	204	206	209	202	212	 11
 15	 87	176	205	209	199	220	192	186	197	199	201	195	204	  8	  9
 16	 93	181	210	215	205	226	198	192	203	205	207	201	210	 10	  3	  7
 17	106	192	223	224	214	234	207	203	213	215	216	210	218	 19	 28	 26	 27
 18	 86	172	202	204	194	213	187	182	192	194	196	190	198	 17	 27	 20	 25	 21
 19	 87	176	203	210	201	222	194	187	198	200	203	196	206	 31	 21	 25	 22	 48	 43
 20	 33	107	138	138	128	147	121	117	127	128	129	124	132	 79	 83	 75	 81	 87	 67	 83
 21	 97	185	215	218	209	229	202	196	206	208	210	204	213	  6	  8	 10	  7	 20	 22	 29	 83
 22	 93	181	210	214	204	224	197	191	202	204	206	200	208	  2	 11	  7	  9	 20	 17	 30	 78	  6
 23	 90	178	208	211	201	221	194	189	199	201	203	197	206	  4	 12	  6	 10	 21	 16	 30	 76	  8	  3
 24	 94	182	212	215	206	226	199	193	203	205	208	201	210	  3	  9	  7	  7	 21	 20	 28	 80	  4	  3	  5
 25	255	220	229	204	201	192	202	215	211	206	200	205	194	299	308	299	306	296	283	316	238	304	299	297	302
 26	195	210	234	215	207	211	204	212	214	211	207	208	204	202	212	205	210	193	186	226	167	207	202	201	205	128
 27	214	207	226	204	197	196	196	206	206	202	197	200	192	239	248	240	246	232	222	259	189	244	238	237	241	 78	 50
 28	134	150	177	160	151	159	147	153	157	155	152	152	149	157	166	158	164	153	140	177	107	162	157	155	160	144	 63	 84
 29	 75	 64	 92	 81	 71	 86	 65	 68	 74	 73	 72	 70	 72	148	153	144	151	154	134	153	 70	153	147	145	150	183	149	153	 88
 30	214	267	297	285	275	286	270	273	279	278	276	274	274	169	180	175	178	153	158	199	181	172	170	170	172	238	111	161	131	205
 31	208	203	224	202	195	195	193	203	203	199	195	197	190	231	240	232	238	224	214	252	183	236	231	229	233	 85	 43	  9	 76	148	154
 32	  7	 84	113	118	109	130	102	 95	106	108	111	104	114	 99	 99	 93	 98	111	 90	 93	 33	102	 98	 95	 99	249	192	209	130	 69	214	203
 33	 81	170	198	204	194	215	187	180	191	194	196	190	199	 19	 14	 12	 14	 37	 28	 16	 72	 20	 18	 17	 18	302	211	244	162	142	185	237	 86
 34	152	154	178	159	151	155	147	155	157	154	151	152	147	181	190	182	188	177	164	200	127	186	181	179	184	119	 57	 63	 25	 95	146	 57	147	185
 35	 90	179	206	213	204	225	197	190	201	203	206	199	209	 28	 18	 22	 19	 45	 41	  4	 85	 25	 28	 27	 26	316	225	259	177	155	197	252	 96	 15	200
 36	 45	109	140	137	127	145	120	118	127	128	129	124	130	 84	 90	 81	 88	 90	 70	 92	 13	 89	 83	 81	 86	226	154	177	 95	 65	171	170	 43	 80	115	 94
 37	 26	110	140	142	132	153	125	120	130	132	134	128	137	 73	 75	 68	 74	 84	 63	 73	 15	 77	 72	 69	 74	251	180	204	121	 81	190	197	 29	 63	141	 75	 27
 38	132	182	212	202	192	204	186	188	195	194	193	190	192	114	124	117	122	104	 98	140	 99	118	114	113	116	203	 90	133	 64	121	 86	124	131	124	 87	138	 88	110
 39	172	206	234	219	209	218	205	210	215	212	210	209	207	162	173	165	171	151	146	188	140	167	162	162	165	171	 47	 95	 60	143	 75	 87	170	173	 72	187	128	153	 49
 40	110	194	225	224	214	233	207	204	214	215	216	211	218	 32	 42	 39	 41	 15	 26	 62	 87	 35	 32	 33	 34	286	180	220	142	151	138	212	114	 50	167	 59	 88	 86	 90	138
 41	183	133	141	115	113	103	114	127	122	117	111	117	105	248	254	246	252	249	232	257	175	253	247	245	250	 89	141	108	115	109	241	110	177	245	 96	259	166	187	178	167	243
 42	 72	108	138	130	119	134	113	114	122	121	120	117	120	112	119	110	117	114	 96	124	 47	117	112	109	114	192	124	143	 63	 49	160	137	 68	111	 81	125	 34	 61	 75	105	108	136
 43	123	146	173	159	149	158	144	150	154	152	150	149	148	144	153	145	151	140	127	163	 96	149	144	142	147	157	 73	 96	 14	 83	129	 89	120	149	 38	164	 83	109	 55	 61	130	123	 52
 44	 66	 48	 65	 81	 76	 97	 71	 58	 68	 73	 78	 70	 84	157	155	150	154	171	151	144	 94	159	156	153	157	261	233	239	171	 87	272	234	 63	142	181	147	102	 91	187	220	175	177	115	163
 45	105	 31	 23	 46	 46	 62	 44	 32	 36	 41	 47	 41	 54	198	197	191	196	211	190	188	128	201	197	194	198	246	241	237	181	 94	296	234	100	184	185	191	132	128	210	236	214	158	136	176	 46
 46	149	155	179	161	152	157	149	156	159	156	152	153	149	177	186	177	183	172	160	195	124	182	176	175	179	124	 56	 66	 20	 94	141	 59	144	181	  6	195	111	138	 82	 67	162	101	 78	 33	180	186
 47	157	185	213	198	188	196	184	189	194	192	189	188	186	157	168	160	166	149	141	181	126	162	157	156	160	159	 45	 87	 38	122	 95	 79	154	166	 52	181	113	139	 47	 22	136	148	 87	 40	201	216	 47
 48	198	156	166	141	137	129	138	151	147	142	136	142	130	255	262	253	260	254	238	267	185	259	254	252	257	 64	124	 86	110	124	230	 89	192	254	 88	268	175	198	174	156	246	 27	143	120	199	182	 94	139
 49	129	 40	 19	 11	 21	 23	 26	 29	 18	 18	 20	 22	 23	220	222	215	220	231	210	215	144	224	219	217	221	214	226	215	171	 91	295	213	123	209	170	218	145	148	212	229	231	125	139	169	 81	 41	172	208	150
 50	142	 56	 24	 37	 46	 46	 50	 47	 40	 42	 46	 46	 49	235	235	229	234	247	226	226	162	238	234	231	235	237	252	241	196	114	319	239	137	222	196	229	164	164	235	254	248	148	161	194	 85	 40	197	233	174	 27
