nVehicles:   5
nDepots:     1
nCustomers: 25
nPeriods:   12
VEHICLE_TYPE	FLEET_SIZE	CAPACITY
           4	         5	      38	
DEPOT   	X  	Y  	INV_COST	INITIAL_INV 	MIN_LEVEL_INV 	MAX_LEVEL_INV	PRODUCTION_0	PRODUCTION_1	PRODUCTION_2	PRODUCTION_3	PRODUCTION_4	PRODUCTION_5	PRODUCTION_6	PRODUCTION_7	PRODUCTION_8	PRODUCTION_9	PRODUCTION_10	PRODUCTION_11
       0	 64	169	       0	        152	            0	         1954	         166	         166	         166	         166	         166	         166	         166	         166	         166	         166	          166	          166	
CUSTOMER	X  	Y  	INV_COST	INITIAL_INV	MIN_LEVEL_INV 	MAX_LEVEL_INV	DEMAND_0	DEMAND_1	DEMAND_2	DEMAND_3	DEMAND_4	DEMAND_5	DEMAND_6	DEMAND_7	DEMAND_8	DEMAND_9	DEMAND_10	DEMAND_11
       1	 97	 12	    0.09	          7	            0	           60	       5	       4	       5	       7	       9	       6	       6	       4	       6	       8	        9	        7
       2	 96	  7	    0.19	          4	            0	           40	       9	       6	       9	      12	      13	       9	       6	       8	      11	      12	       12	       10
       3	 94	 13	    0.06	          1	            0	           51	       7	       7	       7	      10	      11	      12	      12	      11	       9	       8	        6	        8
       4	 97	  9	    0.24	          7	            0	           68	       7	       5	       7	       9	       9	       6	       7	      10	       8	       7	        6	        6
       5	125	  2	    0.01	          1	            0	           42	       9	       6	       7	      10	      12	      11	      11	       9	       8	       7	        7	       10
       6	103	 12	       0	          9	            0	           57	       6	       5	       5	       5	       7	       8	       8	       8	       6	       4	        4	        5
       7	 95	  6	    0.29	          8	            0	           36	       6	       6	       6	       8	      10	      10	       9	       8	       6	       5	        7	        9
       8	 74	 36	     0.1	          4	            0	           22	       8	       6	       7	       9	      14	      14	       8	       6	       7	       8	       12	       11
       9	112	 19	     0.2	          6	            0	           30	       4	       3	       4	       4	       6	       6	       5	       5	       4	       3	        4	        5
      10	 77	  4	    0.18	          4	            0	           18	       4	       5	       5	       6	       8	       8	       7	       6	       5	       6	        5	        7
      11	 87	 26	    0.29	          1	            0	           60	       5	       4	       5	       5	       6	       7	       7	       4	       4	       4	        6	        7
      12	 93	  5	    0.16	          1	            0	           46	       5	       5	       6	       6	       7	       6	       4	       5	       6	       6	        6	        5
      13	267	254	    0.23	          5	            0	           75	       6	       6	       9	      10	       9	       7	       6	       7	       9	      10	        9	        5
      14	287	217	    0.03	          3	            0	           32	       5	       5	       6	       9	       9	       8	       5	       4	       6	       7	       10	        6
      15	 65	442	    0.01	         10	            0	           30	       5	       6	       8	       8	       8	       8	       6	       7	       9	       9	        8	        5
      16	 88	273	    0.28	          1	            0	           38	       5	       4	       6	       9	       8	       7	       5	       5	       7	       7	        8	        6
      17	315	 79	    0.14	          8	            0	           27	       5	       5	       6	       9	       9	       5	       7	       9	       9	       8	        6	        5
      18	337	388	    0.16	          3	            0	           54	       5	       5	       6	       7	       7	       6	       5	       4	       7	       8	        7	        5
      19	269	386	    0.09	          6	            0	           20	       4	       5	       6	       5	       6	       6	       5	       4	       4	       5	        6	        8
      20	330	309	    0.18	          1	            0	           58	       4	       5	       4	       6	       8	       6	       6	       5	       4	       4	        5	        6
      21	140	321	    0.13	          5	            0	           19	       4	       4	       4	       5	       6	       4	       3	       3	       4	       5	        6	        5
      22	319	381	    0.11	          7	            0	           69	       6	       5	       6	       7	       9	       6	       6	       4	       6	       9	        8	        8
      23	126	 20	     0.3	          2	            0	           58	       4	       5	       4	       6	       7	       7	       6	       4	       4	       4	        6	        7
      24	411	454	    0.25	          2	            0	           72	       7	       6	      10	       9	      10	       6	       6	       8	      11	       9	        6	        5
      25	393	484	    0.18	          4	            0	           45	       4	       3	       5	       7	       5	       4	       3	       6	       5	       5	        3	        5
COST_MATRIX 
	  0	  1	  2	  3	  4	  5	  6	  7	  8	  9	 10	 11	 12	 13	 14	 15	 16	 17	 18	 19	 20	 21	 22	 23	 24	 25
  0
  1	 81
  2	 83	  3
  3	 80	  2	  4
  4	 82	  2	  2	  3
  5	 89	 15	 15	 17	 15
  6	 81	  4	  5	  5	  4	 13
  7	 83	  4	  1	  4	  2	 16	  6
  8	 67	 17	 19	 16	 18	 31	 19	 19
  9	 79	  9	 11	 10	 10	 11	  6	 11	 21
 10	 83	 11	 10	 10	 11	 25	 14	 10	 17	 20
 11	 73	  9	 11	  8	 10	 23	 11	 11	  9	 13	 13
 12	 84	  5	  2	  5	  3	 17	  7	  2	 19	 12	  9	 11
 13	111	148	151	149	150	145	147	151	146	141	158	146	152
 14	115	140	142	141	141	135	138	143	140	133	150	139	144	 22
 15	137	216	219	215	218	223	216	219	204	213	220	209	219	138	159
 16	 54	131	134	131	133	137	131	134	119	128	135	124	135	 91	104	 86
 17	134	115	116	116	115	103	112	116	123	106	125	118	118	 91	 71	221	150
 18	175	224	226	224	225	221	222	227	220	217	232	220	228	 76	 90	139	138	155
 19	150	206	209	207	208	206	205	209	201	200	214	202	210	 67	 85	106	107	156	 35
 20	151	189	192	190	190	185	187	192	188	182	199	187	193	 42	 51	149	123	116	 40	 50
 21	 85	156	159	156	158	160	156	160	147	152	162	150	160	 72	 91	 72	 36	150	105	 73	 96
 22	166	216	218	216	217	213	214	219	212	209	224	213	220	 69	 84	131	128	152	 10	 26	 37	 95
 23	 81	 16	 17	 17	 16	 10	 13	 18	 28	  8	 26	 20	 19	137	128	214	128	 99	213	197	177	151	205
 24	225	272	274	272	273	268	270	275	269	264	281	269	276	124	134	174	186	194	 50	 79	 84	151	 59	260
 25	228	279	281	279	280	276	277	282	275	272	288	276	283	132	144	166	186	207	 56	 80	 93	151	 64	268	 18
