nVehicles:  10
nDepots:     1
nCustomers: 50
nPeriods:   12
VEHICLE_TYPE	FLEET_SIZE	CAPACITY
           4	        10	      38	
DEPOT   	X  	Y  	INV_COST	INITIAL_INV 	MIN_LEVEL_INV 	MAX_LEVEL_INV	PRODUCTION_0	PRODUCTION_1	PRODUCTION_2	PRODUCTION_3	PRODUCTION_4	PRODUCTION_5	PRODUCTION_6	PRODUCTION_7	PRODUCTION_8	PRODUCTION_9	PRODUCTION_10	PRODUCTION_11
       0	361	234	       0	        675	            0	         4450	         374	         374	         374	         374	         374	         374	         374	         374	         374	         374	          374	          374	
CUSTOMER	X  	Y  	INV_COST	INITIAL_INV	MIN_LEVEL_INV 	MAX_LEVEL_INV	DEMAND_0	DEMAND_1	DEMAND_2	DEMAND_3	DEMAND_4	DEMAND_5	DEMAND_6	DEMAND_7	DEMAND_8	DEMAND_9	DEMAND_10	DEMAND_11
       1	479	 57	    0.21	          2	            0	           31	       4	       6	       5	       3	       4	       5	       7	       5	       4	       3	        4	        5
       2	451	 71	    0.03	         16	            0	           67	       7	       9	       9	       6	       5	       4	       6	       7	       9	       9	        7	        6
       3	461	 58	    0.21	          2	            0	           45	       6	       7	       6	       6	       5	       7	       8	       8	       5	       6	        9	        8
       4	444	 55	    0.26	          1	            0	           24	       5	       6	       6	       4	       3	       4	       4	       5	       4	       4	        3	        4
       5	402	  0	    0.01	          7	            0	           43	       5	       7	       6	       4	       4	       8	       8	       5	       3	       5	        8	        6
       6	449	 65	    0.27	          5	            0	           21	       9	      13	       9	       6	       5	       8	       9	      12	      10	       6	        7	        9
       7	457	 61	    0.28	          1	            0	           72	       7	       7	       7	       9	       6	       4	       5	       4	       6	       9	        8	        8
       8	456	 57	       0	         20	            0	           94	      11	      10	      11	       7	       7	       6	       9	      12	       8	       7	        6	        6
       9	458	 68	    0.26	          1	            0	           60	       6	       6	       5	       5	       4	       4	       5	       7	       5	       5	        4	        5
      10	480	 74	    0.06	          4	            0	           47	       4	       5	       5	       4	       3	       4	       4	       5	       6	       5	        3	        3
      11	460	 73	    0.27	         10	            0	           50	       6	       7	       6	       6	       4	       4	       5	       6	       8	       6	        7	        4
      12	436	 44	    0.11	         16	            0	           85	       9	      10	       7	       5	       6	       8	      10	       8	       6	       5	        7	       10
      13	308	212	    0.11	         21	            0	           63	       9	      12	      10	       7	       6	       6	      12	      10	       8	       7	        5	       10
      14	302	280	    0.27	         10	            0	           71	      10	      13	      11	      11	       7	       8	      10	      11	      13	       9	        7	        6
      15	310	212	    0.25	          5	            0	           40	       8	       8	      10	       8	       7	       5	       8	       8	       8	       8	        8	        6
      16	327	194	    0.19	          6	            0	           40	       5	       7	       5	       3	       4	       6	       7	       5	       4	       5	        7	        7
      17	337	230	    0.28	          5	            0	           92	      11	      10	       9	       8	       6	       9	      12	      10	       7	       7	        8	       11
      18	327	205	    0.22	          4	            0	          105	      10	      11	      12	       8	       7	       5	       5	       8	      10	      10	       11	       10
      19	194	317	    0.22	         15	            0	           72	       8	       8	       9	       7	       5	       6	       7	       8	       8	       6	        5	        5
      20	295	226	    0.16	         10	            0	           27	       7	       8	       7	       6	       6	       7	       9	      11	       7	       6	        6	        7
      21	305	215	    0.24	         11	            0	           29	      11	      10	      11	       9	       7	       7	       8	      11	      11	      12	       10	        6
      22	289	230	    0.29	         12	            0	          105	      10	      13	      12	       8	       6	       8	      12	      13	       9	       7	        8	        7
      23	304	212	    0.19	         12	            0	           24	       8	       9	       8	       7	       5	       6	       7	      11	       9	       6	        7	        5
      24	321	226	    0.04	          8	            0	           49	       4	       6	       6	       4	       3	       4	       5	       6	       6	       5	        4	        3
      25	  0	  0	    0.18	          8	            0	           80	       8	      10	       8	       8	       7	       6	       5	       7	       8	       9	        9	        9
      26	 92	488	    0.09	         13	            0	           23	       7	      11	       9	       8	       7	       6	       7	       8	      10	      10	        8	        5
      27	338	365	    0.24	         14	            0	           57	       7	       7	       7	       5	       5	       5	       7	       7	       6	       4	        4	        6
      28	212	447	    0.15	          8	            0	           14	       6	       7	       6	       5	       4	       4	       6	       8	       5	       4	        4	        5
      29	446	159	    0.17	          2	            0	           60	       8	      10	      12	       8	       7	       7	       7	       8	      11	      10	       11	        8
      30	 52	271	    0.16	          4	            0	           61	       6	       9	       7	       6	       4	       7	       8	       7	       6	       5	        5	        7
      31	256	110	    0.19	          6	            0	           68	       8	       8	       9	       7	       6	       9	       9	       8	       7	       5	        6	        8
      32	 57	166	    0.06	          1	            0	          102	       9	      14	      14	      12	       9	       7	       7	       8	      11	      11	       10	        8
      33	250	170	    0.12	          1	            0	           37	       8	      11	      11	       8	       7	       5	       7	      10	      12	      11	        9	        6
      34	145	425	     0.2	         18	            0	           63	       9	      11	       9	       5	       6	       8	      10	      10	       8	       5	        6	        7
      35	148	374	     0.2	          5	            0	           33	       9	      10	       9	       6	       6	       9	      11	      11	       9	       7	        7	       11
      36	274	 43	    0.07	          6	            0	           68	       9	       9	       7	       7	       5	       7	       9	       7	       7	       5	        8	       10
      37	429	 36	    0.09	         13	            0	           49	       6	       8	       7	       5	       5	       8	       8	       6	       5	       5	        9	        9
      38	263	 16	    0.09	          3	            0	           56	      10	      12	      12	      12	      10	       8	       7	       8	      11	      10	       14	       10
      39	358	434	    0.09	         19	            0	           36	       9	      13	       7	       6	       6	      12	       9	       8	       5	       9	       10	        9
      40	301	 61	    0.25	          3	            0	           51	       4	       5	       5	       4	       4	       5	       6	       5	       3	       4	        6	        5
      41	155	315	    0.19	          6	            0	           79	      10	      13	       8	       6	       7	      10	      10	      10	       8	       7	       11	       11
      42	174	 82	    0.12	          7	            0	           54	       4	       6	       5	       6	       4	       4	       4	       3	       4	       6	        5	        6
      43	139	 82	    0.04	          4	            0	           54	      10	      12	       8	       7	       6	      10	      12	      10	       7	       7	       10	       11
      44	 24	400	    0.21	         13	            0	           43	       9	      12	      12	       6	       8	       8	      12	      12	       8	       7	        9	       10
      45	 75	337	    0.28	          2	            0	           32	       5	       6	       4	       4	       4	       5	       6	       5	       3	       3	        5	        7
      46	376	300	    0.18	          3	            0	           26	       9	      13	      11	       9	       8	       7	       9	      12	      12	       9	        6	        7
      47	424	364	    0.01	          6	            0	           46	       9	      11	      11	       9	       8	       7	       5	       7	      10	      10	       12	        8
      48	 37	195	    0.06	          8	            0	           77	      10	      10	       8	       8	       7	      12	      14	      10	       8	       8	       10	       10
      49	 25	129	    0.26	         11	            0	           29	       9	      11	      10	       8	       6	      11	      13	      11	       8	       8	        9	       13
      50	351	288	     0.1	          5	            0	           28	       7	       8	       9	       8	       5	       5	       7	       7	       8	      11	        7	        6
COST_MATRIX 
	  0	  1	  2	  3	  4	  5	  6	  7	  8	  9	 10	 11	 12	 13	 14	 15	 16	 17	 18	 19	 20	 21	 22	 23	 24	 25	 26	 27	 28	 29	 30	 31	 32	 33	 34	 35	 36	 37	 38	 39	 40	 41	 42	 43	 44	 45	 46	 47	 48	 49	 50
  0
  1	107
  2	 94	 16
  3	102	 10	  9
  4	 99	 18	  9	  9
  5	119	 48	 44	 42	 35
  6	 96	 16	  4	  7	  6	 41
  7	 99	 12	  6	  3	  8	 42	  5
  8	101	 12	  8	  3	  7	 40	  6	  3
  9	 97	 12	  4	  6	 10	 45	  5	  4	  6
 10	100	  9	 15	 13	 21	 54	 17	 14	 15	 12
 11	 95	 13	  5	  8	 13	 47	  7	  7	  9	  3	 11
 12	103	 23	 16	 15	  7	 28	 13	 14	 12	 17	 27	 19
 13	 29	116	101	109	104	116	102	107	108	104	111	103	106
 14	 38	143	129	137	134	149	131	135	136	132	137	131	136	 35
 15	 28	115	100	108	104	116	102	106	107	104	110	103	106	  2	 35
 16	 27	103	 88	 96	 91	104	 89	 93	 95	 91	 98	 90	 93	 14	 45	 13
 17	 13	112	 98	107	103	120	100	104	105	102	106	100	106	 18	 31	 17	 19
 18	 23	107	 92	100	 96	110	 93	 98	 99	 95	101	 94	 98	 11	 40	 10	  6	 14
 19	 94	193	178	186	182	190	180	184	185	182	188	181	183	 78	 58	 79	 91	 84	 87
 20	 34	125	110	119	114	126	112	116	117	114	120	113	116	 10	 28	 11	 23	 22	 20	 68
 21	 30	118	103	111	106	118	104	109	110	107	113	106	108	  3	 33	  3	 16	 18	 13	 76	  8
 22	 37	129	114	122	117	129	115	120	121	118	124	117	119	 14	 26	 14	 27	 25	 23	 65	  4	 11
 23	 31	117	102	110	106	117	104	108	109	106	112	105	107	  3	 35	  4	 15	 19	 13	 77	  9	  2	 12
 24	 21	116	102	110	106	121	103	107	109	105	110	104	108	 10	 29	  9	 17	  9	 11	 79	 14	 10	 17	 12
 25	216	242	229	233	224	202	227	231	230	232	243	233	220	187	206	188	191	205	193	186	186	187	185	186	197
 26	185	290	276	284	280	290	277	281	283	279	284	278	281	176	148	176	189	178	184	100	166	174	163	175	174	249
 27	 67	170	158	166	164	186	160	164	165	161	162	159	168	 78	 47	 78	 86	 68	 81	 76	 73	 77	 72	 79	 71	249	138
 28	130	237	223	231	228	243	225	229	231	226	230	225	231	127	 95	128	139	126	134	 66	119	125	116	127	124	248	 64	 76
 29	 57	 54	 45	 52	 53	 83	 48	 50	 52	 46	 46	 44	 58	 74	 95	 73	 63	 66	 64	149	 83	 76	 87	 76	 71	237	242	117	186
 30	156	239	224	231	224	222	224	229	229	227	236	227	224	132	126	133	143	144	142	 75	124	130	121	130	137	138	111	151	119	205
 31	 82	115	100	106	 98	 92	100	104	104	104	114	104	 96	 58	 89	 58	 55	 73	 60	109	 62	 58	 63	 57	 67	140	207	134	170	 99	130
 32	156	218	203	210	202	192	203	207	207	207	217	207	200	128	136	129	136	144	137	102	123	127	121	126	136	 88	162	173	161	195	 53	104
 33	 65	128	113	120	113	115	113	117	118	116	125	116	113	 36	 61	 37	 41	 53	 43	 79	 36	 36	 36	 35	 46	152	178	107	140	 99	112	 31	 97
 34	145	249	234	243	238	249	236	240	241	238	243	237	240	135	107	135	148	137	143	 60	125	133	122	133	133	225	 42	102	 36	201	 90	167	137	138
 35	128	230	215	223	218	227	216	220	221	218	224	217	220	114	 91	115	127	119	124	 37	105	112	101	113	114	202	 64	 96	 49	184	 71	143	114	115	 26
 36	105	103	 90	 94	 86	 68	 89	 92	 92	 93	105	 95	 82	 87	120	 87	 81	 99	 86	143	 93	 88	 94	 86	 95	139	241	165	205	104	160	 35	125	 65	202	178
 37	105	 28	 21	 20	 13	 23	 18	 19	 18	 22	 32	 25	  6	107	138	107	 95	108	 99	184	117	109	120	108	110	216	282	171	233	 63	223	 95	198	112	241	220	 78
 38	120	110	 98	102	 93	 70	 97	100	 99	101	113	103	 88	101	134	101	 95	114	100	155	107	102	108	101	109	132	252	179	218	117	166	 48	128	 78	213	189	 15	 84
 39	101	198	188	195	195	219	191	193	195	190	191	188	199	114	 82	114	121	103	116	101	109	113	108	115	106	282	136	 36	 74	145	174	170	202	143	107	110	200	203	215
 40	 92	 90	 76	 81	 72	 59	 75	 79	 78	 79	 90	 80	 69	 76	110	 76	 68	 87	 74	139	 83	 78	 85	 76	 84	154	238	154	199	 88	163	 34	133	 61	199	175	 17	 66	 30	189
 41	111	208	192	200	195	201	193	198	199	196	203	195	196	 93	 76	 94	106	101	103	 20	 83	 91	 80	 91	 95	176	 93	 95	 72	166	 57	115	 90	 87	 56	 30	149	196	159	118	147
 42	121	154	139	145	136	122	138	142	142	143	154	144	133	 94	118	 95	 95	111	 99	118	 95	 94	 94	 92	103	 97	208	164	184	142	113	 44	 73	 59	173	147	 54	130	 56	199	 65	117
 43	135	171	157	162	154	138	156	160	159	160	171	161	150	107	129	108	110	124	113	121	107	107	106	106	117	 81	205	173	187	159	105	 61	 59	 71	172	147	 71	147	 71	208	 82	117	 18
 44	188	285	270	278	272	276	271	275	276	274	281	273	273	171	152	172	184	179	181	 95	162	169	158	169	173	201	 56	158	 97	243	 67	186	119	162	 62	 64	218	273	227	168	219	 79	176	170
 45	152	246	231	239	233	235	232	236	237	235	242	234	233	133	118	134	145	142	143	 61	124	131	120	131	135	173	 76	133	 88	206	 35	146	 86	121	 57	 41	178	233	187	150	179	 42	137	132	 41
 46	 34	132	121	129	128	151	124	127	128	124	125	122	132	 56	 39	 56	 59	 41	 54	 92	 55	 56	 56	 57	 47	241	171	 38	111	 79	163	113	174	 91	132	120	139	135	153	 68	126	111	149	162	183	152
 47	 73	156	148	155	155	183	151	153	155	149	148	147	161	 96	 75	 96	 98	 80	 94	118	 95	 96	 96	 97	 87	280	178	 44	114	104	192	153	209	131	143	139	178	165	192	 49	164	137	189	201	201	176	 41
 48	164	232	217	223	216	207	217	221	221	220	230	221	214	136	140	137	146	152	146	100	130	135	128	134	143	100	150	173	154	206	 39	118	 18	108	128	106	141	212	145	201	149	 85	 89	 77	103	 74	178	212
 49	177	230	215	221	213	200	215	219	219	219	230	220	210	148	158	149	155	164	156	127	144	147	142	146	156	 66	183	197	185	212	 73	116	 25	115	160	138	132	208	132	226	143	114	 79	 62	136	107	196	232	 34
 50	 28	133	120	128	126	147	122	126	127	123	125	121	130	 44	 25	 44	 49	 30	 44	 80	 42	 44	 43	 45	 35	228	164	 40	106	 81	150	101	160	 78	124	111	129	132	143	 74	117	 99	136	148	173	141	 14	 53	164	182
