nVehicles:   9
nDepots:     1
nCustomers: 50
nPeriods:    6
VEHICLE_TYPE	FLEET_SIZE	CAPACITY
           4	         9	      38	
DEPOT   	X  	Y  	INV_COST	INITIAL_INV 	MIN_LEVEL_INV 	MAX_LEVEL_INV	PRODUCTION_0	PRODUCTION_1	PRODUCTION_2	PRODUCTION_3	PRODUCTION_4	PRODUCTION_5
       0	145	 67	       0	        368	            0	         1942	         330	         330	         330	         330	         330	         330	
CUSTOMER	X  	Y  	INV_COST	INITIAL_INV	MIN_LEVEL_INV 	MAX_LEVEL_INV	DEMAND_0	DEMAND_1	DEMAND_2	DEMAND_3	DEMAND_4	DEMAND_5
       1	437	 57	    0.19	          5	            0	           16	       6	       7	       9	       9	      11	       8
       2	441	 46	    0.02	          6	            0	           31	       5	       4	       5	       6	       9	       8
       3	449	 63	    0.02	          4	            0	           33	       7	       5	       7	       8	      11	      10
       4	442	 53	    0.25	          6	            0	           26	       7	       5	       6	       9	       9	       8
       5	448	 47	    0.29	          7	            0	           35	       5	       5	       6	       6	       9	       9
       6	440	 50	    0.27	          6	            0	           24	       3	       3	       4	       5	       6	       5
       7	437	 47	    0.14	          2	            0	           32	       6	       4	       6	       7	       7	       6
       8	452	 33	    0.25	          1	            0	           15	       4	       3	       5	       6	       6	       5
       9	439	 36	    0.08	          4	            0	           16	       8	       8	       8	      13	      13	       9
      10	457	 49	    0.23	          4	            0	           15	       8	       6	       7	       9	      12	       9
      11	470	141	    0.27	          9	            0	           24	       6	       5	       6	       8	       8	       6
      12	447	 48	    0.05	          2	            0	           19	       4	       5	       6	       8	       6	       4
      13	224	187	    0.26	          1	            0	           21	       4	       3	       3	       5	       6	       5
      14	245	204	    0.14	          5	            0	            6	       3	       4	       3	       4	       5	       6
      15	269	198	    0.18	          1	            0	           19	       7	       5	       6	       8	       9	      10
      16	232	210	    0.08	         12	            0	           28	       7	       6	       7	      12	       9	       8
      17	232	224	    0.08	          3	            0	           15	       6	       5	       6	       7	       9	       9
      18	261	177	    0.06	          5	            0	           14	       5	       4	       6	       6	       7	       4
      19	234	211	    0.11	          4	            0	           15	       4	       4	       5	       7	       8	       4
      20	166	239	    0.14	         13	            0	           28	       8	       6	      11	      14	       8	       8
      21	218	188	    0.07	          7	            0	           26	       5	       4	       5	       5	       7	       6
      22	221	208	    0.22	          3	            0	           16	       4	       3	       4	       5	       6	       6
      23	215	200	    0.01	          5	            0	           16	       7	       7	       7	      10	      11	       8
      24	242	212	    0.09	          9	            0	           19	       7	       6	       6	       7	       7	      11
      25	  0	  0	    0.18	          2	            0	           26	       4	       3	       3	       5	       6	       6
      26	 60	426	    0.16	          7	            0	           18	       5	       4	       7	       8	       7	       5
      27	 10	257	    0.02	          2	            0	           35	       7	       6	       5	       8	       8	       9
      28	170	315	    0.28	         15	            0	           39	       8	       7	       8	      10	      14	       9
      29	 76	227	     0.2	          7	            0	           31	       5	       5	       6	       6	       8	       7
      30	 43	258	    0.22	          7	            0	           13	       3	       4	       4	       4	       5	       5
      31	164	109	    0.12	          5	            0	           21	       6	       4	       6	       8	       9	       7
      32	382	 86	    0.13	          8	            0	           13	       8	       5	       7	       7	      12	       9
      33	 65	487	    0.28	          3	            0	           31	       7	       6	      11	      14	      10	       7
      34	 77	474	    0.19	          6	            0	           38	       6	       6	       8	       9	      12	       9
      35	125	127	     0.2	          7	            0	           16	       3	       4	       4	       4	       6	       5
      36	129	428	    0.13	          9	            0	           19	       8	       7	       6	      11	      13	      10
      37	423	 20	       0	          3	            0	            9	       4	       3	       3	       5	       5	       5
      38	402	462	    0.05	          8	            0	           17	       6	       5	       6	       6	       8	      10
      39	123	 96	    0.23	          1	            0	           32	       5	       4	       5	       8	       8	       8
      40	237	261	     0.1	          3	            0	           17	       5	       4	       6	       8	       8	       8
      41	195	 25	     0.3	          7	            0	           12	       4	       3	       4	       5	       6	       4
      42	264	260	    0.25	          5	            0	           19	       4	       4	       6	       7	       6	       5
      43	202	116	    0.16	          9	            0	            9	       6	       5	       6	       8	       7	       7
      44	 30	326	    0.17	          7	            0	           11	       6	       5	       5	       7	       6	       7
      45	 11	271	    0.09	          8	            0	           34	       5	       5	       6	       7	       9	       7
      46	411	 47	    0.22	          3	            0	           15	       5	       4	       5	       6	       7	       8
      47	153	 20	    0.02	          4	            0	            9	       5	       5	       5	       6	       7	       7
      48	290	424	    0.19	          5	            0	           26	       4	       4	       3	       5	       7	       6
      49	188	263	    0.22	          2	            0	           24	       6	       7	       8	      11	      12	      10
      50	440	351	    0.26	         14	            0	           54	       7	       7	       8	      12	      14	      11
COST_MATRIX 
	  0	  1	  2	  3	  4	  5	  6	  7	  8	  9	 10	 11	 12	 13	 14	 15	 16	 17	 18	 19	 20	 21	 22	 23	 24	 25	 26	 27	 28	 29	 30	 31	 32	 33	 34	 35	 36	 37	 38	 39	 40	 41	 42	 43	 44	 45	 46	 47	 48	 49	 50
  0
  1	147
  2	149	  6
  3	153	  7	 10
  4	149	  4	  4	  7
  5	152	  8	  4	  9	  5
  6	148	  4	  3	  8	  2	  5
  7	147	  6	  3	 11	  4	  6	  3
  8	155	 15	  9	 16	 12	  8	 11	 11
  9	148	 11	  6	 15	  9	  8	  8	  6	  7
 10	157	 11	  9	  9	  8	  5	  9	 11	  9	 12
 11	167	 46	 50	 41	 47	 49	 48	 50	 55	 55	 47
 12	152	  7	  4	  8	  4	  1	  4	  6	  8	  8	  6	 48
 13	 72	125	130	129	128	133	128	128	138	132	136	126	132
 14	 85	121	126	124	125	129	125	125	135	129	132	117	128	 14
 15	 91	110	115	113	113	118	114	113	124	118	120	105	117	 24	 13
 16	 84	128	133	132	132	136	132	131	142	136	139	124	135	 13	  8	 20
 17	 90	133	138	136	136	140	136	136	146	140	143	127	139	 19	 12	 23	  8
 18	 80	107	112	110	110	114	110	110	120	114	118	107	114	 20	 16	 12	 22	 28
 19	 85	128	133	131	131	135	131	131	141	135	138	124	135	 14	  7	 19	  2	  7	 22
 20	 87	164	168	167	167	171	167	167	177	171	174	160	170	 39	 44	 56	 37	 34	 57	 37
 21	 71	128	133	132	131	135	131	131	141	135	139	129	135	  4	 16	 26	 14	 20	 23	 15	 37
 22	 81	132	137	136	135	140	136	135	145	139	143	129	139	 11	 13	 25	  6	 10	 26	  7	 32	 11
 23	 76	133	137	136	136	140	136	135	145	139	143	131	139	  8	 16	 28	 10	 15	 26	 11	 32	  7	  6
 24	 88	125	130	128	128	132	128	128	138	133	135	120	132	 16	  5	 16	  6	  8	 20	  5	 41	 17	 11	 15
 25	 80	221	222	227	223	226	222	220	227	221	230	246	225	146	160	168	157	162	158	158	146	144	152	147	161
 26	185	264	270	267	267	272	268	268	278	272	274	250	271	145	145	155	139	133	161	139	108	143	136	138	141	216
 27	117	236	240	240	239	243	239	238	248	242	247	238	243	113	121	133	114	113	132	115	 79	110	109	107	119	129	 89
 28	125	186	191	188	189	194	190	190	200	194	196	174	193	 70	 67	 77	 61	 56	 83	 62	 39	 68	 60	 62	 63	179	 79	 86
 29	 88	200	204	204	203	207	203	202	212	206	211	202	206	 77	 86	 98	 79	 79	 96	 80	 46	 74	 74	 71	 84	120	100	 37	 65
 30	109	222	226	226	225	229	225	224	234	227	232	222	228	 98	105	117	 98	 97	117	 99	 63	 95	 93	 91	103	131	 85	 17	 70	 23
 31	 24	139	143	145	142	146	142	140	149	143	150	154	145	 50	 63	 69	 61	 67	 60	 62	 66	 48	 58	 53	 65	 99	167	107	104	 74	 96
 32	119	 32	 36	 36	 35	 39	 35	 34	 44	 38	 42	 52	 38	 94	 91	 80	 98	102	 76	 97	133	 97	102	102	 95	196	235	205	157	169	191	110
 33	214	285	290	287	288	292	288	289	299	293	294	267	291	170	168	177	162	156	184	162	134	168	160	162	164	246	 31	119	101	131	116	196	256
 34	207	276	281	278	279	283	280	280	290	285	286	258	283	162	160	169	154	148	175	154	126	160	152	154	155	241	 26	114	 93	124	110	188	247	  9
 35	 32	160	164	166	163	167	163	162	171	164	171	173	166	 58	 72	 81	 68	 73	 73	 69	 60	 56	 63	 58	 73	 90	153	 87	 97	 56	 78	 22	131	183	176
 36	181	242	247	243	245	249	245	245	256	250	251	223	248	130	127	135	121	115	142	121	 97	128	120	122	122	224	 35	105	 61	104	 96	161	213	 44	 35	151
 37	141	 20	 16	 26	 20	 19	 18	 16	 16	 12	 23	 65	 19	130	129	118	135	140	113	135	169	133	138	138	132	212	273	239	195	203	225	137	 39	295	286	159	252
 38	236	204	209	201	206	209	207	209	216	214	209	165	209	164	152	148	152	147	159	152	163	166	156	161	149	307	172	222	138	201	207	213	189	169	163	218	138	222
 39	 19	159	161	164	161	165	161	159	168	161	169	175	164	 68	 82	 90	 79	 85	 81	 80	 75	 67	 75	 70	 84	 79	168	 99	112	 70	 91	 22	130	198	191	 16	167	155	231
 40	108	143	149	146	147	151	147	147	157	152	153	132	150	 38	 29	 36	 26	 19	 44	 26	 38	 38	 28	 33	 25	177	121	114	 44	 83	 98	 85	114	143	134	 88	100	153	131	101
 41	 33	123	124	129	125	127	124	122	129	123	132	150	127	 83	 93	 95	 95	102	 83	 96	108	 83	 93	 89	 97	 99	212	149	146	118	140	 45	 99	240	233	 62	205	115	242	 51	120
 42	114	134	139	136	137	141	138	138	148	143	143	119	141	 42	 30	 32	 30	 25	 42	 29	 51	 43	 34	 39	 27	186	132	128	 55	 96	111	 91	106	151	143	 97	108	144	123	109	 14	123
 43	 38	122	125	127	125	128	124	123	132	126	132	135	128	 38	 49	 53	 50	 57	 43	 51	 65	 37	 47	 43	 53	117	171	120	101	 84	107	 20	 92	198	190	 39	161	121	200	 41	 75	 46	 79
 44	142	244	249	248	248	252	248	247	257	251	255	239	251	120	124	136	117	114	138	118	 81	117	113	112	121	164	 53	 36	 71	 55	 35	128	214	 83	 78	111	 72	250	199	125	109	172	122	136
 45	123	239	243	243	242	246	242	241	251	245	250	239	245	115	122	135	115	113	134	116	 80	112	110	109	120	136	 82	  8	 83	 40	 18	112	208	112	107	 92	 99	242	218	104	114	154	127	123	 30
 46	134	 14	 16	 21	 16	 19	 15	 14	 22	 16	 24	 56	 19	117	115	104	122	126	100	121	156	120	125	125	119	207	259	227	181	191	213	128	 25	280	272	149	238	 15	208	147	138	109	130	111	237	230
 47	 24	144	145	150	146	149	145	143	150	144	153	170	148	 91	103	107	103	110	 96	104	110	 91	100	 96	106	 78	209	139	148	111	132	 45	120	238	231	 56	205	136	254	 41	128	 22	133	 54	165	145	130
 48	193	198	204	198	201	205	202	203	212	208	206	168	204	124	113	114	111	105	125	111	112	124	114	119	109	257	116	164	 82	146	149	170	176	117	110	170	 81	213	 60	185	 86	206	 84	161	139	160	198	214
 49	101	162	167	165	165	170	165	165	176	170	172	154	169	 43	 42	 52	 35	 30	 57	 35	 17	 41	 33	 35	 38	162	104	 90	 28	 59	 73	 78	132	128	120	 75	 88	170	147	 90	 25	120	 39	 74	 86	 89	156	123	 96
 50	205	148	153	145	150	153	151	153	160	158	152	107	152	136	123	115	126	122	125	125	149	138	131	136	121	282	194	221	137	193	204	184	136	200	192	194	161	166	 59	204	112	204	100	168	206	219	153	220	 84	134
