nVehicles:  50
nDepots:     1
nCustomers: 50
nPeriods:    9
VEHICLE_TYPE	FLEET_SIZE	CAPACITY
           4	        50	      38	
DEPOT   	X  	Y  	INV_COST	INITIAL_INV 	MIN_LEVEL_INV 	MAX_LEVEL_INV	PRODUCTION_0	PRODUCTION_1	PRODUCTION_2	PRODUCTION_3	PRODUCTION_4	PRODUCTION_5	PRODUCTION_6	PRODUCTION_7	PRODUCTION_8
       0	235	 10	       0	        571	            0	         2707	         305	         305	         305	         305	         305	         305	         305	         305	         305	
CUSTOMER	X  	Y  	INV_COST	INITIAL_INV	MIN_LEVEL_INV 	MAX_LEVEL_INV	DEMAND_0	DEMAND_1	DEMAND_2	DEMAND_3	DEMAND_4	DEMAND_5	DEMAND_6	DEMAND_7	DEMAND_8
       1	107	494	    0.13	          9	            0	           19	       5	       6	       5	       3	       4	       6	       6	       4	       3
       2	 73	492	    0.24	          8	            0	           45	       8	       9	      11	       9	       7	       6	       6	       7	       8
       3	103	489	    0.26	          1	            0	           27	       4	       5	       5	       3	       3	       5	       6	       5	       4
       4	 87	487	    0.26	         16	            0	           56	       9	      12	      11	      10	       8	       6	       6	       8	       9
       5	 96	493	    0.21	          7	            0	            7	       3	       4	       4	       4	       3	       3	       3	       4	       4
       6	 56	461	    0.23	         11	            0	           21	       6	       8	       8	       7	       5	       5	       7	       9	      10
       7	 74	387	    0.28	         18	            0	           34	       9	      11	      10	       6	       6	       7	       8	       9	       9
       8	124	498	    0.09	          5	            0	           15	       7	       9	       7	       8	       4	       5	       7	       8	       8
       9	 91	499	    0.26	          7	            0	           36	       4	       6	       6	       5	       5	       4	       3	       4	       5
      10	 94	495	    0.03	          8	            0	           34	       5	       8	       7	       5	       4	       4	       6	       7	       7
      11	 96	489	    0.05	          1	            0	           41	       5	       6	       7	       7	       6	       4	       4	       5	       5
      12	107	486	    0.26	          3	            0	           27	       5	       5	       5	       4	       3	       4	       3	       4	       5
      13	184	 20	    0.06	          2	            0	           50	       7	       8	       8	       7	       6	       4	       5	       8	       9
      14	192	  4	    0.01	          1	            0	           62	       8	      10	       9	       5	       6	      10	       8	       7	       5
      15	195	  0	    0.29	          1	            0	           16	       3	       5	       4	       3	       3	       2	       3	       4	       5
      16	197	  7	    0.29	         15	            0	           47	       9	       9	       9	       6	       5	       7	       9	      10	       9
      17	195	  2	    0.05	         15	            0	           44	       6	       9	       7	       7	       6	       4	       5	       6	       7
      18	190	  4	    0.23	          2	            0	           47	       5	       7	       7	       7	       4	       4	       4	       5	       7
      19	195	  4	    0.12	         15	            0	           53	       9	      10	      10	       8	       5	       6	       8	       9	      11
      20	194	  1	    0.08	          1	            0	           27	      10	      12	      11	       9	       8	       8	       5	       9	       8
      21	180	  9	    0.07	          1	            0	           15	       7	       9	       7	       6	       5	       6	       8	       6	       5
      22	196	  6	    0.18	          3	            0	           68	       9	      11	       9	       9	       9	       7	       6	       9	       8
      23	191	 12	    0.02	          4	            0	           35	       4	       5	       5	       4	       4	       3	       4	       5	       6
      24	178	 10	    0.07	          3	            0	           13	       3	       4	       5	       4	       3	       2	       3	       3	       4
      25	  0	  0	    0.09	          7	            0	           35	      10	       9	      11	       8	       5	       9	      10	      12	      10
      26	494	  5	    0.02	          4	            0	           44	       6	       7	       5	       4	       5	       5	       7	       6	       5
      27	440	383	    0.04	          5	            0	           16	       7	       8	       7	       6	       5	       9	       9	       7	       7
      28	262	409	    0.08	          1	            0	           31	       7	       9	       7	       8	       5	       5	       5	       5	       8
      29	107	 38	    0.13	          5	            0	           43	       8	      10	       8	      10	       7	       5	       5	       7	       9
      30	360	471	     0.2	          8	            0	           28	       4	       6	       5	       5	       3	       4	       5	       6	       5
      31	171	154	    0.24	         16	            0	           33	       9	      12	      10	      10	       8	       7	       6	      11	      11
      32	447	 14	    0.18	          2	            0	           33	       6	       8	       8	       7	       6	       5	       5	       8	       8
      33	 23	229	    0.13	         10	            0	           16	       5	       8	       6	       5	       4	       5	       4	       7	       7
      34	489	266	    0.18	          2	            0	           11	       7	       7	       7	       6	       4	       4	       5	       6	       7
      35	387	256	    0.24	          6	            0	           30	       7	       7	       8	       5	       5	       6	       7	       9	       5
      36	132	470	    0.26	          7	            0	           35	       5	       7	       7	       6	       6	       5	       5	       5	       6
      37	239	166	    0.09	          1	            0	           15	       5	       6	       6	       5	       3	       3	       5	       6	       6
      38	 22	283	    0.12	         11	            0	           43	       6	       7	       5	       5	       4	       6	       6	       8	       5
      39	160	 53	    0.15	          3	            0	           31	       4	       6	       5	       6	       4	       3	       4	       4	       5
      40	205	 91	    0.13	          6	            0	           43	       7	       7	       6	       5	       4	       5	       8	       7	       4
      41	259	386	    0.24	         10	            0	           19	       7	       7	       7	       6	       5	       6	       8	       7	       5
      42	187	129	    0.01	          5	            0	           23	       4	       4	       5	       4	       4	       3	       3	       3	       3
      43	 42	317	    0.08	         10	            0	           29	       5	       5	       6	       5	       4	       4	       5	       6	       5
      44	 45	356	    0.19	          4	            0	           19	       3	       4	       5	       4	       3	       3	       3	       4	       4
      45	388	452	     0.2	          1	            0	           13	       4	       4	       3	       2	       2	       4	       4	       3	       2
      46	154	466	    0.24	          9	            0	           25	       7	       7	       7	       6	       4	       4	       4	       5	       6
      47	333	260	    0.28	          4	            0	           40	       9	      10	       8	       7	       7	       6	       7	       7	       8
      48	419	131	    0.07	          1	            0	           21	       7	       9	       8	       5	       5	       7	       7	       8	       5
      49	238	267	    0.11	         11	            0	           23	       6	       6	       6	       4	       4	       6	       7	       8	       5
      50	276	 98	    0.14	          8	            0	           20	       5	       5	       5	       5	       4	       3	       3	       4	       5
COST_MATRIX 
	  0	  1	  2	  3	  4	  5	  6	  7	  8	  9	 10	 11	 12	 13	 14	 15	 16	 17	 18	 19	 20	 21	 22	 23	 24	 25	 26	 27	 28	 29	 30	 31	 32	 33	 34	 35	 36	 37	 38	 39	 40	 41	 42	 43	 44	 45	 46	 47	 48	 49	 50
  0
  1	251
  2	255	 18
  3	249	  4	 16
  4	250	 11	  8	  9
  5	252	  6	 12	  5	  6
  6	243	 31	 18	 28	 21	 26
  7	205	 56	 53	 54	 51	 55	 39
  8	251	  9	 26	 12	 20	 15	 39	 61
  9	255	  9	 10	  8	  7	  4	 26	 57	 17
 10	253	  7	 11	  6	  6	  2	 26	 55	 16	  3
 11	250	  7	 12	  4	  5	  3	 25	 53	 15	  6	  4
 12	247	  5	 18	  3	 11	  7	 29	 53	 11	 11	  8	  6
 13	 26	241	243	238	239	241	230	192	241	244	242	239	237
 14	 22	249	252	247	248	250	239	201	250	253	251	248	245	  9
 15	 21	251	254	249	250	252	241	203	252	255	253	250	247	 12	  3
 16	 20	248	251	246	247	249	238	200	249	252	250	247	244	 10	  3	  4
 17	 21	250	253	248	249	251	240	202	251	254	252	249	246	 11	  2	  2	  3
 18	 23	249	251	247	247	249	239	201	250	253	251	248	245	  9	  2	  4	  4	  3
 19	 21	249	252	247	248	250	239	201	250	253	251	248	245	 10	  2	  3	  2	  2	  3
 20	 21	251	253	249	249	251	241	203	251	255	253	249	247	 11	  2	  1	  4	  1	  3	  2
 21	 28	246	248	244	244	246	235	197	247	250	247	244	242	  6	  7	  9	  9	  9	  6	  8	  9
 22	 20	249	251	246	247	249	239	201	249	253	250	247	245	 10	  3	  4	  1	  3	  4	  2	  3	  9
 23	 23	245	248	243	244	246	235	197	246	249	247	244	241	  6	  5	  7	  4	  6	  5	  5	  6	  6	  4
 24	 29	245	247	243	243	245	234	196	246	249	247	243	241	  6	  8	 10	 10	 10	  7	 10	 10	  2	 10	  7
 25	118	253	249	250	248	252	233	198	257	254	252	250	249	 93	 97	 98	 99	 98	 96	 98	 98	 91	 99	 96	 90
 26	130	312	322	312	316	315	317	284	309	319	317	314	309	156	152	150	149	150	153	150	151	158	150	152	159	248
 27	213	176	192	177	185	181	196	184	169	184	182	180	175	223	227	228	224	227	228	226	228	228	225	224	228	292	191
 28	200	 89	104	 89	 96	 94	107	 95	 83	 97	 95	 93	 87	199	206	208	204	207	206	206	207	205	205	202	204	243	233	 90
 29	 66	229	228	226	225	228	214	176	231	231	229	226	225	 40	 46	 48	 48	 48	 45	 48	 48	 40	 48	 44	 39	 57	195	240	202
 30	239	128	144	129	137	133	153	150	119	136	134	133	127	243	249	250	246	249	249	248	250	248	247	245	248	297	243	 60	 58	251
 31	 79	173	176	171	172	174	164	127	174	178	175	172	170	 68	 76	 78	 75	 77	 76	 76	 78	 73	 76	 72	 73	116	178	177	136	 67	185
 32	107	295	304	294	298	297	297	264	291	301	299	296	291	132	128	127	126	127	129	127	127	134	126	129	135	224	 24	185	219	171	233	155
 33	153	139	134	137	133	137	118	 84	144	140	138	136	136	132	141	144	142	143	141	142	143	136	142	138	135	116	261	223	150	105	208	 83	238
 34	181	223	237	223	230	227	238	217	217	231	229	226	221	196	199	199	196	198	199	197	199	201	196	196	202	279	131	 64	135	223	122	169	128	234
 35	145	184	197	184	190	188	195	170	179	192	190	187	182	156	160	161	157	160	160	159	160	162	158	157	162	233	137	 69	 99	178	109	120	125	183	 52
 36	236	 18	 32	 18	 25	 22	 39	 51	 15	 26	 23	 21	 15	227	235	238	234	237	235	236	237	232	235	231	232	245	295	161	 72	217	115	160	278	133	206	167
 37	 79	177	183	176	178	179	174	138	176	183	180	177	174	 79	 85	 86	 83	 85	 85	 84	 86	 84	 83	 81	 84	146	151	148	123	 92	165	 35	129	113	135	 87	162
 38	174	114	108	111	108	112	 91	 59	119	114	112	110	111	155	164	166	164	165	163	165	166	159	164	160	158	142	274	215	136	130	194	 99	252	 28	234	183	109	124
 39	 44	223	224	220	221	223	211	173	224	226	224	221	219	 21	 30	 32	 30	 31	 29	 31	 32	 25	 30	 26	 24	 85	169	217	186	 28	232	 51	145	112	196	153	209	 69	135
 40	 44	208	212	206	207	209	200	162	208	212	210	207	204	 38	 44	 46	 43	 45	 45	 44	 46	 43	 43	 41	 43	113	151	188	162	 56	206	 36	127	115	167	123	193	 42	133	 30
 41	189	 94	108	 94	100	 98	109	 93	 88	102	 99	 97	 91	187	194	196	193	195	195	194	196	193	193	191	193	233	224	 91	 12	190	 67	125	209	142	130	 92	 77	111	130	174	150
 42	 65	187	191	185	186	188	179	141	188	192	189	186	183	 55	 63	 65	 62	 64	 63	 63	 65	 61	 62	 59	 60	114	166	180	145	 61	192	 15	143	 97	166	119	173	 32	113	 41	 22	134
 43	182	 95	 89	 92	 88	 93	 73	 39	100	 95	 93	 91	 91	165	174	176	174	176	174	175	176	169	174	170	168	160	275	202	120	144	177	104	253	 46	225	176	 89	125	 20	145	140	114	119
 44	198	 76	 70	 73	 69	 74	 53	 22	 82	 76	 74	 72	 73	182	191	194	191	193	191	192	193	187	191	187	186	180	285	198	112	162	168	120	264	 65	227	179	 72	136	 39	163	155	109	134	 20
 45	234	143	159	144	152	148	167	161	134	151	149	148	142	239	245	246	243	245	245	244	246	245	243	242	245	298	230	 44	 67	251	 17	185	221	214	106	 99	129	162	202	230	203	 73	191	186	179
 46	232	 28	 43	 28	 36	 32	 50	 57	 22	 36	 34	 32	 26	224	232	234	231	233	232	232	234	229	231	228	229	246	287	149	 62	216	104	157	270	136	196	157	 12	156	113	207	190	 67	170	 94	 78	118
 47	135	163	175	163	168	167	172	145	159	171	168	165	160	142	147	148	144	147	147	146	147	147	145	143	148	212	151	 82	 83	159	107	 97	136	156	 79	 28	146	 67	156	135	107	 74	 99	149	152	100	137
 48	111	240	251	239	244	243	246	215	236	247	244	242	237	130	131	130	128	130	131	129	130	135	128	129	135	220	 74	127	160	163	173	125	 61	204	 77	 65	223	 92	213	136	109	151	117	211	219	162	214	 78
 49	129	132	140	130	134	134	134	102	129	138	135	132	128	127	134	136	132	135	134	134	135	133	133	130	132	179	184	117	 73	132	119	 66	165	110	126	 75	115	 51	109	114	 90	 61	 74	102	107	120	109	 48	114
 50	 49	216	222	214	217	218	213	177	214	221	219	216	212	 61	 64	 64	 61	 63	 64	 63	 64	 66	 61	 61	 66	147	119	165	156	 90	192	 60	 96	143	136	 97	200	 39	158	 63	 36	145	 48	161	174	186	194	 86	 74	 87
