nVehicles:  22
nDepots:     1
nCustomers: 25
nPeriods:    9
VEHICLE_TYPE	FLEET_SIZE	CAPACITY
           1	        22	       8	
DEPOT   	X  	Y  	INV_COST	INITIAL_INV 	MIN_LEVEL_INV 	MAX_LEVEL_INV	PRODUCTION_0	PRODUCTION_1	PRODUCTION_2	PRODUCTION_3	PRODUCTION_4	PRODUCTION_5	PRODUCTION_6	PRODUCTION_7	PRODUCTION_8
       0	476	111	       0	        239	            0	         1414	         158	         158	         158	         158	         158	         158	         158	         158	         158	
CUSTOMER	X  	Y  	INV_COST	INITIAL_INV	MIN_LEVEL_INV 	MAX_LEVEL_INV	DEMAND_0	DEMAND_1	DEMAND_2	DEMAND_3	DEMAND_4	DEMAND_5	DEMAND_6	DEMAND_7	DEMAND_8
       1	230	170	    0.14	          1	            0	           53	       5	       5	       7	       9	      10	       7	       5	       7	      10
       2	311	201	    0.24	          9	            0	           17	       5	       4	       5	       8	       7	       8	       5	       4	       5
       3	261	212	    0.01	          1	            0	           20	       4	       3	       4	       5	       6	       3	       4	       4	       5
       4	314	200	    0.23	          1	            0	           37	       4	       5	       4	       5	       7	       7	       5	       5	       5
       5	288	223	    0.25	          1	            0	           27	       0	       0	       0	       2	       1	       3	       1	       4	       7
       6	265	206	    0.18	          9	            0	           33	       9	       6	       7	      11	      11	       7	       6	       9	      10
       7	273	233	    0.05	          9	            0	           47	       6	       5	       5	       6	       9	       9	      10	       8	       7
       8	269	223	    0.04	          3	            0	           30	       5	       3	       3	       4	       5	       5	       5	       4	       4
       9	269	212	    0.01	          4	            0	           67	       5	       4	       3	       7	       8	       7	       7	       8	       5
      10	267	202	    0.15	         11	            0	           38	       6	       5	       8	      12	      10	       6	       6	       7	      11
      11	277	208	    0.24	          1	            0	           53	       7	       6	       7	       8	      10	       8	       5	       5	       8
      12	268	225	    0.29	          2	            0	           13	       5	       3	       3	       4	       5	       5	       6	       4	       4
      13	170	 38	    0.15	          5	            0	           57	       9	       6	       7	       9	      10	      10	       8	       7	      10
      14	476	 55	    0.04	          1	            0	           39	       4	       4	       3	       5	       5	       6	       6	       7	       6
      15	417	371	    0.18	          7	            0	           20	       5	       4	       5	       7	       9	       6	       5	       5	       8
      16	260	252	    0.21	          4	            0	           25	       4	       3	       4	       6	       5	       4	       3	       4	       7
      17	258	433	    0.11	          8	            0	           53	       6	       5	       6	       8	       9	       6	       6	       5	       6
      18	255	 65	    0.02	          4	            0	           10	       3	       3	       4	       5	       5	       5	       3	       3	       4
      19	226	401	    0.27	          5	            0	           20	       4	       3	       5	       6	       5	       4	       3	       4	       6
      20	 34	259	    0.26	          1	            0	           40	       5	       4	       6	       7	       7	       9	       6	       5	       5
      21	393	 48	    0.14	          1	            0	           25	       4	       4	       4	       7	       7	       5	       4	       5	       8
      22	273	292	    0.17	          5	            0	           11	       5	       4	       5	       6	       8	       7	       5	       4	       5
      23	193	433	    0.24	          9	            0	           52	       6	       3	       6	       7	       8	       6	       6	       8	       8
      24	137	103	    0.23	          7	            0	           29	       5	       4	       6	       5	       6	       6	       4	       5	       6
      25	190	211	     0.2	          6	            0	           48	       5	       4	       5	       6	       7	       8	       7	       5	       5
COST_MATRIX 
	  0	  1	  2	  3	  4	  5	  6	  7	  8	  9	 10	 11	 12	 13	 14	 15	 16	 17	 18	 19	 20	 21	 22	 23	 24	 25
  0
  1	127
  2	 94	 44
  3	119	 27	 26
  4	 93	 45	  2	 28
  5	110	 40	 16	 15	 18
  6	116	 26	 24	  4	 25	 15
  7	119	 39	 25	 13	 27	 10	 15
  8	118	 33	 24	  7	 26	 10	  9	  6
  9	116	 29	 22	  5	 24	 11	  4	 11	  6
 10	114	 25	 23	  6	 24	 15	  3	 16	 11	  6
 11	111	 31	 18	  9	 19	 10	  7	 13	  9	  5	  6
 12	119	 34	 25	  8	 27	 11	 10	  5	  2	  7	 12	 10
 13	158	 73	108	 99	109	110	 97	111	105	101	 96	101	106
 14	 29	136	111	134	109	127	130	135	134	130	128	126	135	154
 15	134	138	101	112	100	 99	113	100	105	109	113	108	105	208	161
 16	129	 44	 37	 21	 38	 21	 24	 12	 16	 21	 26	 24	 15	117	147	 99
 17	195	133	119	111	120	107	114	101	106	111	116	113	105	203	219	 86	 91
 18	113	 54	 74	 74	 74	 81	 71	 85	 80	 74	 69	 73	 81	 45	111	174	 94	185
 19	192	116	109	 97	110	 95	100	 88	 92	 97	102	100	 91	184	214	 97	 77	 23	169
 20	234	108	142	116	144	129	119	121	119	120	120	125	119	130	244	200	114	142	148	120
 21	 53	102	 87	106	 86	103	102	111	108	103	100	 99	109	112	 42	162	122	204	 70	196	209
 22	136	 65	 50	 41	 51	 36	 44	 30	 35	 41	 46	 43	 34	138	157	 83	 22	 71	114	 60	121	136
 23	215	133	131	116	132	116	120	108	112	117	122	121	111	198	237	117	 97	 33	187	 23	118	217	 82
 24	170	 58	100	 83	101	 97	 83	 95	 90	 86	 82	 88	 90	 37	172	194	 97	176	 62	156	 94	131	117	168
 25	152	 29	 61	 36	 63	 50	 38	 43	 40	 40	 39	 44	 40	 88	163	139	 41	117	 80	 97	 82	131	 58	112	 61
