nVehicles:   18
nDepots:      1
nCustomers: 100
nPeriods:     6
VEHICLE_TYPE	FLEET_SIZE	CAPACITY
           4	        18	      38	
DEPOT   	X  	Y  	INV_COST	INITIAL_INV 	MIN_LEVEL_INV 	MAX_LEVEL_INV	PRODUCTION_0	PRODUCTION_1	PRODUCTION_2	PRODUCTION_3	PRODUCTION_4	PRODUCTION_5
       0	313	217	       0	       1010	            0	         3958	         666	         666	         666	         666	         666	         666	
CUSTOMER	X  	Y  	INV_COST	INITIAL_INV	MIN_LEVEL_INV 	MAX_LEVEL_INV	DEMAND_0	DEMAND_1	DEMAND_2	DEMAND_3	DEMAND_4	DEMAND_5
       1	118	231	     0.2	          1	            0	           19	       5	       8	      11	      11	       9	       8
       2	118	215	    0.02	         10	            0	           22	       5	       8	       8	      11	      11	       7
       3	122	251	    0.13	          9	            0	           46	       7	       8	      10	      10	       8	       8
       4	127	240	    0.06	          9	            0	           23	       5	       6	       7	       8	       7	       6
       5	128	235	    0.17	          8	            0	           21	       4	       4	       7	       6	       5	       3
       6	 85	225	    0.07	          4	            0	           22	       3	       3	       4	       6	       5	       5
       7	151	223	    0.02	          2	            0	           28	       5	       5	       8	       9	       5	       5
       8	128	237	     0.2	          1	            0	           12	       3	       4	       6	       5	       4	       4
       9	158	226	    0.18	          1	            0	           38	       6	       7	      11	      12	      11	      14
      10	 75	250	    0.26	         14	            0	           44	       7	       8	       9	      10	       7	       6
      11	123	240	    0.05	          6	            0	           24	       6	      10	      10	      10	       9	       7
      12	163	237	    0.08	          2	            0	           19	       4	       4	       6	       7	       6	       6
      13	127	262	    0.07	          6	            0	            8	       3	       4	       6	       5	       4	       3
      14	125	239	       0	          6	            0	           12	       3	       5	       6	       6	       4	       3
      15	138	234	    0.28	          4	            0	           16	       5	       6	       8	       7	       7	       7
      16	138	232	    0.07	          6	            0	           10	       4	       5	       6	       7	       8	       7
      17	315	126	    0.23	         14	            0	           29	       6	       9	       9	      13	       7	       6
      18	283	128	    0.13	          7	            0	           31	       4	       4	       5	       8	       6	       5
      19	356	120	    0.19	          8	            0	           24	       4	       4	       5	       6	       6	       5
      20	308	129	    0.18	          6	            0	           27	       4	       5	       6	       8	       9	       6
      21	308	133	     0.1	          4	            0	           16	       5	       6	       7	       8	       8	       7
      22	297	131	     0.2	          3	            0	           21	       3	       3	       4	       6	       6	       5
      23	303	127	    0.04	          4	            0	           21	       6	       7	      11	      11	      12	       8
      24	266	 81	     0.1	          2	            0	           33	       4	       7	       8	       9	       7	       5
      25	268	245	    0.25	          5	            0	           11	       6	       6	       8	      11	       8	       6
      26	318	135	    0.17	          6	            0	           55	       8	       9	       9	      11	      14	      13
      27	255	 97	    0.15	          9	            0	           37	       7	       7	      12	      13	      12	       9
      28	323	148	    0.04	          3	            0	           25	       4	       4	       7	       7	       6	       6
      29	323	140	     0.3	          6	            0	           26	       3	       4	       5	       5	       5	       5
      30	304	128	    0.06	          7	            0	            9	       4	       4	       7	       7	       4	       4
      31	306	121	    0.11	          7	            0	           20	       3	       4	       6	       5	       5	       4
      32	311	127	    0.11	          7	            0	           24	       3	       4	       5	       6	       5	       3
      33	198	463	    0.26	          5	            0	           36	       5	       6	       8	       8	       7	       5
      34	214	473	    0.19	          1	            0	           34	       7	       7	       8	      11	      10	       9
      35	209	462	    0.12	          3	            0	           22	       3	       4	       5	       6	       3	       3
      36	186	465	    0.01	          6	            0	           33	       4	       4	       6	       8	       7	       7
      37	196	465	       0	          2	            0	           37	       5	       6	       9	       8	      10	       8
      38	149	500	    0.24	          3	            0	            9	       4	       6	       5	       7	       7	       5
      39	198	457	    0.24	          1	            0	            8	       3	       4	       5	       5	       4	       4
      40	209	486	    0.23	          1	            0	           22	       4	       5	       5	       6	       5	       4
      41	196	406	    0.02	          6	            0	           22	       4	       4	       6	       6	       6	       6
      42	198	459	    0.13	          6	            0	           36	       6	       6	       7	      11	       8	       8
      43	195	457	     0.2	         10	            0	           19	       4	       6	       7	       7	       5	       5
      44	197	458	    0.19	          8	            0	           33	       6	       5	       7	       8	       6	       4
      45	191	455	    0.28	          8	            0	           45	       6	       9	      11	      10	       7	       6
      46	209	460	    0.15	          3	            0	            8	       4	       4	       7	       6	       7	       5
      47	205	449	    0.19	          4	            0	           15	       6	       6	       9	      13	       9	       6
      48	196	460	    0.09	          2	            0	           40	       6	       7	       7	       9	      10	       9
      49	  0	  0	    0.01	          4	            0	           15	       3	       3	       5	       5	       6	       5
      50	  0	  0	    0.09	          7	            0	           48	       6	       7	       9	      12	       9	      11
      51	221	 64	    0.27	         15	            0	           49	       7	       8	       7	       8	       9	      12
      52	309	415	    0.06	          6	            0	           24	       4	       6	       9	       9	       6	       4
      53	402	373	    0.06	          2	            0	           20	       5	       5	       7	       8	       5	       4
      54	124	441	    0.14	          1	            0	           30	       4	       6	       9	       7	       6	       5
      55	245	262	     0.2	          1	            0	           30	       5	       8	       7	       9	      12	       9
      56	423	 31	    0.14	          3	            0	           27	       4	       4	       7	       6	       3	       4
      57	306	268	    0.19	          1	            0	           28	       5	       8	       8	      10	      10	      11
      58	318	102	    0.07	          2	            0	           33	       5	       7	      10	      10	      10	       6
      59	407	307	    0.19	          6	            0	            6	       4	       4	       6	       6	       4	       3
      60	481	 12	    0.22	          4	            0	           17	       3	       3	       6	       6	       5	       3
      61	136	130	    0.08	          2	            0	           25	       8	       8	      11	      13	      10	       7
      62	114	309	    0.02	          2	            0	           26	       3	       4	       5	       5	       5	       5
      63	 84	 56	    0.02	          9	            0	           20	       4	       5	       6	       7	       6	       4
      64	290	293	    0.14	          7	            0	           17	       5	       7	      10	       8	       6	       5
      65	496	152	    0.22	          6	            0	            9	       4	       4	       4	       6	       5	       5
      66	 54	345	    0.02	         10	            0	           30	       6	       6	       9	      10	       8	       6
      67	208	248	    0.06	          6	            0	           23	       3	       4	       6	       6	       4	       4
      68	491	212	    0.23	         10	            0	           34	       5	       6	       9	       7	       6	       5
      69	131	114	    0.13	          1	            0	           27	       4	       4	       6	       6	       7	       8
      70	439	458	    0.29	          8	            0	           14	       5	       6	       8	       8	       5	       5
      71	222	204	    0.24	          1	            0	           51	       7	       6	       9	       9	      10	      11
      72	495	 52	    0.11	          5	            0	           29	       5	       6	       6	      10	      10	      10
      73	269	479	    0.26	          9	            0	           14	       5	       6	       7	       9	       9	       5
      74	238	423	    0.02	          9	            0	           13	       6	       6	       7	      10	       9	       8
      75	418	366	    0.05	          1	            0	           33	       6	       7	       6	       9	       8	       8
      76	159	498	    0.24	          1	            0	           37	       5	       8	      11	      11	       7	       5
      77	486	196	    0.07	          4	            0	           52	       7	       8	      12	      14	      12	       6
      78	462	133	    0.18	          4	            0	           14	       3	       4	       5	       6	       3	       4
      79	158	 22	    0.29	          6	            0	           33	       7	       7	       8	      10	      11	       9
      80	146	392	    0.24	          1	            0	           16	       3	       4	       5	       6	       5	       5
      81	 37	425	    0.13	          8	            0	           12	       4	       5	       6	       6	       4	       4
      82	147	458	     0.1	          1	            0	           47	       7	       9	      12	      10	      12	       9
      83	102	307	    0.26	          6	            0	           36	       5	       5	       6	       7	       8	       8
      84	 98	330	    0.08	          7	            0	           29	       4	       5	       7	       6	       5	       4
      85	292	100	     0.2	          3	            0	           41	       7	       7	      11	      11	      10	       7
      86	278	299	    0.25	          6	            0	           47	       6	      10	      11	      12	       8	       6
      87	352	448	    0.03	          6	            0	           19	       6	       9	       9	       9	       8	       7
      88	382	 40	    0.24	          8	            0	           16	       4	       4	       5	       5	       6	       6
      89	315	 75	    0.26	          4	            0	           18	       5	       6	       7	       9	       5	       4
      90	262	 67	    0.17	          9	            0	           18	       5	       7	      10	       8	       9	       6
      91	336	397	    0.19	         13	            0	           34	       6	       9	      11	      14	       9	       8
      92	418	397	    0.29	          1	            0	            8	       4	       6	       7	       6	       4	       5
      93	328	351	    0.24	          7	            0	           30	       6	       8	      10	      10	       9	       8
      94	316	230	    0.29	          3	            0	           37	       5	       5	       9	       8	       6	       4
      95	449	425	    0.21	          9	            0	           39	       5	       5	       7	      11	       8	       7
      96	158	229	       0	         14	            0	           32	       8	       9	      11	      11	       8	       8
      97	 20	440	    0.16	          7	            0	           27	       4	       5	       8	       7	       5	       3
      98	 60	147	     0.1	          4	            0	           16	       6	       6	       8	      10	       6	       5
      99	162	155	    0.11	          2	            0	            9	       4	       5	       5	       7	       6	       7
     100	175	292	    0.28	         11	            0	           22	       5	       6	       8	       8	       6	       5
COST_MATRIX 
	  0	  1	  2	  3	  4	  5	  6	  7	  8	  9	 10	 11	 12	 13	 14	 15	 16	 17	 18	 19	 20	 21	 22	 23	 24	 25	 26	 27	 28	 29	 30	 31	 32	 33	 34	 35	 36	 37	 38	 39	 40	 41	 42	 43	 44	 45	 46	 47	 48	 49	 50	 51	 52	 53	 54	 55	 56	 57	 58	 59	 60	 61	 62	 63	 64	 65	 66	 67	 68	 69	 70	 71	 72	 73	 74	 75	 76	 77	 78	 79	 80	 81	 82	 83	 84	 85	 86	 87	 88	 89	 90	 91	 92	 93	 94	 95	 96	 97	 98	 99	100
  0
  1	 98
  2	 98	  9
  3	 98	 11	 19
  4	 94	  7	 14	  7
  5	 93	  6	 12	  9	  3
  6	115	 17	 18	 23	 23	 23
  7	 82	 17	 17	 21	 15	 13	 34
  8	 94	  6	 13	  8	  2	  2	 23	 14
  9	 78	 21	 21	 22	 18	 16	 37	  4	 16
 10	121	 24	 28	 24	 27	 28	 14	 41	 28	 44
 11	 96	  6	 13	  6	  3	  4	 21	 17	  3	 19	 25
 12	 76	 23	 26	 22	 19	 18	 40	 10	 18	  7	 45	 21
 13	 96	 17	 24	  7	 12	 14	 28	 23	 13	 24	 27	 12	 22
 14	 95	  6	 13	  7	  2	  3	 22	 16	  2	 18	 26	  2	 20	 12
 15	 88	 11	 14	 12	  7	  6	 27	  9	  6	 11	 33	  9	 13	 16	  7
 16	 88	 11	 14	 13	  7	  6	 27	  8	  6	 11	 33	  9	 13	 16	  8	  2
 17	 46	112	109	115	110	109	126	 96	109	 94	136	112	 95	117	111	104	104
 18	 47	 98	 94	102	 97	 95	111	 82	 95	 80	121	 98	 82	103	 97	 90	 90	 17
 19	 54	132	129	135	130	128	146	115	129	113	155	132	113	135	130	124	123	 21	 37
 20	 45	108	105	112	107	105	122	 92	105	 90	132	108	 91	113	107	100	100	  4	 13	 25
 21	 43	107	104	111	106	104	121	 91	104	 89	131	107	 90	112	106	 99	 99	  5	 13	 25	  3
 22	 44	103	 99	107	101	100	116	 87	100	 85	126	103	 86	108	102	 95	 95	 10	  8	 31	  6	  6
 23	 46	107	103	110	105	103	120	 90	104	 88	130	107	 90	111	106	 99	 98	  7	 11	 27	  3	  4	  4
 24	 72	106	100	112	106	104	116	 92	105	 91	128	107	 94	115	106	100	 99	 34	 25	 50	 32	 34	 30	 30
 25	 27	 76	 77	 74	 71	 71	 93	 60	 71	 56	 97	 73	 53	 72	 72	 66	 66	 64	 59	 77	 62	 60	 59	 62	 83
 26	 42	111	108	114	109	108	125	 95	108	 93	135	111	 93	115	110	103	103	  5	 18	 21	  6	  6	 11	  9	 38	 61
 27	 67	 96	 91	102	 96	 94	107	 82	 95	 81	119	 98	 84	105	 97	 91	 90	 34	 21	 52	 31	 33	 28	 29	 10	 75	 37
 28	 35	111	108	113	109	107	126	 94	108	 92	135	111	 92	114	109	103	102	 12	 23	 22	 13	 11	 16	 15	 44	 56	  7	 43
 29	 39	113	110	115	111	109	127	 96	109	 94	136	112	 94	116	111	104	104	  9	 21	 20	 10	  9	 14	 12	 42	 60	  4	 41	  5
 30	 45	107	103	110	105	103	120	 91	104	 88	130	107	 90	112	106	 99	 98	  6	 11	 27	  3	  4	  4	  1	 31	 62	  8	 29	 14	 12
 31	 49	109	106	113	108	106	123	 93	107	 91	133	110	 93	114	109	102	101	  6	 13	 26	  5	  7	  7	  4	 29	 65	 10	 29	 16	 13	  4
 32	 46	110	107	114	108	107	124	 94	107	 92	134	110	 93	115	109	102	102	  3	 15	 23	  2	  4	  8	  5	 33	 63	  6	 32	 13	  9	  4	  4
 33	136	123	131	113	118	120	132	123	119	121	123	118	115	107	118	119	120	179	173	189	176	174	174	177	195	115	175	186	170	174	176	180	178
 34	138	131	138	121	125	127	140	129	126	127	132	126	121	115	126	126	127	181	176	191	179	177	176	179	198	118	177	190	172	176	179	182	180	 10
 35	134	125	132	115	119	121	134	123	120	121	126	120	115	109	120	120	121	177	172	187	174	172	172	174	193	113	173	184	168	171	174	178	176	  6	  7
 36	140	122	130	112	117	119	131	123	118	121	121	117	115	106	118	118	119	182	176	193	179	177	176	179	197	118	178	188	173	177	179	183	181	  7	 15	 12
 37	138	124	131	114	118	120	133	124	119	122	124	119	116	108	119	120	121	180	175	191	178	176	175	178	196	116	176	187	171	175	177	181	179	  2	 10	  7	  6
 38	164	136	144	126	131	133	142	139	132	138	131	131	132	120	132	134	135	205	198	217	202	200	199	202	218	141	202	209	197	200	202	206	204	 31	 36	 36	 26	 30
 39	134	120	128	110	115	117	130	120	116	118	121	115	112	104	115	116	117	176	170	187	173	172	171	174	192	112	172	183	167	171	173	177	175	  4	 12	  7	  8	  5	 33
 40	145	136	143	126	130	132	145	135	131	133	136	131	127	120	131	131	132	188	183	198	186	184	183	186	205	125	184	196	179	183	186	189	187	 13	  7	 13	 16	 13	 31	 16
 41	112	 96	104	 86	 90	 93	107	 95	 92	 92	 99	 91	 87	 80	 91	 91	 92	153	146	164	150	148	147	150	167	 89	149	158	144	148	150	153	151	 29	 35	 29	 30	 30	 53	 26	 41
 42	134	121	129	111	116	118	130	121	117	119	122	116	113	105	116	117	118	177	171	188	174	173	172	175	193	113	173	184	168	172	174	178	176	  3	 11	  6	  7	  4	 32	  2	 15	 27
 43	134	120	127	110	114	116	129	120	115	117	120	115	112	104	115	116	117	177	171	187	174	172	171	174	192	113	173	183	168	171	174	177	175	  4	 13	  8	  7	  5	 32	  2	 17	 26	  2
 44	134	121	128	111	115	117	130	120	116	118	121	116	112	105	116	116	117	177	171	187	174	172	171	174	192	113	173	183	168	172	174	178	176	  3	 12	  7	  7	  4	 32	  1	 16	 27	  1	  2
 45	134	118	126	108	113	115	127	118	114	116	118	113	110	102	113	114	115	176	170	187	174	172	171	174	191	112	173	182	168	171	173	177	175	  6	 15	 10	  6	  6	 31	  4	 18	 25	  5	  3	  4
 46	133	124	131	114	118	120	133	122	119	120	125	119	114	108	119	119	120	176	171	186	173	171	171	174	192	112	172	183	167	170	173	177	175	  6	  7	  2	 12	  7	 37	  6	 14	 28	  6	  8	  7	 10
 47	128	118	125	108	112	114	128	117	113	114	119	113	109	102	113	113	114	171	166	181	169	167	166	169	187	107	167	178	162	166	168	172	170	  8	 13	  7	 13	 10	 38	  6	 19	 22	  7	  7	  7	  8	  6
 48	135	121	129	111	116	118	130	121	117	119	122	116	113	105	117	117	118	178	172	188	175	173	173	175	193	114	174	184	169	173	175	179	177	  2	 12	  7	  6	  3	 31	  2	 15	 28	  2	  2	  2	  4	  7	  8
 49	191	130	123	140	136	134	121	135	135	138	131	135	144	146	135	136	135	170	156	188	167	168	163	165	140	182	173	137	178	177	165	165	168	252	260	254	251	253	261	250	265	226	250	249	250	247	253	247	251
 50	191	130	123	140	136	134	121	135	135	138	131	135	144	146	135	136	135	170	156	188	167	168	163	165	140	182	173	137	178	177	165	165	168	252	260	254	251	253	261	250	265	226	250	249	250	247	253	247	251	  1
 51	 90	 99	 92	106	100	 98	106	 87	 99	 87	119	101	 92	110	100	 95	 94	 57	 45	 74	 55	 56	 51	 52	 25	 94	 61	 24	 67	 64	 53	 52	 55	200	205	200	202	201	221	197	212	172	198	197	198	197	199	193	199	116	116
 52	100	133	139	125	127	128	147	125	127	121	144	128	116	119	128	125	126	145	145	150	144	142	143	145	169	 88	141	162	134	138	144	148	145	 61	 56	 56	 67	 62	 91	 60	 62	 57	 60	 61	 60	 63	 55	 55	 61	259	259	181
 53	 90	159	163	153	153	154	175	147	153	143	175	155	138	149	154	150	150	131	137	129	131	129	132	133	162	 93	127	157	120	124	132	135	132	112	107	107	118	113	142	111	112	105	111	112	111	114	106	106	112	275	275	180	 52
 54	147	106	114	 96	101	104	110	110	103	109	 99	101	104	 90	102	104	105	185	176	199	182	180	178	181	194	122	182	185	178	181	181	185	183	 39	 48	 44	 34	 38	 33	 38	 49	 41	 39	 37	 38	 35	 44	 41	 38	230	230	195	 94	144
 55	 41	 66	 68	 62	 61	 61	 83	 51	 60	 48	 86	 62	 43	 60	 62	 56	 56	 77	 70	 91	 74	 72	 71	 74	 92	 15	 74	 83	 70	 73	 74	 77	 76	104	107	102	106	105	129	101	114	 77	102	101	101	101	101	 96	102	180	180	100	 83	 97	109
 56	109	183	179	187	182	180	195	167	180	165	206	183	166	188	182	175	175	 72	 86	 56	 76	 77	 81	 77	 83	133	 74	 91	 77	 74	 77	 74	 74	244	245	241	248	245	272	241	252	220	242	242	242	242	240	236	243	213	213	103	201	172	254	146
 57	 26	 96	 98	 93	 91	 91	113	 81	 91	 77	116	 93	 74	 90	 92	 86	 86	 72	 71	 79	 70	 68	 69	 71	 96	 23	 67	 90	 61	 65	 71	 74	 71	112	113	109	116	113	141	109	120	 89	110	110	110	110	108	104	111	204	204	111	 74	 72	126	 31	133
 58	 58	119	115	124	118	116	132	104	117	102	143	120	103	125	119	112	112	 13	 22	 22	 15	 17	 18	 15	 29	 76	 17	 32	 24	 20	 15	 12	 13	191	193	189	194	192	217	188	200	164	189	188	189	188	188	183	190	167	167	 53	157	142	196	 88	 64	 84
 59	 66	150	152	146	144	145	167	135	144	131	169	146	127	142	146	140	140	102	109	 97	102	101	104	104	134	 77	 97	130	 90	 94	104	106	103	131	128	126	136	132	162	129	134	117	130	130	130	131	126	124	131	255	255	154	 73	 34	157	 85	139	 55	112
 60	133	212	208	216	211	209	225	196	210	194	236	213	195	217	212	205	204	101	115	 83	105	106	110	106	113	158	103	121	105	102	106	104	103	267	267	263	271	268	296	264	274	244	265	265	265	265	263	259	266	241	241	133	220	185	280	172	 31	156	 94	153
 61	 99	 52	 44	 61	 56	 53	 54	 48	 54	 50	 68	 56	 56	 67	 55	 53	 52	 90	 74	111	 87	 87	 81	 84	 70	 88	 92	 62	 94	 94	 85	 86	 88	170	176	170	170	171	186	167	182	142	168	167	167	165	169	164	168	 95	 95	 54	167	181	156	 86	152	110	 93	162	183
 62	110	 40	 48	 30	 36	 38	 45	 47	 37	 47	 36	 35	 44	 25	 36	 40	 41	136	124	154	133	131	128	132	138	 84	135	128	132	135	132	135	135	 88	 97	 91	 86	 89	 98	 86	101	 64	 86	 85	 86	 83	 90	 84	 86	165	165	134	111	148	 67	 70	208	 99	146	147	237	 91
 63	140	 90	 82	100	 95	 93	 85	 90	 94	 93	 98	 95	 99	106	 94	 94	 93	121	106	140	118	119	113	116	 92	132	124	 88	129	127	116	116	119	212	219	213	211	213	225	209	224	184	210	209	209	207	212	206	210	 51	 51	 69	212	225	194	131	170	154	120	205	200	 46	128
 64	 40	 92	 95	 87	 86	 87	108	 78	 86	 75	110	 88	 70	 83	 87	 82	 82	 85	 83	 93	 83	 81	 82	 84	107	 27	 81	100	 75	 79	 83	 87	 84	 97	 98	 94	101	 99	126	 95	105	 74	 95	 95	 95	 95	 93	 89	 96	207	207	120	 62	 69	112	 28	147	 15	 97	 59	170	113	 89	158
 65	 98	194	192	194	190	189	209	177	189	174	217	192	172	193	191	184	184	 92	108	 72	 95	 95	101	 98	121	124	 90	124	 87	 87	 97	 97	 94	216	214	212	221	217	246	214	221	197	214	215	214	215	211	208	215	260	260	145	162	121	236	138	 71	112	 93	 90	 71	181	207	212	125
 66	145	 66	 73	 59	 64	 67	 62	 78	 66	 80	 49	 63	 77	 56	 64	 70	 71	171	158	189	167	166	162	166	170	119	169	160	167	170	166	169	169	 94	103	 98	 90	 93	 91	 92	105	 78	 92	 91	 92	 88	 97	 92	 92	175	175	164	133	175	 60	105	243	132	180	178	271	116	 35	146	121	242
 67	 55	 46	 48	 44	 41	 41	 63	 32	 41	 28	 67	 43	 24	 42	 42	 36	 36	 82	 71	 98	 78	 77	 74	 77	 89	 31	 79	 80	 77	 79	 77	 81	 80	108	113	108	110	109	130	105	120	 80	106	105	106	104	107	101	107	162	162	 93	 98	116	106	 20	153	 51	 92	104	181	 70	 57	115	 47	152	 92
 68	 90	187	187	186	183	182	204	171	182	167	209	185	165	184	184	177	177	 98	113	 82	101	100	106	104	131	113	 95	132	 90	 92	103	104	100	193	191	189	199	195	224	191	197	177	192	193	192	194	188	186	193	268	268	154	137	 92	217	126	 97	 97	103	 64	101	183	195	218	109	 31	229	143
 69	105	 59	 51	 69	 64	 61	 61	 56	 62	 58	 74	 64	 64	 75	 63	 61	 60	 93	 77	113	 89	 90	 84	 87	 70	 95	 95	 63	 98	 97	 87	 88	 91	178	185	179	178	179	194	175	191	150	176	175	176	174	178	172	177	 87	 87	 52	175	188	164	 94	152	117	 94	169	183	  9	 98	 38	120	184	122	 78	187
 70	136	197	202	190	191	192	212	186	191	183	210	192	177	185	192	188	189	178	183	175	178	176	179	179	208	137	173	203	166	170	179	182	178	121	113	116	127	122	147	121	116	125	121	123	122	125	116	118	122	318	318	226	 69	 47	158	138	214	116	189	 78	224	224	179	269	112	156	201	157	126	231
 71	 46	 54	 53	 56	 51	 50	 70	 37	 50	 34	 78	 53	 34	 56	 52	 45	 45	 61	 49	 80	 58	 56	 53	 56	 66	 31	 60	 56	 58	 60	 56	 60	 59	131	135	130	132	132	153	128	142	102	129	128	128	127	129	123	129	151	151	 71	115	124	129	 32	133	 53	 71	106	162	 57	 76	102	 57	140	110	 24	135	 64	168
 72	123	209	206	212	207	206	223	193	206	190	233	209	191	212	208	201	200	 98	113	 78	102	102	107	104	116	149	 98	123	 99	 97	103	101	100	254	254	250	258	255	284	252	260	232	252	253	252	253	250	246	253	249	249	138	204	168	269	164	 38	144	 92	135	 22	184	230	206	159	 51	265	174	 81	185	205	157
 73	133	146	153	136	140	141	157	141	141	139	151	141	133	130	140	139	140	178	176	185	177	175	175	177	200	118	174	192	168	172	177	180	178	 37	 28	 32	 43	 38	 61	 38	 31	 52	 37	 39	 38	 41	 32	 36	 38	275	275	209	 38	 86	 75	110	237	108	191	111	257	187	116	231	 94	200	127	120	174	196	 86	140	242
 74	110	114	121	104	108	109	126	110	109	107	119	109	101	 98	108	107	108	154	150	163	152	150	149	152	172	 91	150	164	144	148	152	155	153	 29	 28	 25	 34	 30	 59	 27	 35	 23	 27	 28	 27	 29	 24	 22	 28	243	243	180	 36	 86	 58	 81	217	 85	166	103	239	156	 85	200	 71	188	100	 89	165	164	103	110	226	 33
 75	 92	165	168	159	159	160	181	152	159	148	182	161	143	155	160	155	156	131	137	127	131	129	133	133	162	 97	126	158	119	123	132	135	131	121	116	115	127	122	151	120	121	113	120	121	120	122	115	115	121	278	278	181	 60	  9	152	101	168	 75	142	 31	180	184	155	228	 74	114	183	121	 86	191	 48	128	162	 94	 95
 76	161	136	143	125	130	133	142	138	132	137	131	131	131	120	131	133	134	202	196	214	199	198	197	199	216	138	199	207	194	197	199	203	201	 27	 31	 31	 22	 25	  6	 29	 26	 50	 28	 28	 28	 27	 32	 34	 27	262	262	220	 86	137	 34	126	269	137	214	157	292	185	 98	225	122	242	 93	128	220	193	142	151	280	 56	 55	146
 77	 88	185	185	185	181	181	202	169	181	165	208	183	163	183	182	176	175	 93	108	 76	 96	 95	100	 98	125	112	 90	126	 85	 87	 98	 98	 95	197	195	193	202	198	227	195	201	180	196	196	196	197	192	190	197	263	263	149	141	 98	219	125	 89	 97	 97	 69	 93	179	195	213	110	 23	229	142	  9	183	134	133	 73	179	169	 92	223
 78	 86	179	177	180	176	175	195	162	175	159	203	178	159	180	177	170	170	 74	 90	 54	 78	 78	 83	 80	102	113	 73	106	 70	 70	 80	 79	 76	212	211	208	216	213	242	209	218	191	210	210	210	211	207	204	211	241	241	126	161	124	229	127	 55	104	 74	 92	 62	164	195	193	118	 20	230	140	 43	166	163	126	 44	199	184	119	238	 34
 79	125	107	 99	116	111	108	108	101	109	103	122	111	108	121	110	107	106	 95	 82	111	 93	 94	 89	 90	 62	125	 98	 62	104	102	 91	 90	 93	222	228	222	222	223	240	219	234	193	220	219	219	218	221	215	220	 80	 80	 38	211	214	211	128	133	144	 90	190	162	 56	146	 41	151	182	170	116	192	 48	260	 97	170	236	205	216	239	186	162
 80	121	 82	 90	 72	 77	 80	 89	 85	 79	 84	 80	 77	 78	 66	 78	 80	 81	158	149	172	155	153	151	155	167	 96	155	158	151	154	154	158	157	 45	 53	 48	 42	 45	 55	 42	 57	 26	 43	 41	 42	 39	 47	 42	 43	210	210	169	 83	129	 27	 82	228	102	169	138	254	132	 45	171	 88	213	 52	 79	195	140	151	102	244	 76	 49	137	 54	197	205	186
 81	173	106	113	 97	103	106	103	116	105	117	 90	103	114	 94	103	109	109	205	193	221	201	200	197	200	207	147	202	197	200	202	200	203	203	 83	 92	 88	 78	 82	 68	 83	 92	 81	 83	 81	 82	 79	 88	 85	 82	214	214	203	137	185	 45	133	276	156	215	195	304	156	 70	186	143	268	 41	124	251	163	202	145	296	120	101	193	 72	253	258	211	 57
 82	147	115	123	105	110	112	121	118	111	117	111	110	111	 99	111	113	114	187	179	199	184	182	180	183	198	123	183	189	179	182	183	187	185	 26	 35	 32	 20	 25	 22	 26	 35	 36	 26	 25	 26	 23	 32	 30	 25	241	241	201	 84	135	 15	110	255	124	198	151	279	165	 77	204	110	233	 74	110	212	173	147	133	268	 62	 49	144	 21	215	227	219	 34	 58
 83	115	 39	 47	 30	 36	 39	 42	 49	 38	 50	 32	 36	 47	 26	 36	 41	 42	140	128	158	137	135	132	135	140	 89	139	130	137	139	135	139	138	 92	101	 95	 90	 92	100	 90	105	 69	 90	 89	 90	 87	 94	 88	 90	162	162	136	117	154	 68	 75	212	104	149	153	241	 91	  7	126	 95	212	 31	 61	201	 98	185	 80	235	120	 90	161	100	200	200	146	 48	 68	 79
 84	122	 51	 59	 42	 48	 50	 53	 60	 49	 61	 42	 47	 57	 37	 48	 53	 53	149	137	167	146	144	141	145	151	 96	147	141	145	148	145	148	148	 84	 93	 87	 81	 84	 89	 81	 96	 63	 82	 80	 81	 78	 86	 81	 82	173	173	147	114	154	 58	 81	221	109	159	155	249	102	 14	138	 98	218	 24	 69	206	110	183	 89	243	114	 85	162	 90	206	207	157	 40	 57	 69	 12
 85	 60	109	105	114	109	107	121	 94	107	 92	132	110	 95	116	109	103	102	 18	 15	 34	 17	 19	 16	 15	 17	 74	 22	 19	 29	 26	 16	 13	 17	188	191	186	191	189	213	185	198	161	186	185	186	185	185	180	187	155	155	 40	158	148	191	 85	 75	 85	 14	119	105	 80	138	107	 97	106	171	 86	115	 81	194	 63	105	190	164	148	210	109	 87	 78	164	207	194	141	151
 86	 45	 87	 91	 82	 82	 82	104	 75	 82	 71	105	 83	 66	 78	 83	 78	 78	 89	 86	 98	 87	 85	 85	 87	110	 28	 85	102	 79	 83	 87	 91	 88	 92	 93	 89	 95	 93	120	 89	100	 68	 90	 90	 90	 90	 88	 84	 91	205	205	121	 61	 73	105	 25	153	 21	101	 65	176	111	 83	156	  7	132	115	 44	116	119	114	 56	165	 91	 66	 78	116	117	124	151	 81	136	104	 89	 92	100
 87	118	160	166	152	154	155	174	151	154	148	171	155	142	146	155	152	153	163	164	165	162	160	161	163	189	110	158	183	151	155	162	166	162	 78	 71	 72	 84	 79	105	 78	 74	 81	 78	 79	 78	 81	 72	 74	 79	285	285	203	 28	 46	115	108	212	 93	174	 76	228	193	138	238	 84	165	158	124	137	201	 44	139	211	 45	 59	 53	100	143	167	235	107	158	103	144	141	177	 84
 88	 95	163	159	168	163	161	175	148	161	146	186	164	148	170	163	156	156	 55	 67	 43	 58	 60	 63	 59	 62	118	 58	 70	 62	 59	 59	 56	 57	231	233	229	235	232	258	228	240	206	229	229	229	229	228	223	230	193	193	 82	192	167	239	131	 21	121	 45	135	 52	131	190	150	135	 80	224	136	102	131	211	115	 57	227	205	164	255	 94	 62	113	212	259	240	194	203	 55	140	205
 89	 72	126	121	131	126	124	138	111	124	109	149	127	112	133	126	119	119	 26	 31	 31	 28	 30	 30	 27	 25	 89	 31	 32	 37	 33	 28	 24	 27	203	206	201	206	204	229	200	213	176	201	201	201	200	200	195	202	162	162	 48	171	156	207	100	 59	 97	 14	125	 89	 94	155	116	110	 99	188	102	112	 95	202	 80	 91	204	179	155	226	105	 80	 83	180	224	210	158	168	 17	114	188	 38
 90	 80	110	104	116	110	108	119	 96	109	 95	131	111	 99	119	110	105	104	 40	 33	 54	 39	 41	 37	 37	  8	 90	 45	 16	 51	 48	 38	 35	 39	201	205	200	203	202	224	198	212	173	199	198	199	198	199	194	200	136	136	 21	176	169	200	 98	 83	103	 34	141	113	 71	142	 90	114	125	174	 95	136	 70	215	 72	117	207	179	169	222	130	106	 57	173	212	204	145	155	 23	117	196	 62	 27
 91	 91	138	142	130	131	132	153	127	132	124	150	133	118	125	132	129	129	136	138	139	135	133	135	137	162	 84	132	156	125	129	136	139	136	 77	 72	 72	 83	 78	107	 76	 78	 71	 76	 77	 76	 79	 71	 71	 77	261	261	177	 17	 36	109	 82	189	 67	148	 58	206	167	120	213	 57	147	144	 99	121	175	 60	113	190	 53	 51	 44	102	126	147	208	 96	151	100	126	124	151	 57	 27	180	162	170
 92	105	172	176	166	166	167	188	160	166	156	187	168	151	161	167	162	163	145	151	142	145	144	147	147	176	107	141	171	134	137	147	149	146	115	109	110	121	117	145	115	114	112	115	116	115	118	110	110	116	289	289	194	 56	 15	149	110	184	 86	156	 46	196	195	159	239	 83	129	184	129	100	202	 33	138	177	 86	 91	 16	139	107	134	229	137	192	139	165	164	162	 86	 42	180	170	183	 42
 93	 68	121	126	115	115	116	137	110	116	106	137	117	101	110	116	112	113	113	114	117	112	110	112	113	139	 61	109	133	102	106	113	116	113	 86	 84	 82	 92	 88	117	 84	 90	 72	 85	 86	 85	 87	 81	 79	 86	241	241	154	 34	 39	112	 61	167	 43	125	 46	186	147	110	192	 35	131	138	 80	108	155	 78	 91	172	 71	 58	 46	112	111	128	186	 94	151	106	116	116	127	 37	 50	158	139	146	 24	 51
 94	  7	100	100	 98	 95	 95	116	 83	 95	 80	121	 97	 77	 96	 96	 90	 90	 53	 54	 59	 51	 49	 51	 52	 79	 26	 48	 74	 42	 46	 52	 55	 52	131	132	128	135	132	159	128	139	107	129	129	129	129	127	123	130	196	196	 96	 93	 84	143	 39	113	 20	 65	 60	137	103	109	146	 35	 99	144	 55	 88	110	130	 49	127	127	105	 86	156	 87	 88	131	118	171	142	114	120	 67	 40	111	101	 78	 86	 85	 98	 61
 95	125	192	196	186	186	187	208	181	187	177	207	188	172	181	187	183	184	164	171	160	164	163	166	166	195	128	160	191	153	156	166	168	165	127	120	122	134	129	155	127	124	127	127	129	128	130	122	123	128	310	310	214	 71	 36	163	131	198	107	175	 63	208	216	178	260	104	139	202	150	109	223	 18	159	188	 94	106	 34	150	116	147	249	153	207	152	184	182	181	107	 50	196	188	202	 59	 21	 71	119
 96	 78	 21	 22	 22	 17	 16	 37	  5	 16	  2	 43	 19	  5	 23	 18	 11	 11	 94	 81	114	 91	 90	 86	 89	 92	 56	 93	 82	 92	 94	 89	 92	 92	119	126	120	119	120	136	116	132	 91	117	116	117	115	119	113	118	140	140	 89	120	142	108	 47	166	 77	103	131	195	 51	 46	 95	 74	174	 78	 27	167	 60	182	 35	191	137	105	147	135	165	160	104	 82	116	115	 49	 59	 94	 70	147	147	110	 97	123	155	105	 80	176
 97	185	116	123	108	114	116	113	127	115	128	 99	113	125	104	114	119	120	216	205	233	212	211	208	211	218	158	214	208	211	214	211	215	214	 90	 99	 96	 84	 89	 72	 90	 98	 90	 90	 88	 89	 86	 96	 93	 89	221	221	214	146	194	 53	144	288	167	226	205	315	166	 81	195	154	279	 51	135	262	173	210	156	307	127	110	203	 76	264	270	221	 68	 12	 65	 79	 68	218	148	167	270	235	223	160	201	161	182	215	127
 98	132	 52	 45	 61	 58	 56	 41	 60	 57	 63	 53	 57	 69	 67	 57	 59	 58	128	112	149	125	125	119	122	109	115	130	101	132	132	123	124	126	173	181	175	172	173	183	170	186	147	171	170	170	168	174	168	171	 80	 80	 91	183	205	151	109	191	138	131	192	222	 39	 86	 48	137	219	100	 90	218	 40	246	 86	223	197	165	210	183	215	202	 80	130	140	162	 83	 94	119	133	210	170	133	109	187	219	169	135	240	 64	148
 99	 82	 44	 38	 53	 46	 44	 53	 35	 45	 36	 65	 47	 42	 57	 46	 42	 41	 78	 62	 99	 75	 74	 69	 72	 64	 70	 79	 55	 81	 81	 73	 74	 76	156	162	156	156	156	173	153	168	127	154	152	153	151	155	149	154	113	113	 55	150	163	145	 68	145	 92	 83	145	175	 19	 81	 64	 95	168	110	 52	167	 26	206	 39	175	171	140	166	172	164	151	 67	119	149	152	 82	 94	 71	 93	175	125	 87	 67	150	177	129	 86	198	 38	160	 52
100	 79	 42	 48	 34	 36	 37	 57	 37	 37	 35	 55	 37	 29	 29	 37	 35	 36	109	 99	125	106	104	102	105	115	 53	107	106	104	107	105	108	107	 87	 93	 87	 87	 88	105	 84	 99	 58	 85	 84	 84	 82	 86	 80	 85	171	171	117	 91	121	 79	 39	181	 67	119	117	208	 84	 32	127	 58	176	 67	 28	163	 92	156	 50	201	105	 73	128	104	163	165	136	 53	 96	 85	 38	 43	113	 52	118	164	130	121	 97	133	 82	 78	153	 33	108	 93	 69
