nVehicles:   97
nDepots:      1
nCustomers: 100
nPeriods:     9
VEHICLE_TYPE	FLEET_SIZE	CAPACITY
           1	        97	       8	
DEPOT   	X  	Y  	INV_COST	INITIAL_INV 	MIN_LEVEL_INV 	MAX_LEVEL_INV	PRODUCTION_0	PRODUCTION_1	PRODUCTION_2	PRODUCTION_3	PRODUCTION_4	PRODUCTION_5	PRODUCTION_6	PRODUCTION_7	PRODUCTION_8
       0	305	305	       0	        661	            0	         6274	         698	         698	         698	         698	         698	         698	         698	         698	         698	
CUSTOMER	X  	Y  	INV_COST	INITIAL_INV	MIN_LEVEL_INV 	MAX_LEVEL_INV	DEMAND_0	DEMAND_1	DEMAND_2	DEMAND_3	DEMAND_4	DEMAND_5	DEMAND_6	DEMAND_7	DEMAND_8
       1	126	124	    0.12	          6	            0	           42	       6	       5	       7	       9	       8	      11	       8	       8	       6
       2	156	152	    0.07	         13	            0	           28	       7	       6	       5	       9	      12	       9	      13	       9	       7
       3	142	130	    0.07	         13	            0	           26	       8	       8	       8	      13	      13	      11	       7	       7	      10
       4	153	125	    0.24	          5	            0	           53	       2	       1	       1	       2	       7	       7	       5	       5	       7
       5	149	131	    0.05	          2	            0	           22	       5	       5	       5	       8	       7	       9	       7	       5	       6
       6	142	125	    0.06	          3	            0	           54	       3	       2	       2	       8	       5	       5	       5	       6	       7
       7	130	182	    0.18	          2	            0	           15	       7	       5	       9	       9	      10	       8	       7	       7	      12
       8	161	107	     0.1	          8	            0	           60	       6	       5	       7	      11	       8	       6	       7	       8	      11
       9	150	129	    0.02	          5	            0	           45	       6	       4	       6	       8	       9	       6	       5	       5	       6
      10	126	108	    0.07	          2	            0	           45	       7	       6	       5	       8	       8	       8	       8	       6	       5
      11	144	134	    0.23	          2	            0	           21	       6	       4	       7	      10	       9	       7	       6	       6	       8
      12	116	138	    0.13	          8	            0	           24	       6	       6	       8	      10	       9	       7	       5	       6	      10
      13	152	129	    0.14	          5	            0	           12	       3	       3	       4	       5	       7	       5	       3	       4	       4
      14	180	111	    0.15	          7	            0	           28	       8	       6	       7	      11	      10	      12	       8	       8	       6
      15	152	124	    0.14	          4	            0	           32	       4	       3	       4	       5	       5	       5	       5	       5	       4
      16	151	112	    0.05	          4	            0	           59	       8	       6	       8	       9	       9	       8	       7	       7	       9
      17	412	325	    0.25	          3	            0	           13	       5	       4	       5	       7	       7	       8	       7	       5	       5
      18	411	329	    0.29	         11	            0	           55	       6	       6	       6	       8	       9	       7	       7	       5	       5
      19	405	319	    0.29	         11	            0	           54	       8	       6	       8	       9	      10	      10	       8	       6	       6
      20	428	313	    0.13	          5	            0	           18	       7	       5	       7	      11	      11	       6	       7	       9	      10
      21	431	339	    0.13	          7	            0	           58	       7	       6	       9	      10	      11	      10	       9	       7	       7
      22	419	324	    0.15	         10	            0	           58	       8	       7	       7	      12	      12	      10	       5	       7	      11
      23	412	327	    0.16	          9	            0	           25	       8	       6	       7	       8	      12	      12	       8	       6	       7
      24	405	322	    0.04	          2	            0	           59	       5	       4	       5	       6	       7	       8	       8	       9	       6
      25	390	339	    0.24	          8	            0	           32	       6	       4	       5	       7	       7	       9	       6	       4	       4
      26	436	311	    0.02	          1	            0	            8	       3	       3	       3	       5	       6	       6	       6	       4	       3
      27	455	265	    0.24	         11	            0	           39	       6	       6	      11	      12	       8	       5	       7	      10	      12
      28	409	327	     0.3	          7	            0	           47	       4	       4	       5	       7	       6	       5	       4	       5	       7
      29	420	335	    0.22	          7	            0	           36	       4	       3	       4	       5	       6	       6	       4	       3	       3
      30	412	329	     0.1	         14	            0	           24	       8	       7	      11	      11	      11	       6	       8	      13	      10
      31	379	332	    0.14	          3	            0	           35	       6	       5	       7	       7	       9	       9	       5	       4	       5
      32	418	331	       0	         11	            0	           27	       6	       6	       6	       7	       8	       9	      11	       7	       6
      33	129	 70	    0.04	          7	            0	           68	       1	       1	       5	       8	       9	       7	       3	       6	       8
      34	126	 73	    0.07	          2	            0	           78	       1	       1	       5	       6	       6	       3	       5	       8	      11
      35	130	 74	    0.25	          3	            0	           42	       5	       4	       4	       5	       6	       6	       6	       6	       5
      36	134	 58	    0.04	          3	            0	           30	       4	       3	       4	       6	       5	       4	       3	       4	       6
      37	116	 80	    0.16	          8	            0	           41	       5	       4	       5	       7	       7	       8	       6	       4	       5
      38	151	 44	    0.14	          7	            0	           43	       5	       5	       6	       7	       9	       8	       6	       5	       7
      39	133	 71	    0.18	         13	            0	           59	       8	       5	       8	       9	      11	      12	       8	       7	       6
      40	146	 83	    0.08	          3	            0	           57	       0	       0	       0	       5	       6	       4	       6	       6	       7
      41	211	107	    0.01	          2	            0	           22	       4	       4	       6	       6	       9	       9	       6	       7	       5
      42	135	 69	    0.19	          2	            0	           38	       3	       4	       5	       7	       5	       4	       4	       5	       7
      43	126	 70	    0.03	          6	            0	           48	       5	       4	       5	       6	       6	       4	       5	       5	       8
      44	131	 73	    0.06	          3	            0	           25	       4	       3	       4	       5	       6	       3	       3	       5	       5
      45	125	 66	    0.12	          7	            0	           12	       5	       3	       4	       6	       7	       7	       5	       4	       4
      46	126	 74	    0.19	          1	            0	           40	       0	       2	       3	       4	       6	       2	       4	      10	       9
      47	114	140	    0.14	          1	            0	           62	       2	       1	       4	       4	       5	       3	       5	       8	       8
      48	129	 73	    0.22	         10	            0	           56	       7	       7	       8	       9	      12	       8	       7	       6	       9
      49	  0	  0	    0.26	          1	            0	           27	       4	       3	       4	       6	       5	       6	       4	       3	       3
      50	  0	  0	    0.11	          2	            0	           44	       5	       5	       6	       7	       9	       8	       6	       5	       5
      51	264	238	    0.02	          3	            0	           15	       4	       4	       4	       6	       6	       4	       4	       3	       5
      52	171	 47	    0.16	          1	            0	           28	       2	       0	       4	       4	       5	       5	       5	       6	      10
      53	115	 92	    0.21	         11	            0	           17	       7	       5	       7	       9	      10	       7	       6	       7	       9
      54	311	157	    0.23	          6	            0	           15	       7	       5	       6	       8	      12	      11	       8	       6	       5
      55	405	 53	     0.3	          9	            0	           20	       5	       4	       5	       6	       7	       6	       5	       4	       4
      56	171	 80	    0.09	         11	            0	           72	       7	       7	      10	      12	       9	       6	       7	       8	       9
      57	240	 30	    0.07	          7	            0	           35	       4	       3	       5	       5	       9	       7	       8	       7	       7
      58	175	320	     0.2	          6	            0	           23	       4	       3	       5	       6	       6	       4	       3	       4	       6
      59	290	377	     0.3	          4	            0	           76	       1	       2	       2	       4	       7	       7	       7	       5	       6
      60	498	 86	    0.07	          7	            0	           26	       5	       4	       5	       8	       7	       7	       6	       4	       7
      61	104	489	    0.05	          2	            0	           46	       2	       1	       4	       4	       7	       9	       5	       6	       5
      62	131	244	    0.24	          9	            0	           22	       6	       4	       7	       8	       7	       5	       5	       6	       8
      63	388	110	    0.23	          9	            0	           41	       6	       5	       6	       9	       9	       6	       5	       7	       7
      64	218	419	    0.23	          6	            0	           28	       4	       3	       4	       6	       9	       9	       7	       5	       5
      65	259	427	    0.28	          8	            0	           57	       4	       3	       3	       5	       8	       7	       7	       7	       5
      66	109	119	    0.08	         11	            0	           29	       6	       5	       6	       9	       9	       6	       5	       5	       8
      67	479	216	    0.23	          1	            0	           22	       2	       2	       2	       4	       7	       6	       8	       6	       5
      68	300	396	     0.1	          1	            0	           37	       4	       3	       5	       6	       5	       5	       4	       4	       5
      69	353	458	    0.19	          2	            0	           29	       4	       3	       4	       6	       8	       6	       5	       7	       8
      70	330	 93	    0.16	          3	            0	           25	       3	       3	       5	       5	       5	       5	       3	       3	       5
      71	306	349	    0.28	          4	            0	           50	       5	       5	       5	       8	       9	       7	       4	       5	       7
      72	354	272	     0.2	          5	            0	           47	       2	       2	       3	       7	       5	       3	       4	       6	      10
      73	160	294	    0.01	          5	            0	           52	       5	       4	       7	       8	       7	       6	       6	       9	       8
      74	 54	333	    0.23	          3	            0	           45	       5	       4	       5	       6	       9	       7	       7	       5	       5
      75	146	229	    0.08	          8	            0	           48	       6	       4	       5	       8	       9	       6	       6	       5	       6
      76	471	428	     0.2	          9	            0	           25	       5	       4	       5	       7	       7	       5	       4	       4	       7
      77	 59	241	    0.03	          1	            0	           48	       2	       1	       1	       4	       5	       5	       6	       6	       7
      78	421	188	    0.01	          5	            0	           68	       0	       0	       0	       2	       3	       3	       3	       5	       7
      79	366	 33	    0.28	          6	            0	           44	       5	       4	       6	       7	       8	       6	       5	       5	       7
      80	185	270	    0.14	          8	            0	           71	       2	       3	       5	       7	       6	       6	       4	       6	      10
      81	329	261	    0.18	         10	            0	           14	       3	       2	       3	       3	       7	       8	       7	       7	       5
      82	360	208	    0.09	          7	            0	           31	       6	       5	       6	       8	       8	       7	       8	       5	       5
      83	482	162	    0.21	          4	            0	           38	       3	       4	       5	       5	       5	       4	       4	       4	       5
      84	  6	378	    0.28	          5	            0	           17	       0	       0	       0	       3	       4	       5	       6	       7	       7
      85	479	397	    0.12	          3	            0	           38	       3	       3	       5	       6	       7	       9	       5	       6	       6
      86	387	 38	     0.2	          4	            0	           12	       5	       4	       4	       5	       8	       6	       5	       4	       5
      87	469	283	    0.23	          4	            0	           13	       3	       3	       4	       5	       5	       4	       3	       4	       6
      88	 40	295	     0.1	          7	            0	           32	       4	       3	       4	       5	       7	       6	       5	       4	       4
      89	266	133	    0.07	          5	            0	           14	       4	       3	       3	       4	       5	       5	       6	       5	       3
      90	  9	 57	    0.15	          3	            0	           30	       4	       3	       4	       6	       6	       3	       3	       4	       5
      91	317	134	    0.06	         13	            0	           39	       0	       0	       0	       1	       2	       0	       1	       8	      10
      92	 53	135	    0.15	          9	            0	           53	       2	       2	       3	       6	       5	       8	       7	       6	       6
      93	258	 93	    0.05	         13	            0	           37	       0	       0	       0	       1	       2	       2	       1	       3	       7
      94	343	193	    0.16	          1	            0	           31	       3	       3	       3	       4	       6	       6	       8	       4	       5
      95	466	451	    0.16	          1	            0	           39	       4	       3	       5	       6	       7	       5	       4	       4	       7
      96	140	 94	    0.14	          8	            0	           30	       0	       0	       1	       2	       4	       1	       2	       6	       8
      97	437	174	    0.07	          5	            0	           32	       3	       2	       4	       8	       6	       5	       5	       6	       7
      98	 12	 97	     0.2	         10	            0	           44	       0	       0	       0	       1	       6	       3	       5	       5	       6
      99	 51	195	    0.25	          3	            0	           30	       0	       0	       0	       0	       3	       3	       6	       6	       5
     100	317	492	    0.27	          7	            0	           24	       4	       2	       3	       5	       7	       7	       5	       4	       5
COST_MATRIX 
	  0	  1	  2	  3	  4	  5	  6	  7	  8	  9	 10	 11	 12	 13	 14	 15	 16	 17	 18	 19	 20	 21	 22	 23	 24	 25	 26	 27	 28	 29	 30	 31	 32	 33	 34	 35	 36	 37	 38	 39	 40	 41	 42	 43	 44	 45	 46	 47	 48	 49	 50	 51	 52	 53	 54	 55	 56	 57	 58	 59	 60	 61	 62	 63	 64	 65	 66	 67	 68	 69	 70	 71	 72	 73	 74	 75	 76	 77	 78	 79	 80	 81	 82	 83	 84	 85	 86	 87	 88	 89	 90	 91	 92	 93	 94	 95	 96	 97	 98	 99	100
  0
  1	128
  2	107	 21
  3	120	  9	 14
  4	118	 14	 14	  7
  5	117	 13	 12	  4	  4
  6	122	  9	 16	  3	  6	  5
  7	107	 30	 20	 27	 31	 28	 30
  8	123	 20	 23	 15	 10	 14	 14	 41
  9	118	 13	 12	  5	  3	  2	  5	 29	 13
 10	134	  9	 27	 14	 16	 17	 12	 38	 18	 16
 11	118	 11	 11	  3	  7	  3	  5	 26	 16	  4	 16
 12	127	  9	 22	 14	 20	 17	 15	 24	 28	 18	 16	 15
 13	117	 14	 12	  6	  3	  2	  6	 29	 12	  2	 17	  5	 19
 14	116	 28	 24	 22	 16	 19	 21	 44	 10	 18	 28	 22	 35	 17
 15	119	 14	 15	  6	  1	  4	  6	 32	 10	  3	 16	  7	 20	  3	 16
 16	124	 14	 21	 11	  7	 10	  8	 37	  6	  9	 13	 12	 22	  9	 15	  7
 17	 55	175	155	167	164	164	169	159	167	164	180	165	176	163	158	165	169
 18	 55	176	156	168	165	165	169	159	168	165	181	166	176	164	159	166	170	  3
 19	 51	171	150	162	160	159	164	154	162	160	175	160	171	159	154	160	164	  5	  6
 20	 62	179	159	170	167	167	172	163	169	167	183	168	179	166	160	168	172	 11	 12	 12
 21	 66	187	167	179	176	176	180	170	178	176	192	177	187	175	170	177	181	 12	 12	 17	 14
 22	 58	178	158	170	167	166	171	162	169	167	183	168	178	166	161	167	171	  4	  5	  8	  8	 10
 23	 55	176	156	168	165	165	169	159	167	165	181	166	176	164	159	165	170	  2	  2	  6	 11	 12	  4
 24	 51	172	151	163	160	160	165	155	163	160	176	161	172	160	155	161	165	  4	  5	  2	 13	 16	  8	  5
 25	 46	171	150	163	160	160	164	152	163	160	176	161	170	159	155	161	165	 14	 12	 13	 24	 21	 17	 13	 12
 26	 66	182	161	173	170	170	174	167	172	170	186	171	182	169	163	171	174	 14	 16	 17	  5	 15	 11	 15	 17	 27
 27	 78	179	160	171	167	168	172	168	167	167	183	169	182	167	158	168	171	 37	 39	 37	 28	 39	 35	 38	 38	 50	 25
 28	 54	175	154	166	164	163	168	158	166	164	179	164	175	163	158	164	168	  2	  2	  5	 12	 13	  6	  2	  4	 12	 16	 39
 29	 60	181	161	173	170	170	175	164	173	170	186	171	182	170	165	171	175	  7	  6	 11	 12	  6	  6	  6	 10	 16	 15	 40	  7
 30	 55	176	156	168	165	165	170	160	168	165	181	166	177	165	160	166	170	  3	  1	  7	 12	 11	  5	  2	  5	 13	 16	 39	  2	  6
 31	 40	164	144	156	154	153	158	146	157	154	169	154	164	153	149	154	159	 17	 17	 15	 27	 27	 21	 17	 14	  7	 31	 51	 16	 21	 17
 32	 58	179	159	171	168	168	173	163	171	168	184	169	180	168	163	169	173	  5	  4	  9	 11	  8	  4	  4	  8	 15	 14	 38	  5	  3	  4	 20
 33	147	 28	 44	 31	 31	 33	 29	 57	 25	 32	 20	 33	 35	 32	 33	 30	 24	191	192	186	193	203	193	192	187	188	196	190	191	197	192	182	195
 34	147	 26	 43	 30	 30	 32	 28	 55	 25	 31	 18	 32	 33	 31	 34	 29	 24	191	192	186	193	203	193	192	187	188	196	191	191	197	192	182	195	  3
 35	145	 26	 42	 29	 28	 31	 27	 55	 23	 30	 18	 31	 33	 30	 32	 28	 22	189	190	185	192	201	192	190	186	186	194	189	189	196	191	180	193	  3	  3
 36	151	 34	 49	 37	 35	 38	 34	 63	 28	 37	 26	 39	 42	 37	 36	 35	 29	193	194	189	195	205	195	194	190	191	197	191	193	200	195	184	197	  7	  9	  9
 37	147	 23	 42	 29	 30	 31	 26	 52	 27	 30	 15	 31	 30	 31	 36	 29	 24	193	194	188	195	204	195	193	189	189	198	194	192	199	194	183	197	  9	  7	  8	 15
 38	152	 42	 55	 44	 41	 44	 41	 70	 32	 43	 35	 46	 51	 43	 37	 41	 35	192	193	188	194	204	194	193	189	190	196	188	192	199	194	184	196	 18	 20	 19	 12	 26
 39	146	 27	 43	 30	 29	 32	 28	 56	 23	 31	 19	 32	 35	 31	 31	 29	 23	189	190	185	191	201	191	190	186	186	194	188	189	195	191	180	193	  3	  4	  3	  7	 10	 17
 40	137	 23	 35	 24	 22	 25	 22	 51	 15	 24	 17	 26	 32	 24	 23	 21	 15	180	181	176	182	192	183	181	177	177	185	180	180	187	182	171	185	 11	 12	 10	 14	 16	 20	  9
 41	110	 44	 36	 37	 31	 34	 36	 56	 26	 33	 43	 37	 50	 32	 16	 31	 31	149	150	144	150	160	151	149	145	147	152	146	148	155	150	141	153	 45	 46	 44	 46	 50	 44	 43	 35
 42	146	 28	 43	 31	 30	 32	 29	 57	 24	 31	 21	 33	 36	 32	 31	 29	 23	189	190	184	191	201	191	190	186	186	194	188	189	195	190	180	193	  4	  5	  4	  6	 11	 15	  2	  9	 43
 43	148	 28	 44	 32	 31	 33	 29	 57	 26	 32	 20	 34	 35	 33	 34	 30	 25	192	193	187	194	204	194	193	188	189	197	192	192	198	193	183	196	  2	  2	  3	  8	  8	 19	  4	 12	 47	  5
 44	146	 26	 42	 30	 29	 31	 27	 55	 23	 30	 18	 32	 34	 30	 32	 28	 22	189	190	185	191	201	192	190	186	186	194	189	189	196	191	180	193	  2	  3	  1	  8	  9	 18	  2	 10	 44	  3	  3
 45	150	 30	 46	 34	 33	 35	 31	 59	 28	 34	 22	 36	 37	 35	 36	 32	 27	194	195	189	196	206	196	194	190	191	198	193	193	200	195	184	198	  3	  4	  5	  7	  9	 18	  5	 14	 48	  6	  3	  5
 46	147	 26	 42	 30	 29	 31	 27	 55	 25	 31	 18	 32	 33	 31	 33	 29	 23	191	192	186	193	203	193	191	187	188	196	191	190	197	192	181	195	  3	  1	  3	  9	  6	 20	  4	 11	 46	  6	  3	  3	  5
 47	127	 11	 22	 15	 21	 19	 16	 23	 29	 19	 18	 16	  2	 20	 37	 21	 24	176	177	171	180	188	179	176	172	171	183	182	175	182	177	164	180	 36	 35	 34	 43	 31	 52	 36	 33	 52	 38	 36	 35	 38	 34
 48	146	 26	 42	 30	 29	 31	 27	 55	 24	 30	 18	 32	 34	 31	 32	 28	 23	190	191	185	192	202	192	191	186	187	195	190	190	196	191	180	194	  2	  2	  1	  8	  8	 19	  3	 10	 45	  4	  3	  2	  5	  2	 35
 49	216	 89	109	 97	 99	100	 95	112	 97	 99	 83	 99	 91	100	106	 99	 95	263	264	258	266	275	265	263	259	259	268	264	262	269	264	252	267	 74	 73	 75	 74	 71	 79	 76	 84	119	 76	 73	 75	 71	 74	 91	 75
 50	216	 89	109	 97	 99	100	 95	112	 97	 99	 83	 99	 91	100	106	 99	 95	263	264	258	266	275	265	263	259	259	268	264	262	269	264	252	267	 74	 73	 75	 74	 71	 79	 76	 84	119	 76	 73	 75	 71	 74	 91	 75	  1
 51	 40	 90	 70	 82	 80	 79	 84	 73	 84	 79	 95	 80	 90	 79	 77	 80	 85	 86	 87	 82	 91	 98	 89	 87	 83	 81	 94	 97	 86	 92	 87	 75	 90	108	108	106	112	109	113	107	 98	 71	107	109	106	111	108	 90	107	178	178
 52	146	 45	 54	 44	 41	 44	 42	 71	 31	 43	 38	 46	 54	 43	 33	 40	 35	184	186	180	185	196	186	185	181	183	188	180	184	191	186	177	189	 24	 26	 25	 20	 33	 11	 23	 22	 37	 22	 26	 24	 25	 27	 55	 25	 89	 89	107
 53	143	 17	 37	 24	 26	 26	 22	 46	 25	 26	 10	 26	 24	 27	 34	 25	 21	189	190	185	192	201	192	190	186	185	195	191	189	195	190	179	193	 14	 11	 12	 20	  7	 31	 14	 17	 49	 16	 13	 13	 14	 11	 25	 12	 74	 74	105	 36
 54	 75	 94	 78	 86	 81	 83	 87	 92	 80	 82	 96	 85	 98	 81	 70	 82	 84	 99	100	 94	 98	110	100	 99	 95	100	100	 91	 99	105	100	 94	103	101	102	100	102	105	 98	 99	 91	 56	 99	103	100	104	102	 99	101	175	175	 47	 90	104
 55	136	144	134	138	132	134	137	152	125	134	143	137	151	133	117	132	131	137	139	134	131	144	136	138	135	144	130	109	138	142	139	141	140	139	140	138	136	146	128	137	131	101	136	140	138	141	140	152	139	205	205	117	118	147	 71
 56	131	 32	 37	 29	 25	 28	 27	 55	 15	 27	 27	 31	 40	 27	 17	 24	 19	172	173	168	174	184	174	173	169	170	176	170	172	179	174	164	177	 22	 23	 21	 22	 28	 21	 20	 13	 25	 19	 24	 21	 25	 23	 42	 22	 95	 95	 92	 17	 29	 80	118
 57	142	 74	 75	 71	 65	 68	 69	 94	 56	 67	 70	 71	 83	 67	 51	 65	 61	171	173	167	170	182	173	172	168	172	172	160	171	178	173	167	175	 59	 61	 60	 55	 67	 46	 58	 54	 42	 57	 61	 59	 61	 62	 84	 60	121	121	105	 36	 70	 73	 84	 43
 58	 66	102	 85	 97	 99	 96	 99	 73	107	 97	109	 95	 96	 97	105	 99	105	119	119	116	127	129	123	119	116	108	131	143	118	123	119	103	122	128	126	126	133	124	139	127	120	109	128	128	126	130	126	 96	126	183	183	 61	137	118	107	177	121	149
 59	 37	151	131	144	144	142	147	127	150	143	158	142	148	142	144	145	150	 67	 66	 65	 77	 74	 70	 66	 64	 54	 81	100	 65	 69	 66	 50	 69	174	173	172	178	173	181	172	164	141	173	175	172	177	173	148	173	238	238	 71	176	168	111	172	160	176	 65
 60	146	187	175	180	174	176	180	191	169	176	187	179	193	175	160	175	174	128	130	126	119	131	126	128	127	138	117	 93	129	131	129	137	129	185	187	185	183	192	175	183	177	144	182	187	184	187	187	194	185	253	253	140	165	192	101	 50	164	133	200	179
 61	137	183	171	181	184	181	183	155	194	182	191	179	176	182	193	185	190	175	174	173	185	180	178	175	173	162	189	209	173	176	174	159	176	210	209	208	217	205	224	210	205	199	211	210	209	212	208	175	209	250	250	149	224	199	196	265	208	240	 92	109	282
 62	 93	 61	 48	 58	 61	 58	 60	 32	 71	 59	 69	 56	 54	 59	 71	 61	 67	147	147	143	153	158	150	147	143	138	157	163	146	152	147	132	150	 88	 86	 86	 94	 83	101	 87	 81	 80	 88	 88	 86	 90	 86	 53	 86	139	139	 67	101	 77	100	168	 85	121	 44	104	200	124
 63	106	132	118	124	118	120	124	134	114	120	132	123	137	119	105	119	119	109	111	105	104	117	109	110	107	115	104	 85	110	114	111	112	112	132	133	131	130	137	124	129	122	 89	129	133	130	134	133	138	131	202	202	 90	113	137	 46	 30	110	 85	150	143	 57	237	145
 64	 72	155	138	150	151	149	152	127	159	149	163	148	150	149	156	152	158	108	107	107	118	114	112	108	106	 95	122	142	107	110	107	 92	110	181	180	179	186	178	191	180	172	157	180	181	179	183	179	149	179	237	237	 94	188	172	140	206	172	195	 54	 42	218	 67	 98	177
 65	 66	166	147	160	161	158	162	139	168	159	173	158	162	159	163	161	167	 92	 91	 91	102	 97	 96	 92	 90	 79	106	128	 91	 93	 91	 77	 93	190	190	188	195	188	199	189	182	162	190	191	189	193	189	161	189	250	250	 95	196	183	138	201	179	199	 69	 30	209	 84	112	172	 21
 66	136	  9	 29	 18	 23	 21	 17	 34	 27	 22	 11	 20	 11	 23	 36	 22	 22	184	184	179	187	195	186	184	180	179	190	188	183	190	185	172	188	 27	 25	 25	 33	 20	 43	 27	 26	 52	 29	 26	 26	 28	 25	 11	 26	 81	 81	 98	 48	 14	103	152	 37	 80	106	158	196	186	 64	140	160	172
 67	 98	183	165	174	170	171	175	176	169	171	185	173	186	170	159	170	173	 64	 66	 64	 55	 67	 62	 65	 65	 76	 53	 28	 66	 67	 66	 77	 66	190	191	189	190	194	186	188	180	145	188	192	189	193	191	187	190	263	263	109	176	193	 90	 90	169	152	161	125	 66	232	175	 70	166	153	192
 68	 46	162	142	155	155	153	157	137	161	154	169	153	159	153	155	155	161	 67	 65	 66	 77	 72	 70	 66	 65	 54	 81	102	 65	 68	 66	 51	 68	185	184	183	189	183	192	183	175	152	184	185	183	187	184	159	183	249	249	 82	187	178	120	180	171	186	 74	 11	184	109	114	150	 43	 26	169	127
 69	 81	202	182	196	195	193	198	178	201	194	209	193	200	193	194	195	201	 73	 71	 75	 82	 72	 75	 72	 73	 63	 85	110	 72	 71	 71	 65	 72	225	224	223	229	224	231	223	215	190	223	225	223	227	224	199	223	290	290	119	225	219	152	205	210	222	113	 52	200	126	155	175	 71	 50	209	137	 41
 70	107	104	 92	 96	 90	 93	 96	110	 85	 92	103	 96	110	 91	 76	 91	 91	124	125	120	121	133	124	124	121	127	122	107	124	130	125	122	127	102	103	101	100	108	 93	100	 93	 60	 99	103	101	104	103	111	101	172	172	 80	 83	108	 34	 43	 80	 55	138	144	 85	228	125	 31	173	171	112	 97	153	183
 71	 23	145	124	137	136	135	139	122	142	135	151	135	142	135	135	137	142	 55	 54	 52	 64	 63	 58	 55	 52	 43	 68	 86	 53	 58	 54	 38	 57	166	165	164	170	165	172	164	156	130	165	167	164	168	165	142	164	233	233	 60	166	161	 97	157	151	163	 68	 17	163	123	103	127	 57	 46	152	110	 24	 60	129
 72	 30	136	116	128	125	125	129	121	127	125	141	126	137	124	119	126	130	 40	 41	 35	 43	 52	 42	 40	 36	 39	 46	 51	 39	 46	 41	 33	 44	152	152	150	154	153	153	150	141	110	150	153	150	155	151	137	151	224	224	 49	146	150	 62	113	133	134	 93	 62	118	166	113	 83	101	 91	145	 69	 68	 94	 91	 46
 73	 73	 87	 72	 83	 85	 82	 85	 58	 94	 83	 95	 81	 82	 83	 93	 86	 92	127	127	124	135	138	131	128	124	118	139	149	126	132	128	112	131	114	112	112	119	110	126	113	106	 97	114	114	112	116	112	 81	112	168	168	 60	124	104	102	172	108	138	 16	 78	199	102	 29	147	 69	 83	 92	165	 87	127	132	 79	 98
 74	127	111	104	111	116	112	113	 85	126	113	119	110	103	114	128	116	121	180	179	176	188	189	183	180	176	169	192	204	178	184	180	163	183	137	135	135	144	131	153	137	134	138	139	137	136	139	135	102	136	169	169	116	155	125	156	225	140	178	 61	121	255	 82	 59	201	 93	113	111	221	127	163	183	127	154	 57
 75	 89	 54	 39	 50	 53	 50	 53	 25	 62	 51	 62	 48	 48	 51	 62	 53	 59	142	142	138	148	153	145	142	138	134	151	156	141	147	143	128	146	 80	 79	 78	 86	 76	 93	 80	 74	 70	 81	 81	 79	 83	 79	 48	 79	136	136	 60	 92	 71	 91	157	 76	111	 48	104	190	132	 11	135	102	114	 59	167	114	155	115	101	107	 34	 70
 76	104	230	210	222	220	220	224	211	224	220	236	220	230	219	216	221	225	 60	 58	 64	 62	 49	 59	 59	 63	 61	 62	 82	 60	 54	 58	 67	 56	248	248	246	251	249	250	246	237	207	246	249	246	251	248	230	247	319	319	141	243	245	158	191	230	231	158	 95	172	187	194	165	127	107	238	107	 87	 61	182	 92	 98	170	214	191
 77	128	 68	 66	 70	 75	 72	 72	 47	 85	 73	 75	 69	 59	 73	 89	 75	 80	182	182	178	188	193	185	182	178	173	192	199	181	187	182	167	186	 93	 91	 91	 99	 86	109	 93	 91	102	 95	 92	 92	 94	 90	 58	 92	125	125	103	113	 80	133	197	 99	139	 71	135	233	127	 37	178	120	137	 66	211	144	183	155	135	149	 58	 47	 44	227
 78	 83	151	134	143	138	139	144	146	137	139	153	142	155	138	127	139	141	 69	 71	 66	 63	 76	 69	 70	 68	 78	 62	 43	 70	 74	 71	 76	 72	158	159	157	158	162	154	156	148	113	155	159	156	161	159	156	157	231	231	 83	144	161	 58	 68	137	121	140	115	 64	219	148	 43	154	145	160	 33	121	140	 66	 99	 54	141	198	140	123	183
 79	140	129	121	123	117	120	122	140	109	119	126	122	136	118	101	117	115	148	150	145	144	157	148	149	146	154	144	125	149	154	150	150	152	120	122	120	117	128	108	119	113	 86	117	122	120	122	122	137	121	184	184	115	 98	129	 68	 22	101	 64	173	177	 72	263	158	 41	207	205	136	108	185	213	 35	161	120	167	217	148	205	186	 83
 80	 63	 79	 61	 74	 75	 72	 76	 52	 83	 73	 87	 72	 75	 73	 80	 75	 81	117	117	113	124	128	121	118	114	109	128	136	116	122	118	102	121	104	103	102	110	102	115	103	 96	 83	104	105	103	107	103	 75	103	164	164	 43	112	 96	 85	155	 96	124	 26	 75	182	117	 30	130	 77	 87	 85	150	 86	127	115	 73	 85	 18	 73	 29	164	 65	125	150
 81	 26	123	103	115	112	112	116	108	114	112	128	113	123	111	106	112	117	 53	 54	 48	 56	 65	 55	 54	 49	 50	 60	 64	 52	 59	 54	 44	 57	139	139	137	141	140	141	137	128	 98	137	140	137	142	139	124	138	210	210	 35	134	137	 53	111	121	124	 83	 62	122	161	100	 82	 97	 91	131	 79	 70	100	 85	 46	 14	 87	143	 93	110	136	 59	116	 73
 82	 56	125	106	116	112	113	117	116	112	113	128	115	127	112	103	113	115	 65	 66	 60	 63	 75	 66	 65	 62	 68	 65	 56	 65	 71	 66	 63	 68	135	136	134	136	138	133	133	124	 91	133	136	133	138	135	128	134	208	208	 51	125	136	 36	 81	115	108	109	 92	 93	191	116	 51	128	121	134	 60	 99	126	 60	 76	 33	109	166	108	124	152	 33	 88	 93	 31
 83	114	180	164	171	166	168	172	177	163	167	181	170	184	166	154	167	168	 89	 91	 88	 81	 93	 87	 90	 89	100	 78	 54	 91	 92	 91	100	 91	183	184	182	182	188	176	181	173	139	180	184	182	185	184	185	183	255	255	116	166	187	 86	 67	161	138	173	145	 39	250	181	 54	185	174	188	 28	149	162	 84	129	 85	175	231	172	134	216	 34	 87	159	 92	 66
 84	154	141	136	142	147	143	144	116	157	144	148	141	133	145	160	147	152	205	204	202	214	214	209	205	202	193	218	232	204	209	205	188	208	166	164	165	173	159	183	167	164	170	168	166	165	167	164	131	165	190	190	147	185	154	189	258	171	210	 90	143	287	 75	 92	234	108	129	140	250	148	179	216	151	182	 88	 33	103	234	 74	229	250	105	172	197	262
 85	 99	224	203	215	213	212	217	205	216	213	229	213	223	212	207	213	218	 50	 49	 54	 50	 38	 48	 49	 53	 54	 49	 68	 50	 43	 48	 60	 45	240	240	238	242	241	241	238	229	198	238	241	238	243	240	224	239	312	312	134	234	238	147	176	221	219	157	 96	156	194	191	151	131	112	232	 91	 90	 70	170	 90	 89	168	215	187	 17	225	109	191	161	102	112	118	237
 86	140	138	129	131	125	128	130	148	119	127	136	131	145	127	110	126	124	145	146	141	140	153	144	146	143	151	139	119	145	150	147	148	148	130	132	130	127	138	119	129	123	 95	127	132	130	132	132	146	131	195	195	118	109	139	 71	 12	111	 74	177	177	 61	267	165	 37	209	205	145	101	185	211	 40	161	119	172	223	154	200	193	 77	 11	154	116	 87	 79	256	186
 87	 83	190	170	181	177	178	182	177	178	178	193	179	191	177	169	178	181	 36	 38	 37	 26	 34	 33	 37	 38	 49	 22	 12	 38	 36	 37	 52	 36	201	202	200	202	204	199	199	190	157	199	202	199	204	201	192	200	274	274	105	191	202	102	120	181	171	149	102	100	210	171	 96	143	128	198	 34	102	105	118	 88	 58	155	210	164	 73	207	 54	136	143	 71	 67	 61	237	 58	130
 88	133	 96	 93	 97	103	 99	100	 73	112	100	103	 96	 88	101	116	103	108	187	187	183	195	197	191	187	183	177	199	209	186	192	187	171	190	121	120	120	128	115	138	122	119	128	123	121	120	123	119	 86	120	149	149	116	141	109	153	219	126	167	 69	132	252	103	 53	198	109	128	 95	224	140	177	177	136	158	 61	 21	 63	226	 29	198	210	 74	146	166	231	 45	226	216	215
 89	 89	 71	 56	 63	 57	 59	 63	 73	 55	 59	 72	 62	 76	 58	 45	 58	 59	121	122	117	122	132	123	122	118	121	124	116	121	128	123	115	125	 76	 77	 75	 76	 80	 73	 74	 66	 31	 73	 77	 74	 79	 76	 77	 75	149	149	 53	 65	 79	 26	 81	 55	 54	104	123	119	196	 88	 63	146	148	 79	115	133	169	 38	110	 83	 97	146	 77	180	117	 83	 71	 80	 72	 61	109	179	170	 77	127	140
 90	194	 68	 88	 76	 80	 80	 75	 87	 81	 80	 64	 78	 68	 81	 90	 79	 77	242	243	238	246	254	245	243	239	238	249	247	242	249	244	231	247	 61	 60	 62	 63	 55	 72	 63	 70	105	 64	 59	 62	 59	 60	 67	 61	 29	 29	157	 82	 56	160	199	 82	117	156	213	245	222	112	192	210	224	 59	249	224	265	162	209	204	141	140	110	297	 96	217	179	139	190	192	243	161	291	190	257	121	135
 91	 86	 96	 82	 88	 83	 85	 88	 97	 80	 84	 97	 87	101	 83	 70	 83	 84	107	109	103	106	118	108	108	104	109	107	 96	107	113	109	104	111	100	101	 99	100	105	 95	 98	 90	 55	 97	101	 98	102	101	102	 99	173	173	 59	 85	104	 12	 60	 78	 65	118	123	 94	207	109	 38	151	150	105	 91	132	163	 22	108	 72	113	165	 98	166	140	 59	 57	 95	 64	 43	 84	198	155	 60	107	161	 26	159
 92	152	 37	 53	 45	 51	 49	 45	 46	 56	 49	 39	 46	 32	 50	 65	 50	 51	204	204	199	208	215	206	204	200	197	211	212	203	209	205	191	208	 51	 48	 50	 56	 42	 67	 52	 54	 81	 53	 49	 50	 50	 48	 31	 50	 73	 73	118	 74	 38	130	181	 66	108	111	170	224	179	 68	168	165	179	 30	217	180	221	141	166	166	 96	100	 67	256	 54	186	165	 95	152	158	215	124	251	174	221	 81	107	 45	133
 93	109	 68	 59	 61	 55	 58	 61	 78	 50	 57	 67	 61	 75	 56	 41	 56	 55	140	141	135	140	151	141	141	137	140	141	131	140	146	141	134	144	 66	 67	 65	 65	 72	 59	 64	 57	 25	 63	 67	 65	 68	 67	 76	 66	138	138	 73	 50	 72	 42	 77	 44	 33	121	143	121	213	 99	 66	165	168	 76	127	153	189	 37	131	102	112	158	 89	199	125	 95	 62	 96	 92	 77	118	191	188	 71	142	149	 21	126	 36	105
 94	 60	114	 96	106	101	102	107	107	101	102	117	104	117	101	 92	102	105	 75	 77	 71	 74	 86	 76	 76	 72	 77	 76	 67	 75	 81	 77	 72	 79	124	124	122	125	127	122	122	113	 79	122	125	122	127	124	118	123	197	197	 46	113	125	 25	 77	103	 97	106	 96	 95	191	110	 48	130	125	123	 69	104	133	 51	 81	 40	105	161	101	134	145	 40	 81	 88	 35	 12	 72	193	123	 81	 78	160	 49	181	 33	148	 66
 95	109	236	216	229	226	226	230	216	230	226	242	226	235	225	223	227	232	 69	 67	 73	 72	 59	 68	 68	 72	 68	 72	 94	 69	 63	 67	 74	 65	255	255	253	258	256	258	253	244	215	253	256	253	258	254	235	254	325	325	147	251	252	167	202	237	239	160	 96	184	182	197	175	126	105	244	118	 88	 57	192	 95	106	172	215	195	 12	229	134	215	168	118	133	145	233	 28	211	 85	227	188	302	176	261	208	143
 96	134	 17	 31	 19	 17	 20	 16	 45	 13	 19	 10	 21	 26	 19	 22	 17	 11	179	180	174	181	191	181	180	175	176	184	180	178	185	180	169	183	 14	 13	 12	 19	 14	 26	 13	  7	 37	 13	 14	 12	 16	 13	 27	 12	 85	 85	 96	 29	 13	 92	135	 18	 60	115	161	180	199	 76	125	168	177	 20	181	171	211	 96	153	140	101	128	 68	236	 84	149	118	 91	127	124	175	158	228	127	190	113	 66	 69	 91	 49	 60	113	242
 97	 93	158	141	150	145	146	150	154	143	146	159	148	162	145	133	145	147	 77	 79	 75	 70	 83	 76	 78	 76	 86	 69	 47	 78	 81	 79	 85	 80	163	164	162	163	168	158	161	153	118	160	164	162	166	164	163	163	236	236	 93	148	167	 64	 63	142	123	150	126	 54	230	157	 41	165	155	167	 30	131	149	 68	110	 65	151	208	149	129	192	 11	 79	135	 70	 43	 24	239	114	 73	 57	208	 88	222	 64	193	 99	 48	140	154
 98	180	 59	 78	 68	 72	 71	 67	 73	 75	 71	 58	 69	 56	 72	 85	 72	 70	231	231	226	235	242	234	231	227	225	238	237	230	237	232	218	235	 61	 59	 61	 65	 53	 75	 62	 68	100	 64	 59	 61	 59	 59	 56	 60	 49	 49	145	 84	 52	153	198	 80	119	139	198	244	202	 95	189	192	207	 50	241	208	249	160	194	193	124	120	 95	283	 76	210	180	123	179	183	238	141	278	190	247	100	129	 21	154	 28	124	173	288	 65	216
 99	139	 52	 57	 56	 62	 59	 58	 41	 71	 60	 58	 56	 44	 61	 77	 62	 65	192	193	188	198	204	195	193	189	185	202	206	191	198	193	178	196	 74	 72	 73	 81	 67	 91	 75	 74	 92	 76	 73	 73	 75	 72	 42	 73	101	101	109	 96	 61	132	191	 84	126	 89	151	231	150	 47	174	140	156	 48	215	161	201	149	149	157	 74	 70	 51	241	 24	186	178	 77	143	155	217	 95	237	186	214	 51	112	 73	137	 31	116	147	244	 68	194	 53
100	 94	208	189	202	201	200	204	182	208	200	215	199	204	200	203	202	208	 97	 95	 98	106	 96	 99	 96	 96	 85	109	133	 95	 94	 95	 86	 96	231	231	229	236	230	239	230	222	200	231	232	230	234	230	204	230	293	293	130	235	225	168	224	219	235	112	 60	223	107	156	195	 62	 44	214	161	 49	 25	200	 72	112	127	154	157	 84	180	161	231	130	116	144	185	166	 94	230	130	170	182	267	180	223	202	151	 78	218	170	250	200
