nVehicles:  49
nDepots:     1
nCustomers: 50
nPeriods:   12
VEHICLE_TYPE	FLEET_SIZE	CAPACITY
           1	        49	       8	
DEPOT   	X  	Y  	INV_COST	INITIAL_INV 	MIN_LEVEL_INV 	MAX_LEVEL_INV	PRODUCTION_0	PRODUCTION_1	PRODUCTION_2	PRODUCTION_3	PRODUCTION_4	PRODUCTION_5	PRODUCTION_6	PRODUCTION_7	PRODUCTION_8	PRODUCTION_9	PRODUCTION_10	PRODUCTION_11
       0	466	454	       0	        405	            0	         4276	         357	         357	         357	         357	         357	         357	         357	         357	         357	         357	          357	          357	
CUSTOMER	X  	Y  	INV_COST	INITIAL_INV	MIN_LEVEL_INV 	MAX_LEVEL_INV	DEMAND_0	DEMAND_1	DEMAND_2	DEMAND_3	DEMAND_4	DEMAND_5	DEMAND_6	DEMAND_7	DEMAND_8	DEMAND_9	DEMAND_10	DEMAND_11
       1	261	 47	    0.07	         15	            0	           83	       6	      10	      10	       7	       7	       5	       6	       7	       9	       9	        8	        7
       2	258	 42	    0.23	         14	            0	           19	       7	       8	       9	       7	       5	       5	       6	       7	       8	       9	        6	        4
       3	263	 49	    0.06	          2	            0	           32	       4	       5	       5	       4	       3	       4	       6	       6	       4	       4	        4	        5
       4	244	 13	    0.15	          1	            0	           45	       6	       7	       8	       6	       4	       5	       7	       9	       8	       6	        5	        5
       5	262	 49	    0.25	          3	            0	           60	       6	       6	       8	       4	       4	       5	       7	       6	       6	       4	        4	        5
       6	262	 42	    0.18	         11	            0	           48	       5	       7	       8	       5	       4	       6	       6	       7	       4	       4	        5	        6
       7	313	 67	    0.15	         13	            0	           73	       8	       9	       7	       6	       5	       7	       9	       7	       7	       6	        8	        9
       8	258	 38	    0.17	         19	            0	           81	       9	      11	      10	       7	       7	       8	      12	      11	       6	       7	       10	       10
       9	254	 48	    0.05	          4	            0	           24	       5	       6	       5	       4	       4	       3	       5	       5	       6	       4	        3	        3
      10	260	 48	    0.22	         12	            0	           21	       6	       6	       6	       7	       5	       4	       5	       6	       6	       7	        4	        4
      11	274	 61	    0.19	         10	            0	           51	       7	       9	       7	       6	       4	       5	       8	       9	       5	       5	        7	        7
      12	253	 61	    0.07	          8	            0	           25	       6	       9	      11	       7	       6	       6	       6	      10	      10	       8	        6	        5
      13	231	248	    0.07	          6	            0	           51	       4	       6	       6	       6	       4	       4	       3	       6	       7	       7	        5	        6
      14	229	246	    0.14	         11	            0	           56	       5	       6	       6	       5	       3	       5	       7	       7	       4	       5	        6	        6
      15	226	256	    0.26	          3	            0	           33	       0	       2	       3	       2	       1	       2	       2	       5	       6	       9	        5	        5
      16	242	251	    0.16	         14	            0	           40	       5	       7	      10	       5	       4	       3	       5	       7	       7	       9	        6	        6
      17	231	249	    0.01	          3	            0	           18	       5	       7	       6	       7	       5	       4	       5	       6	       5	       8	        6	        5
      18	232	249	    0.04	          2	            0	           24	       5	       5	       5	       5	       4	       4	       3	       4	       6	       6	        5	        3
      19	220	282	    0.25	         12	            0	           73	       7	       7	       7	       6	       5	       5	       7	       8	       7	       7	        6	        5
      20	221	260	     0.2	          3	            0	           55	       5	       8	      10	       9	       7	       6	       5	       6	       7	       9	       11	       11
      21	191	260	    0.01	          1	            0	           16	       5	       6	       5	       5	       4	       3	       3	       5	       5	       6	        4	        4
      22	220	247	    0.24	          5	            0	           54	       5	       5	       6	       4	       4	       4	       5	       5	       5	       3	        4	        5
      23	227	246	    0.15	          8	            0	           52	       1	       2	       5	       1	       1	       1	       3	       7	       6	       4	        4	        8
      24	233	241	    0.21	          9	            0	           29	       4	       5	       5	       5	       6	       4	       3	       4	       4	       5	        6	        5
      25	  0	  0	    0.27	          3	            0	           89	       4	       6	       5	       4	       3	       2	       5	       7	       7	       8	        5	        5
      26	 98	292	    0.21	         16	            0	           51	       4	       6	       8	       4	       1	       5	       7	       7	       5	       3	        9	        9
      27	416	182	    0.26	          3	            0	           64	       0	       0	       2	       1	       0	       0	       2	       5	       6	       7	        4	        5
      28	 29	316	    0.03	         10	            0	           29	       7	       8	      10	       8	       8	       5	       6	       7	       8	       8	       11	       10
      29	 59	258	    0.25	          4	            0	           53	       2	       3	       4	       1	       1	       2	       5	       6	       7	       3	        6	        9
      30	 83	399	    0.19	          8	            0	           14	       4	       5	       6	       5	       4	       3	       4	       4	       6	       6	        4	        3
      31	135	357	    0.19	         13	            0	           61	       6	      10	       8	       6	       5	       7	      11	       9	       6	       6	        7	        8
      32	 70	271	    0.23	          5	            0	           70	       7	       7	       7	       5	       5	       6	       8	       8	       6	       5	        8	        8
      33	342	280	    0.13	         14	            0	           64	       6	       7	       8	       5	       5	       4	       4	       6	       7	       9	        8	        7
      34	377	406	    0.28	          5	            0	           58	       7	       8	      10	       7	       4	       4	       5	       7	       7	       8	        6	        6
      35	295	186	    0.08	          4	            0	           70	       5	       6	       8	       7	       4	       4	       3	       5	       6	       8	        8	        7
      36	403	252	    0.23	          5	            0	           46	       3	       5	       7	       3	       1	       1	       3	       4	       7	       5	        6	        5
      37	218	 35	    0.26	         18	            0	           86	       3	       4	       6	       5	       1	       1	       6	       5	       8	       4	        6	        7
      38	285	428	     0.1	          3	            0	           34	       4	       5	       5	       4	       4	       5	       5	       4	       4	       4	        6	        5
      39	178	460	    0.02	         13	            0	           28	       5	       4	       8	       5	       6	       4	       4	       4	       5	       7	        7	        7
      40	101	449	    0.23	         19	            0	          119	       0	       0	       0	       0	       0	       0	       2	       2	       0	       1	        5	       10
      41	364	385	     0.1	         13	            0	           96	       0	       3	       4	       1	       0	       2	       5	       4	       4	       4	        5	        9
      42	126	157	    0.12	         14	            0	           35	       5	       7	       7	       3	       3	       4	       7	       6	       6	       6	        8	        8
      43	237	341	    0.22	         12	            0	           23	       6	       9	       7	       5	       4	       5	       7	       7	       8	       6	        5	        5
      44	438	 93	    0.19	          9	            0	           45	       0	       0	       0	       0	       0	       0	       0	       2	       7	       9	        8	        7
      45	 96	 33	    0.02	         10	            0	           66	       6	       7	       9	       7	       7	       4	       5	       7	       8	       8	        8	        6
      46	493	268	    0.27	         11	            0	           28	       0	       1	       3	       3	       3	       3	       3	       2	       4	       6	        6	        8
      47	373	435	    0.25	          2	            0	           80	       7	       7	       7	       7	       5	       4	       5	       7	       9	       8	        6	        6
      48	109	 96	    0.18	          5	            0	           34	       5	       7	       8	       7	       6	       5	       5	       4	       6	       5	        7	        7
      49	381	 61	    0.18	         18	            0	           76	       0	       3	       1	       0	       0	       2	       4	       6	       3	       3	        9	        9
      50	239	 84	    0.11	         11	            0	           49	       0	       2	       2	       0	       0	       2	       4	       4	       2	       4	        7	        8
COST_MATRIX 
	  0	  1	  2	  3	  4	  5	  6	  7	  8	  9	 10	 11	 12	 13	 14	 15	 16	 17	 18	 19	 20	 21	 22	 23	 24	 25	 26	 27	 28	 29	 30	 31	 32	 33	 34	 35	 36	 37	 38	 39	 40	 41	 42	 43	 44	 45	 46	 47	 48	 49	 50
  0
  1	228
  2	231	  3
  3	227	  2	  5
  4	247	 20	 17	 21
  5	227	  2	  5	  1	 21
  6	230	  3	  3	  4	 18	  4
  7	209	 28	 31	 27	 44	 28	 29
  8	233	  5	  3	  7	 15	  6	  3	 32
  9	230	  4	  4	  5	 19	  5	  6	 31	  6
 10	228	  1	  4	  2	 20	  2	  4	 29	  6	  4
 11	219	 10	 13	  9	 29	  9	 12	 20	 15	 12	 10
 12	224	  9	 10	  8	 25	  8	 11	 31	 12	  7	  8	 11
 13	157	102	104	101	118	101	105	100	106	101	102	 96	 95
 14	158	101	104	100	117	100	104	 99	106	100	101	 96	 94	  2
 15	156	106	109	106	122	106	109	105	111	105	106	101	 99	  5	  6
 16	152	103	105	102	120	102	105	 99	107	102	102	 97	 96	  6	  7	  9
 17	156	103	105	102	119	102	105	100	107	102	102	 97	 95	  1	  2	  5	  6
 18	156	103	105	102	119	102	105	100	107	102	102	 97	 95	  1	  3	  5	  6	  1
 19	151	120	122	119	136	119	122	118	124	119	119	114	112	 18	 19	 14	 20	 18	 18
 20	157	109	111	108	125	108	111	107	113	108	108	103	101	  8	  9	  4	 12	  8	  8	 12
 21	169	113	115	112	127	112	115	115	116	111	112	108	105	 21	 21	 18	 26	 21	 22	 19	 16
 22	161	103	105	102	118	102	105	102	107	101	102	 97	 95	  6	  5	  6	 12	  6	  7	 18	  7	 16
 23	159	101	104	101	117	101	104	100	106	100	101	 96	 94	  3	  2	  6	  8	  3	  3	 19	  8	 20	  4
 24	158	 99	101	 98	115	 98	101	 96	103	 98	 98	 93	 91	  4	  4	  9	  7	  5	  5	 22	 12	 24	  8	  4
 25	326	133	131	134	123	134	133	161	131	130	133	141	131	170	169	171	175	170	171	179	171	162	166	168	168
 26	202	148	149	147	158	147	150	156	151	145	147	146	140	 71	 70	 67	 75	 70	 71	 62	 64	 50	 66	 69	 73	155
 27	139	103	106	102	121	102	105	 78	107	106	103	 94	102	 99	 99	102	 94	 99	 98	111	106	120	104	100	 97	228	169
 28	230	178	179	178	186	178	180	189	181	175	177	177	170	107	106	103	112	107	107	 98	101	 86	102	106	109	159	 37	205
 29	226	147	147	147	154	146	149	159	149	144	146	146	139	 87	 86	 84	 92	 87	 87	 82	 82	 67	 81	 85	 88	133	 26	183	 33
 30	194	198	199	197	210	197	200	202	201	196	197	195	190	106	106	102	109	106	106	 91	 98	 89	103	106	109	204	 55	199	 50	 72
 31	173	168	170	167	181	167	170	171	171	166	167	164	160	 73	 73	 68	 76	 73	 73	 57	 65	 57	 70	 73	 76	191	 38	166	 57	 63	 34
 32	219	148	149	148	156	147	150	159	150	145	147	147	140	 82	 81	 79	 87	 82	 82	 76	 76	 61	 76	 80	 83	140	 18	179	 31	  9	 65	 54
 33	107	124	127	123	143	123	126	108	129	125	124	115	119	 58	 60	 60	 53	 58	 58	 62	 62	 77	 64	 60	 58	222	123	 62	158	142	143	111	137
 34	 51	189	192	188	208	188	191	173	194	190	189	181	184	108	109	107	103	108	107	101	107	119	112	110	110	278	151	114	180	176	148	124	168	 66
 35	159	 72	 75	 71	 91	 71	 74	 61	 77	 72	 72	 64	 66	 45	 45	 50	 42	 45	 45	 61	 53	 64	 49	 46	 42	175	112	 61	149	124	151	118	121	 53	118
 36	106	125	128	124	144	124	127	103	130	127	125	116	122	 87	 88	 89	 81	 87	 86	 93	 92	107	 92	 89	 86	238	154	 36	190	173	177	144	167	 34	 79	 64
 37	244	 23	 21	 24	 18	 24	 23	 51	 21	 20	 22	 31	 22	107	106	111	109	108	108	124	113	114	107	106	104	111	142	124	170	137	195	167	140	138	202	 85	143
 38	 92	191	194	190	209	190	194	182	196	191	191	184	185	 94	 96	 91	 92	 94	 94	 80	 90	 97	 97	 96	 98	258	116	140	140	142	103	 83	134	 80	 48	122	106	200
 39	145	211	213	210	226	210	214	208	215	210	211	206	203	110	110	105	110	109	109	 92	103	101	109	110	113	247	 94	183	104	118	 57	 56	109	122	104	149	154	214	 56
 40	183	217	219	216	230	216	219	219	220	215	216	213	209	120	120	115	122	120	120	103	112	105	118	120	124	231	 79	207	 76	 98	 27	 50	 91	148	140	164	181	216	 93	 39
 41	 62	177	180	176	196	176	179	162	182	178	177	169	172	 96	 97	 95	 91	 96	 95	 89	 95	107	100	 98	 98	265	141	105	172	166	141	116	158	 54	 13	106	 70	190	 45	101	136
 42	226	 88	 88	 88	 94	 87	 90	104	 89	 85	 87	 89	 80	 70	 69	 71	 75	 70	 71	 79	 71	 61	 66	 68	 69	101	 69	146	 94	 61	123	101	 64	125	177	 86	147	 77	158	154	147	165
 43	128	148	150	147	165	147	151	143	152	147	147	142	141	 47	 48	 43	 46	 47	 47	 31	 42	 47	 48	 48	 51	208	 74	120	105	 99	 83	 52	 91	 61	 78	 83	 95	154	 50	 67	 87	 68	108
 44	182	 92	 94	 91	105	 91	 92	 64	 95	 95	 92	 84	 94	130	130	134	126	130	130	145	137	150	134	131	127	224	197	 46	233	207	235	201	205	106	160	 86	 82	114	185	225	246	151	160	160
 45	281	 83	 82	 84	 75	 84	 84	110	 82	 80	 83	 91	 80	127	126	130	132	128	128	140	130	124	124	126	125	 51	130	177	146	115	184	164	120	175	234	126	189	 62	219	218	209	222	 64	170	174
 46	 94	161	164	159	179	160	162	135	165	163	161	151	159	132	133	134	126	132	131	137	137	152	137	134	131	281	198	 58	234	218	216	185	212	 76	 91	108	 46	181	132	185	216	 88	192	134	 92	231
 47	 48	202	205	201	221	201	205	187	207	203	202	194	197	118	119	116	113	118	117	109	116	127	122	120	120	287	155	129	183	181	147	126	173	 80	 15	131	 93	215	 45	 99	137	 26	186	 83	175	245	103
 48	253	 80	 80	 81	 80	 81	 82	104	 80	 77	 80	 85	 75	 98	 97	100	103	 98	 99	109	100	 92	 94	 96	 96	 73	 99	160	118	 85	153	132	 90	149	205	104	167	 63	188	186	177	193	 32	139	165	 33	211	215
 49	202	 61	 63	 60	 73	 60	 61	 35	 63	 64	 61	 54	 65	120	120	125	118	121	120	137	128	138	124	121	117	193	183	 63	218	189	226	193	188	112	173	 76	 97	 83	190	224	240	163	137	158	 33	144	118	188	138
 50	218	 22	 24	 22	 36	 21	 24	 38	 25	 20	 21	 21	 14	 83	 82	 87	 84	 83	 83	100	 89	 92	 83	 82	 79	127	126	102	157	126	176	147	127	111	176	 59	118	 27	174	191	196	163	 68	129	100	 76	157	188	 66	 72
