nVehicles:   40
nDepots:      1
nCustomers: 100
nPeriods:     9
VEHICLE_TYPE	FLEET_SIZE	CAPACITY
           2	        40	      18	
DEPOT   	X  	Y  	INV_COST	INITIAL_INV 	MIN_LEVEL_INV 	MAX_LEVEL_INV	PRODUCTION_0	PRODUCTION_1	PRODUCTION_2	PRODUCTION_3	PRODUCTION_4	PRODUCTION_5	PRODUCTION_6	PRODUCTION_7	PRODUCTION_8
       0	 97	 32	       0	        931	            0	         6057	         675	         675	         675	         675	         675	         675	         675	         675	         675	
CUSTOMER	X  	Y  	INV_COST	INITIAL_INV	MIN_LEVEL_INV 	MAX_LEVEL_INV	DEMAND_0	DEMAND_1	DEMAND_2	DEMAND_3	DEMAND_4	DEMAND_5	DEMAND_6	DEMAND_7	DEMAND_8
       1	500	468	    0.01	          1	            0	           51	       6	       9	      10	       7	       5	       6	       9	       9	       8
       2	497	459	    0.06	          7	            0	           43	       4	       4	       5	       6	       5	       4	       4	       5	       6
       3	467	438	    0.21	          1	            0	           41	       4	       5	       7	       7	       6	       6	       5	       4	       4
       4	499	468	    0.26	          8	            0	           64	       6	       8	      10	      10	       7	       6	      10	      11	       7
       5	499	467	    0.14	          7	            0	           48	       4	       7	       8	      10	       7	       5	       5	       5	       6
       6	456	480	    0.21	          4	            0	           29	       5	       6	       9	       8	       4	       5	       7	       8	       6
       7	499	464	    0.08	          1	            0	           15	       4	       5	       6	       7	       5	       5	       5	       4	       4
       8	500	466	    0.21	          4	            0	           22	       4	       5	       7	       6	       7	       5	       4	       4	       5
       9	490	472	    0.22	          8	            0	           21	       7	      10	      11	      11	       9	       9	       7	       8	       9
      10	498	470	    0.21	          6	            0	           22	       4	       5	       6	       6	       4	       3	       4	       5	       6
      11	483	436	    0.11	          3	            0	           51	       5	       6	       6	       8	       6	       4	       4	       6	       6
      12	500	467	    0.13	          3	            0	           25	       4	       5	       6	       5	       3	       3	       4	       7	       6
      13	498	472	    0.08	          3	            0	           30	       8	       8	      11	      10	       7	       7	       9	      11	       8
      14	488	475	    0.23	          8	            0	           30	       6	       8	       9	      10	       7	       6	       9	       9	       7
      15	493	466	    0.18	          4	            0	           12	       5	       8	       7	       7	       4	       5	       6	      10	       7
      16	495	456	    0.17	          2	            0	           15	       4	       5	       7	       5	       3	       3	       3	       6	       5
      17	279	 12	    0.21	         11	            0	           57	       7	      10	      12	       9	       9	       6	       7	       8	       9
      18	277	 71	    0.28	          2	            0	           35	       5	       6	       8	       8	       7	       4	       5	       7	       7
      19	302	 26	    0.04	         15	            0	           70	       8	       9	      11	      13	       9	       8	       6	       8	      12
      20	296	 32	    0.18	          1	            0	           25	       5	       5	       6	       6	       4	       4	       8	       7	       5
      21	305	 48	     0.2	         10	            0	           53	       6	       7	      10	      10	      10	       8	       6	       7	       9
      22	271	 15	    0.03	          6	            0	           23	       5	       5	       6	       8	       5	       5	       4	       5	       6
      23	283	 27	    0.16	          1	            0	           16	       3	       4	       6	       6	       5	       3	       4	       6	       5
      24	361	 69	    0.29	          2	            0	           18	       5	       5	       7	       6	       6	       5	       5	       5	       6
      25	320	 12	    0.04	          5	            0	           34	       5	       6	       8	       7	       6	       5	       7	       8	       8
      26	262	 78	    0.17	          1	            0	           14	       4	       5	       7	       7	       5	       4	       5	       8	       8
      27	306	 36	    0.08	          6	            0	           15	       5	       7	      11	       8	       7	       6	       6	       5	       8
      28	305	 28	    0.04	          8	            0	           16	       6	       7	       6	      10	       7	       8	       5	       4	       4
      29	299	 49	    0.29	          1	            0	           59	       8	       8	      10	      11	      11	       7	       7	       8	      13
      30	304	 36	    0.12	          2	            0	           35	       6	       5	       9	       9	       7	       5	       5	       6	       7
      31	295	 25	    0.21	         17	            0	           77	       7	      10	      11	       9	       6	       6	      10	      10	       9
      32	317	 32	     0.2	          8	            0	           51	       8	       8	      11	      10	       7	       7	       7	       8	      10
      33	373	 53	    0.03	          4	            0	           24	       3	       4	       5	       5	       6	       6	       4	       4	       4
      34	356	110	    0.24	          5	            0	           17	       4	       4	       6	       6	       6	       5	       3	       4	       4
      35	335	108	    0.05	          9	            0	           36	       5	       6	       9	       9	       7	       5	       4	       7	       6
      36	360	 94	    0.21	          1	            0	           21	       7	       8	      11	      12	       8	       7	       7	       9	       9
      37	354	 97	    0.15	          8	            0	           22	       4	       4	       5	       6	       5	       4	       3	       4	       4
      38	326	 76	    0.29	         14	            0	           66	       6	       8	      11	      11	      10	       8	       8	       7	       6
      39	357	 95	    0.12	          7	            0	           34	       4	       5	       5	       5	       5	       4	       4	       6	       6
      40	353	 93	    0.26	          2	            0	           32	       5	       7	       7	      10	       7	       5	       5	       6	       9
      41	358	 58	    0.12	          2	            0	           87	       7	       9	      12	      10	       8	       8	      10	      12	      11
      42	354	 96	    0.21	          4	            0	           11	       4	       5	       8	       5	       4	       4	       5	       8	       6
      43	340	123	    0.03	          1	            0	           64	       8	       9	      10	      10	       6	       6	       9	      10	       8
      44	359	 98	    0.12	          1	            0	            9	       3	       4	       5	       5	       5	       6	       3	       3	       3
      45	353	140	    0.03	          6	            0	           33	       7	       8	      11	      12	      12	       9	       6	       8	       8
      46	358	 98	    0.21	          3	            0	           37	       5	       7	       9	      11	      12	      10	       8	       5	       6
      47	316	107	    0.15	         11	            0	           79	       8	      12	      14	      11	       7	       8	      11	      13	      10
      48	346	114	    0.03	          3	            0	           30	       4	       4	       6	       5	       6	       3	       3	       4	       5
      49	  0	  0	    0.22	          2	            0	           40	       4	       5	       7	       6	       5	       3	       4	       5	       7
      50	  0	  0	    0.28	          2	            0	           30	       5	       5	       7	       7	       7	       4	       4	       6	       6
      51	293	 99	    0.26	         10	            0	           38	       6	       7	       9	      10	       8	       6	       6	       8	       9
      52	332	 44	    0.28	          9	            0	           38	       5	       7	       7	       8	       8	       6	       5	       5	       7
      53	331	 75	    0.16	          9	            0	           30	       4	       5	       5	       7	       6	       6	       5	       4	       5
      54	  4	 50	    0.28	          2	            0	           30	       4	       5	       6	       4	       4	       4	       6	       6	       4
      55	 26	 66	    0.28	          4	            0	           10	       3	       4	       5	       6	       5	       4	       3	       3	       5
      56	238	301	    0.11	          2	            0	           33	       3	       4	       5	       6	       5	       3	       4	       5	       5
      57	123	343	    0.19	          3	            0	           43	       5	       5	       6	       9	       9	       7	       5	       4	       4
      58	441	380	    0.06	          7	            0	           10	       5	       5	       8	       5	       3	       5	       8	       6	       4
      59	195	418	    0.14	          1	            0	           36	       5	       6	       8	       9	       9	       6	       5	       5	       6
      60	159	363	    0.26	          9	            0	           40	       5	       7	      11	      10	       6	       5	       8	       9	      10
      61	128	329	    0.15	          1	            0	           30	       4	       5	       5	       6	       5	       4	       3	       3	       4
      62	 88	354	    0.19	          6	            0	           42	       4	       4	       6	       7	       4	       4	       4	       4	       6
      63	113	479	    0.21	          9	            0	           42	       5	       8	       8	       7	       6	       6	       7	      10	       7
      64	 69	166	    0.22	          5	            0	           19	       7	      11	      13	      10	       8	       6	       8	      12	      13
      65	179	 77	    0.18	          9	            0	           41	       4	       6	       6	       7	       5	       4	       6	       7	       7
      66	337	402	    0.13	          2	            0	           42	       6	       9	      12	      12	       9	       6	       6	       8	       9
      67	115	292	    0.16	         11	            0	           56	       7	       8	      14	      11	       7	       8	      11	      12	      11
      68	223	372	    0.25	          7	            0	           15	       6	       7	      10	       8	       6	       6	       7	       9	       9
      69	448	323	    0.19	          7	            0	           15	       4	       4	       5	       7	       5	       6	       5	       4	       5
      70	153	448	     0.2	          8	            0	           26	       6	       7	       9	       9	       6	       6	       7	       8	      10
      71	395	197	    0.08	          8	            0	           36	       5	       7	       9	       8	       6	       6	       6	       6	       8
      72	  8	408	    0.02	          6	            0	           56	       5	       7	       9	       7	       5	       6	       8	       9	       6
      73	411	493	    0.17	          7	            0	           30	       6	       8	       8	       7	       5	       4	       8	       8	       6
      74	165	281	    0.02	          9	            0	           30	       4	       6	       7	       8	       6	       5	       4	       4	       5
      75	202	110	    0.13	          4	            0	           28	       7	      10	      11	       9	       7	       7	      11	      14	      11
      76	328	256	    0.18	          1	            0	           50	       5	       8	      10	       8	       9	       8	       6	       6	       7
      77	205	465	    0.21	         11	            0	           47	       4	       7	       7	       6	       4	       4	       6	       6	       5
      78	 23	269	    0.11	          5	            0	           17	       6	       8	       8	       8	       4	       4	       6	       8	       7
      79	215	253	    0.08	          5	            0	           49	       7	      10	      12	       9	       6	       7	       9	       9	      11
      80	305	184	    0.22	          2	            0	           64	       7	       8	      10	       7	       5	       6	      10	      11	       7
      81	478	145	    0.27	          8	            0	           76	       6	       9	      13	      14	      10	      11	       9	       7	       8
      82	340	333	    0.13	          4	            0	           38	       7	      11	      12	       8	       8	       6	       8	       9	      10
      83	285	400	    0.16	          3	            0	           24	       4	       5	       8	       6	       6	       4	       5	       6	       6
      84	468	494	    0.27	          2	            0	           34	       6	       8	       7	       7	       6	       6	       7	       7	       6
      85	133	385	    0.06	          8	            0	           28	       4	       4	       6	       5	       3	       3	       5	       5	       6
      86	348	281	    0.26	          5	            0	           45	       6	       5	       7	       8	       7	       6	       6	       5	       5
      87	 32	256	       0	          9	            0	           30	       8	      11	      11	      12	       8	       7	      11	      11	       9
      88	410	372	    0.12	          3	            0	           28	       4	       5	       5	       6	       6	       4	       4	       4	       4
      89	482	401	    0.13	          1	            0	           62	       5	       7	       8	       8	       5	       7	       8	       9	       8
      90	306	135	    0.03	          8	            0	           31	       4	       5	       6	       8	       4	       3	       5	       6	       6
      91	360	471	    0.17	          6	            0	           54	       6	       7	       9	       9	       8	       6	       4	       6	       7
      92	 27	137	    0.03	          7	            0	           37	       4	       4	       5	       6	       6	       5	       4	       3	       4
      93	343	268	    0.03	          8	            0	           32	       4	       5	       7	       8	       7	       6	       5	       4	       5
      94	233	495	    0.17	         14	            0	           17	       6	       9	       9	      10	       8	       5	       6	       7	       9
      95	171	103	    0.28	          6	            0	           21	       5	       8	       9	      11	       8	       7	       7	       8	       9
      96	442	 11	    0.03	          3	            0	           60	       5	       7	      10	      10	       7	       6	       6	       8	       9
      97	379	 34	    0.14	          7	            0	           66	       8	       9	      12	      11	       8	       7	       8	      12	      11
      98	 12	 93	    0.16	          7	            0	           54	       8	       8	      11	       8	       7	       8	      10	      10	       8
      99	 30	161	    0.06	          1	            0	           45	       6	       8	       8	      11	      12	       7	       7	       7	       5
     100	234	258	    0.18	          9	            0	           56	       5	       6	       9	       7	       6	       4	       5	       7	       7
COST_MATRIX 
	  0	  1	  2	  3	  4	  5	  6	  7	  8	  9	 10	 11	 12	 13	 14	 15	 16	 17	 18	 19	 20	 21	 22	 23	 24	 25	 26	 27	 28	 29	 30	 31	 32	 33	 34	 35	 36	 37	 38	 39	 40	 41	 42	 43	 44	 45	 46	 47	 48	 49	 50	 51	 52	 53	 54	 55	 56	 57	 58	 59	 60	 61	 62	 63	 64	 65	 66	 67	 68	 69	 70	 71	 72	 73	 74	 75	 76	 77	 78	 79	 80	 81	 82	 83	 84	 85	 86	 87	 88	 89	 90	 91	 92	 93	 94	 95	 96	 97	 98	 99	100
  0
  1	297
  2	293	  5
  3	275	 23	 19
  4	297	  1	  5	 22
  5	297	  1	  5	 22	  1
  6	288	 23	 24	 22	 23	 23
  7	296	  3	  3	 21	  3	  2	 23
  8	297	  2	  4	 22	  2	  1	 24	  2
  9	295	  6	  8	 21	  5	  6	 18	  7	  6
 10	297	  2	  6	 23	  2	  2	 22	  4	  3	  5
 11	280	 19	 14	  9	 18	 18	 26	 17	 18	 19	 19
 12	297	  1	  5	 22	  1	  1	 23	  2	  1	  6	  2	 18
 13	298	  3	  7	 24	  3	  3	 22	  5	  4	  5	  2	 20	  3
 14	296	  7	 10	 22	  7	  7	 17	  8	  8	  2	  6	 20	  8	  6
 15	294	  4	  5	 20	  4	  4	 20	  4	  4	  4	  4	 16	  4	  4	  6
 16	291	  7	  2	 17	  7	  6	 23	  5	  6	  9	  8	 12	  7	  9	 11	  6
 17	 92	254	249	233	254	253	251	252	253	254	254	236	253	255	254	251	247
 18	 93	228	224	207	228	227	224	226	227	228	229	210	228	229	228	226	222	 30
 19	103	243	238	222	242	242	240	241	242	243	243	225	242	244	244	240	236	 14	 26
 20	100	241	236	221	241	241	238	239	240	241	242	223	241	243	242	239	235	 14	 22	  5
 21	105	232	227	212	232	231	229	230	231	232	233	214	232	233	233	230	226	 23	 19	 12	 10
 22	 88	254	250	234	254	254	251	252	253	254	255	236	254	256	255	252	248	  5	 29	 17	 16	 24
 23	 94	246	242	226	246	246	243	244	245	246	247	228	246	248	247	244	240	  8	 23	 10	  7	 16	  9
 24	134	212	207	192	212	211	211	210	211	212	212	194	211	213	213	210	205	 50	 43	 37	 38	 30	 53	 45
 25	112	246	241	226	245	245	244	244	245	246	246	228	245	247	247	243	239	 21	 37	 12	 16	 20	 25	 20	 36
 26	 86	229	224	208	229	228	224	227	228	228	229	211	229	230	229	226	223	 35	  9	 33	 29	 27	 32	 28	 50	 44
 27	105	237	233	217	237	237	235	235	236	237	238	219	237	239	238	235	231	 19	 23	  6	  6	  7	 21	 13	 33	 14	 31
 28	105	241	236	221	241	240	239	239	240	241	242	223	241	243	242	239	235	 16	 26	  2	  5	 11	 19	 12	 35	 11	 33	  5
 29	102	233	228	212	233	232	230	231	232	233	233	215	232	234	234	230	226	 22	 16	 12	  9	  4	 23	 14	 33	 22	 24	  8	 11
 30	104	238	233	217	237	237	235	236	237	238	238	220	237	239	239	235	231	 18	 23	  6	  5	  7	 20	 12	 33	 15	 30	  2	  5	  7
 31	100	245	240	224	244	244	242	243	244	244	245	226	244	246	245	242	238	 11	 25	  4	  4	 13	 14	  7	 40	 15	 32	  8	  6	 13	  8
 32	111	237	232	217	237	236	235	235	236	237	237	219	236	238	238	235	230	 22	 28	  9	 11	 11	 25	 18	 29	 11	 36	  6	  7	 13	  7	 12
 33	139	217	213	199	217	217	218	215	217	218	218	200	217	219	219	216	211	 52	 49	 38	 40	 35	 55	 47	 11	 34	 57	 35	 37	 38	 36	 42	 30
 34	136	193	189	174	193	193	192	191	193	194	194	175	193	195	195	191	187	 63	 45	 50	 50	 41	 64	 56	 21	 53	 50	 45	 49	 42	 46	 53	 44	 30
 35	125	199	194	178	198	198	196	196	198	198	199	180	198	200	199	196	192	 56	 35	 45	 43	 34	 57	 49	 24	 49	 40	 39	 43	 35	 40	 47	 40	 34	 11
 36	136	200	195	181	200	200	199	198	199	200	201	182	200	202	201	198	194	 58	 44	 45	 45	 36	 60	 52	 13	 46	 50	 40	 43	 38	 41	 48	 38	 22	  9	 15
 37	133	200	195	180	200	199	199	198	199	200	200	182	199	201	201	198	193	 57	 41	 45	 44	 35	 59	 50	 15	 46	 47	 39	 43	 37	 40	 47	 38	 24	  7	 11	  4
 38	117	215	210	195	215	214	213	213	214	215	215	197	214	216	216	213	208	 40	 25	 28	 27	 18	 42	 33	 18	 33	 33	 23	 27	 20	 23	 30	 23	 27	 23	 17	 20	 18
 39	134	200	195	181	200	200	199	198	199	200	201	182	200	202	201	198	194	 57	 42	 45	 44	 36	 59	 51	 14	 46	 49	 39	 43	 38	 40	 47	 38	 23	  8	 13	  2	  2	 19
 40	132	202	197	182	202	201	201	200	201	202	202	184	201	203	203	200	195	 55	 40	 43	 42	 33	 57	 49	 13	 44	 47	 37	 41	 35	 38	 45	 36	 23	  9	 12	  4	  3	 16	  3
 41	132	217	213	198	217	217	217	215	217	218	218	200	217	219	219	215	211	 46	 42	 33	 34	 27	 49	 41	  6	 30	 50	 29	 31	 30	 30	 36	 25	  8	 27	 28	 19	 20	 19	 19	 18
 42	133	200	196	181	200	200	199	198	199	200	201	182	200	202	201	198	194	 57	 41	 44	 44	 35	 58	 50	 14	 46	 47	 39	 42	 37	 40	 47	 37	 24	  8	 12	  4	  1	 18	  2	  2	 20
 43	130	191	186	170	190	190	188	189	190	190	191	173	190	192	191	188	184	 64	 41	 53	 51	 42	 65	 56	 29	 57	 46	 47	 51	 43	 48	 54	 47	 39	 11	  8	 18	 15	 25	 17	 17	 34	 16
 44	136	198	194	179	198	198	198	196	198	199	199	181	198	200	200	196	192	 59	 44	 46	 46	 37	 61	 53	 15	 48	 50	 41	 45	 39	 42	 49	 40	 24	  7	 14	  3	  3	 20	  2	  4	 21	  3	 16
 45	139	180	175	160	180	180	178	178	179	180	181	162	180	182	181	178	174	 74	 52	 63	 62	 52	 75	 67	 36	 67	 56	 58	 61	 53	 58	 65	 57	 45	 16	 19	 24	 22	 35	 23	 24	 42	 23	 11	 22
 46	135	199	194	179	198	198	198	197	198	199	199	181	198	200	200	196	192	 59	 43	 46	 46	 37	 61	 52	 15	 48	 50	 41	 44	 39	 42	 49	 39	 24	  7	 13	  3	  3	 20	  2	  4	 21	  3	 16	  1	 22
 47	116	203	198	182	203	202	200	201	202	203	204	185	203	204	204	201	197	 51	 27	 42	 39	 31	 52	 44	 30	 48	 31	 36	 40	 31	 37	 43	 38	 40	 21	 10	 23	 20	 17	 22	 20	 33	 20	 15	 22	 25	 22
 48	132	194	189	173	193	193	192	191	193	193	194	175	193	195	194	191	187	 62	 41	 50	 49	 39	 63	 54	 24	 53	 46	 44	 48	 41	 45	 52	 44	 34	  6	  7	 13	 10	 22	 11	 12	 29	 10	  6	 11	 14	 11	 16
 49	 52	343	339	321	343	342	332	341	342	341	343	326	343	344	341	340	337	140	143	152	149	155	136	143	184	161	137	155	154	152	154	149	160	189	187	176	187	184	168	185	183	182	184	181	187	190	186	167	183
 50	 52	343	339	321	343	342	332	341	342	341	343	326	343	344	341	340	337	140	143	152	149	155	136	143	184	161	137	155	154	152	154	149	160	189	187	176	187	184	168	185	183	182	184	181	187	190	186	167	183	  1
 51	104	212	207	191	212	211	208	210	211	211	212	194	212	213	212	209	206	 45	 17	 37	 34	 27	 44	 37	 38	 46	 19	 33	 37	 26	 32	 38	 36	 47	 32	 22	 34	 31	 21	 33	 31	 39	 31	 27	 34	 37	 33	 13	 28	155	155
 52	118	229	224	209	228	228	227	226	228	229	229	211	228	230	230	226	222	 31	 31	 18	 19	 14	 34	 26	 20	 18	 39	 14	 16	 17	 15	 21	 10	 21	 36	 33	 29	 29	 17	 29	 27	 15	 29	 40	 31	 50	 30	 33	 36	168	168	 34
 53	119	214	210	194	214	214	212	212	213	214	215	196	214	216	215	212	208	 41	 28	 29	 28	 19	 43	 34	 16	 32	 35	 24	 27	 21	 24	 31	 23	 24	 22	 17	 18	 16	  3	 17	 15	 16	 16	 25	 19	 35	 18	 18	 21	170	170	 23	 16
 54	 48	325	321	303	324	324	312	323	324	322	325	308	325	325	323	322	319	139	137	150	147	151	135	140	179	160	130	152	151	148	151	147	157	185	179	169	180	177	162	178	176	178	177	172	180	181	179	159	174	 26	 26	147	165	164
 55	 40	311	307	289	311	311	299	310	311	309	311	295	311	312	309	308	305	130	126	140	137	140	126	130	168	150	119	141	141	137	140	137	147	174	167	156	168	165	151	167	165	167	165	160	168	168	167	147	162	 36	 36	135	154	153	 14
 56	152	156	152	134	155	155	142	154	155	153	156	140	156	156	153	152	151	146	117	142	138	131	144	139	132	151	113	137	141	130	137	141	141	142	113	109	121	118	121	119	119	136	118	103	119	 99	118	105	108	192	192	105	137	123	172	159
 57	157	199	196	179	199	198	181	198	199	195	198	186	199	199	195	195	195	183	157	183	178	174	180	178	182	193	150	179	182	172	179	181	184	192	165	159	172	169	168	171	170	185	170	155	171	154	170	153	160	183	183	149	183	170	159	147	 62
 58	245	 53	 49	 32	 53	 53	 51	 52	 53	 53	 54	 36	 53	 55	 53	 51	 47	202	175	191	189	180	202	194	161	194	176	185	189	181	186	192	185	167	142	146	149	149	163	149	151	167	149	139	147	128	147	151	142	292	292	159	177	163	274	261	109	161
 59	200	155	153	137	155	154	135	154	155	150	154	145	155	154	150	151	152	208	179	204	200	194	206	201	194	213	174	199	203	192	199	203	203	204	174	171	182	180	184	181	181	198	180	165	180	160	180	167	170	231	231	167	200	185	208	196	 63	 52	125
 60	169	179	176	159	178	178	160	178	179	175	178	167	179	179	174	175	175	186	158	184	180	174	183	180	179	194	152	180	183	172	179	183	184	189	161	155	168	165	167	167	167	183	166	151	167	148	166	151	156	199	199	149	182	168	175	163	 51	 21	142	 33
 61	150	199	196	179	199	198	181	198	199	195	198	186	199	199	195	195	195	176	149	175	171	167	173	170	175	186	143	172	175	165	171	174	177	185	159	152	166	162	161	164	164	178	163	148	164	147	163	146	154	177	177	142	176	163	153	142	 57	  8	159	 56	 24
 62	162	214	212	195	214	214	195	213	214	210	214	202	214	214	209	211	210	196	171	196	192	188	193	191	198	207	164	193	196	186	193	195	198	208	182	175	189	185	183	187	186	201	186	171	187	171	187	169	177	183	183	164	198	185	158	148	 80	 19	177	 63	 36	 24
 63	224	194	193	179	194	194	172	194	194	189	193	187	194	193	188	191	192	248	220	246	242	236	246	242	240	256	214	242	246	235	242	245	246	250	221	217	229	226	228	228	228	244	227	212	227	208	227	212	217	247	247	211	244	230	222	212	109	 69	172	 52	 63	 76	 64
 64	 69	264	260	242	263	263	250	262	263	261	263	248	263	264	261	260	258	131	115	136	132	132	127	128	154	148	107	136	137	130	135	134	141	163	147	137	150	147	137	149	147	155	147	138	149	143	149	127	141	 90	 90	117	145	139	 67	 55	109	 93	215	141	109	 87	 95	159
 65	 47	253	249	231	253	253	245	252	253	252	254	236	253	254	252	250	247	 60	 50	 67	 63	 65	 56	 58	 92	 78	 42	 67	 68	 62	 66	 64	 73	 98	 91	 80	 91	 89	 74	 90	 88	 91	 89	 84	 91	 93	 91	 71	 86	 98	 98	 59	 79	 77	 89	 77	116	136	201	171	144	129	146	204	 71
 66	221	 88	 85	 68	 88	 88	 72	 87	 88	 85	 88	 75	 88	 88	 84	 85	 84	198	169	189	187	178	197	190	167	196	167	184	188	178	184	190	186	176	147	148	155	153	164	154	155	173	154	140	153	132	153	148	145	263	263	154	180	164	243	229	 71	111	 54	 72	 92	111	127	119	179	181
 67	131	212	209	191	212	211	195	211	212	208	212	198	212	212	208	209	207	163	138	163	159	155	159	157	167	174	130	160	163	153	160	162	165	176	152	144	158	155	151	157	156	169	155	141	156	142	156	137	146	157	157	132	165	154	134	122	 62	 26	169	 75	 42	 20	 34	 94	 68	113	124
 68	182	147	144	127	147	146	129	146	147	143	146	134	147	147	143	143	143	183	153	178	174	168	181	176	167	187	149	174	177	166	173	178	177	177	147	144	155	153	157	154	154	171	153	138	153	133	153	141	143	217	217	141	173	159	195	182	 37	 53	110	 27	 33	 53	 69	 77	129	150	 59	 68
 69	228	 78	 73	 59	 77	 77	 79	 75	 77	 78	 78	 60	 77	 79	 79	 75	 71	177	153	166	165	155	178	170	135	169	154	161	164	156	161	168	160	141	117	122	123	123	138	123	125	140	123	114	121	104	122	127	117	277	277	137	152	138	261	248	106	163	 29	136	146	161	181	185	206	183	 69	168	116
 70	210	174	173	158	174	174	153	174	174	169	173	166	174	173	169	171	172	227	199	224	220	214	225	221	217	234	193	220	224	213	220	224	224	227	198	193	206	203	206	204	204	221	203	188	204	184	203	189	193	237	237	189	221	207	213	202	 85	 55	148	 26	 43	 61	 58	 26	148	186	 95	 81	 52	161
 71	171	146	141	126	146	145	145	144	145	146	146	128	145	147	147	144	139	110	 87	 98	 97	 88	111	102	 67	100	 90	 92	 96	 89	 93	100	 92	 73	 48	 54	 55	 55	 70	 55	 57	 72	 55	 47	 53	 36	 53	 60	 49	221	221	 71	 83	 69	209	196	 95	155	 95	150	145	149	173	200	164	124	107	148	123	 69	175
 72	194	248	246	230	248	248	227	248	248	244	247	238	248	248	243	245	245	240	216	242	237	234	237	235	245	253	209	239	242	232	238	240	244	255	230	222	236	233	230	235	234	248	233	219	235	219	234	216	224	205	205	211	244	232	180	172	127	 67	217	 94	 79	 72	 49	 64	125	187	165	 79	109	225	 76	221
 73	279	 47	 47	 40	 46	 46	 24	 47	 47	 41	 45	 46	 47	 45	 40	 44	 46	250	222	240	238	229	250	242	214	245	221	235	239	229	235	242	236	221	194	197	202	201	213	201	203	220	201	189	200	179	200	199	193	321	321	206	228	213	301	288	130	163	 59	115	142	164	176	150	237	239	 59	179	112	 87	131	149	206
 74	130	192	189	171	192	192	177	191	192	189	192	177	192	192	189	189	187	147	120	145	141	136	144	141	145	156	113	142	145	134	141	144	146	155	129	122	136	132	131	134	133	148	133	118	134	118	133	116	124	163	163	112	145	133	141	129	 38	 38	147	 71	 42	 31	 54	103	 75	103	106	 26	 54	144	 84	123	101	163
 75	 66	233	229	211	233	233	225	232	233	232	234	216	233	234	232	230	227	 63	 43	 66	 62	 61	 59	 58	 83	 77	 35	 64	 66	 58	 64	 63	 70	 91	 78	 67	 80	 77	 65	 78	 76	 83	 77	 70	 79	 77	 79	 58	 73	116	116	 46	 73	 67	104	 91	 98	124	181	155	129	116	135	190	 73	 21	161	101	132	163	171	106	178	219	 88
 76	161	137	133	115	137	136	129	135	136	136	137	119	137	138	136	134	131	125	 96	116	114	105	124	117	 95	123	 95	111	115	105	111	117	113	104	 75	 75	 83	 81	 91	 82	 83	101	 82	 67	 81	 60	 81	 75	 72	209	209	 81	107	 91	192	179	 51	112	 84	105	101	107	130	155	138	117	 74	109	 79	 69	130	 45	178	126	 83	 97
 77	224	148	147	132	148	148	126	148	148	143	147	140	148	147	142	145	146	230	201	225	222	215	228	223	213	234	196	221	225	214	221	225	224	223	193	190	202	199	204	201	201	218	199	184	200	179	199	188	190	255	255	189	220	205	231	219	 84	 74	126	 25	 56	 79	 81	 47	165	195	 74	 98	 48	141	 28	165	103	104	 95	178	122
 78	125	259	256	238	258	258	241	258	259	255	258	245	259	259	255	255	254	182	162	185	181	180	178	178	197	197	153	184	186	177	183	183	189	206	185	176	190	187	180	189	188	198	187	175	189	178	189	168	180	135	135	160	192	183	110	102	109	 63	217	114	 83	 61	 54	115	 57	124	171	 48	113	215	111	190	 70	225	 72	120	153	134
 79	126	179	175	157	179	178	166	177	178	176	179	163	179	179	176	176	173	125	 97	122	118	112	123	119	118	132	 91	118	122	111	118	121	122	128	101	 95	108	105	105	107	106	121	105	 91	106	 90	106	 89	 96	167	167	 87	120	107	147	133	 27	 65	130	 84	 62	 58	 82	124	 85	 90	 97	 54	 60	122	103	 95	130	155	 29	 72	 57	107	 97
 80	129	173	168	151	172	172	167	171	172	172	173	155	172	174	172	170	166	 87	 59	 80	 77	 69	 87	 80	 64	 87	 58	 75	 79	 68	 75	 80	 77	 74	 45	 41	 53	 50	 56	 52	 52	 69	 51	 36	 51	 33	 51	 39	 41	179	179	 43	 72	 57	165	152	 68	121	120	130	116	115	138	176	119	 83	111	110	103	100	153	 46	187	164	 86	 64	 38	150	148	 57
 81	199	162	158	147	162	162	168	160	161	164	163	146	162	164	166	161	156	120	108	107	108	100	123	114	 70	104	114	102	105	102	103	110	 99	 70	 64	 74	 65	 67	 84	 66	 68	 75	 67	 70	 64	 63	 65	 84	 68	250	250	 96	 89	 82	242	230	144	204	119	197	194	198	222	248	205	154	147	196	171	 91	223	 49	270	178	171	140	 94	211	236	143	 89
 82	194	105	101	 83	105	104	 94	104	105	103	105	 89	105	106	103	102	 99	164	135	155	153	144	163	156	133	161	134	150	154	144	150	156	151	141	112	113	120	119	129	120	121	138	119	106	118	 97	118	114	110	238	238	120	145	130	220	207	 54	109	 56	 85	 92	107	127	135	160	152	 35	115	 62	 55	110	 74	171	 88	 92	132	 39	 95	162	 75	 77	117
 83	207	113	111	 93	113	113	 95	112	113	109	113	101	113	113	109	110	109	195	165	188	185	177	193	187	170	195	162	183	187	176	183	188	185	179	150	149	158	156	164	157	158	175	156	142	156	135	156	148	147	246	246	151	180	165	225	212	 55	 86	 79	 46	 66	 87	102	 95	160	170	 27	101	 35	 91	 71	116	139	 79	 85	151	 76	 52	147	 82	109	160	 44
 84	297	 21	 23	 29	 21	 21	 10	 22	 22	 16	 20	 30	 21	 19	 14	 19	 24	259	233	249	247	238	259	252	220	253	233	243	247	239	244	250	244	226	201	205	208	207	221	208	209	225	208	197	206	187	206	208	200	341	341	217	236	221	322	308	151	189	 59	142	168	189	203	178	259	254	 81	204	137	 87	160	153	234	 29	186	234	139	133	250	175	176	175	103	103
 85	178	189	186	170	188	188	169	188	188	184	188	177	189	188	184	185	185	201	173	199	195	190	198	195	195	209	167	195	199	188	195	198	200	205	178	172	185	182	183	184	183	199	182	167	183	165	183	167	173	204	204	164	198	184	180	169	 68	 22	155	 36	 18	 29	 28	 49	115	156	103	 48	 46	161	 34	162	 64	150	 55	142	117	 54	 80	 78	133	211	107	 77	177
 86	177	121	117	 99	121	120	114	119	120	120	121	103	121	122	120	118	115	139	111	130	128	119	139	132	107	136	111	125	129	119	125	131	126	115	 86	 87	 94	 93	104	 94	 95	112	 93	 80	 92	 71	 92	 89	 84	224	224	 96	119	104	208	194	 56	117	 68	103	104	113	136	154	151	133	 61	117	 78	 55	129	 49	182	111	 92	113	 17	117	163	 68	 54	 95	 27	 68	123	120
 87	117	257	254	236	257	257	240	256	257	254	257	243	257	257	253	254	253	174	154	178	174	172	170	170	190	189	146	176	178	169	175	176	182	199	178	169	183	180	173	182	181	191	180	168	182	171	182	161	173	129	129	153	184	175	104	 96	106	 63	214	115	 84	 61	 57	119	 49	116	170	 46	112	211	114	184	 77	224	 68	113	149	136	  8	 92	142	230	159	146	249	 82	159
 88	232	 66	 62	 44	 66	 66	 59	 65	 66	 65	 66	 49	 66	 67	 65	 63	 60	192	165	182	180	171	192	184	154	186	165	176	180	171	177	183	177	161	134	138	142	141	154	142	143	160	141	130	140	120	140	141	133	277	277	149	169	154	260	246	 94	145	 17	110	126	143	162	158	200	188	 40	153	 94	 32	135	 88	202	 61	131	168	 72	113	201	115	108	119	 41	 65	 68	139	 56	198
 89	267	 35	 30	 20	 35	 35	 42	 33	 34	 36	 36	 18	 35	 37	 38	 33	 29	220	195	208	207	198	220	212	177	211	196	203	207	199	204	210	203	183	159	164	166	165	181	166	167	183	166	157	164	146	164	169	159	314	314	179	194	180	297	283	132	182	 24	144	163	181	199	189	238	222	 73	192	131	 43	167	111	238	 59	170	202	106	143	239	153	141	129	 79	 99	 48	175	 90	237	 39
 90	117	193	189	172	193	193	189	191	192	192	194	175	193	194	193	191	187	 63	 36	 55	 52	 44	 63	 56	 43	 62	 37	 50	 54	 44	 50	 56	 52	 53	 28	 20	 34	 31	 32	 33	 32	 47	 31	 19	 33	 24	 32	 15	 23	168	168	 20	 48	 33	157	145	 90	139	140	152	136	132	155	198	120	 70	135	124	126	118	175	 55	203	187	102	 54	 62	173	157	 75	 25	 87	101	133	197	153	 76	150	130	160
 91	256	 71	 69	 56	 70	 70	 49	 70	 71	 66	 70	 64	 71	 70	 65	 67	 68	234	205	225	222	214	233	226	202	231	203	220	224	214	220	226	221	210	181	182	189	188	199	189	190	207	188	175	187	166	187	184	179	297	297	189	214	199	276	263	105	135	 61	 87	115	137	149	124	211	217	 37	152	 85	 87	105	139	179	 28	137	198	109	 78	197	131	147	174	 70	 52	 56	122	 96	197	 56	 71	171
 92	 64	289	285	267	289	288	275	288	289	286	289	273	289	289	286	286	284	141	130	149	145	146	137	140	171	160	122	149	150	143	148	146	155	179	166	155	168	165	153	167	165	171	165	157	168	164	167	146	160	 70	 70	135	160	156	 45	 36	134	114	241	164	131	109	113	177	 26	 82	204	 90	154	231	168	187	136	262	100	 89	162	187	 67	111	141	226	185	185	284	135	176	 60	225	264	140	236
 93	171	128	123	106	127	127	121	126	127	126	128	110	127	129	127	125	121	132	104	123	121	112	132	125	100	129	104	118	122	112	118	124	119	109	 80	 81	 88	 86	 97	 87	 88	106	 87	 73	 86	 65	 86	 82	 78	218	218	 89	113	 97	202	188	 56	117	 75	106	104	112	135	157	147	126	 68	115	 80	 60	131	 45	182	118	 90	106	 10	121	161	 65	 47	 92	 33	 73	130	121	  7	156	 62	 97	 70	102	172
 94	242	135	134	121	134	134	112	134	135	130	134	129	135	133	128	131	133	243	214	238	234	227	241	236	223	246	210	233	237	226	233	238	236	232	203	201	211	208	215	210	210	228	209	194	209	188	209	199	199	274	274	201	231	216	251	239	 98	 94	119	 43	 76	 99	102	 61	184	211	 70	118	 62	138	 47	170	121	 90	113	194	129	 21	155	122	160	214	 98	 55	118	 75	122	157	108	134	184	 65	207	127
 95	 52	246	242	224	246	245	237	244	245	244	246	229	246	247	245	243	240	 71	 56	 76	 72	 73	 67	 68	 97	 88	 48	 76	 77	 70	 75	 74	 82	105	 93	 83	 95	 92	 79	 94	 92	 97	 92	 86	 95	 93	 94	 73	 88	100	100	 62	 86	 82	 88	 75	105	123	194	158	131	116	133	191	 60	 14	171	 99	137	177	173	122	173	229	 90	 16	110	182	112	 79	 79	155	143	160	246	143	126	104	180	216	 70	207	 74	120	199
 96	173	231	226	214	231	230	235	229	230	232	232	214	230	233	234	229	225	 82	 88	 71	 74	 71	 86	 80	 50	 62	 97	 70	 70	 74	 71	 74	 64	 41	 66	 73	 59	 62	 67	 60	 61	 49	 62	 76	 61	 79	 61	 80	 71	222	222	 87	 58	 65	220	210	178	231	185	239	226	224	247	287	202	136	203	216	212	157	262	 96	295	242	194	130	136	257	247	166	111	 70	169	210	242	243	143	239	182	197	 93	234	217	138	264	144
 97	142	226	221	207	226	225	227	224	225	226	226	208	225	227	228	224	219	 52	 55	 39	 42	 38	 55	 49	 20	 32	 63	 37	 38	 41	 38	 43	 32	 10	 40	 44	 32	 34	 34	 33	 33	 16	 34	 49	 34	 55	 34	 49	 44	191	191	 54	 25	 32	188	178	151	201	176	213	198	194	217	260	169	103	186	185	187	149	236	 82	264	231	164	 97	114	233	214	137	 84	 75	151	189	235	215	125	206	170	191	 63	219	184	119	242	110	 34
 98	 53	308	304	286	308	308	295	307	308	306	308	292	308	309	306	305	303	140	133	149	146	149	136	140	175	160	126	150	151	146	149	146	156	182	173	162	175	172	158	173	171	174	172	165	174	173	174	153	168	 47	 47	141	162	160	 22	 16	154	137	259	187	154	132	136	200	 47	 84	225	113	175	247	191	199	158	283	122	 96	178	210	 89	130	154	235	204	206	304	159	193	 83	244	281	149	257	 24	188	230	 80	219	186
 99	 73	281	277	259	281	280	267	280	281	278	281	265	281	281	278	278	276	146	132	152	148	149	141	144	172	164	124	152	153	146	151	149	158	180	165	155	169	166	154	167	166	172	166	157	168	162	167	146	160	 82	 82	136	162	157	 58	 48	126	103	233	153	120	 98	101	165	 20	 86	196	 79	143	225	157	184	124	253	 91	 90	157	176	 55	104	138	225	178	175	276	124	170	 48	218	256	139	227	 13	166	196	 77	220	186	 36
100	133	170	166	148	170	169	157	168	169	167	170	154	170	170	168	167	164	126	 96	121	118	111	123	119	114	131	 92	117	121	110	117	121	121	124	 96	 91	104	101	102	103	102	118	101	 86	102	 84	102	 86	 92	175	175	 85	118	104	156	142	 22	 70	121	 83	 65	 64	 88	126	 95	 95	 89	 62	 58	112	104	 87	136	148	 37	 76	 48	105	106	 10	 52	135	 65	 76	167	 82	 59	102	105	144	 72	124	120	 55	119	 84	162	134	139	113
