nVehicles:  15
nDepots:     1
nCustomers: 25
nPeriods:    6
VEHICLE_TYPE	FLEET_SIZE	CAPACITY
           2	        15	      18	
DEPOT   	X  	Y  	INV_COST	INITIAL_INV 	MIN_LEVEL_INV 	MAX_LEVEL_INV	PRODUCTION_0	PRODUCTION_1	PRODUCTION_2	PRODUCTION_3	PRODUCTION_4	PRODUCTION_5
       0	332	323	       0	        120	            0	         1092	         185	         185	         185	         185	         185	         185	
CUSTOMER	X  	Y  	INV_COST	INITIAL_INV	MIN_LEVEL_INV 	MAX_LEVEL_INV	DEMAND_0	DEMAND_1	DEMAND_2	DEMAND_3	DEMAND_4	DEMAND_5
       1	277	 73	    0.17	          3	            0	           29	       6	       6	       8	       9	       9	       7
       2	262	 66	     0.1	         13	            0	           44	       6	       7	       8	       9	      10	       9
       3	234	 75	    0.14	          7	            0	           31	       5	       7	       8	       8	       9	       6
       4	233	 80	    0.15	         17	            0	           45	       8	       9	      13	      14	      11	       7
       5	257	 69	    0.13	          2	            0	           16	       4	       6	       8	       6	       6	       4
       6	273	 72	    0.12	         15	            0	           30	       8	      10	      11	      12	      10	       6
       7	203	 70	     0.2	         15	            0	           29	       7	       8	       9	      10	       6	       8
       8	250	 90	    0.21	          4	            0	           17	       4	       4	       6	       5	       5	       4
       9	271	 77	    0.02	          3	            0	           26	       4	       5	       5	       7	       7	       6
      10	257	 66	    0.16	          9	            0	           26	       4	       5	       6	       7	       7	       7
      11	244	 71	    0.14	         11	            0	           53	       8	       9	      11	      11	      10	       9
      12	263	 59	    0.23	         11	            0	           33	       7	      10	      10	      10	       7	       6
      13	457	287	    0.05	          8	            0	           25	       5	       7	       9	       8	       9	       9
      14	253	383	    0.18	          5	            0	           26	       4	       5	       7	       8	       6	       6
      15	445	409	    0.05	         12	            0	           48	       7	       9	      12	      10	       7	       7
      16	209	258	    0.21	          5	            0	           14	       3	       5	       6	       6	       5	       3
      17	221	 88	    0.08	         11	            0	           38	       6	      11	      14	      10	       7	       7
      18	422	446	     0.1	          5	            0	           43	       5	       6	      11	       9	       7	       7
      19	  6	 30	    0.26	          3	            0	           18	       6	       7	      10	       8	       7	       5
      20	413	168	    0.29	          9	            0	            9	       5	       5	       6	       7	       6	       4
      21	400	 91	    0.02	          7	            0	           41	       7	       9	      12	      10	       7	       7
      22	262	155	    0.09	         15	            0	           36	       7	       8	       9	      12	       8	       7
      23	410	359	    0.13	         11	            0	           22	       4	       7	       9	       7	       5	       5
      24	124	 37	    0.08	          7	            0	           28	       4	       3	       6	       6	       5	       5
      25	 48	483	    0.07	         16	            0	           16	       8	       9	      11	      13	       9	       6
COST_MATRIX 
	  0	  1	  2	  3	  4	  5	  6	  7	  8	  9	 10	 11	 12	 13	 14	 15	 16	 17	 18	 19	 20	 21	 22	 23	 24	 25
  0
  1	128
  2	134	  9
  3	134	 22	 15
  4	132	 23	 17	  3
  5	133	 11	  3	 12	 14
  6	129	  3	  7	 20	 21	  9
  7	142	 38	 30	 16	 16	 28	 36
  8	124	 16	 14	 11	 10	 12	 15	 26
  9	127	  4	  8	 19	 20	  9	  3	 35	 13
 10	134	 11	  3	 13	 14	  2	  9	 28	 13	  9
 11	134	 17	 10	  6	  8	  7	 15	 21	 10	 14	  7
 12	137	 10	  4	 17	 19	  6	  9	 31	 17	 10	  5	 12
 13	 66	140	148	154	153	148	142	168	143	141	150	152	150
 14	 50	156	159	155	152	158	156	159	147	154	159	157	163	113
 15	 72	188	195	198	196	195	190	209	187	188	196	197	198	 62	 97
 16	 70	 99	100	 93	 90	 98	 99	 95	 87	 96	 99	 96	104	125	 67	141
 17	130	 29	 24	 10	  8	 21	 28	 13	 15	 26	 22	 15	 26	155	149	196	 86
 18	 77	201	207	208	206	206	202	218	198	200	208	208	210	 82	 91	 22	143	206
 19	220	138	130	117	117	128	136	101	126	135	127	121	130	260	216	290	153	112	295
 20	 88	 83	 92	101	101	 93	 85	116	 91	 85	 94	 98	 93	 64	135	122	112	105	140	215
 21	121	 63	 71	 84	 84	 73	 65	100	 76	 65	 73	 79	 71	103	164	161	127	 90	178	200	 40
 22	 92	 42	 45	 43	 41	 44	 42	 52	 34	 40	 45	 43	 49	118	115	157	 58	 40	167	143	 76	 77
 23	 43	158	165	168	166	164	160	178	157	158	166	167	168	 43	 80	 31	113	166	 44	261	 96	135	127
 24	177	 79	 71	 59	 59	 69	 77	 43	 69	 77	 69	 63	 71	209	185	246	119	 55	254	 60	159	141	 91	216
 25	163	235	235	225	222	232	235	221	221	232	234	229	238	227	115	202	139	216	188	228	242	264	196	192	227
