nVehicles:  11
nDepots:     1
nCustomers: 25
nPeriods:   12
VEHICLE_TYPE	FLEET_SIZE	CAPACITY
           2	        11	      18	
DEPOT   	X  	Y  	INV_COST	INITIAL_INV 	MIN_LEVEL_INV 	MAX_LEVEL_INV	PRODUCTION_0	PRODUCTION_1	PRODUCTION_2	PRODUCTION_3	PRODUCTION_4	PRODUCTION_5	PRODUCTION_6	PRODUCTION_7	PRODUCTION_8	PRODUCTION_9	PRODUCTION_10	PRODUCTION_11
       0	351	357	       0	        279	            0	         2058	         173	         173	         173	         173	         173	         173	         173	         173	         173	         173	          173	          173	
CUSTOMER	X  	Y  	INV_COST	INITIAL_INV	MIN_LEVEL_INV 	MAX_LEVEL_INV	DEMAND_0	DEMAND_1	DEMAND_2	DEMAND_3	DEMAND_4	DEMAND_5	DEMAND_6	DEMAND_7	DEMAND_8	DEMAND_9	DEMAND_10	DEMAND_11
       1	449	311	    0.06	          2	            0	           21	       3	       4	       7	       7	       5	       5	       4	       5	       7	       7	        6	        4
       2	445	309	    0.29	         16	            0	           40	       7	       9	      10	      10	       8	       5	       8	      11	      11	       9	        6	        6
       3	466	310	    0.21	          6	            0	           13	       3	       4	       5	       5	       5	       5	       3	       4	       6	       5	        5	        4
       4	449	313	    0.24	          5	            0	           31	       4	       5	       6	       6	       4	       3	       3	       5	       5	       6	        4	        3
       5	455	332	    0.24	          8	            0	           45	       5	       5	       7	       7	       5	       4	       4	       6	       7	       7	        5	        4
       6	448	317	    0.18	         12	            0	           72	       5	       9	      10	      10	      10	       7	       6	       7	      10	      12	        7	        6
       7	453	308	    0.28	          2	            0	           45	       7	       7	      10	       9	       9	       7	       6	       7	       7	      11	       11	        8
       8	438	346	    0.26	         11	            0	           86	       5	       8	      10	       9	       6	       5	       7	       9	       9	       7	        6	        6
       9	445	312	     0.2	         11	            0	           78	       6	       7	       8	      11	      12	       8	       8	       5	       7	       9	       11	       12
      10	451	309	    0.25	          2	            0	           37	       3	       5	       6	       7	       5	       3	       3	       5	       5	       6	        5	        4
      11	481	339	    0.25	          4	            0	           59	       7	       9	      13	      13	      12	       9	       8	       7	       9	      11	       13	       10
      12	454	295	    0.26	          2	            0	           70	       8	       8	      11	      12	       7	       7	      12	      11	       8	       7	        8	       11
      13	245	 59	    0.16	          8	            0	           21	       5	       6	       7	       8	       7	       6	       5	       4	       7	       7	        8	        6
      14	169	244	    0.23	          2	            0	           47	       3	       3	       6	       5	       4	       4	       4	       4	       4	       6	        6	        6
      15	362	269	    0.19	          5	            0	           32	       5	       6	       7	       9	       6	       6	       5	       4	       7	       8	        9	        7
      16	 49	 18	    0.09	          6	            0	           21	       3	       3	       6	       5	       6	       4	       4	       4	       4	       5	        6	        7
      17	467	 58	    0.16	          3	            0	           47	       4	       5	       8	       6	       5	       4	       6	       8	       6	       3	        5	        6
      18	143	 61	    0.01	          8	            0	           36	       5	       6	       8	       9	       6	       6	       7	       9	      10	       7	        5	        9
      19	103	190	    0.16	          3	            0	           66	       5	       7	       9	      11	      10	       9	       6	       5	       6	       7	        9	        9
      20	186	226	    0.29	          1	            0	           70	       6	       7	       9	       8	       6	       6	       5	       9	      11	       9	        7	        6
      21	103	  4	    0.14	          4	            0	           43	       5	       7	       7	       6	       5	       5	       7	       7	       5	       5	        5	        8
      22	300	268	    0.18	          9	            0	           26	       5	       6	       8	       8	       8	       7	       6	       4	       6	       7	        6	        8
      23	423	347	    0.24	          9	            0	           71	       5	       8	       8	      10	       6	       5	       8	      11	       8	       6	        7	        7
      24	396	 66	    0.14	          1	            0	           77	       7	      11	      11	      10	       9	       7	      11	      11	      11	       6	        8	        9
      25	230	165	    0.26	         12	            0	           61	       7	       8	       8	      12	      11	       7	       7	       6	      10	      11	       10	        8
COST_MATRIX 
	  0	  1	  2	  3	  4	  5	  6	  7	  8	  9	 10	 11	 12	 13	 14	 15	 16	 17	 18	 19	 20	 21	 22	 23	 24	 25
  0
  1	 55
  2	 53	  3
  3	 63	  9	 11
  4	 54	  2	  3	  9
  5	 54	 11	 13	 13	 10
  6	 53	  4	  5	 10	  3	  9
  7	 57	  3	  5	  7	  4	 13	  6
  8	 44	 19	 19	 23	 18	 12	 16	 21
  9	 53	  3	  2	 11	  3	 12	  3	  5	 18
 10	 56	  2	  4	  8	  3	 12	  5	  2	 20	  4
 11	 66	 22	 24	 17	 21	 14	 20	 21	 22	 23	 22
 12	 61	  9	  9	 10	 10	 19	 12	  7	 27	 10	  8	 26
 13	159	163	161	168	163	173	165	163	173	162	162	184	158
 14	108	144	142	153	145	150	145	146	144	143	145	164	145	101
 15	 45	 49	 47	 56	 49	 57	 50	 50	 55	 47	 49	 70	 48	121	 98
 16	228	248	246	255	249	257	250	249	255	247	249	270	246	101	128	201
 17	161	127	126	127	128	138	130	126	145	128	126	141	119	112	176	118	210
 18	181	198	196	204	199	207	200	199	206	197	198	219	195	 52	 93	152	 52	163
 19	150	184	182	192	184	190	184	185	185	182	184	204	184	 97	 43	136	 91	194	 68
 20	106	139	136	147	139	145	139	140	140	137	139	158	139	 89	 13	 91	125	164	 86	 46
 21	216	232	230	238	232	241	233	232	240	231	232	253	228	 77	125	186	 28	184	 35	 94	119
 22	 52	 78	 76	 86	 78	 84	 78	 80	 80	 76	 79	 98	 79	109	 67	 32	178	135	130	106	 61	165
 23	 37	 23	 22	 29	 22	 18	 20	 25	  8	 21	 24	 30	 31	170	138	 50	250	147	201	179	134	235	 74
 24	148	126	124	127	127	137	129	125	142	126	125	143	119	 76	145	103	176	 36	127	160	133	150	112	142
 25	114	132	130	139	133	141	133	133	138	131	132	153	130	 54	 50	 85	117	131	 68	 65	 38	103	 63	133	 97
