nVehicles:   5
nDepots:     1
nCustomers: 25
nPeriods:    6
VEHICLE_TYPE	FLEET_SIZE	CAPACITY
           4	         5	      38	
DEPOT   	X  	Y  	INV_COST	INITIAL_INV 	MIN_LEVEL_INV 	MAX_LEVEL_INV	PRODUCTION_0	PRODUCTION_1	PRODUCTION_2	PRODUCTION_3	PRODUCTION_4	PRODUCTION_5
       0	316	 37	       0	        251	            0	          916	         159	         159	         159	         159	         159	         159	
CUSTOMER	X  	Y  	INV_COST	INITIAL_INV	MIN_LEVEL_INV 	MAX_LEVEL_INV	DEMAND_0	DEMAND_1	DEMAND_2	DEMAND_3	DEMAND_4	DEMAND_5
       1	367	496	    0.11	          7	            0	           19	       7	       6	       5	       7	       8	       9
       2	350	485	    0.08	          8	            0	           14	       8	       6	       6	       9	       9	       8
       3	366	493	    0.28	          3	            0	           15	       7	       5	       5	       6	       8	       9
       4	386	480	    0.12	          8	            0	           41	       7	       6	       6	       9	       9	       8
       5	340	493	       0	         12	            0	           12	       8	       7	       8	      10	       9	      10
       6	370	491	    0.09	         10	            0	           20	       5	       5	       4	       4	       6	       6
       7	373	488	    0.09	          7	            0	           15	       6	       4	       5	       8	       7	       5
       8	358	498	    0.29	          2	            0	            9	       5	       4	       4	       5	       8	       6
       9	367	493	    0.12	          6	            0	           38	       6	       5	       6	       7	       8	       8
      10	363	490	    0.23	          6	            0	           16	       4	       3	       4	       6	       6	       4
      11	369	485	       0	          3	            0	           39	       7	       5	       5	       7	       8	       8
      12	393	493	    0.07	          9	            0	           32	       6	       6	       5	       6	       8	       8
      13	499	324	    0.08	          3	            0	           15	       5	       5	       4	       5	       6	       8
      14	500	329	    0.23	          5	            0	           21	       4	       3	       4	       6	       5	       5
      15	471	298	    0.01	          3	            0	            7	       4	       3	       3	       6	       7	       5
      16	483	321	     0.2	         10	            0	           16	       6	       4	       6	       6	       9	       6
      17	497	335	    0.14	          9	            0	           51	      10	       9	       6	       8	       9	      10
      18	500	328	    0.02	          4	            0	           13	       5	       4	       5	       5	       6	       6
      19	495	327	    0.24	          2	            0	           17	       4	       3	       3	       5	       5	       5
      20	499	340	    0.03	          7	            0	           36	       6	       5	       5	       7	       8	       7
      21	492	342	    0.19	          8	            0	           25	       5	       3	       3	       5	       6	       4
      22	465	316	    0.23	         11	            0	           20	       7	       5	       6	       6	       9	       9
      23	484	325	    0.09	          4	            0	           41	       8	       8	       8	       9	      12	      12
      24	495	343	    0.01	          9	            0	           34	       9	       5	       8	       9	      10	       7
      25	  0	  0	    0.15	          5	            0	           24	       7	       5	       5	       6	       8	      10
COST_MATRIX 
	  0	  1	  2	  3	  4	  5	  6	  7	  8	  9	 10	 11	 12	 13	 14	 15	 16	 17	 18	 19	 20	 21	 22	 23	 24	 25
  0
  1	 47
  2	 45	  3
  3	 46	  1	  2
  4	 45	  3	  4	  3
  5	 46	  3	  2	  3	  5
  6	 46	  1	  3	  1	  2	  4
  7	 46	  2	  3	  1	  2	  4	  1
  8	 47	  1	  2	  1	  4	  2	  2	  2
  9	 46	  1	  2	  1	  3	  3	  1	  1	  2
 10	 46	  1	  2	  1	  3	  3	  1	  2	  1	  1
 11	 46	  2	  2	  1	  2	  4	  1	  1	  2	  1	  1
 12	 47	  3	  5	  3	  2	  6	  3	  3	  4	  3	  4	  3
 13	 35	 22	 22	 22	 20	 24	 22	 21	 23	 22	 22	 21	 20
 14	 35	 22	 22	 22	 19	 23	 21	 21	 23	 22	 22	 21	 20	  1
 15	 31	 23	 23	 23	 21	 24	 22	 22	 23	 23	 23	 22	 22	  4	  5
 16	 33	 21	 22	 21	 19	 23	 21	 20	 22	 21	 21	 20	 20	  2	  2	  3
 17	 35	 21	 22	 21	 19	 23	 21	 20	 22	 21	 21	 20	 19	  2	  1	  5	  2
 18	 35	 22	 22	 22	 20	 23	 21	 21	 23	 22	 22	 21	 20	  1	  1	  5	  2	  1
 19	 35	 22	 22	 22	 19	 23	 21	 21	 22	 21	 21	 21	 20	  1	  1	  4	  2	  1	  1
 20	 36	 21	 21	 21	 18	 23	 20	 20	 22	 21	 21	 20	 19	  2	  2	  6	  3	  1	  2	  2
 21	 36	 20	 21	 20	 18	 22	 20	 19	 21	 20	 20	 19	 19	  2	  2	  5	  3	  1	  2	  2	  1
 22	 32	 21	 21	 21	 19	 22	 20	 20	 22	 21	 21	 20	 20	  4	  4	  2	  2	  4	  4	  4	  5	  4
 23	 34	 21	 21	 21	 19	 23	 21	 20	 22	 21	 21	 20	 20	  2	  2	  3	  1	  2	  2	  2	  3	  2	  3
 24	 36	 20	 21	 20	 18	 22	 20	 19	 21	 20	 20	 19	 19	  2	  2	  6	  3	  1	  2	  2	  1	  1	  5	  3
 25	 32	 62	 60	 62	 62	 60	 62	 62	 62	 62	 61	 61	 64	 60	 60	 56	 58	 60	 60	 60	 61	 60	 57	 59	 61
