nVehicles:  10
nDepots:     1
nCustomers: 25
nPeriods:   12
VEHICLE_TYPE	FLEET_SIZE	CAPACITY
           2	        10	      18	
DEPOT   	X  	Y  	INV_COST	INITIAL_INV 	MIN_LEVEL_INV 	MAX_LEVEL_INV	PRODUCTION_0	PRODUCTION_1	PRODUCTION_2	PRODUCTION_3	PRODUCTION_4	PRODUCTION_5	PRODUCTION_6	PRODUCTION_7	PRODUCTION_8	PRODUCTION_9	PRODUCTION_10	PRODUCTION_11
       0	 30	172	       0	        241	            0	         2070	         174	         174	         174	         174	         174	         174	         174	         174	         174	         174	          174	          174	
CUSTOMER	X  	Y  	INV_COST	INITIAL_INV	MIN_LEVEL_INV 	MAX_LEVEL_INV	DEMAND_0	DEMAND_1	DEMAND_2	DEMAND_3	DEMAND_4	DEMAND_5	DEMAND_6	DEMAND_7	DEMAND_8	DEMAND_9	DEMAND_10	DEMAND_11
       1	 94	 83	    0.01	          4	            0	           25	       5	       7	       9	       8	       6	       4	       4	       5	       8	       9	        6	        5
       2	 96	 71	    0.07	          1	            0	           44	       4	       6	       7	       7	       4	       4	       6	       8	       6	       5	        4	        5
       3	121	 66	    0.09	          3	            0	           45	       5	       6	       7	       6	       4	       4	       6	       6	       8	       4	        3	        5
       4	115	 95	    0.16	          6	            0	           14	       3	       4	       6	       6	       5	       3	       3	       3	       4	       5	        6	        6
       5	 90	 71	    0.17	          6	            0	           84	       6	      11	      12	      10	       7	       6	       9	      10	       8	       6	        7	       10
       6	109	 92	    0.14	          2	            0	           54	       4	       7	       7	       6	       3	       5	       5	       7	       6	       4	        5	        6
       7	 95	 59	    0.02	          6	            0	           61	       6	      10	      11	       9	       7	       7	      11	      10	      10	       9	        6	        8
       8	113	 79	    0.24	         10	            0	           44	       6	       6	       8	       9	      10	       8	       6	       6	       5	       7	        9	        9
       9	108	 82	    0.28	          3	            0	           65	       6	       8	      11	       9	       7	       5	       7	      10	       9	       7	        7	        5
      10	104	 66	    0.27	          6	            0	           12	       3	       5	       5	       6	       4	       4	       4	       5	       6	       5	        4	        4
      11	107	 77	     0.3	          2	            0	          104	       7	      11	      11	      11	       8	       8	       9	      14	      11	      10	        6	       10
      12	128	 94	     0.1	         11	            0	           31	       5	       9	      11	       9	       6	       5	       7	      11	       7	       6	        5	        7
      13	445	489	    0.01	          2	            0	           57	       5	       6	       8	       7	       9	       7	       5	       5	       6	       6	        7	        9
      14	477	488	    0.26	          9	            0	           97	       8	       8	      12	      11	       8	       6	       6	       8	      11	      13	       13	       11
      15	476	481	    0.25	          3	            0	           48	       3	       4	       6	       5	       4	       4	       4	       4	       5	       6	        6	        4
      16	473	482	    0.29	          1	            0	           49	       5	       6	       7	       5	       6	       3	       5	       6	       8	       6	        5	        4
      17	483	493	    0.29	         10	            0	           25	       6	       8	      12	      13	      12	       9	       7	       7	       8	      10	        9	       12
      18	468	474	    0.01	          9	            0	           75	       6	       6	       8	       6	       4	       6	       7	       8	       5	       4	        8	        7
      19	470	485	    0.07	          8	            0	           67	       7	      11	      11	      12	       6	       8	       8	      14	      12	       7	        8	       10
      20	470	474	    0.17	          9	            0	           26	       5	       8	       8	       7	       6	       5	       8	       7	       7	       7	        4	        5
      21	455	455	    0.23	         12	            0	           45	       7	       8	       9	       7	       5	       6	      10	       8	       8	       6	        6	        9
      22	481	472	    0.02	          2	            0	           51	       6	       9	      13	      10	       9	       6	      11	      14	      12	       9	        6	       10
      23	464	407	    0.24	          5	            0	           21	       3	       4	       6	       4	       3	       4	       6	       6	       4	       3	        4	        6
      24	476	485	    0.25	         10	            0	           88	       6	       9	      11	      10	       9	       7	       7	      11	       9	      11	        8	        6
      25	  0	  0	    0.17	          2	            0	           22	       3	       4	       5	       5	       4	       3	       5	       6	       6	       5	        3	        4
COST_MATRIX 
	  0	  1	  2	  3	  4	  5	  6	  7	  8	  9	 10	 11	 12	 13	 14	 15	 16	 17	 18	 19	 20	 21	 22	 23	 24	 25
  0
  1	 11
  2	 13	  2
  3	 14	  4	  3
  4	 12	  3	  4	  3
  5	 12	  2	  1	  4	  4
  6	 12	  2	  3	  3	  1	  3
  7	 14	  3	  2	  3	  5	  2	  4
  8	 13	  2	  2	  2	  2	  3	  2	  3
  9	 12	  2	  2	  3	  2	  3	  2	  3	  1
 10	 13	  2	  1	  2	  4	  2	  3	  2	  2	  2
 11	 13	  2	  2	  2	  2	  2	  2	  3	  1	  1	  2
 12	 13	  4	  4	  3	  2	  5	  2	  5	  3	  3	  4	  3
 13	 53	 54	 55	 54	 52	 55	 53	 56	 53	 53	 55	 54	 51
 14	 55	 56	 57	 56	 54	 57	 55	 58	 55	 55	 57	 56	 53	  4
 15	 55	 56	 56	 55	 53	 57	 54	 57	 55	 55	 56	 55	 53	  4	  1
 16	 55	 56	 56	 55	 53	 57	 54	 57	 55	 55	 56	 55	 52	  3	  1	  1
 17	 56	 57	 58	 56	 55	 58	 55	 59	 56	 56	 58	 57	 54	  4	  1	  2	  2
 18	 54	 55	 55	 54	 52	 56	 53	 56	 54	 54	 55	 54	 51	  3	  2	  2	  1	  3
 19	 54	 56	 56	 55	 53	 57	 54	 57	 55	 55	 56	 55	 52	  3	  1	  1	  1	  2	  2
 20	 54	 55	 55	 54	 52	 56	 53	 56	 54	 54	 55	 54	 52	  3	  2	  1	  1	  3	  1	  2
 21	 52	 52	 53	 52	 50	 53	 51	 54	 51	 51	 53	 52	 49	  4	  4	  4	  4	  5	  3	  4	  3
 22	 55	 55	 56	 55	 53	 57	 54	 57	 54	 54	 56	 55	 52	  4	  2	  2	  2	  3	  2	  2	  2	  4
 23	 50	 50	 50	 49	 47	 51	 48	 51	 49	 49	 50	 49	 46	  9	  9	  8	  8	  9	  7	  8	  7	  5	  7
 24	 55	 56	 57	 55	 54	 57	 54	 58	 55	 55	 57	 56	 53	  4	  1	  1	  1	  2	  2	  1	  2	  4	  2	  8
 25	 18	 13	 12	 14	 15	 12	 15	 12	 14	 14	 13	 14	 16	 67	 69	 68	 68	 70	 67	 68	 67	 65	 68	 62	 68
