nVehicles:   5
nDepots:     1
nCustomers: 25
nPeriods:    9
VEHICLE_TYPE	FLEET_SIZE	CAPACITY
           4	         5	      38	
DEPOT   	X  	Y  	INV_COST	INITIAL_INV 	MIN_LEVEL_INV 	MAX_LEVEL_INV	PRODUCTION_0	PRODUCTION_1	PRODUCTION_2	PRODUCTION_3	PRODUCTION_4	PRODUCTION_5	PRODUCTION_6	PRODUCTION_7	PRODUCTION_8
       0	312	318	       0	        275	            0	         1546	         176	         176	         176	         176	         176	         176	         176	         176	         176	
CUSTOMER	X  	Y  	INV_COST	INITIAL_INV	MIN_LEVEL_INV 	MAX_LEVEL_INV	DEMAND_0	DEMAND_1	DEMAND_2	DEMAND_3	DEMAND_4	DEMAND_5	DEMAND_6	DEMAND_7	DEMAND_8
       1	  6	313	    0.27	          7	            0	           27	       7	       7	       9	      10	       8	       6	       5	       6	       9
       2	  1	328	    0.26	         13	            0	           57	       8	       8	      12	      12	      13	       8	       8	       6	       7
       3	 12	318	    0.17	          9	            0	           37	       7	       8	      13	      10	       7	       6	       9	      10	      11
       4	 36	325	    0.14	          2	            0	           42	       4	       6	       7	       8	       6	       6	       4	       3	       5
       5	 18	313	    0.25	          5	            0	           14	       4	       4	       6	       6	       4	       3	       5	       6	       5
       6	 71	269	    0.25	          5	            0	           25	       3	       5	       5	       6	       4	       4	       3	       4	       4
       7	 27	303	    0.13	          8	            0	           29	       7	       8	       8	      10	      11	       9	       8	       7	       7
       8	 24	325	    0.24	          7	            0	           15	       4	       6	       7	       7	       5	       5	       5	       4	       7
       9	 26	319	    0.22	         14	            0	           38	       8	       8	      10	      11	       9	       7	       6	       7	      12
      10	 11	320	    0.01	          7	            0	           24	       7	       8	       8	       9	      12	       8	       8	       5	       7
      11	 24	335	    0.25	          9	            0	           13	       3	       6	       6	       4	       4	       3	       5	       5	       5
      12	  9	321	    0.04	         14	            0	           84	       7	       8	      13	      12	       7	       7	       7	      11	      12
      13	 99	110	    0.05	          1	            0	           18	       3	       4	       5	       7	       4	       4	       3	       5	       5
      14	 73	109	    0.18	          6	            0	           35	       4	       5	       5	       5	       4	       4	       4	       6	       6
      15	 72	111	    0.05	          6	            0	           36	       4	       5	       5	       6	       6	       6	       6	       4	       4
      16	 70	109	    0.22	          3	            0	           14	       4	       5	       8	       7	       5	       4	       5	       6	       7
      17	 54	 82	    0.11	         13	            0	           64	       7	       7	       9	      11	      10	       8	       7	       5	       9
      18	 57	111	    0.18	         15	            0	           48	       8	      10	       9	      13	      13	      10	       8	       6	       7
      19	 72	106	    0.23	         12	            0	           66	       7	       9	      11	      10	       6	       6	       8	       8	       8
      20	 31	105	    0.15	          3	            0	           19	       6	      10	      11	      14	      13	      10	       8	       7	      10
      21	135	102	    0.21	          6	            0	           37	       3	       5	       6	       5	       4	       3	       3	       4	       5
      22	 98	100	    0.01	         11	            0	           25	       5	       6	       8	       8	       8	       5	       5	       8	       9
      23	 72	108	    0.12	         14	            0	           26	       5	       9	       9	       7	       5	       7	       7	      10	       6
      24	 60	 95	    0.02	         12	            0	           48	       6	       7	       8	       7	       6	       5	       7	      10	       6
      25	  0	  0	    0.27	         16	            0	           39	       8	      10	      14	      10	       8	       7	       9	      14	      10
COST_MATRIX 
	  0	  1	  2	  3	  4	  5	  6	  7	  8	  9	 10	 11	 12	 13	 14	 15	 16	 17	 18	 19	 20	 21	 22	 23	 24	 25
  0
  1	 31
  2	 32	  2
  3	 31	  1	  2
  4	 28	  4	  4	  3
  5	 30	  2	  3	  1	  3
  6	 25	  8	 10	  8	  7	  7
  7	 29	  3	  4	  3	  3	  2	  6
  8	 29	  3	  3	  2	  2	  2	  8	  3
  9	 29	  3	  3	  2	  2	  2	  7	  2	  1
 10	 31	  1	  2	  1	  3	  1	  8	  3	  2	  2
 11	 29	  3	  3	  3	  2	  3	  9	  4	  2	  2	  2
 12	 31	  1	  2	  1	  3	  2	  9	  3	  2	  2	  1	  3
 13	 30	 23	 24	 23	 23	 22	 17	 21	 23	 23	 23	 24	 23
 14	 32	 22	 24	 22	 22	 22	 17	 20	 23	 22	 22	 24	 23	  3
 15	 32	 22	 23	 22	 22	 21	 16	 20	 22	 22	 22	 23	 22	  3	  1
 16	 32	 22	 23	 22	 22	 22	 17	 20	 23	 22	 22	 24	 23	  3	  1	  1
 17	 35	 24	 26	 24	 25	 24	 19	 23	 25	 24	 25	 26	 25	  6	  4	  4	  4
 18	 33	 21	 23	 22	 22	 21	 16	 20	 22	 22	 22	 23	 22	  5	  2	  2	  2	  3
 19	 33	 22	 24	 23	 23	 22	 17	 21	 23	 22	 23	 24	 23	  3	  1	  1	  1	  4	  2
 20	 36	 21	 23	 22	 23	 21	 17	 20	 23	 22	 22	 24	 22	  7	  5	  5	  4	  4	  3	  5
 21	 28	 25	 27	 25	 25	 25	 18	 23	 25	 25	 26	 26	 26	  4	  7	  7	  7	  9	  8	  7	 11
 22	 31	 24	 25	 24	 24	 23	 18	 22	 24	 24	 24	 25	 24	  2	  3	  3	  3	  5	  5	  3	  7	  4
 23	 32	 22	 24	 22	 22	 22	 17	 21	 23	 22	 23	 24	 23	  3	  1	  1	  1	  4	  2	  1	  5	  7	  3
 24	 34	 23	 25	 23	 24	 23	 18	 22	 24	 23	 24	 25	 24	  5	  2	  3	  2	  2	  2	  2	  4	  8	  4	  2
 25	 45	 32	 33	 32	 33	 32	 28	 31	 33	 33	 33	 34	 33	 15	 14	 14	 13	 10	 13	 13	 11	 17	 15	 13	 12
