nVehicles:  25
nDepots:     1
nCustomers: 25
nPeriods:   12
VEHICLE_TYPE	FLEET_SIZE	CAPACITY
           1	        25	       8	
DEPOT   	X  	Y  	INV_COST	INITIAL_INV 	MIN_LEVEL_INV 	MAX_LEVEL_INV	PRODUCTION_0	PRODUCTION_1	PRODUCTION_2	PRODUCTION_3	PRODUCTION_4	PRODUCTION_5	PRODUCTION_6	PRODUCTION_7	PRODUCTION_8	PRODUCTION_9	PRODUCTION_10	PRODUCTION_11
       0	277	200	       0	        222	            0	         2080	         174	         174	         174	         174	         174	         174	         174	         174	         174	         174	          174	          174	
CUSTOMER	X  	Y  	INV_COST	INITIAL_INV	MIN_LEVEL_INV 	MAX_LEVEL_INV	DEMAND_0	DEMAND_1	DEMAND_2	DEMAND_3	DEMAND_4	DEMAND_5	DEMAND_6	DEMAND_7	DEMAND_8	DEMAND_9	DEMAND_10	DEMAND_11
       1	171	196	    0.18	         17	            0	           56	      11	       7	       6	       6	       7	      11	       9	      12	       8	       7	        6	        8
       2	184	190	    0.01	          8	            0	           46	       5	       4	       4	       5	       6	       6	       3	       3	       5	       5	        4	        3
       3	169	196	    0.16	          8	            0	           13	       6	       4	       3	       3	       4	       5	       5	       5	       4	       4	        3	        3
       4	160	219	    0.21	         10	            0	           59	       9	       6	       6	       7	       7	      10	       9	       6	       5	       6	       10	       10
       5	176	184	    0.25	          8	            0	           54	       8	       6	       5	       6	       9	       7	       7	       6	       6	       7	        8	        7
       6	169	209	    0.29	          3	            0	           55	       7	       4	       5	       4	       4	       7	       8	       8	       5	       5	        4	        4
       7	173	216	    0.29	          2	            0	           29	       8	       6	       5	       6	       8	      10	      10	       7	       6	       5	        6	        8
       8	175	185	    0.29	         13	            0	           53	       8	       5	       5	       5	       8	       7	       6	       4	       6	       6	        9	        8
       9	145	218	    0.22	          9	            0	           72	       7	       6	       5	       6	       7	       7	       6	       4	       6	       7	        8	        6
      10	155	199	    0.09	         16	            0	           97	      10	       7	       5	       5	       8	      12	      11	       8	       6	       5	        9	       11
      11	175	191	     0.2	         11	            0	           59	       7	       5	       4	       5	       4	       6	       7	       6	       6	       6	        5	        4
      12	160	198	     0.3	         15	            0	           63	      10	       8	       4	       8	       9	       9	       8	       6	       4	       7	       11	       10
      13	361	206	    0.12	          9	            0	           24	       8	       6	       5	       5	       7	       9	       9	       9	       6	       4	        5	        5
      14	353	211	     0.2	         15	            0	           24	       9	       6	       4	       5	       9	      10	       5	       5	       5	       8	        7	       10
      15	366	202	    0.03	          7	            0	           67	       7	       5	       5	       6	       8	       7	       6	       5	       8	       9	        8	        4
      16	392	197	    0.15	         13	            0	           51	       8	       5	       5	       7	       7	       8	       5	       5	       7	       8	        5	        6
      17	363	207	     0.1	          9	            0	           30	       5	       5	       4	       5	       5	       6	       8	       6	       7	       5	        4	        4
      18	383	203	    0.06	          5	            0	           22	       5	       4	       4	       4	       5	       6	       6	       4	       4	       4	        6	        6
      19	369	204	     0.2	         11	            0	           55	       5	       0	       0	       0	       1	       4	       4	       4	       4	       3	        6	        8
      20	365	211	    0.05	          1	            0	           52	       0	       0	       0	       0	       0	       0	       1	       1	       5	       4	        3	        6
      21	351	206	    0.18	          2	            0	           39	       6	       4	       5	       6	       8	       5	       4	       5	       6	       6	        5	        4
      22	357	200	       0	         10	            0	           62	       6	       3	       2	       4	       4	       5	       4	       3	       3	       7	        7	        7
      23	346	186	    0.08	          6	            0	           23	       5	       3	       0	       1	       3	       4	       7	       7	       6	       4	        5	        8
      24	362	205	    0.05	          9	            0	           50	       0	       0	       0	       0	       0	       0	       2	       4	       3	       2	        4	        4
      25	  0	  0	     0.1	          8	            0	           34	       8	       5	       4	       5	       7	       6	       4	       4	       8	       7	        6	        6
COST_MATRIX 
	  0	  1	  2	  3	  4	  5	  6	  7	  8	  9	 10	 11	 12	 13	 14	 15	 16	 17	 18	 19	 20	 21	 22	 23	 24	 25
  0
  1	 11
  2	 10	  2
  3	 11	  1	  2
  4	 12	  3	  4	  3
  5	 11	  2	  2	  2	  4
  6	 11	  2	  3	  2	  2	  3
  7	 11	  3	  3	  3	  2	  4	  1
  8	 11	  2	  2	  2	  4	  1	  3	  4
  9	 14	  4	  5	  4	  2	  5	  3	  3	  5
 10	 13	  2	  4	  2	  3	  3	  2	  3	  3	  3
 11	 11	  1	  1	  1	  4	  1	  2	  3	  1	  5	  3
 12	 12	  2	  3	  1	  3	  3	  2	  3	  2	  3	  1	  2
 13	  9	 20	 18	 20	 21	 19	 20	 19	 19	 22	 21	 19	 21
 14	  8	 19	 18	 19	 20	 18	 19	 19	 18	 21	 20	 18	 20	  1
 15	  9	 20	 19	 20	 21	 20	 20	 20	 20	 23	 22	 20	 21	  1	  2
 16	 12	 23	 21	 23	 24	 22	 23	 22	 22	 25	 24	 22	 24	  4	  5	  3
 17	  9	 20	 18	 20	 21	 19	 20	 20	 19	 22	 21	 19	 21	  1	  2	  1	  4
 18	 11	 22	 20	 22	 23	 21	 22	 22	 21	 24	 23	 21	 23	  3	  4	  2	  2	  3
 19	 10	 20	 19	 21	 21	 20	 21	 20	 20	 23	 22	 20	 21	  1	  2	  1	  3	  1	  2
 20	  9	 20	 19	 20	 21	 20	 20	 20	 20	 23	 22	 20	 21	  1	  2	  1	  4	  1	  2	  1
 21	  8	 19	 17	 19	 20	 18	 19	 18	 18	 21	 20	 18	 20	  2	  1	  2	  5	  2	  4	  2	  2
 22	  9	 19	 18	 19	 20	 19	 19	 19	 19	 22	 21	 19	 20	  1	  2	  1	  4	  1	  3	  2	  2	  1
 23	  8	 18	 17	 18	 19	 18	 18	 18	 18	 21	 20	 18	 19	  3	  3	  3	  5	  3	  5	  3	  4	  3	  2
 24	  9	 20	 18	 20	 21	 19	 20	 19	 19	 22	 21	 19	 21	  1	  2	  1	  4	  1	  3	  1	  1	  2	  1	  3
 25	 35	 27	 27	 26	 28	 26	 27	 28	 26	 27	 26	 26	 26	 42	 42	 42	 44	 42	 44	 43	 43	 41	 41	 40	 42
