nVehicles:   95
nDepots:      1
nCustomers: 100
nPeriods:     9
VEHICLE_TYPE	FLEET_SIZE	CAPACITY
           1	        95	       8	
DEPOT   	X  	Y  	INV_COST	INITIAL_INV 	MIN_LEVEL_INV 	MAX_LEVEL_INV	PRODUCTION_0	PRODUCTION_1	PRODUCTION_2	PRODUCTION_3	PRODUCTION_4	PRODUCTION_5	PRODUCTION_6	PRODUCTION_7	PRODUCTION_8
       0	 44	341	       0	       1085	            0	         6310	         702	         702	         702	         702	         702	         702	         702	         702	         702	
CUSTOMER	X  	Y  	INV_COST	INITIAL_INV	MIN_LEVEL_INV 	MAX_LEVEL_INV	DEMAND_0	DEMAND_1	DEMAND_2	DEMAND_3	DEMAND_4	DEMAND_5	DEMAND_6	DEMAND_7	DEMAND_8
       1	293	 85	    0.18	          2	            0	           26	       4	       6	       7	       6	       6	       5	       4	       5	       5
       2	291	 72	    0.23	          6	            0	           47	       5	       5	       7	       8	       4	       3	       5	       7	       7
       3	292	 78	     0.1	          1	            0	           41	       5	       6	       7	       7	       7	       9	       7	       6	       5
       4	324	 53	    0.01	          7	            0	           22	       6	       7	       9	       9	      11	       9	       7	       6	       8
       5	299	 90	    0.09	          4	            0	           30	       4	       7	       8	       7	       5	       5	       7	       8	       8
       6	240	114	    0.16	          7	            0	           16	       3	       4	       5	       6	       6	       3	       3	       4	       5
       7	264	 55	    0.26	          5	            0	           49	       5	       7	      11	      10	       6	       5	       9	      11	       9
       8	295	 75	     0.2	         14	            0	           53	       7	       8	       8	       9	       9	       7	       8	       6	       8
       9	251	 45	    0.13	          6	            0	           11	       4	       4	       5	       6	       6	       4	       4	       3	       4
      10	318	102	    0.22	          7	            0	           54	       5	       8	       8	       8	       6	       7	       9	       8	       7
      11	295	 94	    0.03	         11	            0	           20	       7	       9	       9	      11	       7	       6	       7	      10	      10
      12	295	 79	    0.26	         11	            0	           13	       5	       6	       9	       8	       8	       5	       6	       5	       7
      13	290	 84	    0.11	         15	            0	           74	       7	       9	      14	      12	       8	       7	       7	      10	      13
      14	294	 79	    0.16	          6	            0	           60	       2	       2	       7	       5	       4	       3	       7	       8	      10
      15	275	 74	    0.13	          1	            0	           57	       5	       5	       8	       8	       7	       8	       5	       5	       6
      16	335	 65	    0.24	          1	            0	           29	       0	       0	       0	       1	       0	       0	       2	       8	      10
      17	460	491	    0.27	          5	            0	           17	       5	       7	      10	       9	       8	       5	       5	       8	      10
      18	455	498	     0.2	          8	            0	           30	       3	       5	       6	       6	       4	       4	       4	       6	       5
      19	458	463	    0.16	          7	            0	           26	       5	       8	      11	       8	       6	       6	       8	      10	       7
      20	457	495	    0.26	          1	            0	           16	       2	       3	       7	       7	       6	       4	       6	       5	      10
      21	449	500	    0.01	          3	            0	           37	       5	       5	       7	       7	       7	       6	       5	       5	       7
      22	459	496	    0.17	          3	            0	           67	       0	       0	       0	       0	       1	       1	       1	       2	       6
      23	451	500	    0.05	         10	            0	           22	       5	       5	       7	       6	       6	       4	       4	       7	       6
      24	452	499	    0.25	          6	            0	           46	       4	       6	       9	       9	       4	       5	       7	       7	       8
      25	457	500	    0.28	          6	            0	           53	       0	       3	       7	       7	       3	       3	       6	       7	      10
      26	469	457	    0.21	          3	            0	           44	       4	       5	       8	       7	       6	       5	       5	       6	       7
      27	439	486	    0.28	          2	            0	           26	       4	       3	       5	       6	       7	       5	       4	       3	       4
      28	465	497	    0.16	          5	            0	           24	       4	       4	       6	       6	       4	       3	       4	       5	       5
      29	486	496	    0.07	          3	            0	           54	       6	       6	       8	       8	       7	       6	       5	       7	      10
      30	459	491	    0.11	         10	            0	           57	       5	       7	       7	      10	       8	       5	       5	       6	       7
      31	446	472	    0.01	          1	            0	           62	       5	       6	       9	      11	       7	       7	       6	       6	       9
      32	453	491	     0.1	          7	            0	           20	       6	       7	      11	       9	       6	       5	       7	      10	       7
      33	172	108	     0.2	          3	            0	           15	       5	       4	       6	       6	       7	       6	       6	       5	       4
      34	152	116	    0.06	          5	            0	           35	       5	       5	       6	       7	       8	       9	       7	       5	       4
      35	136	 93	    0.04	          4	            0	           40	       5	       6	       7	       7	       5	       5	       7	       8	       8
      36	123	113	    0.16	          7	            0	           24	       6	       6	       8	       9	       8	       5	       4	       6	       7
      37	127	116	     0.2	          3	            0	           37	       5	       7	      10	      11	      10	       7	       6	       5	       9
      38	122	132	    0.23	          1	            0	           27	       4	       5	       6	       6	       6	       4	       4	       5	       7
      39	148	 12	    0.21	          5	            0	           64	       5	       6	      11	       7	       8	       5	       7	      10	      10
      40	140	109	     0.2	         11	            0	           19	       6	       6	       8	       8	       8	       7	       7	       6	       5
      41	133	 95	    0.17	         14	            0	           35	       7	       7	       9	      11	      12	       9	       7	       7	       7
      42	135	102	    0.25	          5	            0	           47	       5	       5	       7	       9	       7	       6	       6	       4	       5
      43	135	114	    0.12	          1	            0	           37	       3	       4	       5	       5	       6	       6	       5	       4	       4
      44	135	109	    0.23	          3	            0	           12	       3	       5	       6	       5	       4	       4	       5	       5	       6
      45	124	 94	    0.29	          6	            0	           27	       3	       4	       5	       6	       6	       4	       4	       4	       4
      46	132	119	    0.01	         12	            0	           49	       5	       7	       8	       8	       6	       5	       7	      10	      10
      47	137	105	    0.18	          4	            0	           28	       0	       0	       0	       3	       2	       4	       2	       4	       6
      48	136	102	    0.01	          3	            0	           23	       5	       7	       8	      10	       8	       5	       5	       6	       9
      49	168	229	    0.28	          8	            0	           47	       7	       7	      10	      10	      10	       9	       9	       6	       7
      50	158	244	    0.15	          4	            0	           78	       0	       1	       5	       5	       4	       6	       5	       7	       5
      51	154	235	    0.21	         14	            0	           72	       6	       7	      10	       9	       6	       6	      10	      10	       8
      52	166	252	    0.03	         11	            0	           13	       5	       7	       7	       8	       7	       7	       6	       4	       5
      53	132	279	    0.03	          1	            0	           18	       4	       4	       6	       5	       5	       3	       4	       6	       5
      54	188	224	    0.06	         11	            0	           57	       5	       6	       8	       9	       7	       7	       7	       5	       5
      55	156	241	    0.14	          2	            0	           56	       4	       5	       8	       6	       6	       5	       5	       7	      11
      56	166	247	    0.09	          6	            0	           15	       5	       4	       7	       7	       6	       4	       4	       4	       6
      57	134	211	    0.09	          2	            0	           25	       5	       7	       9	      10	       8	       5	       4	       6	       8
      58	161	253	    0.28	          3	            0	           14	       4	       5	       6	       6	       6	       7	       5	       5	       4
      59	164	233	    0.06	          2	            0	           37	       4	       3	       6	       6	       5	       4	       4	       3	       3
      60	145	266	    0.04	          4	            0	           16	       3	       4	       5	       6	       4	       4	       3	       3	       4
      61	153	235	    0.06	         10	            0	           55	       6	       6	      11	       9	       7	       6	       5	       8	       8
      62	150	241	    0.03	          1	            0	           58	       0	       0	       0	       1	       2	       1	       3	       3	       6
      63	146	245	    0.25	          1	            0	           27	       0	       0	       1	       4	       6	       4	       4	       5	       5
      64	168	244	    0.13	          3	            0	           30	       5	       6	       6	       8	       9	       7	       7	       5	       4
      65	374	 51	    0.08	         10	            0	           37	       5	       6	       9	       9	       5	       6	       4	       8	       8
      66	372	 56	    0.25	          9	            0	           65	       0	       0	       0	       0	       4	       4	       2	       5	       6
      67	371	 62	    0.01	          3	            0	           37	       4	       6	       7	       8	       7	       4	       3	       4	       7
      68	370	 55	     0.3	          6	            0	           35	       5	       7	       9	       9	       6	       5	       6	       9	       8
      69	372	 73	    0.05	          2	            0	           56	       4	       5	       9	       8	       8	       6	       5	       6	       7
      70	371	 51	    0.28	          1	            0	           32	       4	       6	       6	       6	       4	       4	       5	       8	       6
      71	377	 52	    0.29	         10	            0	           16	       3	       5	       7	       7	       4	       4	       5	       6	       9
      72	376	 47	    0.04	         11	            0	           40	       6	       7	      10	      11	       8	       8	       7	       7	      10
      73	369	 43	    0.04	          4	            0	           46	       0	       0	       0	       0	       0	       1	       4	       4	       6
      74	369	 57	    0.05	          7	            0	           19	       5	       6	       8	       7	       9	       7	       5	       4	       5
      75	369	 58	    0.01	         10	            0	           20	       5	       7	       8	       9	       8	       5	       4	       6	       7
      76	368	 58	    0.15	          5	            0	           40	       5	       6	       6	      10	       8	       6	       5	       6	       7
      77	391	 72	    0.23	         10	            0	           50	       1	       1	       4	       8	       4	       7	       4	       5	       7
      78	384	 51	    0.18	          5	            0	           86	       0	       0	       0	       3	       3	       4	       4	       3	       5
      79	372	 55	    0.24	         10	            0	           51	       5	       6	       9	       7	       5	       5	       7	       6	       9
      80	354	 38	     0.1	          4	            0	           32	       3	       4	       4	       6	       5	       5	       4	       3	       4
      81	 29	192	     0.3	          2	            0	           19	       5	       5	       6	       8	       7	       6	       6	       5	       5
      82	 42	182	    0.26	          4	            0	           38	       3	       4	       6	       7	       6	       5	       3	       3	       4
      83	 81	222	    0.16	          8	            0	           18	       5	       6	       7	       9	       5	       5	       7	       8	       8
      84	 16	190	    0.15	          7	            0	           17	       2	       3	       6	       8	       8	       5	       7	       6	       6
      85	 70	191	    0.13	          5	            0	           20	       5	       8	      11	       8	       8	       6	       5	       7	       8
      86	 20	193	    0.09	          7	            0	           62	       3	       3	       5	       7	       8	       6	       6	       6	       5
      87	 19	194	    0.27	          7	            0	           66	       0	       0	       0	       0	       0	       1	       5	       8	       6
      88	 23	186	    0.07	          7	            0	           38	       0	       2	       3	       6	       3	       2	       5	       9	      11
      89	 47	210	    0.27	         14	            0	           50	       0	       1	       4	       3	       4	       4	       4	       6	       6
      90	 74	182	    0.12	          9	            0	           46	       0	       0	       1	       4	       4	       5	       3	       4	       6
      91	 31	195	    0.03	         13	            0	           66	       0	       3	       5	       5	       3	       4	       8	       9	       7
      92	 22	188	    0.12	         17	            0	           30	       0	       3	       2	       2	       0	       2	       6	      10	       6
      93	 48	252	    0.04	          5	            0	           28	       5	       4	       6	       7	       5	       4	       5	       7	       6
      94	 26	183	     0.1	         10	            0	           24	       4	       4	       6	       8	       7	       7	       5	       4	       6
      95	  5	177	    0.01	         11	            0	           20	       5	       6	       7	       8	       7	       5	       5	       8	      10
      96	 26	180	    0.08	          9	            0	           67	       0	       0	       0	       0	       0	       2	       0	       3	       4
      97	  0	  0	    0.29	          8	            0	           17	       0	       0	       2	       4	       3	       2	       4	       6	       7
      98	  0	  0	     0.3	          2	            0	           17	       5	       6	       8	      10	       7	       6	       6	       5	       5
      99	  0	  0	    0.17	          8	            0	           11	       4	       5	       7	       6	       6	       4	       3	       5	       6
     100	  0	  0	    0.06	         13	            0	           17	       1	       4	       7	       6	       4	       5	       5	       9	       8
COST_MATRIX 
	  0	  1	  2	  3	  4	  5	  6	  7	  8	  9	 10	 11	 12	 13	 14	 15	 16	 17	 18	 19	 20	 21	 22	 23	 24	 25	 26	 27	 28	 29	 30	 31	 32	 33	 34	 35	 36	 37	 38	 39	 40	 41	 42	 43	 44	 45	 46	 47	 48	 49	 50	 51	 52	 53	 54	 55	 56	 57	 58	 59	 60	 61	 62	 63	 64	 65	 66	 67	 68	 69	 70	 71	 72	 73	 74	 75	 76	 77	 78	 79	 80	 81	 82	 83	 84	 85	 86	 87	 88	 89	 90	 91	 92	 93	 94	 95	 96	 97	 98	 99	100
  0
  1	 36
  2	 37	  2
  3	 37	  1	  1
  4	 41	  5	  4	  5
  5	 36	  1	  2	  2	  5
  6	 30	  7	  7	  7	 11	  7
  7	 37	  5	  4	  4	  7	  5	  7
  8	 37	  2	  1	  1	  4	  2	  7	  4
  9	 37	  6	  5	  6	  8	  7	  7	  2	  6
 10	 37	  4	  5	  4	  5	  3	  8	  8	  4	  9
 11	 36	  1	  3	  2	  6	  1	  6	  5	  2	  7	  3
 12	 37	  1	  1	  1	  4	  2	  7	  4	  1	  6	  4	  2
 13	 36	  1	  2	  1	  5	  2	  6	  4	  2	  6	  4	  2	  1
 14	 37	  1	  1	  1	  4	  2	  7	  4	  1	  6	  4	  2	  1	  1
 15	 36	  3	  2	  2	  6	  3	  6	  3	  3	  4	  6	  3	  3	  2	  2
 16	 41	  5	  5	  5	  2	  5	 11	  8	  5	  9	  5	  5	  5	  5	  5	  7
 17	 45	 44	 46	 45	 46	 44	 44	 48	 45	 50	 42	 43	 45	 45	 45	 46	 45
 18	 44	 45	 46	 46	 47	 44	 45	 49	 46	 50	 42	 44	 45	 45	 45	 47	 45	  1
 19	 44	 42	 43	 42	 44	 41	 42	 46	 43	 47	 39	 41	 42	 42	 42	 43	 42	  3	  4
 20	 45	 45	 46	 45	 47	 44	 44	 49	 46	 50	 42	 44	 45	 45	 45	 46	 45	  1	  1	  4
 21	 44	 45	 46	 46	 47	 44	 44	 49	 46	 50	 42	 44	 45	 45	 45	 47	 45	  2	  1	  4	  1
 22	 45	 45	 46	 46	 47	 44	 45	 49	 46	 50	 42	 44	 45	 45	 45	 47	 45	  1	  1	  4	  1	  2
 23	 44	 45	 46	 46	 47	 44	 44	 49	 46	 50	 42	 44	 45	 45	 45	 47	 46	  2	  1	  4	  1	  1	  1
 24	 44	 45	 46	 46	 47	 44	 44	 49	 46	 50	 42	 44	 45	 45	 45	 47	 45	  2	  1	  4	  1	  1	  1	  1
 25	 45	 45	 46	 46	 47	 44	 45	 49	 46	 50	 43	 44	 46	 45	 46	 47	 46	  1	  1	  4	  1	  1	  1	  1	  1
 26	 45	 42	 43	 42	 43	 41	 42	 46	 42	 47	 39	 41	 42	 42	 42	 43	 42	  4	  5	  2	  4	  5	  5	  5	  5	  5
 27	 43	 43	 44	 44	 45	 43	 43	 47	 44	 48	 41	 42	 44	 43	 44	 45	 44	  3	  3	  3	  3	  2	  3	  2	  2	  3	  5
 28	 45	 45	 46	 46	 47	 44	 45	 49	 46	 51	 43	 44	 46	 45	 46	 47	 46	  1	  2	  4	  1	  2	  1	  2	  2	  1	  5	  3
 29	 47	 46	 47	 47	 48	 45	 46	 50	 47	 51	 43	 45	 46	 46	 46	 48	 46	  3	  4	  5	  3	  4	  3	  4	  4	  3	  5	  5	  3
 30	 45	 44	 46	 45	 46	 44	 44	 48	 45	 50	 42	 43	 45	 45	 45	 46	 45	  1	  1	  3	  1	  2	  1	  2	  2	  1	  4	  3	  1	  3
 31	 43	 42	 43	 43	 44	 41	 42	 46	 43	 47	 40	 41	 43	 42	 43	 44	 43	  3	  3	  2	  3	  3	  3	  3	  3	  4	  3	  2	  4	  5	  3
 32	 44	 44	 45	 45	 46	 43	 44	 48	 45	 49	 42	 43	 45	 44	 45	 46	 45	  1	  1	  3	  1	  1	  1	  1	  1	  1	  4	  2	  2	  4	  1	  3
 33	 27	 13	 13	 13	 17	 13	  7	 11	 13	 11	 15	 13	 13	 13	 13	 11	 17	 48	 49	 46	 49	 48	 49	 49	 49	 49	 46	 47	 49	 50	 48	 46	 48
 34	 25	 15	 15	 15	 19	 15	  9	 13	 15	 13	 17	 15	 15	 15	 15	 13	 19	 49	 49	 47	 49	 49	 49	 49	 49	 50	 47	 47	 50	 51	 49	 47	 49	  3
 35	 27	 16	 16	 16	 20	 17	 11	 14	 17	 13	 19	 16	 16	 16	 16	 15	 21	 52	 52	 50	 52	 52	 52	 52	 52	 52	 50	 50	 53	 54	 52	 49	 51	  4	  3
 36	 25	 18	 18	 18	 21	 18	 12	 16	 18	 15	 20	 18	 18	 17	 18	 16	 22	 51	 51	 49	 51	 51	 51	 51	 51	 52	 49	 49	 52	 53	 51	 49	 51	  5	  3	  3
 37	 24	 17	 17	 17	 21	 18	 12	 15	 18	 15	 20	 17	 18	 17	 18	 16	 22	 51	 51	 48	 51	 51	 51	 51	 51	 51	 49	 49	 51	 53	 51	 48	 50	  5	  3	  3	  1
 38	 23	 18	 18	 18	 22	 19	 12	 17	 19	 16	 20	 18	 19	 18	 18	 17	 23	 50	 50	 48	 50	 50	 50	 50	 50	 50	 48	 48	 51	 52	 50	 47	 49	  6	  4	  5	  2	  2
 39	 35	 17	 16	 16	 19	 17	 14	 13	 16	 11	 20	 17	 17	 16	 17	 15	 20	 58	 58	 55	 58	 58	 58	 58	 58	 58	 55	 56	 58	 60	 58	 55	 57	 10	 11	  9	 11	 11	 13
 40	 26	 16	 16	 16	 20	 17	 11	 14	 16	 13	 18	 16	 16	 16	 16	 14	 20	 50	 51	 48	 50	 50	 51	 50	 50	 51	 48	 49	 51	 52	 50	 48	 50	  4	  2	  2	  2	  2	  3	 10
 41	 27	 17	 16	 16	 20	 17	 11	 14	 17	 13	 19	 17	 17	 16	 17	 15	 21	 52	 52	 50	 52	 52	 52	 52	 52	 52	 50	 50	 53	 54	 52	 49	 51	  5	  3	  1	  3	  3	  4	  9	  2
 42	 26	 16	 16	 16	 20	 17	 11	 14	 17	 13	 19	 17	 17	 16	 17	 15	 21	 51	 51	 49	 51	 51	 52	 51	 51	 52	 49	 49	 52	 53	 51	 49	 51	  4	  3	  1	  2	  2	  4	 10	  1	  1
 43	 25	 17	 17	 17	 20	 17	 11	 15	 17	 14	 19	 17	 17	 16	 17	 15	 21	 50	 50	 48	 50	 50	 51	 50	 50	 51	 48	 49	 51	 52	 50	 48	 50	  4	  2	  3	  2	  1	  3	 11	  1	  2	  2
 44	 25	 16	 17	 17	 20	 17	 11	 14	 17	 14	 19	 17	 17	 16	 17	 15	 21	 51	 51	 48	 51	 51	 51	 51	 51	 51	 49	 49	 51	 53	 51	 48	 50	  4	  2	  2	  2	  2	  3	 10	  1	  2	  1	  1
 45	 26	 17	 17	 17	 21	 18	 12	 15	 18	 14	 20	 18	 18	 17	 18	 16	 22	 53	 53	 50	 53	 53	 53	 53	 53	 53	 51	 51	 53	 55	 52	 50	 52	  6	  4	  2	  2	  3	  4	  9	  3	  1	  2	  3	  2
 46	 24	 17	 17	 17	 21	 17	 11	 15	 17	 15	 19	 17	 17	 17	 17	 15	 22	 50	 50	 48	 50	 50	 50	 50	 50	 51	 48	 48	 51	 52	 50	 48	 50	  5	  3	  3	  2	  1	  2	 11	  2	  3	  2	  1	  2	  3
 47	 26	 16	 16	 16	 20	 17	 11	 14	 17	 13	 19	 16	 17	 16	 16	 15	 21	 51	 51	 49	 51	 51	 51	 51	 51	 51	 49	 49	 52	 53	 51	 48	 50	  4	  2	  2	  2	  2	  4	 10	  1	  2	  1	  1	  1	  2	  2
 48	 26	 16	 16	 16	 20	 17	 11	 14	 17	 13	 19	 16	 17	 16	 16	 15	 21	 51	 51	 49	 51	 51	 51	 51	 51	 52	 49	 49	 52	 53	 51	 49	 51	  4	  3	  1	  2	  2	  4	 10	  1	  1	  1	  2	  1	  2	  2	  1
 49	 17	 20	 20	 20	 24	 20	 14	 20	 20	 21	 20	 19	 20	 19	 20	 19	 24	 40	 40	 38	 40	 40	 40	 40	 40	 40	 38	 38	 41	 42	 40	 37	 39	 13	 12	 14	 13	 13	 11	 22	 13	 14	 14	 12	 13	 15	 12	 13	 14
 50	 15	 21	 22	 22	 26	 21	 16	 22	 22	 22	 22	 21	 22	 21	 22	 21	 26	 40	 40	 38	 40	 39	 40	 39	 39	 40	 38	 38	 40	 42	 39	 37	 39	 14	 13	 16	 14	 14	 12	 24	 14	 16	 15	 14	 14	 16	 13	 15	 15	  2
 51	 16	 21	 22	 21	 25	 21	 15	 22	 22	 22	 22	 20	 22	 21	 21	 21	 25	 40	 40	 39	 40	 40	 41	 40	 40	 41	 39	 38	 41	 43	 40	 38	 40	 13	 12	 15	 13	 13	 11	 23	 13	 15	 14	 13	 13	 15	 12	 14	 14	  2	  1
 52	 16	 21	 22	 22	 26	 21	 16	 23	 22	 23	 22	 21	 22	 21	 22	 21	 26	 38	 38	 37	 38	 38	 39	 38	 38	 39	 37	 36	 39	 41	 38	 36	 38	 15	 14	 17	 15	 15	 13	 25	 15	 17	 16	 15	 15	 17	 14	 15	 16	  3	  2	  3
 53	 11	 26	 27	 26	 30	 26	 20	 27	 27	 27	 26	 25	 26	 26	 26	 25	 30	 40	 40	 38	 40	 39	 40	 39	 39	 40	 39	 38	 40	 42	 39	 37	 39	 18	 17	 19	 17	 17	 15	 27	 18	 19	 18	 17	 18	 19	 17	 18	 18	  7	  5	  5	  5
 54	 19	 18	 19	 18	 22	 18	 13	 19	 19	 19	 18	 17	 19	 18	 18	 18	 22	 39	 39	 37	 39	 38	 39	 39	 39	 39	 37	 37	 39	 41	 39	 36	 38	 12	 12	 15	 13	 13	 12	 22	 13	 15	 14	 13	 13	 15	 12	 13	 14	  3	  4	  4	  4	  8
 55	 16	 21	 22	 22	 26	 21	 16	 22	 22	 22	 22	 21	 22	 21	 22	 21	 26	 40	 40	 38	 40	 40	 40	 40	 40	 40	 39	 38	 41	 42	 40	 38	 39	 14	 13	 15	 14	 13	 12	 23	 14	 15	 15	 13	 14	 16	 13	 14	 15	  2	  1	  1	  2	  5	  4
 56	 16	 21	 22	 22	 26	 21	 16	 22	 22	 22	 22	 21	 22	 21	 22	 21	 25	 39	 39	 37	 39	 38	 39	 39	 39	 39	 37	 37	 39	 41	 39	 36	 38	 14	 14	 16	 15	 14	 13	 24	 15	 16	 15	 14	 15	 16	 14	 15	 15	  2	  1	  2	  1	  5	  4	  2
 57	 16	 21	 21	 21	 25	 21	 15	 21	 22	 21	 22	 20	 21	 21	 21	 20	 25	 43	 44	 42	 44	 43	 44	 43	 43	 44	 42	 42	 44	 46	 43	 41	 43	 11	 10	 12	 10	 10	  8	 20	 11	 12	 11	 10	 11	 12	 10	 11	 11	  4	  5	  4	  6	  7	  6	  4	  5
 58	 15	 22	 23	 22	 26	 22	 16	 23	 23	 23	 22	 21	 22	 22	 22	 22	 26	 39	 39	 37	 39	 38	 39	 39	 39	 39	 37	 37	 39	 41	 39	 36	 38	 15	 14	 17	 15	 15	 13	 25	 15	 17	 16	 15	 15	 17	 14	 15	 16	  3	  1	  2	  1	  4	  4	  2	  1	  5
 59	 17	 20	 21	 21	 25	 20	 15	 21	 21	 21	 21	 20	 21	 20	 21	 20	 24	 40	 40	 38	 40	 40	 40	 40	 40	 40	 38	 38	 41	 42	 40	 37	 39	 13	 12	 15	 13	 13	 11	 23	 13	 15	 14	 13	 13	 15	 12	 14	 14	  1	  2	  2	  2	  6	  3	  2	  2	  4	  3
 60	 13	 24	 25	 24	 28	 24	 18	 25	 25	 25	 24	 23	 24	 24	 24	 24	 28	 39	 39	 37	 39	 39	 39	 39	 39	 40	 38	 37	 40	 42	 39	 37	 39	 17	 16	 18	 16	 16	 14	 26	 16	 18	 17	 16	 16	 18	 15	 17	 17	  5	  3	  4	  3	  2	  7	  3	  3	  6	  3	  4
 61	 16	 21	 22	 21	 25	 21	 15	 22	 22	 22	 22	 21	 22	 21	 22	 21	 25	 40	 41	 39	 41	 40	 41	 40	 40	 41	 39	 39	 41	 43	 40	 38	 40	 13	 12	 15	 13	 13	 11	 23	 13	 15	 14	 13	 13	 15	 12	 14	 14	  2	  2	  1	  3	  5	  4	  1	  2	  4	  2	  2	  4
 62	 15	 22	 23	 22	 26	 22	 16	 22	 23	 23	 22	 21	 22	 22	 22	 21	 26	 40	 40	 38	 40	 40	 41	 40	 40	 41	 39	 38	 41	 43	 40	 38	 40	 14	 13	 15	 14	 13	 12	 23	 14	 15	 14	 13	 14	 15	 13	 14	 14	  3	  1	  1	  2	  5	  5	  1	  2	  4	  2	  2	  3	  1
 63	 15	 22	 23	 23	 27	 22	 17	 23	 23	 23	 23	 22	 23	 22	 23	 22	 27	 40	 40	 39	 40	 40	 41	 40	 40	 41	 39	 38	 41	 43	 40	 38	 40	 14	 13	 16	 14	 14	 12	 24	 14	 16	 15	 14	 14	 16	 13	 15	 15	  3	  2	  2	  3	  4	  5	  2	  3	  4	  2	  3	  3	  2	  1
 64	 16	 21	 22	 21	 25	 21	 15	 22	 22	 22	 21	 20	 21	 21	 21	 21	 25	 39	 39	 37	 39	 39	 39	 39	 39	 39	 37	 37	 40	 41	 39	 36	 38	 14	 13	 16	 14	 14	 13	 24	 14	 16	 15	 14	 14	 16	 14	 15	 15	  2	  2	  2	  1	  6	  3	  2	  1	  5	  2	  2	  4	  2	  2	  3
 65	 44	  9	  9	  9	  6	  9	 15	 12	  9	 13	  8	  9	  9	 10	  9	 11	  5	 45	 46	 43	 46	 46	 46	 46	 46	 46	 42	 44	 46	 46	 45	 43	 45	 21	 24	 25	 26	 26	 27	 23	 25	 25	 25	 25	 25	 26	 26	 25	 25	 28	 29	 29	 29	 34	 26	 29	 29	 29	 30	 28	 32	 29	 30	 30	 29
 66	 44	  9	  9	  9	  5	  9	 15	 11	  8	 13	  8	  9	  9	  9	  9	 10	  4	 45	 45	 42	 45	 46	 45	 46	 46	 46	 42	 44	 46	 46	 45	 43	 45	 21	 23	 24	 26	 26	 27	 23	 24	 25	 25	 25	 25	 26	 25	 25	 25	 27	 29	 29	 29	 33	 25	 29	 29	 29	 29	 28	 31	 29	 29	 30	 28	  1
 67	 43	  9	  9	  9	  5	  8	 15	 11	  8	 13	  7	  9	  8	  9	  8	 10	  4	 44	 45	 42	 45	 45	 45	 45	 45	 45	 41	 43	 45	 45	 44	 42	 44	 21	 23	 24	 26	 25	 26	 23	 24	 25	 24	 25	 25	 25	 25	 24	 24	 27	 29	 28	 28	 33	 25	 28	 28	 28	 29	 27	 31	 28	 29	 30	 28	  2	  1
 68	 44	  9	  9	  9	  5	  8	 15	 11	  8	 12	  8	  9	  8	  9	  8	 10	  4	 45	 46	 42	 45	 46	 45	 46	 46	 46	 42	 44	 46	 46	 45	 43	 45	 21	 23	 24	 26	 26	 26	 23	 24	 25	 24	 25	 25	 25	 25	 24	 24	 27	 29	 29	 29	 33	 25	 29	 29	 29	 29	 28	 31	 29	 29	 30	 28	  1	  1	  1
 69	 43	  8	  9	  9	  6	  8	 14	 11	  8	 13	  7	  8	  8	  9	  8	 10	  4	 43	 44	 40	 44	 44	 44	 44	 44	 44	 40	 42	 44	 44	 43	 41	 43	 21	 23	 24	 26	 25	 26	 24	 24	 25	 24	 25	 24	 25	 25	 24	 24	 26	 28	 28	 28	 32	 24	 28	 27	 28	 28	 27	 30	 28	 28	 29	 27	  3	  2	  2	  2
 70	 44	  9	  9	  9	  5	  9	 15	 11	  8	 13	  8	  9	  9	  9	  9	 10	  4	 45	 46	 43	 46	 46	 46	 46	 46	 46	 42	 45	 46	 46	 45	 43	 45	 21	 23	 24	 26	 26	 27	 23	 24	 25	 25	 25	 25	 26	 25	 25	 25	 27	 29	 29	 29	 34	 26	 29	 29	 29	 30	 28	 32	 29	 30	 30	 29	  1	  1	  2	  1	  3
 71	 45	 10	  9	  9	  6	  9	 16	 12	  9	 13	  8	 10	  9	 10	  9	 11	  5	 45	 46	 42	 46	 46	 46	 46	 46	 46	 42	 44	 46	 46	 45	 43	 45	 22	 24	 25	 27	 26	 27	 24	 25	 25	 25	 25	 25	 26	 26	 25	 25	 28	 30	 29	 30	 34	 26	 30	 29	 30	 30	 28	 32	 29	 30	 31	 29	  1	  1	  2	  1	  3	  1
 72	 45	 10	  9	  9	  6	  9	 16	 12	  9	 13	  8	 10	  9	 10	  9	 11	  5	 46	 46	 43	 46	 46	 46	 46	 46	 47	 43	 45	 46	 47	 46	 44	 46	 22	 24	 25	 27	 26	 27	 24	 25	 25	 25	 26	 25	 26	 26	 25	 25	 28	 30	 30	 30	 34	 26	 30	 30	 30	 30	 29	 32	 30	 30	 31	 29	  1	  1	  2	  2	  3	  1	  1
 73	 45	  9	  9	  9	  5	  9	 15	 11	  9	 12	  8	  9	  9	  9	  9	 10	  5	 46	 47	 43	 47	 47	 47	 47	 47	 47	 43	 45	 47	 47	 46	 44	 46	 21	 23	 24	 26	 26	 27	 23	 24	 25	 25	 25	 25	 26	 25	 25	 25	 28	 30	 29	 30	 34	 26	 30	 29	 29	 30	 28	 32	 29	 30	 31	 29	  1	  2	  2	  2	  4	  1	  2	  1
 74	 44	  9	  8	  8	  5	  8	 15	 11	  8	 12	  7	  9	  8	  9	  8	 10	  4	 45	 45	 42	 45	 46	 45	 46	 45	 46	 42	 44	 46	 46	 45	 43	 45	 21	 23	 24	 26	 25	 26	 23	 24	 24	 24	 25	 24	 25	 25	 24	 24	 27	 29	 28	 29	 33	 25	 29	 28	 29	 29	 28	 31	 28	 29	 30	 28	  1	  1	  1	  1	  2	  1	  1	  2	  2
 75	 44	  9	  8	  8	  5	  8	 15	 11	  8	 12	  7	  9	  8	  9	  8	 10	  4	 45	 45	 42	 45	 45	 45	 45	 45	 46	 42	 44	 45	 46	 45	 43	 45	 21	 23	 24	 26	 25	 26	 23	 24	 24	 24	 25	 24	 25	 25	 24	 24	 27	 29	 28	 29	 33	 25	 29	 28	 29	 29	 27	 31	 28	 29	 30	 28	  1	  1	  1	  1	  2	  1	  2	  2	  2	  1
 76	 44	  8	  8	  8	  5	  8	 14	 11	  8	 12	  7	  9	  8	  9	  8	 10	  4	 45	 45	 42	 45	 45	 45	 45	 45	 46	 42	 44	 45	 46	 45	 43	 45	 21	 23	 24	 26	 25	 26	 23	 24	 24	 24	 24	 24	 25	 25	 24	 24	 27	 29	 28	 29	 33	 25	 29	 28	 28	 29	 27	 31	 28	 29	 30	 28	  1	  1	  1	  1	  2	  1	  2	  2	  2	  1	  1
 77	 44	 10	 11	 10	  7	 10	 16	 13	 10	 15	  8	 10	 10	 11	 10	 12	  6	 43	 44	 40	 43	 44	 43	 44	 44	 44	 40	 42	 44	 44	 43	 41	 43	 23	 25	 26	 28	 27	 28	 26	 26	 26	 26	 26	 26	 27	 27	 26	 26	 28	 29	 29	 29	 34	 26	 29	 29	 30	 30	 28	 32	 29	 30	 30	 29	  3	  3	  3	  3	  2	  3	  3	  3	  4	  3	  3	  3
 78	 45	 10	 10	 10	  7	 10	 16	 13	 10	 14	  9	 10	 10	 10	 10	 12	  6	 45	 46	 42	 45	 46	 46	 46	 46	 46	 42	 44	 46	 46	 45	 43	 45	 22	 25	 26	 27	 27	 28	 24	 26	 26	 26	 26	 26	 27	 27	 26	 26	 28	 30	 30	 30	 34	 27	 30	 30	 30	 31	 29	 33	 30	 31	 31	 29	  2	  2	  2	  2	  3	  2	  1	  1	  2	  2	  2	  2	  3
 79	 44	  9	  9	  9	  5	  9	 15	 11	  8	 13	  8	  9	  9	  9	  9	 10	  4	 45	 46	 42	 45	 46	 45	 46	 46	 46	 42	 44	 46	 46	 45	 43	 45	 21	 23	 24	 26	 26	 27	 23	 24	 25	 25	 25	 25	 26	 25	 25	 25	 27	 29	 29	 29	 33	 25	 29	 29	 29	 29	 28	 31	 29	 29	 30	 28	  1	  1	  1	  1	  2	  1	  1	  1	  2	  1	  1	  1	  3	  2
 80	 44	  8	  8	  8	  4	  8	 14	 10	  7	 11	  8	  9	  8	  8	  8	  9	  4	 47	 48	 44	 47	 48	 47	 48	 48	 48	 44	 46	 48	 48	 47	 45	 47	 20	 22	 23	 25	 25	 26	 21	 23	 23	 23	 24	 24	 24	 24	 23	 23	 27	 29	 29	 29	 33	 25	 29	 29	 28	 29	 28	 31	 29	 29	 30	 28	  3	  3	  3	  3	  4	  3	  3	  3	  2	  3	  3	  3	  6	  4	  3
 81	 15	 29	 29	 29	 33	 29	 23	 28	 30	 27	 31	 29	 29	 29	 29	 28	 34	 53	 53	 51	 53	 53	 53	 53	 53	 53	 52	 51	 54	 55	 53	 51	 52	 17	 15	 15	 13	 13	 12	 22	 14	 15	 14	 14	 14	 14	 13	 14	 14	 15	 14	 14	 15	 14	 17	 14	 15	 11	 15	 15	 14	 14	 14	 13	 15	 38	 37	 37	 37	 37	 37	 38	 38	 38	 37	 37	 37	 39	 39	 37	 36
 82	 16	 27	 28	 28	 32	 28	 21	 26	 28	 25	 29	 27	 28	 27	 28	 26	 32	 52	 53	 51	 52	 52	 53	 52	 52	 53	 51	 51	 53	 55	 52	 50	 52	 15	 13	 13	 11	 11	 10	 21	 13	 13	 13	 12	 12	 13	 11	 13	 13	 14	 14	 13	 15	 14	 16	 13	 15	 10	 14	 14	 14	 13	 13	 13	 15	 36	 36	 36	 36	 35	 36	 36	 37	 36	 36	 35	 35	 37	 37	 36	 35	  2
 83	 13	 26	 26	 26	 30	 26	 20	 25	 26	 25	 27	 25	 26	 26	 26	 25	 30	 47	 47	 45	 47	 47	 47	 47	 47	 47	 46	 45	 48	 49	 47	 45	 46	 15	 13	 15	 12	 12	 10	 23	 13	 14	 14	 13	 13	 14	 12	 13	 14	  9	  9	  8	 10	  8	 11	  8	  9	  6	  9	  9	  8	  8	  8	  7	  9	 34	 34	 34	 34	 33	 34	 35	 35	 34	 34	 34	 34	 35	 35	 34	 33	  7	  6
 84	 16	 30	 30	 30	 34	 31	 24	 29	 31	 28	 32	 30	 31	 30	 30	 29	 35	 54	 54	 52	 54	 54	 54	 54	 54	 54	 53	 52	 55	 57	 54	 52	 54	 18	 16	 16	 14	 14	 13	 23	 15	 16	 15	 15	 15	 15	 14	 15	 15	 16	 16	 15	 17	 15	 18	 15	 17	 12	 16	 16	 15	 15	 15	 15	 17	 39	 39	 38	 38	 38	 39	 39	 39	 39	 38	 38	 38	 40	 40	 39	 38	  2	  3	  8
 85	 16	 25	 26	 25	 29	 26	 19	 24	 26	 24	 27	 25	 26	 25	 26	 24	 30	 50	 50	 48	 50	 49	 50	 50	 50	 50	 48	 48	 50	 52	 50	 47	 49	 14	 12	 12	 10	 10	  8	 20	 11	 12	 12	 11	 11	 12	 10	 11	 12	 11	 11	 10	 12	 11	 13	 10	 12	  7	 12	 11	 11	 10	 10	 10	 12	 34	 34	 33	 33	 33	 34	 34	 34	 34	 33	 33	 33	 35	 35	 34	 33	  5	  3	  4	  6
 86	 15	 30	 30	 30	 34	 30	 24	 29	 30	 28	 32	 30	 30	 30	 30	 29	 35	 54	 54	 52	 54	 53	 54	 53	 53	 54	 53	 52	 54	 56	 54	 51	 53	 18	 16	 16	 14	 14	 12	 23	 15	 15	 15	 14	 15	 15	 14	 15	 15	 16	 15	 15	 16	 15	 18	 15	 16	 12	 16	 15	 15	 14	 14	 14	 16	 39	 38	 38	 38	 38	 38	 39	 39	 38	 38	 38	 38	 40	 40	 38	 37	  1	  3	  7	  1	  6
 87	 15	 30	 30	 30	 34	 30	 24	 29	 31	 28	 32	 30	 30	 30	 30	 29	 35	 54	 54	 52	 54	 53	 54	 53	 53	 54	 53	 52	 54	 56	 54	 51	 53	 18	 16	 16	 14	 14	 13	 23	 15	 16	 15	 15	 15	 15	 14	 15	 15	 16	 15	 15	 16	 15	 18	 15	 16	 12	 16	 16	 15	 15	 14	 14	 16	 39	 38	 38	 38	 38	 38	 39	 39	 39	 38	 38	 38	 40	 40	 38	 37	  2	  3	  7	  1	  6	  1
 88	 16	 29	 30	 29	 33	 30	 23	 28	 30	 27	 31	 29	 30	 29	 30	 28	 34	 54	 54	 52	 54	 53	 54	 54	 54	 54	 53	 52	 55	 56	 54	 52	 53	 17	 15	 15	 13	 13	 12	 22	 15	 15	 15	 14	 14	 14	 13	 14	 15	 16	 15	 14	 16	 15	 17	 15	 16	 12	 16	 15	 15	 14	 14	 14	 16	 38	 38	 37	 38	 37	 38	 38	 38	 38	 37	 37	 37	 39	 39	 38	 37	  1	  2	  7	  1	  5	  1	  1
 89	 14	 28	 29	 28	 32	 28	 22	 27	 29	 27	 30	 28	 29	 28	 28	 27	 33	 50	 50	 49	 50	 50	 51	 50	 50	 51	 49	 48	 51	 53	 50	 48	 50	 17	 15	 15	 13	 13	 11	 23	 14	 15	 14	 14	 14	 14	 13	 14	 14	 13	 12	 11	 13	 11	 15	 12	 13	  9	 13	 12	 12	 11	 11	 11	 13	 37	 36	 36	 36	 36	 37	 37	 37	 37	 36	 36	 36	 38	 38	 37	 36	  3	  3	  4	  4	  3	  4	  4	  4
 90	 17	 24	 25	 25	 29	 25	 18	 23	 25	 23	 26	 24	 25	 24	 25	 23	 29	 50	 50	 48	 50	 50	 50	 50	 50	 50	 49	 48	 51	 52	 50	 48	 49	 13	 11	 11	  9	  9	  7	 19	 10	 11	 11	 10	 10	 11	  9	 10	 11	 11	 11	 10	 12	 12	 13	 11	 12	  7	 12	 11	 11	 10	 10	 10	 12	 33	 33	 33	 33	 32	 33	 33	 34	 33	 33	 33	 32	 34	 34	 33	 32	  5	  4	  5	  6	  1	  6	  6	  6	  4
 91	 15	 29	 29	 29	 33	 29	 23	 28	 29	 27	 31	 29	 29	 29	 29	 28	 34	 53	 53	 51	 53	 52	 53	 52	 52	 53	 52	 51	 53	 55	 53	 50	 52	 17	 15	 15	 13	 13	 12	 22	 14	 15	 14	 14	 14	 14	 13	 14	 15	 15	 14	 13	 15	 14	 16	 14	 15	 11	 15	 14	 14	 13	 13	 13	 15	 38	 37	 37	 37	 37	 37	 38	 38	 38	 37	 37	 37	 39	 39	 37	 36	  1	  2	  6	  2	  4	  2	  2	  2	  3	  5
 92	 16	 29	 30	 30	 34	 30	 24	 28	 30	 27	 31	 29	 30	 29	 30	 28	 34	 54	 54	 52	 54	 53	 54	 54	 54	 54	 53	 52	 55	 56	 54	 52	 53	 18	 15	 15	 13	 13	 12	 22	 15	 15	 15	 14	 14	 14	 13	 15	 15	 16	 15	 15	 16	 15	 17	 15	 16	 12	 16	 15	 15	 14	 14	 14	 16	 38	 38	 38	 38	 37	 38	 39	 39	 38	 38	 38	 37	 39	 39	 38	 37	  1	  3	  7	  1	  5	  1	  1	  1	  4	  6	  2
 93	  9	 30	 31	 30	 35	 30	 24	 30	 31	 29	 31	 30	 31	 30	 31	 29	 35	 48	 48	 47	 48	 48	 48	 48	 48	 48	 47	 46	 49	 51	 48	 46	 48	 20	 18	 19	 16	 16	 15	 27	 18	 18	 18	 17	 17	 18	 16	 18	 18	 13	 12	 11	 12	  9	 15	 11	 12	 10	 12	 12	 10	 11	 11	 10	 13	 39	 38	 38	 38	 38	 39	 39	 39	 39	 38	 38	 38	 39	 40	 38	 38	  7	  8	  5	  7	  7	  7	  7	  8	  5	  8	  6	  7
 94	 16	 29	 29	 29	 33	 29	 23	 28	 29	 27	 31	 29	 29	 29	 29	 28	 34	 54	 54	 52	 54	 53	 54	 54	 54	 54	 53	 52	 54	 56	 54	 51	 53	 17	 15	 15	 12	 13	 11	 22	 14	 14	 14	 13	 14	 14	 13	 14	 14	 15	 15	 14	 16	 15	 17	 15	 16	 12	 16	 15	 15	 14	 14	 14	 16	 38	 37	 37	 37	 37	 37	 38	 38	 38	 37	 37	 37	 39	 39	 37	 36	  1	  2	  7	  2	  5	  2	  2	  1	  4	  5	  2	  1	  8
 95	 17	 31	 31	 31	 35	 31	 25	 29	 31	 28	 33	 31	 31	 30	 31	 29	 35	 56	 56	 54	 56	 55	 56	 56	 56	 56	 55	 54	 57	 58	 56	 54	 55	 19	 16	 16	 14	 14	 13	 22	 16	 16	 16	 15	 15	 15	 14	 16	 16	 18	 17	 16	 18	 17	 19	 17	 18	 14	 18	 17	 17	 16	 16	 16	 18	 39	 39	 39	 39	 39	 39	 40	 40	 39	 39	 39	 39	 41	 40	 39	 38	  3	  4	  9	  2	  7	  3	  3	  3	  6	  7	  4	  3	  9	  3
 96	 17	 29	 29	 29	 33	 29	 23	 27	 29	 27	 31	 29	 29	 29	 29	 28	 33	 54	 54	 52	 54	 54	 54	 54	 54	 54	 53	 52	 55	 56	 54	 52	 53	 17	 15	 15	 12	 12	 11	 21	 14	 14	 14	 13	 14	 14	 13	 14	 14	 16	 15	 14	 16	 15	 17	 15	 16	 12	 16	 15	 15	 14	 14	 14	 16	 38	 37	 37	 37	 37	 37	 38	 38	 37	 37	 37	 37	 39	 39	 37	 36	  2	  2	  7	  2	  5	  2	  2	  1	  4	  5	  2	  1	  8	  1	  3
 97	 35	 31	 30	 31	 33	 32	 27	 27	 31	 26	 34	 31	 31	 31	 31	 29	 35	 68	 68	 66	 68	 68	 68	 68	 68	 68	 66	 66	 69	 70	 68	 65	 67	 21	 20	 17	 17	 18	 18	 15	 18	 17	 17	 18	 18	 16	 18	 18	 18	 29	 30	 29	 31	 31	 30	 29	 30	 25	 30	 29	 31	 29	 29	 29	 30	 38	 38	 38	 38	 38	 38	 39	 38	 38	 38	 38	 38	 40	 39	 38	 36	 20	 19	 24	 20	 21	 20	 20	 19	 22	 20	 20	 19	 26	 19	 18	 19
 98	 35	 31	 30	 31	 33	 32	 27	 27	 31	 26	 34	 31	 31	 31	 31	 29	 35	 68	 68	 66	 68	 68	 68	 68	 68	 68	 66	 66	 69	 70	 68	 65	 67	 21	 20	 17	 17	 18	 18	 15	 18	 17	 17	 18	 18	 16	 18	 18	 18	 29	 30	 29	 31	 31	 30	 29	 30	 25	 30	 29	 31	 29	 29	 29	 30	 38	 38	 38	 38	 38	 38	 39	 38	 38	 38	 38	 38	 40	 39	 38	 36	 20	 19	 24	 20	 21	 20	 20	 19	 22	 20	 20	 19	 26	 19	 18	 19	  1
 99	 35	 31	 30	 31	 33	 32	 27	 27	 31	 26	 34	 31	 31	 31	 31	 29	 35	 68	 68	 66	 68	 68	 68	 68	 68	 68	 66	 66	 69	 70	 68	 65	 67	 21	 20	 17	 17	 18	 18	 15	 18	 17	 17	 18	 18	 16	 18	 18	 18	 29	 30	 29	 31	 31	 30	 29	 30	 25	 30	 29	 31	 29	 29	 29	 30	 38	 38	 38	 38	 38	 38	 39	 38	 38	 38	 38	 38	 40	 39	 38	 36	 20	 19	 24	 20	 21	 20	 20	 19	 22	 20	 20	 19	 26	 19	 18	 19	  1	  1
100	 35	 31	 30	 31	 33	 32	 27	 27	 31	 26	 34	 31	 31	 31	 31	 29	 35	 68	 68	 66	 68	 68	 68	 68	 68	 68	 66	 66	 69	 70	 68	 65	 67	 21	 20	 17	 17	 18	 18	 15	 18	 17	 17	 18	 18	 16	 18	 18	 18	 29	 30	 29	 31	 31	 30	 29	 30	 25	 30	 29	 31	 29	 29	 29	 30	 38	 38	 38	 38	 38	 38	 39	 38	 38	 38	 38	 38	 40	 39	 38	 36	 20	 19	 24	 20	 21	 20	 20	 19	 22	 20	 20	 19	 26	 19	 18	 19	  1	  1	  1
