nVehicles:  24
nDepots:     1
nCustomers: 25
nPeriods:    6
VEHICLE_TYPE	FLEET_SIZE	CAPACITY
           1	        24	       8	
DEPOT   	X  	Y  	INV_COST	INITIAL_INV 	MIN_LEVEL_INV 	MAX_LEVEL_INV	PRODUCTION_0	PRODUCTION_1	PRODUCTION_2	PRODUCTION_3	PRODUCTION_4	PRODUCTION_5
       0	372	 15	       0	        213	            0	         1000	         168	         168	         168	         168	         168	         168	
CUSTOMER	X  	Y  	INV_COST	INITIAL_INV	MIN_LEVEL_INV 	MAX_LEVEL_INV	DEMAND_0	DEMAND_1	DEMAND_2	DEMAND_3	DEMAND_4	DEMAND_5
       1	408	 30	    0.14	          3	            0	           20	       3	       4	       7	       6	       4	       4
       2	404	 21	    0.04	          4	            0	           28	       6	       6	      10	       8	       6	       7
       3	400	 29	    0.08	          1	            0	           53	       0	       1	       3	       4	       4	       6
       4	393	 41	    0.13	          1	            0	           13	       5	       5	       7	       6	       5	       4
       5	402	 14	    0.18	         12	            0	           39	       7	       8	      12	      11	       8	       7
       6	411	 17	    0.02	          2	            0	           21	       0	       3	       4	       6	       5	       5
       7	408	 39	    0.09	          3	            0	           30	       5	       7	       7	       9	       8	       6
       8	406	 24	    0.16	          7	            0	            9	       6	       7	       7	       9	       7	       6
       9	408	 27	    0.07	          1	            0	           12	       5	       9	       9	       9	       9	       6
      10	408	 29	    0.26	          7	            0	           21	       5	       6	       7	       5	       5	       5
      11	418	 36	    0.14	          8	            0	           21	       4	       5	       7	       5	       3	       4
      12	358	 40	    0.19	          6	            0	           30	       5	       6	       7	       7	       6	       4
      13	268	368	     0.1	         12	            0	           18	       5	       8	       8	       7	       5	       5
      14	213	373	    0.06	         13	            0	           33	       6	       9	      11	       8	       7	       5
      15	230	368	    0.05	          8	            0	           13	       4	       5	       5	       5	       5	       5
      16	211	356	    0.04	          9	            0	           16	       4	       5	       7	       8	       7	       7
      17	232	358	    0.08	          1	            0	           13	       4	       5	       6	       5	       4	       3
      18	213	377	    0.15	          2	            0	           20	       5	       5	       6	       6	       5	       5
      19	230	362	    0.27	          1	            0	           17	       5	       7	       7	       8	       5	       4
      20	207	371	    0.27	          3	            0	            9	       4	       4	       6	       5	       4	       4
      21	196	382	    0.13	          4	            0	            8	       5	       6	       6	       7	       6	       4
      22	217	365	     0.1	          4	            0	           20	       3	       7	       8	       9	       7	       5
      23	217	379	    0.01	          3	            0	           24	       4	       6	       6	       5	       4	       5
      24	215	342	    0.23	         12	            0	           52	       2	       4	       7	       7	       7	       7
      25	  0	  0	    0.06	         11	            0	           20	       2	       5	       6	       6	       6	       5
COST_MATRIX 
	  0	  1	  2	  3	  4	  5	  6	  7	  8	  9	 10	 11	 12	 13	 14	 15	 16	 17	 18	 19	 20	 21	 22	 23	 24	 25
  0
  1	  4
  2	  4	  1
  3	  4	  1	  1
  4	  4	  2	  3	  2
  5	  4	  2	  1	  2	  3
  6	  4	  2	  1	  2	  4	  1
  7	  5	  1	  2	  2	  2	  3	  3
  8	  4	  1	  1	  1	  3	  2	  1	  2
  9	  4	  1	  1	  1	  3	  2	  2	  2	  1
 10	  4	  1	  1	  1	  2	  2	  2	  2	  1	  1
 11	  6	  2	  3	  2	  3	  3	  3	  2	  2	  2	  2
 12	  3	  6	  5	  5	  4	  6	  6	  6	  6	  6	  6	  7
 13	 37	 37	 38	 37	 36	 38	 38	 36	 38	 37	 37	 37	 35
 14	 40	 40	 41	 40	 38	 41	 41	 39	 40	 40	 40	 40	 37	  6
 15	 39	 39	 39	 38	 37	 40	 40	 38	 39	 39	 39	 39	 36	  4	  2
 16	 38	 39	 39	 38	 37	 40	 40	 38	 39	 39	 39	 39	 35	  6	  2	  3
 17	 38	 38	 38	 37	 36	 39	 39	 37	 38	 38	 38	 38	 35	  4	  3	  2	  3
 18	 40	 40	 41	 40	 39	 41	 42	 40	 41	 41	 40	 40	 37	  6	  1	  2	  3	  3
 19	 38	 38	 39	 38	 37	 39	 39	 37	 39	 38	 38	 38	 35	  4	  3	  1	  2	  1	  3
 20	 40	 40	 41	 40	 38	 41	 41	 39	 41	 40	 40	 40	 37	  7	  1	  3	  2	  3	  1	  3
 21	 41	 42	 42	 41	 40	 43	 43	 41	 42	 42	 42	 42	 38	  8	  2	  4	  4	  5	  2	  4	  2
 22	 39	 39	 40	 39	 37	 40	 40	 38	 39	 39	 39	 39	 36	  6	  1	  2	  2	  2	  2	  2	  2	  3
 23	 40	 40	 41	 40	 39	 41	 42	 39	 41	 41	 40	 40	 37	  6	  1	  2	  3	  3	  1	  3	  2	  3	  2
 24	 37	 37	 38	 37	 35	 38	 38	 36	 38	 37	 37	 37	 34	  6	  4	  4	  2	  3	  4	  3	  4	  5	  3	  4
 25	 38	 41	 41	 41	 40	 41	 42	 41	 41	 41	 41	 42	 37	 46	 43	 44	 42	 43	 44	 43	 43	 43	 43	 44	 41
