nVehicles:   20
nDepots:      1
nCustomers: 100
nPeriods:     6
VEHICLE_TYPE	FLEET_SIZE	CAPACITY
           4	        20	      38	
DEPOT   	X  	Y  	INV_COST	INITIAL_INV 	MIN_LEVEL_INV 	MAX_LEVEL_INV	PRODUCTION_0	PRODUCTION_1	PRODUCTION_2	PRODUCTION_3	PRODUCTION_4	PRODUCTION_5
       0	396	 83	       0	        526	            0	         4228	         711	         711	         711	         711	         711	         711	
CUSTOMER	X  	Y  	INV_COST	INITIAL_INV	MIN_LEVEL_INV 	MAX_LEVEL_INV	DEMAND_0	DEMAND_1	DEMAND_2	DEMAND_3	DEMAND_4	DEMAND_5
       1	 71	183	    0.09	         14	            0	           34	       6	       9	      10	       8	       6	       5
       2	 49	220	    0.02	          8	            0	           12	       7	       7	      10	       9	       8	       5
       3	 66	218	    0.08	          4	            0	           30	       4	       7	       8	       9	       8	       6
       4	 61	227	    0.13	          8	            0	           16	       5	       6	       6	       5	       4	       4
       5	 69	217	    0.03	          9	            0	           35	       5	       8	      10	       9	       9	      10
       6	 69	216	    0.23	         13	            0	           32	       6	       9	      11	       9	       8	       7
       7	 73	224	    0.08	          2	            0	           27	       4	       5	       5	       6	       5	       3
       8	 69	207	    0.24	          8	            0	           12	       5	       8	      10	       9	       7	       7
       9	 68	230	    0.24	         10	            0	           24	       6	       7	       7	       8	       9	       6
      10	 68	219	    0.03	         16	            0	           57	       8	       9	      11	      12	      10	      11
      11	 68	217	    0.26	          3	            0	           31	       5	       6	       8	       8	       6	       6
      12	 78	211	    0.13	         14	            0	           34	       7	       8	      10	       9	       9	       7
      13	117	230	    0.25	          9	            0	           20	       4	       7	       7	       9	       6	       4
      14	 55	207	    0.21	         10	            0	           29	       4	       7	       8	       7	       8	       7
      15	  2	205	    0.02	         11	            0	           51	       8	       8	      11	      12	       9	       8
      16	 68	216	    0.21	          5	            0	           40	       7	       8	      11	      12	      12	       8
      17	289	479	    0.17	          2	            0	           13	       5	       6	       7	       9	       8	       6
      18	284	468	    0.16	          6	            0	           29	       4	       5	       7	       6	       8	       6
      19	295	475	    0.09	          3	            0	           12	       3	       4	       5	       6	       5	       6
      20	296	476	    0.08	          5	            0	           34	       6	       7	      12	      13	      11	       9
      21	317	436	    0.22	          6	            0	           24	       4	       4	       6	       5	       5	       3
      22	268	476	    0.18	         11	            0	           16	       7	       9	      13	      12	       7	       6
      23	289	481	    0.03	          8	            0	           45	       7	       8	      12	      10	      11	       8
      24	295	482	    0.16	          7	            0	           26	       4	       5	       7	       5	       3	       5
      25	297	450	    0.27	         13	            0	           37	       5	       8	       8	       9	       5	       6
      26	262	434	    0.15	         10	            0	           37	       5	       6	       7	       8	       5	       6
      27	300	491	    0.05	          5	            0	           19	       5	       6	       9	       9	       8	       9
      28	291	461	    0.23	          7	            0	           19	       8	       8	      13	      12	       9	       6
      29	293	480	    0.24	          2	            0	           20	       5	       8	       9	      10	       6	       5
      30	282	477	    0.23	          6	            0	           14	       3	       5	       5	       5	       5	       4
      31	306	494	    0.02	          5	            0	           22	       5	       7	      11	       7	       6	       5
      32	297	476	    0.25	          9	            0	           29	       6	       8	       9	      11	       8	       7
      33	216	227	    0.23	          5	            0	           39	       6	       9	      11	      12	       8	       5
      34	211	239	    0.09	          4	            0	           23	       5	       6	       7	       7	       5	       5
      35	218	260	    0.27	          2	            0	           19	       6	       8	       8	       9	       6	       7
      36	217	246	    0.07	          5	            0	           20	       4	       7	       7	       7	       8	       8
      37	208	224	    0.19	          5	            0	           41	       6	       7	      10	      13	      12	       7
      38	215	235	    0.22	          9	            0	           20	       4	       5	       6	       6	       4	       3
      39	143	228	    0.16	          6	            0	            8	       4	       4	       5	       5	       4	       3
      40	220	249	     0.3	          2	            0	           15	       4	       5	       8	       9	       7	       8
      41	230	198	     0.2	          9	            0	           45	       6	       9	      13	      11	       8	       8
      42	185	223	    0.09	          5	            0	            9	       3	       5	       6	       4	       4	       3
      43	207	228	    0.26	         12	            0	           32	       7	      11	      14	      12	      11	       7
      44	196	231	    0.17	          1	            0	           18	       6	       6	       7	       9	       6	       5
      45	188	234	    0.28	          2	            0	           22	       5	       5	       7	       7	       4	       4
      46	209	233	    0.11	          9	            0	            9	       5	       5	       6	       7	       7	       6
      47	113	294	    0.17	          1	            0	           45	       7	       8	      11	      11	       9	       8
      48	236	212	    0.22	          3	            0	           19	       3	       4	       6	       5	       5	       3
      49	 49	356	    0.06	          4	            0	           31	       6	       9	      10	       9	       7	       6
      50	113	340	       0	          9	            0	           15	       6	       7	       9	      10	       8	       8
      51	111	353	    0.18	          1	            0	           23	       4	       5	       6	       6	       7	       4
      52	117	349	    0.11	         10	            0	           25	       6	       9	      11	      12	       9	       8
      53	120	356	    0.29	          1	            0	           44	       6	       8	       9	       9	       6	       6
      54	 87	389	    0.24	          2	            0	           11	       6	       8	       9	       9	       7	       6
      55	104	361	    0.18	          6	            0	           22	       4	       6	       6	       6	       6	       4
      56	121	354	    0.06	         14	            0	           52	       5	       9	      11	       9	      11	      11
      57	140	407	       0	          5	            0	           13	       7	       7	       9	      10	       9	       7
      58	136	354	    0.17	          7	            0	           23	       4	       5	       6	       7	       6	       4
      59	140	349	    0.09	          1	            0	           31	       8	       9	      13	       9	       7	       6
      60	131	363	    0.07	          6	            0	            8	       4	       8	       8	       8	       4	       6
      61	121	351	    0.22	          8	            0	           24	       4	       4	       6	       6	       6	       5
      62	150	382	    0.08	          2	            0	           40	       5	       6	       9	       8	       7	       5
      63	119	342	     0.1	          3	            0	           30	       5	       7	       9	      11	       8	       7
      64	126	337	    0.01	          9	            0	           20	       6	       8	      11	      10	       6	       6
      65	103	410	    0.29	         10	            0	           19	       6	       7	       8	       8	       7	       5
      66	 76	384	    0.05	         12	            0	           23	       6	       9	      12	      11	       9	       7
      67	 59	389	    0.11	          9	            0	           23	       4	       5	       7	       4	       4	       3
      68	 46	347	    0.11	          1	            0	           12	       4	       4	       5	       5	       4	       3
      69	 91	402	    0.23	          5	            0	           25	       3	       4	       6	       5	       5	       3
      70	 74	378	    0.25	          8	            0	           48	       7	       9	      13	      11	      10	       8
      71	 84	356	     0.3	          5	            0	           12	       4	       4	       5	       6	       4	       3
      72	 55	369	    0.12	         13	            0	           54	       7	       7	       9	      12	      10	      10
      73	 45	355	    0.03	         11	            0	           11	       6	       7	      11	      10	       8	       7
      74	 76	362	    0.02	         11	            0	           14	       5	       6	       7	       7	       6	       5
      75	 72	371	     0.2	          2	            0	           37	       4	       6	       9	      10	       7	       5
      76	 68	377	    0.03	         11	            0	           48	       5	       9	      12	      10	       7	       5
      77	 64	373	    0.16	          1	            0	           36	       4	       6	       8	       7	       8	       8
      78	 78	371	    0.01	          8	            0	           30	       5	       7	       9	       9	       9	       8
      79	 74	388	    0.13	         13	            0	           17	       6	       7	       8	      11	       8	       9
      80	 66	384	    0.06	          7	            0	            7	       4	       5	       5	       5	       6	       6
      81	166	417	    0.08	          7	            0	           21	       5	       8	       9	       9	      12	      11
      82	167	397	    0.14	          3	            0	           28	       6	       9	      10	      11	       9	       7
      83	164	392	    0.22	          1	            0	           28	       5	       5	       7	       6	       7	       6
      84	160	401	    0.05	          7	            0	           26	       5	       7	       7	       7	       5	       5
      85	126	385	    0.07	          3	            0	           18	       6	      10	      13	      14	      12	       7
      86	163	394	    0.26	          9	            0	           19	       5	       5	       8	       7	       5	       3
      87	148	385	    0.18	          5	            0	           43	       6	       9	       9	      13	      10	       9
      88	139	390	    0.13	          7	            0	           20	       4	       7	       8	       8	       5	       6
      89	175	403	    0.24	          9	            0	           25	       5	       8	       9	       9	       6	       7
      90	181	394	     0.2	          8	            0	            8	       4	       5	       6	       5	       5	       4
      91	169	389	    0.08	          4	            0	           34	       5	       6	       8	       8	       8	       5
      92	174	380	    0.01	          4	            0	           36	       5	       6	       8	       9	       8	       7
      93	175	378	    0.09	          5	            0	           34	       7	       7	       9	      11	      10	       9
      94	150	396	    0.17	          7	            0	           14	       3	       5	       5	       5	       4	       3
      95	145	359	       0	          5	            0	           16	       4	       7	       9	       6	       6	       5
      96	191	401	    0.08	         12	            0	           28	       5	       7	       8	       8	       9	       8
      97	  0	  0	    0.07	          4	            0	           40	       6	       9	      10	       9	      12	       7
      98	  0	  0	    0.16	         11	            0	           17	       6	       9	      10	       9	       7	       6
      99	  0	  0	    0.12	         10	            0	           22	       6	       7	       7	       6	       6	       4
     100	  0	  0	    0.06	          4	            0	           14	       7	       8	       9	      11	      11	       7
COST_MATRIX 
	  0	  1	  2	  3	  4	  5	  6	  7	  8	  9	 10	 11	 12	 13	 14	 15	 16	 17	 18	 19	 20	 21	 22	 23	 24	 25	 26	 27	 28	 29	 30	 31	 32	 33	 34	 35	 36	 37	 38	 39	 40	 41	 42	 43	 44	 45	 46	 47	 48	 49	 50	 51	 52	 53	 54	 55	 56	 57	 58	 59	 60	 61	 62	 63	 64	 65	 66	 67	 68	 69	 70	 71	 72	 73	 74	 75	 76	 77	 78	 79	 80	 81	 82	 83	 84	 85	 86	 87	 88	 89	 90	 91	 92	 93	 94	 95	 96	 97	 98	 99	100
  0
  1	 35
  2	 38	  5
  3	 36	  4	  2
  4	 37	  5	  2	  2
  5	 36	  4	  3	  1	  2
  6	 36	  4	  3	  1	  2	  1
  7	 36	  5	  3	  1	  2	  1	  1
  8	 35	  3	  3	  2	  3	  2	  1	  2
  9	 36	  5	  3	  2	  1	  2	  2	  1	  3
 10	 36	  4	  2	  1	  2	  1	  1	  1	  2	  2
 11	 36	  4	  2	  1	  2	  1	  1	  1	  2	  2	  1
 12	 35	  3	  4	  2	  3	  2	  2	  2	  1	  3	  2	  2
 13	 32	  7	  7	  6	  6	  5	  6	  5	  6	  5	  6	  6	  5
 14	 37	  3	  2	  2	  3	  2	  2	  3	  2	  3	  2	  2	  3	  7
 15	 42	  8	  5	  7	  7	  7	  7	  8	  7	  8	  7	  7	  8	 12	  6
 16	 36	  4	  2	  1	  2	  1	  1	  1	  1	  2	  1	  1	  2	  6	  2	  7
 17	 42	 37	 36	 35	 34	 35	 35	 34	 35	 34	 35	 35	 35	 31	 36	 40	 35
 18	 41	 36	 35	 34	 33	 34	 34	 33	 34	 33	 33	 34	 33	 30	 35	 39	 34	  2
 19	 41	 37	 36	 35	 35	 35	 35	 34	 36	 34	 35	 35	 35	 31	 36	 40	 35	  1	  2
 20	 41	 37	 36	 35	 35	 35	 35	 34	 36	 34	 35	 35	 35	 31	 37	 40	 35	  1	  2	  1
 21	 37	 36	 35	 34	 34	 34	 34	 33	 34	 33	 34	 34	 33	 29	 35	 40	 34	  6	  5	  5	  5
 22	 42	 36	 34	 33	 33	 33	 33	 32	 34	 32	 33	 33	 33	 29	 35	 38	 33	  3	  2	  3	  3	  7
 23	 42	 37	 36	 35	 35	 35	 35	 34	 36	 34	 35	 35	 35	 31	 37	 40	 35	  1	  2	  1	  1	  6	  3
 24	 42	 38	 36	 35	 35	 35	 35	 35	 36	 34	 35	 35	 35	 31	 37	 41	 35	  1	  2	  1	  1	  6	  3	  1
 25	 39	 35	 34	 33	 33	 33	 33	 32	 34	 32	 33	 33	 33	 29	 35	 39	 33	  4	  3	  3	  3	  3	  4	  4	  4
 26	 38	 32	 31	 30	 29	 30	 30	 29	 30	 29	 29	 30	 29	 26	 31	 35	 30	  6	  5	  6	  6	  6	  5	  6	  6	  4
 27	 42	 39	 37	 36	 36	 36	 36	 36	 37	 35	 36	 36	 36	 32	 38	 42	 36	  2	  3	  2	  2	  6	  4	  2	  2	  5	  7
 28	 40	 36	 35	 34	 33	 33	 34	 33	 34	 33	 33	 34	 33	 29	 35	 39	 34	  2	  1	  2	  2	  4	  3	  3	  3	  2	  4	  4
 29	 42	 38	 36	 35	 35	 35	 35	 34	 36	 34	 35	 35	 35	 31	 37	 41	 35	  1	  2	  1	  1	  6	  3	  1	  1	  4	  6	  2	  2
 30	 42	 37	 35	 34	 34	 34	 34	 33	 35	 33	 34	 34	 34	 30	 36	 40	 34	  1	  1	  2	  2	  6	  2	  1	  2	  4	  5	  3	  2	  2
 31	 43	 39	 38	 37	 37	 37	 37	 36	 38	 36	 37	 37	 37	 33	 39	 42	 37	  3	  4	  3	  3	  6	  5	  3	  2	  5	  8	  1	  4	  2	  3
 32	 41	 38	 36	 35	 35	 35	 35	 34	 36	 34	 35	 35	 35	 31	 37	 41	 35	  1	  2	  1	  1	  5	  3	  1	  1	  3	  6	  2	  2	  1	  2	  3
 33	 24	 16	 17	 16	 16	 15	 15	 15	 15	 15	 15	 15	 14	 10	 17	 22	 15	 27	 26	 27	 27	 24	 26	 27	 27	 24	 22	 28	 25	 27	 26	 29	 27
 34	 25	 16	 17	 15	 16	 15	 15	 14	 15	 15	 15	 15	 14	 10	 16	 22	 15	 26	 25	 26	 26	 23	 25	 26	 26	 23	 21	 27	 24	 26	 25	 28	 26	  2
 35	 26	 17	 18	 16	 17	 16	 16	 15	 16	 16	 16	 16	 15	 11	 18	 23	 16	 24	 22	 23	 23	 21	 23	 24	 24	 21	 18	 25	 22	 24	 23	 26	 23	  4	  3
 36	 25	 16	 18	 16	 16	 16	 16	 15	 16	 15	 16	 16	 15	 11	 17	 22	 16	 25	 24	 25	 25	 22	 24	 25	 25	 22	 20	 26	 23	 25	 24	 27	 25	  2	  1	  2
 37	 24	 15	 16	 15	 15	 14	 14	 14	 15	 15	 15	 15	 14	 10	 16	 21	 15	 27	 26	 27	 27	 24	 26	 27	 28	 25	 22	 29	 26	 27	 27	 29	 27	  1	  2	  4	  3
 38	 24	 16	 17	 15	 16	 15	 15	 15	 15	 15	 15	 15	 14	 10	 17	 22	 15	 26	 25	 26	 26	 23	 25	 26	 26	 24	 21	 27	 24	 26	 26	 28	 26	  1	  1	  3	  2	  2
 39	 30	  9	 10	  8	  9	  8	  8	  8	  8	  8	  8	  8	  7	  3	 10	 15	  8	 30	 28	 30	 30	 28	 28	 30	 30	 28	 24	 31	 28	 30	 29	 32	 30	  8	  7	  9	  8	  7	  8
 40	 25	 17	 18	 16	 17	 16	 16	 15	 16	 16	 16	 16	 15	 11	 18	 23	 16	 25	 23	 24	 24	 22	 24	 25	 25	 22	 19	 26	 23	 25	 24	 26	 24	  3	  2	  2	  1	  3	  2	  8
 41	 21	 16	 19	 17	 18	 17	 17	 16	 17	 17	 17	 17	 16	 12	 18	 23	 17	 29	 28	 29	 29	 26	 29	 29	 30	 27	 24	 31	 27	 29	 29	 31	 29	  4	  5	  7	  5	  4	  4	 10	  6
 42	 26	 13	 14	 12	 13	 12	 12	 12	 12	 12	 12	 12	 11	  7	 14	 19	 12	 28	 27	 28	 28	 26	 27	 28	 29	 26	 23	 30	 27	 28	 28	 30	 28	  4	  4	  5	  4	  3	  4	  5	  5	  6
 43	 24	 15	 16	 15	 15	 14	 14	 14	 14	 14	 14	 14	 14	 10	 16	 21	 14	 27	 26	 27	 27	 24	 26	 27	 27	 24	 22	 28	 25	 27	 27	 29	 27	  1	  2	  4	  3	  1	  2	  7	  3	  4	  3
 44	 25	 14	 15	 14	 14	 13	 13	 13	 13	 13	 13	 13	 12	  8	 15	 20	 13	 27	 26	 27	 27	 24	 26	 27	 27	 25	 22	 29	 25	 27	 27	 29	 27	  3	  2	  4	  3	  2	  2	  6	  4	  5	  2	  2
 45	 26	 13	 14	 13	 13	 13	 13	 12	 13	 13	 13	 13	 12	  8	 14	 19	 13	 27	 26	 27	 27	 24	 26	 27	 28	 25	 22	 29	 25	 27	 27	 29	 27	  3	  3	  4	  4	  3	  3	  5	  4	  6	  2	  2	  1
 46	 24	 15	 17	 15	 15	 15	 15	 14	 15	 15	 15	 15	 14	 10	 16	 21	 15	 26	 25	 26	 26	 23	 26	 27	 27	 24	 21	 28	 25	 27	 26	 28	 26	  1	  1	  3	  2	  1	  1	  7	  2	  5	  3	  1	  2	  3
 47	 36	 12	 10	  9	  9	  9	  9	  9	 10	  8	  9	  9	 10	  7	 11	 15	 10	 26	 25	 26	 26	 25	 24	 26	 27	 25	 21	 28	 25	 26	 25	 28	 26	 13	 12	 12	 12	 12	 12	  8	 12	 16	 11	 12	 11	 10	 12
 48	 21	 17	 19	 18	 18	 17	 17	 17	 17	 17	 17	 17	 16	 13	 19	 24	 17	 28	 27	 27	 28	 24	 27	 28	 28	 25	 23	 29	 26	 28	 27	 30	 28	  3	  4	  6	  4	  4	  4	 10	  5	  2	  6	  4	  5	  6	  4	 15
 49	 45	 18	 14	 14	 13	 15	 15	 14	 16	 13	 14	 15	 15	 15	 15	 16	 15	 27	 27	 28	 28	 28	 25	 28	 28	 27	 23	 29	 27	 28	 27	 30	 28	 22	 20	 20	 21	 21	 21	 16	 21	 25	 20	 21	 20	 19	 21	  9	 24
 50	 39	 17	 14	 14	 13	 14	 14	 13	 15	 12	 13	 14	 14	 12	 15	 18	 14	 23	 22	 23	 23	 23	 21	 23	 24	 22	 18	 25	 22	 23	 22	 25	 23	 16	 15	 14	 15	 15	 15	 12	 15	 19	 14	 15	 14	 13	 15	  5	 18	  7
 51	 40	 18	 15	 15	 14	 15	 15	 14	 16	 14	 15	 15	 15	 13	 16	 19	 15	 22	 21	 23	 23	 23	 20	 22	 23	 21	 18	 24	 21	 23	 22	 25	 23	 17	 16	 15	 16	 17	 16	 13	 16	 20	 15	 16	 15	 15	 16	  6	 19	  7	  2
 52	 39	 18	 15	 15	 14	 15	 15	 14	 15	 13	 14	 15	 15	 12	 16	 19	 15	 22	 21	 22	 22	 22	 20	 22	 23	 21	 17	 24	 21	 22	 21	 24	 23	 16	 15	 14	 15	 16	 16	 13	 15	 19	 15	 16	 15	 14	 15	  6	 19	  7	  1	  1
 53	 39	 18	 16	 15	 15	 15	 15	 15	 16	 14	 15	 15	 16	 13	 17	 20	 15	 21	 20	 22	 22	 22	 20	 22	 22	 21	 17	 23	 21	 22	 21	 24	 22	 17	 15	 14	 15	 16	 16	 14	 15	 20	 15	 16	 15	 14	 16	  7	 19	  8	  2	  1	  1
 54	 44	 21	 18	 18	 17	 18	 18	 17	 19	 17	 18	 18	 18	 17	 19	 21	 18	 23	 22	 23	 23	 24	 21	 23	 23	 22	 19	 24	 22	 23	 22	 25	 23	 21	 20	 19	 20	 21	 21	 18	 20	 24	 20	 21	 20	 19	 20	 10	 24	  6	  6	  5	  6	  5
 55	 41	 19	 16	 15	 15	 15	 15	 15	 16	 14	 15	 15	 16	 14	 17	 19	 15	 22	 21	 23	 23	 23	 21	 23	 23	 22	 18	 24	 22	 23	 22	 25	 23	 18	 17	 16	 17	 18	 17	 14	 17	 21	 17	 17	 16	 16	 17	  7	 20	  6	  3	  2	  2	  2	  4
 56	 39	 18	 16	 15	 15	 15	 15	 14	 16	 14	 15	 15	 15	 13	 17	 20	 15	 21	 20	 22	 22	 22	 20	 22	 22	 21	 17	 23	 21	 22	 21	 24	 22	 16	 15	 14	 15	 16	 16	 13	 15	 20	 15	 16	 15	 14	 15	  7	 19	  8	  2	  2	  1	  1	  5	  2
 57	 42	 24	 21	 21	 20	 21	 21	 20	 22	 20	 21	 21	 21	 18	 22	 25	 21	 17	 16	 17	 18	 18	 15	 17	 18	 17	 13	 19	 17	 17	 16	 19	 18	 20	 19	 17	 18	 20	 19	 18	 18	 23	 19	 20	 19	 18	 19	 12	 22	 11	  8	  7	  7	  6	  6	  6	  6
 58	 38	 19	 16	 16	 15	 16	 16	 15	 17	 15	 16	 16	 16	 13	 17	 21	 16	 20	 19	 20	 21	 20	 18	 20	 21	 19	 15	 22	 19	 21	 20	 23	 21	 16	 14	 13	 14	 15	 15	 13	 14	 19	 14	 15	 14	 14	 15	  7	 18	  9	  3	  3	  2	  2	  7	  4	  2	  6
 59	 37	 18	 16	 16	 15	 15	 16	 15	 16	 14	 15	 16	 16	 13	 17	 20	 16	 20	 19	 20	 21	 20	 19	 20	 21	 19	 15	 22	 19	 21	 20	 23	 21	 15	 14	 12	 13	 15	 14	 13	 13	 18	 14	 14	 14	 13	 14	  7	 17	 10	  3	  3	  3	  3	  7	  4	  2	  6	  1
 60	 39	 19	 17	 16	 16	 16	 16	 16	 17	 15	 16	 16	 17	 14	 18	 21	 16	 20	 19	 20	 20	 20	 18	 20	 21	 19	 15	 22	 19	 20	 19	 22	 21	 17	 15	 14	 15	 16	 16	 14	 15	 20	 16	 16	 15	 15	 16	  8	 19	  9	  3	  3	  2	  2	  6	  3	  2	  5	  2	  2
 61	 39	 18	 15	 15	 14	 15	 15	 14	 16	 14	 15	 15	 15	 13	 16	 19	 15	 22	 21	 22	 22	 22	 20	 22	 22	 21	 17	 23	 21	 22	 21	 24	 22	 16	 15	 14	 15	 16	 15	 13	 15	 19	 15	 16	 15	 14	 15	  6	 19	  8	  2	  2	  1	  1	  6	  2	  1	  6	  2	  2	  2
 62	 39	 22	 20	 19	 18	 19	 19	 18	 20	 18	 19	 19	 19	 16	 20	 24	 19	 17	 16	 18	 18	 18	 16	 18	 18	 17	 13	 19	 17	 18	 17	 20	 18	 17	 16	 14	 16	 17	 17	 16	 16	 21	 17	 17	 16	 16	 17	 10	 20	 11	  6	  5	  5	  4	  7	  6	  5	  3	  4	  4	  3	  5
 63	 38	 17	 15	 14	 13	 14	 14	 13	 15	 13	 14	 14	 14	 12	 15	 19	 14	 22	 21	 23	 23	 22	 21	 22	 23	 21	 18	 24	 21	 23	 22	 25	 23	 16	 14	 13	 14	 15	 15	 12	 14	 19	 14	 15	 14	 13	 15	  5	 18	  8	  1	  2	  1	  2	  6	  3	  2	  7	  3	  3	  3	  1	  6
 64	 38	 17	 15	 14	 13	 14	 14	 13	 15	 13	 14	 14	 14	 11	 15	 19	 14	 22	 21	 22	 22	 22	 20	 22	 23	 21	 17	 24	 21	 22	 21	 24	 23	 15	 13	 12	 13	 14	 14	 12	 13	 18	 13	 14	 13	 13	 14	  5	 17	  8	  2	  3	  2	  2	  7	  4	  2	  8	  2	  2	  3	  2	  6	  1
 65	 44	 23	 20	 20	 19	 20	 20	 19	 21	 19	 20	 20	 21	 19	 21	 23	 20	 20	 20	 21	 21	 22	 18	 20	 21	 20	 17	 22	 20	 21	 20	 22	 21	 22	 21	 19	 20	 22	 21	 19	 20	 25	 21	 21	 21	 20	 21	 12	 24	  8	  8	  6	  7	  6	  3	  5	  6	  4	  7	  8	  6	  7	  6	  7	  8
 66	 44	 21	 17	 17	 16	 17	 17	 17	 18	 16	 17	 17	 18	 16	 18	 20	 17	 24	 23	 24	 24	 25	 22	 24	 24	 24	 20	 25	 23	 24	 23	 26	 24	 22	 20	 19	 20	 21	 21	 17	 20	 25	 20	 21	 20	 19	 21	 10	 24	  4	  6	  5	  6	  6	  2	  4	  6	  7	  7	  8	  6	  6	  8	  7	  7	  4
 67	 46	 21	 17	 18	 17	 18	 18	 17	 19	 16	 18	 18	 18	 17	 19	 20	 18	 25	 24	 26	 26	 27	 23	 25	 26	 25	 21	 27	 25	 26	 24	 27	 26	 23	 22	 21	 22	 23	 22	 19	 22	 26	 21	 22	 21	 21	 22	 11	 26	  4	  8	  7	  8	  7	  3	  6	  8	  9	  9	 10	  8	  8	 10	  8	  9	  5	  2
 68	 44	 17	 13	 14	 13	 14	 14	 13	 15	 12	 13	 14	 14	 14	 15	 15	 14	 28	 27	 28	 29	 29	 26	 28	 29	 28	 24	 30	 28	 29	 27	 30	 29	 21	 20	 20	 20	 21	 21	 16	 20	 24	 19	 21	 19	 19	 20	  9	 24	  1	  7	  7	  8	  8	  6	  6	  8	 12	 10	 10	  9	  8	 11	  8	  9	  9	  5	  5
 69	 45	 22	 19	 19	 18	 19	 19	 18	 20	 18	 19	 19	 20	 18	 20	 22	 19	 22	 21	 22	 22	 23	 20	 22	 22	 22	 18	 23	 21	 22	 21	 24	 22	 22	 21	 20	 21	 22	 21	 19	 21	 25	 21	 21	 21	 20	 21	 12	 24	  7	  7	  6	  6	  6	  2	  5	  6	  5	  7	  8	  6	  6	  7	  7	  8	  2	  3	  4	  8
 70	 44	 20	 16	 17	 16	 17	 17	 16	 18	 15	 16	 17	 17	 16	 18	 19	 17	 24	 23	 25	 25	 25	 22	 24	 25	 24	 20	 26	 24	 25	 24	 26	 25	 21	 20	 19	 20	 21	 21	 17	 20	 24	 20	 21	 20	 19	 20	 10	 24	  4	  6	  5	  6	  6	  2	  4	  6	  8	  7	  8	  6	  6	  8	  6	  7	  5	  1	  2	  5	  3
 71	 42	 18	 15	 14	 14	 14	 15	 14	 15	 13	 14	 14	 15	 14	 16	 18	 15	 24	 23	 25	 25	 25	 22	 25	 25	 24	 20	 26	 24	 25	 24	 27	 25	 19	 18	 17	 18	 19	 18	 15	 18	 22	 17	 18	 17	 17	 18	  7	 21	  4	  4	  3	  4	  4	  4	  3	  4	  8	  6	  6	  5	  4	  8	  4	  5	  6	  3	  5	  4	  5	  3
 72	 45	 19	 15	 16	 15	 16	 16	 15	 17	 14	 16	 16	 16	 16	 17	 18	 16	 26	 25	 27	 27	 28	 24	 26	 27	 26	 22	 28	 26	 27	 26	 29	 27	 22	 21	 20	 21	 22	 21	 17	 21	 25	 20	 21	 20	 19	 21	 10	 24	  2	  7	  6	  7	  7	  4	  5	  7	 10	  9	  9	  8	  7	 10	  7	  8	  7	  3	  3	  3	  5	  3	  4
 73	 45	 18	 14	 14	 13	 15	 15	 14	 15	 13	 14	 14	 15	 15	 15	 16	 15	 28	 27	 28	 28	 29	 26	 28	 29	 27	 24	 29	 27	 28	 27	 30	 28	 22	 21	 20	 21	 21	 21	 17	 21	 25	 20	 21	 20	 19	 21	 10	 24	  1	  7	  7	  8	  8	  6	  6	  8	 11	 10	 10	  9	  8	 11	  8	  9	  8	  5	  4	  1	  7	  4	  4	  2
 74	 43	 18	 15	 15	 14	 15	 15	 14	 16	 14	 15	 15	 16	 14	 16	 18	 15	 25	 24	 25	 25	 26	 23	 25	 25	 24	 20	 26	 24	 25	 24	 27	 25	 20	 19	 18	 19	 20	 19	 15	 19	 23	 18	 19	 18	 18	 19	  8	 22	  3	  5	  4	  5	  5	  3	  3	  5	  8	  7	  7	  6	  5	  8	  5	  6	  6	  3	  4	  4	  5	  2	  2	  3	  4
 75	 44	 19	 16	 16	 15	 16	 16	 15	 17	 15	 16	 16	 17	 15	 17	 19	 16	 25	 24	 25	 25	 26	 23	 25	 25	 24	 21	 26	 24	 25	 24	 27	 25	 21	 20	 19	 20	 21	 20	 16	 20	 24	 19	 20	 19	 18	 20	  9	 23	  3	  6	  5	  6	  6	  3	  4	  6	  8	  7	  8	  6	  6	  8	  6	  7	  5	  2	  3	  4	  4	  1	  2	  2	  4	  1
 76	 45	 20	 16	 16	 16	 17	 17	 16	 18	 15	 16	 17	 17	 16	 18	 19	 17	 25	 24	 25	 25	 26	 23	 25	 26	 25	 21	 26	 24	 25	 24	 27	 25	 22	 20	 20	 20	 21	 21	 17	 20	 25	 20	 21	 20	 19	 21	 10	 24	  3	  6	  5	  6	  6	  3	  4	  6	  8	  8	  8	  7	  6	  9	  7	  8	  5	  2	  2	  4	  4	  1	  3	  2	  4	  2	  1
 77	 45	 20	 16	 16	 15	 16	 16	 15	 17	 15	 16	 16	 17	 16	 17	 18	 16	 25	 24	 26	 26	 27	 23	 25	 26	 25	 21	 27	 25	 26	 25	 28	 26	 22	 20	 20	 20	 21	 21	 17	 20	 25	 20	 21	 20	 19	 21	 10	 24	  3	  6	  6	  6	  6	  3	  5	  7	  9	  8	  8	  7	  7	  9	  7	  8	  6	  2	  2	  4	  4	  2	  3	  1	  3	  2	  1	  1
 78	 43	 19	 16	 16	 15	 16	 16	 15	 17	 15	 16	 16	 17	 15	 17	 19	 16	 24	 23	 25	 25	 25	 22	 24	 25	 24	 20	 26	 24	 25	 23	 26	 25	 20	 19	 18	 19	 20	 20	 16	 19	 24	 19	 20	 19	 18	 20	  9	 23	  4	  5	  4	  5	  5	  3	  3	  5	  8	  7	  7	  6	  5	  8	  6	  6	  5	  2	  3	  5	  4	  1	  2	  3	  4	  1	  1	  2	  2
 79	 45	 21	 17	 18	 17	 18	 18	 17	 19	 16	 17	 18	 18	 17	 19	 20	 18	 24	 23	 24	 24	 25	 22	 24	 25	 24	 20	 25	 23	 24	 23	 26	 24	 22	 21	 20	 21	 22	 21	 18	 21	 25	 20	 21	 20	 20	 21	 11	 24	  5	  7	  6	  6	  6	  2	  5	  6	  7	  8	  8	  7	  6	  8	  7	  8	  4	  1	  2	  5	  3	  2	  4	  3	  5	  3	  2	  2	  2	  2
 80	 45	 21	 17	 17	 16	 17	 17	 17	 18	 16	 17	 17	 18	 17	 18	 20	 17	 25	 24	 25	 25	 26	 23	 25	 25	 25	 21	 26	 24	 25	 24	 27	 25	 22	 21	 20	 21	 22	 22	 18	 21	 25	 21	 22	 21	 20	 21	 11	 25	  4	  7	  6	  7	  7	  3	  5	  7	  8	  8	  9	  7	  7	  9	  7	  8	  5	  2	  1	  5	  4	  2	  4	  2	  4	  3	  2	  1	  2	  2	  1
 81	 41	 26	 23	 23	 22	 23	 23	 22	 24	 22	 23	 23	 23	 20	 24	 27	 23	 14	 13	 15	 15	 16	 12	 14	 15	 14	 10	 16	 14	 15	 14	 16	 15	 20	 19	 17	 18	 20	 19	 20	 18	 23	 20	 20	 19	 19	 19	 14	 22	 14	 10	  9	  9	  8	  9	  9	  8	  3	  7	  8	  7	  8	  4	  9	  9	  7	 10	 12	 14	  8	 10	 11	 13	 14	 11	 11	 11	 12	 10	 10	 11
 82	 39	 24	 22	 21	 21	 21	 21	 20	 22	 20	 21	 21	 21	 18	 23	 26	 21	 15	 14	 15	 16	 16	 13	 15	 16	 15	 11	 17	 14	 16	 15	 17	 16	 18	 17	 15	 16	 18	 17	 18	 16	 21	 18	 18	 17	 17	 17	 12	 20	 13	  8	  8	  7	  7	  9	  8	  7	  3	  6	  6	  5	  7	  3	  8	  8	  7	 10	 11	 14	  8	 10	 10	 12	 13	 10	 10	 11	 11	 10	 10	 11	  3
 83	 39	 23	 21	 20	 20	 20	 21	 20	 21	 19	 20	 20	 21	 17	 22	 25	 21	 16	 15	 16	 16	 16	 14	 16	 16	 15	 11	 17	 15	 16	 15	 18	 16	 18	 17	 15	 16	 18	 17	 17	 16	 21	 18	 17	 17	 16	 17	 12	 20	 13	  8	  7	  7	  6	  8	  7	  6	  3	  5	  5	  5	  6	  2	  7	  7	  7	  9	 11	 13	  8	 10	  9	 12	 13	 10	 10	 10	 11	  9	 10	 10	  3	  1
 84	 40	 24	 22	 21	 21	 21	 21	 20	 22	 20	 21	 21	 21	 18	 23	 26	 21	 16	 15	 16	 16	 17	 14	 16	 16	 15	 11	 17	 15	 16	 15	 18	 16	 19	 17	 16	 17	 19	 18	 18	 17	 22	 18	 18	 18	 17	 18	 12	 21	 12	  8	  7	  7	  7	  8	  7	  7	  3	  6	  6	  5	  7	  3	  8	  8	  6	  9	 11	 13	  7	  9	  9	 11	 13	 10	 10	 10	 11	  9	  9	 10	  2	  1	  1
 85	 41	 21	 19	 18	 18	 18	 18	 17	 19	 17	 18	 18	 19	 16	 20	 22	 18	 19	 18	 20	 20	 20	 17	 19	 20	 19	 15	 21	 19	 20	 19	 22	 20	 19	 17	 16	 17	 19	 18	 16	 17	 22	 18	 18	 17	 17	 18	 10	 21	  9	  5	  4	  4	  3	  4	  4	  4	  3	  4	  4	  3	  4	  3	  5	  5	  4	  6	  7	  9	  4	  6	  6	  8	  9	  6	  6	  6	  7	  6	  6	  7	  6	  5	  4	  4
 86	 39	 24	 21	 21	 20	 21	 21	 20	 21	 19	 20	 21	 21	 18	 22	 25	 21	 16	 15	 16	 16	 16	 14	 16	 16	 15	 11	 17	 15	 16	 15	 18	 16	 18	 17	 15	 16	 18	 17	 17	 16	 21	 18	 18	 17	 17	 17	 12	 20	 13	  8	  7	  7	  6	  8	  7	  6	  3	  5	  6	  5	  7	  2	  7	  7	  7	  9	 11	 13	  8	 10	  9	 12	 13	 10	 10	 10	 11	  9	  9	 10	  3	  1	  1	  1	  4
 87	 40	 22	 20	 19	 19	 19	 19	 18	 20	 18	 19	 19	 19	 16	 21	 24	 19	 17	 16	 18	 18	 18	 16	 18	 18	 17	 13	 19	 17	 18	 17	 20	 18	 18	 16	 15	 16	 18	 17	 16	 16	 21	 17	 17	 17	 16	 17	 10	 20	 11	  6	  5	  5	  5	  7	  6	  5	  3	  4	  4	  3	  5	  1	  6	  6	  6	  8	  9	 11	  6	  8	  8	 10	 11	  8	  8	  9	  9	  8	  8	  9	  4	  3	  2	  3	  3	  2
 88	 41	 22	 20	 19	 19	 19	 19	 18	 20	 18	 19	 19	 19	 17	 21	 24	 19	 18	 17	 18	 18	 19	 16	 18	 19	 17	 14	 20	 17	 18	 17	 20	 18	 19	 17	 16	 17	 18	 18	 17	 17	 22	 18	 18	 17	 17	 18	 10	 21	 10	  6	  5	  5	  4	  6	  5	  5	  2	  4	  5	  3	  5	  2	  6	  6	  5	  7	  9	 11	  5	  7	  7	  9	 11	  7	  7	  8	  8	  7	  7	  8	  4	  3	  3	  3	  2	  3	  2
 89	 39	 25	 23	 22	 21	 22	 22	 21	 23	 21	 22	 22	 22	 19	 23	 27	 22	 14	 13	 14	 15	 15	 12	 14	 15	 14	 10	 16	 13	 15	 14	 16	 15	 19	 17	 15	 17	 19	 18	 18	 17	 22	 19	 18	 18	 17	 18	 13	 21	 14	  9	  9	  8	  8	  9	  9	  8	  4	  7	  7	  6	  8	  4	  9	  9	  8	 11	 12	 15	  9	 11	 11	 13	 14	 11	 11	 12	 12	 11	 11	 12	  2	  2	  2	  2	  6	  2	  4	  4
 90	 38	 24	 22	 22	 21	 21	 22	 21	 22	 20	 21	 21	 21	 18	 23	 27	 22	 14	 13	 14	 15	 15	 12	 14	 15	 13	 10	 16	 13	 15	 14	 17	 15	 18	 16	 14	 16	 18	 17	 18	 16	 21	 18	 17	 17	 17	 17	 13	 20	 14	  9	  9	  8	  8	 10	  9	  8	  5	  7	  7	  6	  8	  4	  9	  8	  8	 11	 13	 15	 10	 11	 11	 13	 15	 11	 12	 12	 12	 11	 11	 12	  3	  2	  2	  3	  6	  2	  4	  5	  2
 91	 39	 23	 21	 20	 20	 20	 20	 20	 21	 19	 20	 20	 20	 17	 22	 25	 21	 16	 14	 16	 16	 16	 14	 16	 16	 15	 11	 17	 15	 16	 15	 18	 16	 17	 16	 14	 16	 17	 17	 17	 15	 21	 17	 17	 17	 16	 17	 12	 19	 13	  8	  7	  7	  6	  9	  8	  6	  4	  5	  5	  5	  7	  3	  7	  7	  7	 10	 12	 13	  8	 10	 10	 12	 13	 10	 10	 11	 11	 10	 10	 11	  3	  1	  1	  2	  5	  1	  3	  4	  2	  2
 92	 38	 23	 21	 20	 20	 20	 20	 19	 21	 19	 20	 20	 20	 17	 21	 25	 20	 16	 15	 16	 16	 16	 14	 16	 16	 15	 11	 17	 15	 16	 15	 18	 16	 16	 15	 13	 15	 16	 16	 16	 14	 20	 16	 16	 16	 15	 16	 11	 18	 13	  8	  7	  7	  6	  9	  8	  6	  5	  5	  5	  5	  7	  3	  7	  7	  8	 10	 12	 14	  9	 11	 10	 12	 14	 10	 11	 11	 12	 10	 11	 11	  4	  2	  2	  3	  5	  2	  3	  4	  3	  2	  2
 93	 37	 23	 21	 20	 19	 20	 20	 19	 21	 19	 20	 20	 20	 16	 21	 25	 20	 16	 15	 16	 16	 16	 14	 16	 16	 15	 11	 17	 15	 16	 15	 18	 16	 16	 15	 13	 14	 16	 15	 16	 14	 19	 16	 16	 15	 15	 15	 11	 18	 13	  8	  7	  7	  6	  9	  8	  6	  5	  5	  5	  5	  7	  3	  7	  7	  8	 10	 12	 14	  9	 11	 10	 13	 14	 11	 11	 11	 12	 10	 11	 11	  5	  3	  2	  3	  5	  3	  3	  4	  3	  2	  2	  1
 94	 40	 23	 21	 20	 20	 20	 20	 19	 21	 19	 20	 20	 20	 17	 22	 25	 20	 17	 16	 17	 17	 18	 15	 17	 17	 16	 12	 18	 16	 17	 16	 19	 17	 19	 17	 16	 17	 19	 18	 17	 17	 22	 18	 18	 18	 17	 18	 11	 21	 11	  7	  6	  6	  6	  7	  6	  6	  2	  5	  5	  4	  6	  2	  7	  7	  5	  8	 10	 12	  6	  8	  8	 10	 12	  9	  9	  9	  9	  8	  8	  9	  3	  2	  2	  2	  3	  2	  2	  2	  3	  4	  3	  3	  4
 95	 38	 20	 17	 17	 16	 17	 17	 16	 17	 16	 16	 17	 17	 14	 18	 22	 17	 19	 18	 19	 20	 19	 17	 19	 20	 18	 14	 21	 18	 20	 19	 22	 20	 15	 14	 13	 14	 15	 15	 14	 14	 19	 15	 15	 14	 14	 15	  8	 18	 10	  4	  4	  3	  3	  7	  5	  3	  5	  2	  2	  2	  3	  3	  4	  3	  7	  8	 10	 10	  7	  8	  7	 10	 11	  7	  8	  8	  9	  7	  8	  9	  7	  5	  4	  5	  4	  4	  3	  4	  6	  6	  4	  4	  4	  4
 96	 38	 25	 24	 23	 22	 23	 23	 22	 23	 22	 22	 23	 23	 19	 24	 28	 23	 13	 12	 13	 13	 14	 11	 13	 14	 12	  8	 15	 12	 13	 12	 15	 13	 18	 17	 15	 16	 18	 17	 18	 16	 21	 18	 18	 18	 17	 17	 14	 20	 15	 10	 10	 10	  9	 11	 10	  9	  6	  8	  8	  8	  9	  5	 10	 10	  9	 12	 14	 16	 11	 12	 12	 14	 16	 13	 13	 13	 14	 12	 12	 13	  3	  3	  3	  4	  7	  3	  5	  6	  2	  2	  3	  3	  3	  5	  7
 97	 41	 20	 23	 23	 24	 23	 23	 24	 22	 24	 23	 23	 23	 26	 22	 21	 23	 56	 55	 56	 57	 54	 55	 57	 57	 54	 51	 58	 55	 57	 56	 59	 57	 32	 32	 34	 33	 31	 32	 27	 34	 31	 29	 31	 31	 31	 32	 32	 32	 36	 36	 38	 37	 38	 40	 38	 38	 44	 38	 38	 39	 38	 42	 37	 36	 43	 40	 40	 36	 42	 39	 37	 38	 36	 37	 38	 39	 38	 38	 40	 39	 45	 44	 43	 44	 41	 43	 42	 42	 44	 44	 43	 42	 42	 43	 39	 45
 98	 41	 20	 23	 23	 24	 23	 23	 24	 22	 24	 23	 23	 23	 26	 22	 21	 23	 56	 55	 56	 57	 54	 55	 57	 57	 54	 51	 58	 55	 57	 56	 59	 57	 32	 32	 34	 33	 31	 32	 27	 34	 31	 29	 31	 31	 31	 32	 32	 32	 36	 36	 38	 37	 38	 40	 38	 38	 44	 38	 38	 39	 38	 42	 37	 36	 43	 40	 40	 36	 42	 39	 37	 38	 36	 37	 38	 39	 38	 38	 40	 39	 45	 44	 43	 44	 41	 43	 42	 42	 44	 44	 43	 42	 42	 43	 39	 45	  1
 99	 41	 20	 23	 23	 24	 23	 23	 24	 22	 24	 23	 23	 23	 26	 22	 21	 23	 56	 55	 56	 57	 54	 55	 57	 57	 54	 51	 58	 55	 57	 56	 59	 57	 32	 32	 34	 33	 31	 32	 27	 34	 31	 29	 31	 31	 31	 32	 32	 32	 36	 36	 38	 37	 38	 40	 38	 38	 44	 38	 38	 39	 38	 42	 37	 36	 43	 40	 40	 36	 42	 39	 37	 38	 36	 37	 38	 39	 38	 38	 40	 39	 45	 44	 43	 44	 41	 43	 42	 42	 44	 44	 43	 42	 42	 43	 39	 45	  1	  1
100	 41	 20	 23	 23	 24	 23	 23	 24	 22	 24	 23	 23	 23	 26	 22	 21	 23	 56	 55	 56	 57	 54	 55	 57	 57	 54	 51	 58	 55	 57	 56	 59	 57	 32	 32	 34	 33	 31	 32	 27	 34	 31	 29	 31	 31	 31	 32	 32	 32	 36	 36	 38	 37	 38	 40	 38	 38	 44	 38	 38	 39	 38	 42	 37	 36	 43	 40	 40	 36	 42	 39	 37	 38	 36	 37	 38	 39	 38	 38	 40	 39	 45	 44	 43	 44	 41	 43	 42	 42	 44	 44	 43	 42	 42	 43	 39	 45	  1	  1	  1
