nVehicles:  21
nDepots:     1
nCustomers: 50
nPeriods:    9
VEHICLE_TYPE	FLEET_SIZE	CAPACITY
           2	        21	      18	
DEPOT   	X  	Y  	INV_COST	INITIAL_INV 	MIN_LEVEL_INV 	MAX_LEVEL_INV	PRODUCTION_0	PRODUCTION_1	PRODUCTION_2	PRODUCTION_3	PRODUCTION_4	PRODUCTION_5	PRODUCTION_6	PRODUCTION_7	PRODUCTION_8
       0	248	 77	       0	        457	            0	         3267	         365	         365	         365	         365	         365	         365	         365	         365	         365	
CUSTOMER	X  	Y  	INV_COST	INITIAL_INV	MIN_LEVEL_INV 	MAX_LEVEL_INV	DEMAND_0	DEMAND_1	DEMAND_2	DEMAND_3	DEMAND_4	DEMAND_5	DEMAND_6	DEMAND_7	DEMAND_8
       1	124	 88	    0.12	         10	            0	           83	       8	      12	      10	      12	      12	       7	       7	       7	      11
       2	117	 88	    0.08	          1	            0	           21	       4	       5	       6	       4	       4	       3	       5	       5	       6
       3	 95	202	    0.17	         10	            0	           36	       8	      11	      11	      10	       7	       6	       6	       7	       8
       4	116	 90	     0.1	         17	            0	           29	       9	      10	      11	       7	       6	       7	      10	       9	       7
       5	118	 90	    0.14	         13	            0	           51	       6	       7	       9	       6	       5	       7	       7	       9	       8
       6	158	 79	     0.3	         16	            0	           18	       8	       9	       9	       7	       5	       8	      10	       9	       8
       7	171	 67	    0.17	          4	            0	           22	       4	       4	       6	       6	       6	       4	       3	       4	       5
       8	114	 90	    0.22	          7	            0	           11	       4	       6	       7	       5	       4	       3	       4	       4	       6
       9	146	 66	     0.3	         15	            0	           55	       7	      10	      12	      11	       6	       5	       6	       8	      10
      10	115	 90	    0.29	          9	            0	           60	       7	       9	       9	       8	       9	       6	       6	       7	       7
      11	115	112	    0.16	          8	            0	           55	       8	       8	       8	       9	       7	       6	       8	       9	      11
      12	104	120	    0.17	          6	            0	           30	       6	       8	       8	       6	       5	       4	       5	       8	       7
      13	117	134	    0.27	         20	            0	           62	      10	      13	      10	      10	       6	       8	       9	      12	      12
      14	117	 59	    0.24	         11	            0	           29	       6	      11	       9	       8	       5	       5	       9	      11	       8
      15	102	 94	    0.17	         10	            0	           30	       6	      10	      10	       8	       6	       5	       7	       8	      11
      16	111	 80	    0.29	         13	            0	           63	       7	      11	       9	       9	       7	       6	       7	      11	       9
      17	483	317	    0.19	          4	            0	           47	       7	      11	      10	       9	       9	       7	       5	       6	       8
      18	497	326	    0.04	          4	            0	           46	       5	       6	       6	       4	       4	       5	       6	       7	       7
      19	480	311	    0.18	         17	            0	           36	       8	      14	      12	       8	       8	       8	      10	      13	       9
      20	487	315	    0.09	         12	            0	           25	       6	       6	       7	       4	       4	       5	       6	       7	       4
      21	474	315	    0.05	         15	            0	           83	       7	      11	      10	       8	       6	      10	      11	      12	       8
      22	451	323	    0.11	          2	            0	           38	       7	      10	      11	       9	       7	       8	      10	      11	      13
      23	481	337	    0.21	         10	            0	           53	       6	       7	       7	       7	       5	       4	       6	       6	       8
      24	462	317	    0.28	          2	            0	           33	       5	       9	       9	       7	       6	       4	       6	       9	       8
      25	418	338	    0.04	          1	            0	           47	       8	      10	      11	       7	       6	       6	       6	       7	       8
      26	489	327	    0.29	          8	            0	           54	       5	       6	       9	       8	       7	       6	       6	       5	       6
      27	497	282	    0.04	         15	            0	           52	       9	       9	      11	       8	       7	       8	      11	      13	      10
      28	487	320	    0.25	         13	            0	           69	       7	      10	       8	       7	       5	       5	       8	      10	      10
      29	483	352	    0.22	         10	            0	           20	       4	       7	       7	       6	       5	       4	       6	       7	       7
      30	485	322	    0.08	         10	            0	           37	       5	       6	       9	       8	       6	       5	       5	       5	       6
      31	478	325	    0.22	         10	            0	           34	       7	       9	      10	       7	       6	       7	       7	       8	       8
      32	481	321	    0.29	          6	            0	           38	       5	       8	       7	       7	       5	       5	       6	       9	       7
      33	389	236	    0.12	          1	            0	           21	       6	       8	       9	       7	       8	       5	       4	       4	       6
      34	419	238	    0.07	          6	            0	           44	       7	       8	      10	       8	       7	       5	       6	       7	       9
      35	375	236	    0.18	          8	            0	           29	       4	       5	       6	       5	       3	       4	       4	       6	       5
      36	387	252	    0.06	         18	            0	           71	      10	      11	      13	      10	       9	       7	       7	       8	       9
      37	387	250	    0.29	         10	            0	           41	       4	       6	       6	       4	       4	       4	       4	       6	       6
      38	386	233	    0.11	         15	            0	           66	       9	       9	      10	       8	       7	      10	       9	       9	       8
      39	384	225	    0.18	         16	            0	           24	       7	      10	       9	       7	       5	       6	      11	       9	       9
      40	406	211	    0.19	         11	            0	           38	       6	       7	       8	       7	       6	       4	       4	       7	       9
      41	385	226	    0.27	         13	            0	           61	       9	      11	      11	      11	       8	       6	       7	      10	      11
      42	387	236	    0.05	         15	            0	           54	      10	      12	      10	       7	       6	       9	      11	      11	       6
      43	389	219	    0.17	          6	            0	           11	       5	       6	       8	       7	       5	       4	       5	       5	       6
      44	370	235	    0.14	         12	            0	           63	       6	       8	       8	       9	       7	       6	       6	       7	       7
      45	407	239	    0.15	          6	            0	           58	       7	      10	      10	       8	       6	       7	      10	       9	      10
      46	408	282	    0.05	          9	            0	           30	       5	       4	       5	       6	       5	       5	       4	       3	       4
      47	385	249	    0.28	          3	            0	           40	       4	       5	       5	       5	       3	       3	       6	       6	       5
      48	389	237	    0.02	         18	            0	           59	       9	       9	      11	       9	       6	       7	      11	       9	       7
      49	  0	  0	    0.19	          1	            0	           15	       5	       6	       8	       7	       5	       5	       5	       4	       5
      50	  0	  0	     0.1	          8	            0	           37	       6	       8	       7	       6	       4	       5	       7	       7	       9
COST_MATRIX 
	  0	  1	  2	  3	  4	  5	  6	  7	  8	  9	 10	 11	 12	 13	 14	 15	 16	 17	 18	 19	 20	 21	 22	 23	 24	 25	 26	 27	 28	 29	 30	 31	 32	 33	 34	 35	 36	 37	 38	 39	 40	 41	 42	 43	 44	 45	 46	 47	 48	 49	 50
  0
  1	 13
  2	 14	  1
  3	 20	 12	 12
  4	 14	  1	  1	 12
  5	 14	  1	  1	 12	  1
  6	 10	  4	  5	 14	  5	  5
  7	  8	  6	  6	 16	  6	  6	  2
  8	 14	  2	  1	 12	  1	  1	  5	  7
  9	 11	  4	  4	 15	  4	  4	  2	  3	  5
 10	 14	  1	  1	 12	  1	  1	  5	  7	  1	  4
 11	 14	  3	  3	 10	  3	  3	  6	  8	  3	  6	  3
 12	 16	  4	  4	  9	  4	  4	  7	  9	  4	  7	  4	  2
 13	 15	  5	  5	  8	  5	  5	  7	  9	  5	  8	  5	  3	  2
 14	 14	  3	  3	 15	  4	  4	  5	  6	  4	  3	  4	  6	  7	  8
 15	 15	  3	  2	 11	  2	  2	  6	  8	  2	  6	  2	  3	  3	  5	  4
 16	 14	  2	  2	 13	  2	  2	  5	  7	  2	  4	  2	  4	  5	  6	  3	  2
 17	 34	 43	 44	 41	 44	 43	 41	 40	 44	 43	 44	 43	 43	 41	 45	 45	 45
 18	 36	 45	 45	 43	 45	 45	 42	 42	 45	 44	 45	 44	 45	 43	 47	 46	 46	  2
 19	 33	 43	 43	 41	 43	 43	 40	 40	 43	 42	 43	 42	 43	 41	 45	 44	 44	  1	  3
 20	 34	 43	 44	 41	 44	 44	 41	 41	 44	 43	 44	 43	 43	 42	 45	 45	 45	  1	  2	  1
 21	 33	 42	 43	 40	 43	 43	 40	 40	 43	 42	 43	 42	 42	 41	 44	 44	 44	  1	  3	  1	  2
 22	 32	 41	 41	 38	 41	 41	 39	 38	 41	 40	 41	 40	 41	 39	 43	 42	 42	  4	  5	  4	  4	  3
 23	 35	 44	 45	 41	 45	 44	 42	 42	 45	 44	 45	 43	 44	 42	 46	 46	 46	  3	  2	  3	  3	  3	  4
 24	 33	 41	 42	 39	 42	 42	 39	 39	 42	 41	 42	 41	 41	 40	 44	 43	 43	  3	  4	  2	  3	  2	  2	  3
 25	 32	 39	 40	 36	 40	 39	 37	 37	 40	 39	 40	 38	 39	 37	 42	 40	 41	  7	  8	  7	  8	  7	  4	  7	  5
 26	 35	 44	 45	 42	 45	 45	 42	 42	 45	 44	 45	 44	 44	 42	 46	 46	 46	  2	  1	  2	  2	  2	  4	  2	  3	  8
 27	 33	 43	 43	 41	 43	 43	 40	 40	 43	 42	 43	 42	 43	 41	 45	 44	 44	  4	  5	  4	  4	  5	  7	  6	  5	 10	  5
 28	 35	 44	 44	 41	 44	 44	 41	 41	 44	 43	 44	 43	 44	 42	 46	 45	 45	  1	  2	  2	  1	  2	  4	  2	  3	  8	  1	  4
 29	 37	 45	 46	 42	 46	 45	 43	 43	 46	 45	 46	 44	 45	 43	 47	 47	 47	  4	  3	  5	  4	  4	  5	  2	  5	  7	  3	  8	  4
 30	 35	 44	 44	 41	 44	 44	 41	 41	 44	 43	 44	 43	 44	 42	 46	 45	 45	  1	  2	  2	  1	  2	  4	  2	  3	  7	  1	  5	  1	  4
 31	 34	 43	 44	 41	 44	 43	 41	 41	 44	 43	 44	 43	 43	 41	 45	 45	 45	  1	  2	  2	  2	  2	  3	  2	  2	  7	  2	  5	  2	  3	  1
 32	 34	 43	 44	 41	 44	 44	 41	 41	 44	 43	 44	 43	 43	 41	 45	 45	 45	  1	  2	  2	  1	  1	  4	  2	  2	  7	  2	  5	  1	  4	  1	  1
 33	 22	 31	 31	 30	 31	 31	 28	 28	 32	 30	 32	 31	 31	 30	 33	 33	 32	 13	 15	 12	 13	 12	 11	 14	 11	 11	 14	 12	 13	 15	 13	 13	 13
 34	 24	 34	 34	 33	 34	 34	 31	 31	 34	 33	 34	 33	 34	 32	 36	 35	 35	 11	 12	 10	 11	 10	 10	 12	  9	 11	 12	  9	 11	 14	 11	 11	 11	  4
 35	 21	 30	 30	 29	 30	 30	 27	 27	 30	 29	 30	 29	 30	 28	 32	 31	 31	 14	 16	 13	 14	 13	 12	 15	 12	 12	 15	 14	 15	 16	 14	 14	 14	  2	  5
 36	 23	 31	 32	 30	 32	 32	 29	 29	 32	 31	 32	 31	 32	 30	 34	 33	 33	 12	 14	 12	 12	 11	 10	 13	 10	 10	 13	 12	 13	 14	 13	 12	 12	  2	  4	  3
 37	 23	 31	 32	 30	 32	 32	 29	 29	 32	 31	 32	 31	 32	 30	 34	 33	 33	 12	 14	 12	 12	 11	 10	 13	 11	 10	 13	 12	 13	 15	 13	 12	 12	  2	  4	  2	  1
 38	 21	 30	 31	 30	 31	 31	 28	 28	 31	 30	 31	 30	 31	 29	 33	 32	 32	 13	 15	 13	 14	 13	 12	 15	 12	 11	 14	 13	 14	 16	 14	 14	 13	  1	  4	  2	  2	  2
 39	 21	 30	 31	 29	 31	 30	 27	 27	 31	 29	 31	 30	 30	 29	 32	 32	 31	 14	 16	 13	 14	 13	 12	 15	 13	 12	 15	 13	 15	 17	 15	 14	 14	  2	  4	  2	  3	  3	  1
 40	 21	 31	 32	 32	 32	 32	 29	 28	 32	 30	 32	 31	 32	 30	 33	 33	 33	 14	 15	 13	 14	 13	 13	 15	 12	 13	 15	 12	 14	 17	 14	 14	 14	  4	  3	  4	  5	  5	  3	  3
 41	 21	 30	 31	 30	 31	 30	 28	 27	 31	 29	 31	 30	 31	 29	 32	 32	 32	 14	 16	 13	 14	 13	 12	 15	 12	 12	 15	 13	 14	 16	 14	 14	 14	  2	  4	  2	  3	  3	  1	  1	  3
 42	 22	 31	 31	 30	 31	 31	 28	 28	 31	 30	 31	 30	 31	 29	 33	 32	 32	 13	 15	 12	 13	 12	 11	 14	 12	 11	 14	 12	 14	 16	 14	 13	 13	  1	  4	  2	  2	  2	  1	  2	  4	  2
 43	 21	 30	 31	 30	 31	 31	 28	 27	 31	 29	 31	 30	 31	 29	 32	 32	 32	 14	 16	 13	 14	 13	 13	 15	 13	 13	 15	 13	 15	 17	 15	 14	 14	  2	  4	  3	  4	  4	  2	  1	  2	  1	  2
 44	 20	 29	 30	 28	 30	 30	 27	 27	 30	 29	 30	 29	 29	 28	 31	 31	 31	 14	 16	 14	 15	 14	 12	 16	 13	 12	 16	 14	 15	 17	 15	 15	 15	  2	  5	  1	  3	  3	  2	  2	  5	  2	  2	  3
 45	 23	 33	 33	 32	 33	 33	 30	 30	 33	 32	 33	 32	 33	 31	 35	 34	 34	 11	 13	 11	 12	 11	 10	 13	 10	 10	 13	 10	 12	 14	 12	 12	 12	  2	  2	  4	  3	  3	  3	  3	  3	  3	  3	  3	  4
 46	 27	 35	 35	 33	 35	 35	 33	 32	 36	 34	 36	 34	 35	 33	 37	 36	 36	  9	 10	  8	  9	  8	  6	 10	  7	  6	 10	  9	  9	 11	  9	  9	  9	  5	  5	  6	  4	  4	  6	  7	  8	  7	  6	  7	  7	  5
 47	 22	 31	 32	 30	 32	 32	 29	 29	 32	 31	 32	 31	 31	 30	 33	 33	 33	 12	 14	 12	 13	 12	 10	 14	 11	 10	 14	 12	 13	 15	 13	 13	 13	  2	  4	  2	  1	  1	  2	  3	  5	  3	  2	  4	  3	  3	  5
 48	 22	 31	 32	 30	 32	 31	 28	 28	 32	 30	 32	 31	 31	 30	 33	 33	 32	 13	 14	 12	 13	 12	 11	 14	 11	 11	 14	 12	 13	 15	 13	 13	 13	  1	  4	  2	  2	  2	  1	  2	  4	  2	  1	  2	  2	  2	  5	  2
 49	 26	 16	 15	 23	 15	 15	 18	 19	 15	 17	 15	 17	 16	 18	 14	 14	 14	 58	 60	 58	 58	 57	 56	 59	 57	 54	 59	 58	 59	 60	 59	 58	 58	 46	 49	 45	 47	 47	 46	 45	 46	 45	 46	 45	 44	 48	 50	 46	 46
 50	 26	 16	 15	 23	 15	 15	 18	 19	 15	 17	 15	 17	 16	 18	 14	 14	 14	 58	 60	 58	 58	 57	 56	 59	 57	 54	 59	 58	 59	 60	 59	 58	 58	 46	 49	 45	 47	 47	 46	 45	 46	 45	 46	 45	 44	 48	 50	 46	 46	  1
