nVehicles:   9
nDepots:     1
nCustomers: 25
nPeriods:    6
VEHICLE_TYPE	FLEET_SIZE	CAPACITY
           2	         9	      18	
DEPOT   	X  	Y  	INV_COST	INITIAL_INV 	MIN_LEVEL_INV 	MAX_LEVEL_INV	PRODUCTION_0	PRODUCTION_1	PRODUCTION_2	PRODUCTION_3	PRODUCTION_4	PRODUCTION_5
       0	403	374	       0	         81	            0	          948	         161	         161	         161	         161	         161	         161	
CUSTOMER	X  	Y  	INV_COST	INITIAL_INV	MIN_LEVEL_INV 	MAX_LEVEL_INV	DEMAND_0	DEMAND_1	DEMAND_2	DEMAND_3	DEMAND_4	DEMAND_5
       1	 53	341	    0.06	          9	            0	            9	       6	       5	       3	       3	       4	       4
       2	 42	310	     0.3	          5	            0	            5	       5	       4	       4	       3	       3	       4
       3	 38	304	    0.28	         10	            0	           42	       9	       7	       5	       5	       7	       9
       4	 21	311	    0.26	          6	            0	           13	       7	       5	       4	       8	      10	       7
       5	 40	314	    0.27	          7	            0	           21	       7	       7	       5	       5	       5	       7
       6	 27	358	    0.18	          2	            0	           17	       8	       6	       5	       5	       9	       8
       7	 70	320	    0.23	          4	            0	           27	       7	       5	       5	       4	       5	       7
       8	 50	305	    0.09	         18	            0	           56	      10	       9	       7	       8	      11	      11
       9	 47	314	     0.3	          7	            0	           12	       9	       8	       5	       5	       5	       7
      10	 60	330	    0.28	          8	            0	           15	      11	       7	       7	       8	      13	       7
      11	 72	291	    0.06	          7	            0	           17	       7	       5	       4	       4	       6	       6
      12	 44	303	    0.11	          5	            0	           15	      10	       7	       6	       6	       7	      11
      13	113	430	     0.2	          9	            0	           26	       6	       4	       3	       5	       6	       6
      14	123	433	    0.21	          9	            0	           34	       6	       5	       5	       4	       7	       8
      15	128	451	    0.29	          4	            0	           10	       6	       5	       4	       5	       6	       6
      16	134	416	    0.25	          4	            0	           26	       8	       7	       6	       7	       6	       7
      17	119	443	    0.23	          9	            0	           11	       7	       6	       6	       6	       5	       8
      18	113	420	    0.16	         10	            0	           23	       5	       5	       4	       3	       4	       6
      19	132	436	    0.08	          3	            0	           29	      13	       7	       7	       7	      11	      14
      20	 61	403	    0.22	          8	            0	           11	      10	       7	       5	       6	      10	       8
      21	133	459	    0.15	          9	            0	           13	       6	       5	       5	       5	       5	       6
      22	123	439	    0.04	          9	            0	           28	       7	       6	       4	       4	       5	       5
      23	143	467	    0.04	          8	            0	           10	       9	       6	       5	       6	       8	       9
      24	 93	416	    0.07	         10	            0	           25	       9	       8	       7	       5	       7	      11
      25	  0	  0	    0.04	          8	            0	           11	       6	       5	       4	       5	       6	       6
COST_MATRIX 
	  0	  1	  2	  3	  4	  5	  6	  7	  8	  9	 10	 11	 12	 13	 14	 15	 16	 17	 18	 19	 20	 21	 22	 23	 24	 25
  0
  1	 36
  2	 37	  4
  3	 38	  4	  1
  4	 39	  5	  3	  2
  5	 37	  3	  1	  2	  2
  6	 38	  4	  6	  6	  5	  5
  7	 34	  3	  3	  4	  5	  4	  6
  8	 36	  4	  1	  2	  3	  2	  6	  3
  9	 37	  3	  1	  2	  3	  1	  5	  3	  1
 10	 35	  2	  3	  4	  5	  3	  5	  2	  3	  3
 11	 35	  6	  4	  4	  6	  4	  9	  3	  3	  4	  5
 12	 37	  4	  1	  1	  3	  2	  6	  4	  1	  2	  4	  4
 13	 30	 11	 14	 15	 16	 14	 12	 12	 14	 14	 12	 15	 15
 14	 29	 12	 15	 16	 16	 15	 13	 13	 15	 15	 13	 16	 16	  2
 15	 29	 14	 17	 18	 18	 17	 14	 15	 17	 16	 14	 17	 18	  3	  2
 16	 28	 12	 15	 15	 16	 14	 13	 12	 14	 14	 12	 14	 15	  3	  3	  4
 17	 30	 13	 16	 17	 17	 16	 13	 14	 16	 15	 13	 16	 16	  2	  2	  2	  4
 18	 30	 10	 14	 14	 15	 13	 11	 11	 14	 13	 11	 14	 14	  2	  2	  4	  3	  3
 19	 28	 13	 16	 17	 17	 16	 14	 14	 16	 15	 13	 16	 16	  2	  1	  2	  3	  2	  3
 20	 35	  7	 10	 11	 11	 10	  6	  9	 10	 10	  8	 12	 11	  6	  7	  9	  8	  8	  6	  8
 21	 29	 15	 18	 19	 19	 18	 15	 16	 18	 17	 15	 18	 18	  4	  3	  1	  5	  3	  5	  3	 10
 22	 29	 13	 16	 16	 17	 16	 13	 14	 16	 15	 13	 16	 16	  2	  1	  2	  3	  1	  3	  1	  8	  3
 23	 28	 16	 19	 20	 20	 19	 16	 17	 19	 19	 17	 19	 20	  5	  4	  3	  6	  4	  6	  4	 11	  2	  4
 24	 32	  9	 12	 13	 13	 12	  9	 10	 12	 12	 10	 13	 13	  3	  4	  5	  5	  4	  3	  5	  4	  6	  4	  8
 25	 55	 35	 32	 31	 32	 32	 36	 33	 31	 32	 34	 30	 31	 45	 46	 47	 44	 46	 44	 46	 41	 48	 46	 49	 43
