nVehicles:   19
nDepots:      1
nCustomers: 100
nPeriods:     9
VEHICLE_TYPE	FLEET_SIZE	CAPACITY
           4	        19	      38	
DEPOT   	X  	Y  	INV_COST	INITIAL_INV 	MIN_LEVEL_INV 	MAX_LEVEL_INV	PRODUCTION_0	PRODUCTION_1	PRODUCTION_2	PRODUCTION_3	PRODUCTION_4	PRODUCTION_5	PRODUCTION_6	PRODUCTION_7	PRODUCTION_8
       0	279	 92	       0	        924	            0	         6127	         685	         685	         685	         685	         685	         685	         685	         685	         685	
CUSTOMER	X  	Y  	INV_COST	INITIAL_INV	MIN_LEVEL_INV 	MAX_LEVEL_INV	DEMAND_0	DEMAND_1	DEMAND_2	DEMAND_3	DEMAND_4	DEMAND_5	DEMAND_6	DEMAND_7	DEMAND_8
       1	468	157	    0.05	          1	            0	           20	       8	       6	       6	       9	      10	      11	       7	       6	       8
       2	474	154	    0.05	          9	            0	           40	       7	       5	       5	       7	       8	      10	       9	       6	       6
       3	482	162	    0.01	          5	            0	           36	       5	       4	       4	       7	       6	       4	       4	       5	       7
       4	480	156	    0.01	          4	            0	           24	       6	       4	       4	       5	       7	       8	       6	       5	       4
       5	494	136	    0.29	          8	            0	           43	       7	       5	       9	      10	      12	       7	       7	       8	      11
       6	451	153	    0.03	          2	            0	           26	       4	       3	       4	       6	       5	       4	       3	       3	       5
       7	480	155	    0.14	          4	            0	           24	       4	       3	       4	       6	       5	       5	       4	       4	       4
       8	474	153	    0.08	          6	            0	           27	       4	       3	       3	       4	       4	       5	       6	       6	       5
       9	486	175	    0.04	          7	            0	           41	       7	       7	       7	       8	       9	      12	      12	       8	       7
      10	468	163	    0.09	          1	            0	           36	       6	       4	       6	       7	       7	       8	       7	       5	       5
      11	474	140	    0.21	          7	            0	           44	       4	       4	       5	       6	       8	       6	       4	       4	       4
      12	481	156	    0.12	          7	            0	           40	       5	       4	       6	       7	       5	       5	       4	       7	       6
      13	483	172	    0.15	         12	            0	           40	       7	       7	       6	       8	       9	      10	       9	       7	       6
      14	451	157	    0.27	         12	            0	           22	       9	       7	       5	       8	       9	      12	      12	       9	       8
      15	452	184	    0.27	          7	            0	           19	       4	       3	       4	       5	       6	       4	       3	       4	       5
      16	489	169	    0.11	          3	            0	           23	       6	       5	       6	       8	       8	       6	       6	       7	      10
      17	274	152	    0.01	          5	            0	           47	       7	       6	       7	      11	       9	       8	       5	       8	       8
      18	277	155	    0.13	          3	            0	           51	       6	       4	       5	       7	       9	       5	       5	       6	       9
      19	294	164	       0	          3	            0	           32	       4	       4	       3	       3	       5	       5	       5	       5	       4
      20	295	169	    0.22	          1	            0	           46	      10	       6	       8	      10	      10	      11	      14	      11	       8
      21	222	160	    0.16	          6	            0	           23	       3	       3	       3	       4	       5	       5	       5	       5	       4
      22	289	170	       0	          6	            0	           31	       6	       5	       7	       7	       7	       6	       4	       7	       7
      23	307	141	     0.2	          6	            0	           32	       3	       3	       4	       5	       6	       5	       5	       4	       3
      24	257	153	     0.2	          4	            0	           55	       7	       7	       7	       9	       8	      11	      11	       7	       8
      25	253	163	    0.26	         10	            0	           28	       6	       4	       6	       7	       7	       9	       7	       5	       4
      26	276	154	    0.24	          6	            0	           47	       6	       5	       5	       6	      10	      11	       8	       7	       7
      27	259	184	    0.12	          1	            0	           24	       8	       5	       6	       8	      12	      10	       9	       6	       7
      28	284	146	    0.15	          5	            0	           81	      10	       8	       7	       8	      10	      13	      14	      11	       7
      29	285	144	    0.28	          4	            0	           18	       5	       4	       5	       5	       7	       7	       6	       4	       4
      30	275	162	    0.23	          5	            0	           46	       7	       5	       7	       8	      10	       7	       6	       7	      11
      31	285	150	    0.21	         11	            0	           32	       9	       7	       7	      10	      10	      13	      12	      10	       7
      32	265	160	    0.28	          2	            0	           10	       4	       3	       3	       4	       5	       6	       5	       4	       3
      33	  7	405	    0.08	          5	            0	           36	       8	       6	       5	       5	       9	       8	       9	       9	       7
      34	 16	436	       0	          5	            0	           41	       7	       6	       5	       7	      11	       8	       6	       6	       5
      35	 77	400	    0.24	          7	            0	           59	       7	       6	       6	       8	      11	      10	       6	       7	       8
      36	  4	411	    0.18	         13	            0	           23	      10	       7	       7	       8	      13	      10	      11	       7	       6
      37	  7	404	    0.15	          3	            0	           48	       8	       6	       7	      11	      11	      11	      12	       7	       6
      38	 36	405	    0.01	          1	            0	           38	       3	       3	       3	       4	       6	       7	       6	       4	       4
      39	 11	406	    0.03	          6	            0	           25	       4	       3	       4	       4	       5	       5	       5	       6	       4
      40	  0	416	    0.13	          2	            0	           31	       4	       4	       4	       6	       4	       3	       3	       5	       6
      41	  3	396	    0.28	          5	            0	           37	       6	       5	       6	       8	       9	       5	       5	       8	      10
      42	 12	382	    0.29	          1	            0	           49	       4	       4	       4	       7	       8	       8	       7	       5	       4
      43	 13	400	    0.22	          7	            0	           13	       6	       3	       4	       6	       6	       6	       6	       5	       4
      44	  9	383	    0.23	          7	            0	           58	       7	       5	       5	       9	      10	       9	       6	       7	       9
      45	 49	397	    0.13	          4	            0	           15	       7	       5	       6	       7	      10	       9	       6	       6	       6
      46	 24	408	    0.07	          6	            0	           41	       7	       6	       5	       7	       9	      12	       9	      10	       7
      47	 17	375	    0.07	          9	            0	           28	       5	       5	       5	       6	       9	       9	       6	       5	       4
      48	  0	411	    0.29	          9	            0	           64	       8	       8	       9	      10	      12	       7	       6	       7	      14
      49	 26	165	    0.28	          1	            0	           40	       4	       5	       4	       5	       6	       8	       6	       4	       5
      50	  9	162	    0.07	          6	            0	           54	       5	       5	       5	       8	       7	       8	       5	       6	       8
      51	 16	171	    0.06	          9	            0	           29	       5	       5	       6	       8	       7	       9	       6	       5	       5
      52	  4	164	    0.19	          9	            0	           64	       7	       5	       6	       8	      11	       9	      11	       7	       6
      53	  5	165	    0.29	         10	            0	           57	       7	       6	       6	       7	       9	       9	      10	       8	       6
      54	 22	171	    0.06	          9	            0	           24	       8	       6	       7	       9	       9	       8	       7	       6	       6
      55	  6	167	    0.02	          5	            0	           21	       5	       4	       5	       6	       7	       4	       5	       4	       6
      56	 37	245	    0.15	          4	            0	           41	       7	       6	       6	      10	      11	       8	       6	       5	       8
      57	 14	176	    0.08	         12	            0	           39	       7	       6	       6	      10	      12	       8	       6	       6	       7
      58	 14	168	    0.03	          5	            0	           40	       7	       5	       5	       7	       8	      10	      10	       9	       7
      59	 21	172	    0.29	          3	            0	           14	       4	       3	       3	       5	       6	       4	       4	       3	       4
      60	  9	170	    0.05	          7	            0	           58	       8	       7	       6	       9	      13	      10	       9	       7	       7
      61	 13	169	     0.1	         10	            0	           54	       8	       6	       7	       8	       9	      12	       9	       8	       6
      62	 13	159	    0.25	          2	            0	           49	       5	       4	       5	       8	       7	       5	       4	       5	       7
      63	  2	171	    0.11	         11	            0	           65	       8	       7	       7	      11	      10	       8	       7	       9	      13
      64	  9	164	     0.2	         11	            0	           67	       7	       5	       7	      10	      11	       8	       7	       7	       8
      65	125	119	    0.13	          5	            0	           50	       6	       5	       6	       8	       9	       7	       4	       5	       7
      66	 94	140	    0.14	          5	            0	           50	       6	       4	       6	       8	       7	       9	       5	       5	       6
      67	113	 90	    0.16	          2	            0	           38	       9	       5	       8	       9	      11	       8	       7	       7	       9
      68	120	115	    0.11	          1	            0	           24	       4	       3	       3	       4	       6	       6	       5	       3	       4
      69	118	106	    0.18	          1	            0	           48	       4	       4	       4	       4	       7	       8	       8	       5	       5
      70	147	109	       0	         12	            0	           27	       6	       6	       6	       7	       9	       8	       8	       9	       7
      71	121	 99	    0.06	          4	            0	           36	       4	       3	       4	       6	       5	       4	       3	       5	       7
      72	 90	120	    0.19	          7	            0	           20	       4	       3	       5	       6	       6	       4	       4	       5	       5
      73	138	130	    0.14	          1	            0	           33	       4	       3	       5	       5	       6	       3	       4	       4	       6
      74	112	 98	    0.04	          6	            0	           15	       5	       4	       5	       6	       7	       5	       3	       5	       6
      75	119	 93	    0.05	          9	            0	           57	       6	       6	       8	       8	      10	       7	       6	       7	       8
      76	112	110	    0.04	          4	            0	           37	       6	       5	       6	       9	       9	       6	       5	       6	       8
      77	124	105	    0.24	         14	            0	           22	       9	       8	       7	       9	      12	       9	       7	       7	      10
      78	126	110	    0.16	         14	            0	           47	       9	       8	       8	      10	      10	      14	      10	      10	       9
      79	108	 78	    0.04	          5	            0	           14	       5	       4	       5	       8	       7	       6	       5	       5	       6
      80	 96	130	    0.26	         15	            0	           55	       9	       7	       7	       9	      10	       8	       7	       8	      12
      81	235	229	    0.12	          5	            0	           20	       7	       6	       6	       9	       9	       9	       8	       7	       6
      82	227	226	    0.05	         10	            0	           35	       9	       5	       7	      10	      12	      12	      10	       6	       6
      83	234	220	    0.22	         15	            0	           62	       9	       6	       9	      11	      10	       8	       7	      10	      13
      84	231	230	    0.28	         10	            0	           41	       7	       8	       8	      11	      13	      12	       8	       7	      10
      85	203	203	    0.25	          2	            0	           35	       8	       7	       6	      11	      11	       8	       6	       6	       8
      86	209	202	    0.01	          7	            0	           35	       6	       6	       7	       9	      10	       7	       6	       6	       7
      87	300	187	    0.03	          1	            0	           50	       7	       7	       6	      10	       9	      11	       8	       6	       6
      88	208	236	    0.28	          5	            0	           20	       8	       5	       9	      11	       9	       6	       5	       9	       9
      89	238	222	    0.24	         14	            0	           30	       7	       7	       8	      10	      12	       8	       8	       7	       7
      90	226	232	    0.18	         10	            0	           52	       7	       8	      10	      13	      13	       7	       6	      11	      11
      91	256	239	    0.23	          1	            0	           42	       6	       6	       6	       6	       8	      10	      10	       8	       7
      92	250	225	    0.16	          9	            0	           11	       5	       4	       5	       6	       7	       6	       6	       4	       4
      93	233	231	    0.17	          3	            0	           32	       8	       7	       5	       9	      10	       9	       8	       8	       8
      94	242	244	    0.17	         12	            0	           26	       7	       6	       8	      10	      12	      10	       7	       6	       8
      95	227	236	    0.23	         15	            0	           38	       9	       8	       8	      12	      10	       8	       6	       8	      12
      96	213	244	    0.18	         10	            0	           50	       6	       5	       5	       6	       8	       8	      10	       6	       6
      97	  0	  0	    0.24	          1	            0	           20	      10	       7	       6	      10	      10	      14	      14	      11	       8
      98	  0	  0	    0.26	          1	            0	           57	       5	       4	       6	       7	       9	       9	       7	       4	       6
      99	  0	  0	    0.28	          5	            0	           19	       6	       5	       7	       9	       9	       6	       4	       7	       7
     100	  0	  0	    0.05	          3	            0	           20	       4	       3	       4	       6	       6	       5	       4	       4	       4
COST_MATRIX 
	  0	  1	  2	  3	  4	  5	  6	  7	  8	  9	 10	 11	 12	 13	 14	 15	 16	 17	 18	 19	 20	 21	 22	 23	 24	 25	 26	 27	 28	 29	 30	 31	 32	 33	 34	 35	 36	 37	 38	 39	 40	 41	 42	 43	 44	 45	 46	 47	 48	 49	 50	 51	 52	 53	 54	 55	 56	 57	 58	 59	 60	 61	 62	 63	 64	 65	 66	 67	 68	 69	 70	 71	 72	 73	 74	 75	 76	 77	 78	 79	 80	 81	 82	 83	 84	 85	 86	 87	 88	 89	 90	 91	 92	 93	 94	 95	 96	 97	 98	 99	100
  0
  1	 20
  2	 21	  1
  3	 22	  2	  2
  4	 22	  2	  1	  1
  5	 22	  4	  3	  3	  3
  6	 19	  2	  3	  4	  3	  5
  7	 22	  2	  1	  1	  1	  3	  3
  8	 21	  1	  1	  2	  1	  3	  3	  1
  9	 23	  3	  3	  2	  2	  4	  5	  3	  3
 10	 21	  1	  2	  2	  2	  4	  2	  2	  2	  3
 11	 21	  2	  2	  3	  2	  3	  3	  2	  2	  4	  3
 12	 22	  2	  1	  1	  1	  3	  4	  1	  1	  2	  2	  2
 13	 22	  3	  3	  2	  2	  4	  4	  2	  3	  1	  2	  4	  2
 14	 19	  2	  3	  4	  3	  5	  1	  3	  3	  4	  2	  3	  4	  4
 15	 20	  4	  4	  4	  4	  7	  4	  5	  4	  4	  3	  5	  5	  4	  3
 16	 23	  3	  3	  1	  2	  4	  5	  2	  3	  1	  3	  4	  2	  1	  4	  4
 17	  7	 20	 21	 21	 21	 23	 18	 21	 21	 22	 20	 21	 21	 21	 18	 19	 22
 18	  7	 20	 20	 21	 21	 22	 18	 21	 20	 21	 20	 20	 21	 21	 18	 18	 22	  1
 19	  8	 18	 19	 19	 19	 21	 16	 19	 19	 20	 18	 19	 19	 19	 16	 16	 20	  3	  2
 20	  8	 18	 18	 19	 19	 21	 16	 19	 18	 20	 18	 19	 19	 19	 16	 16	 20	  3	  3	  1
 21	  9	 25	 26	 27	 26	 28	 23	 26	 26	 27	 25	 26	 26	 27	 23	 24	 27	  6	  6	  8	  8
 22	  8	 18	 19	 20	 20	 21	 17	 20	 19	 20	 18	 19	 20	 20	 17	 17	 21	  3	  2	  1	  1	  7
 23	  6	 17	 17	 18	 18	 19	 15	 18	 17	 19	 17	 17	 18	 18	 15	 16	 19	  4	  4	  3	  4	  9	  4
 24	  7	 22	 22	 23	 23	 24	 20	 23	 22	 24	 22	 22	 23	 23	 20	 20	 24	  2	  3	  4	  5	  4	  4	  6
 25	  8	 22	 23	 23	 23	 25	 20	 23	 23	 24	 22	 23	 23	 24	 20	 21	 24	  3	  3	  5	  5	  4	  4	  6	  2
 26	  7	 20	 20	 21	 21	 22	 18	 21	 20	 22	 20	 20	 21	 21	 18	 18	 22	  1	  1	  3	  3	  6	  3	  4	  2	  3
 27	 10	 22	 22	 23	 23	 24	 20	 23	 22	 23	 22	 22	 23	 23	 20	 20	 24	  4	  4	  5	  4	  5	  4	  7	  4	  3	  4
 28	  6	 19	 20	 20	 20	 22	 17	 20	 20	 21	 19	 20	 20	 21	 17	 18	 21	  2	  2	  3	  3	  7	  3	  3	  3	  4	  2	  5
 29	  6	 19	 19	 20	 20	 21	 17	 20	 19	 21	 19	 19	 20	 20	 17	 18	 21	  2	  2	  3	  3	  7	  3	  3	  3	  4	  2	  5	  1
 30	  8	 20	 20	 21	 21	 23	 18	 21	 20	 22	 20	 21	 21	 21	 18	 18	 22	  2	  1	  2	  3	  6	  2	  4	  3	  3	  1	  3	  2	  3
 31	  6	 19	 19	 20	 20	 21	 17	 20	 19	 21	 19	 19	 20	 20	 17	 18	 21	  2	  1	  2	  3	  7	  3	  3	  3	  4	  1	  5	  1	  1	  2
 32	  7	 21	 21	 22	 22	 24	 19	 22	 21	 23	 21	 21	 22	 22	 19	 19	 23	  2	  2	  3	  4	  5	  3	  5	  2	  2	  2	  3	  3	  3	  2	  3
 33	 42	 53	 54	 54	 54	 56	 52	 54	 54	 54	 53	 54	 54	 53	 51	 50	 54	 37	 37	 38	 38	 33	 37	 40	 36	 35	 37	 34	 38	 39	 37	 38	 36
 34	 44	 54	 54	 55	 55	 57	 52	 55	 54	 54	 53	 55	 55	 54	 52	 51	 55	 39	 39	 39	 39	 35	 39	 42	 38	 37	 39	 36	 40	 40	 38	 40	 38	  4
 35	 37	 47	 47	 47	 48	 50	 45	 48	 47	 47	 46	 48	 48	 47	 45	 44	 48	 32	 32	 33	 32	 29	 32	 35	 31	 30	 32	 29	 33	 33	 31	 33	 31	  8	  8
 36	 43	 53	 54	 54	 55	 57	 52	 55	 54	 54	 53	 55	 55	 54	 52	 51	 55	 38	 38	 39	 38	 34	 38	 41	 37	 36	 38	 35	 39	 39	 37	 39	 37	  1	  3	  8
 37	 42	 53	 53	 54	 54	 56	 52	 54	 54	 54	 53	 54	 54	 53	 51	 50	 54	 37	 37	 38	 38	 33	 37	 40	 36	 35	 37	 34	 38	 39	 37	 38	 36	  1	  4	  8	  1
 38	 40	 50	 51	 51	 51	 54	 49	 51	 51	 51	 50	 52	 51	 51	 49	 48	 52	 35	 35	 36	 36	 31	 35	 38	 34	 33	 35	 32	 36	 37	 35	 36	 34	  3	  4	  5	  4	  3
 39	 42	 53	 53	 54	 54	 56	 51	 54	 53	 53	 52	 54	 54	 53	 51	 50	 54	 37	 37	 38	 37	 33	 37	 40	 36	 35	 37	 34	 38	 38	 36	 38	 36	  1	  4	  7	  1	  1	  3
 40	 43	 54	 55	 55	 55	 57	 53	 55	 55	 55	 54	 55	 55	 55	 53	 51	 55	 39	 39	 39	 39	 34	 38	 42	 37	 36	 39	 35	 40	 40	 38	 39	 37	  2	  3	  8	  1	  2	  4	  2
 41	 42	 53	 53	 54	 54	 56	 51	 54	 53	 54	 53	 54	 54	 53	 51	 50	 54	 37	 37	 38	 37	 33	 37	 40	 36	 35	 37	 34	 38	 38	 36	 38	 36	  1	  5	  8	  2	  1	  4	  2	  3
 42	 40	 51	 52	 52	 52	 55	 50	 53	 52	 52	 51	 53	 53	 52	 50	 49	 53	 35	 35	 36	 36	 31	 35	 39	 34	 33	 35	 32	 37	 37	 35	 36	 34	  3	  6	  7	  4	  3	  4	  3	  4	  2
 43	 41	 52	 53	 53	 53	 55	 51	 53	 53	 53	 52	 53	 53	 53	 51	 49	 53	 37	 37	 37	 37	 32	 36	 40	 35	 34	 37	 33	 38	 38	 36	 37	 35	  1	  4	  7	  2	  1	  3	  1	  3	  2	  2
 44	 40	 52	 52	 53	 53	 55	 50	 53	 52	 53	 51	 53	 53	 52	 50	 49	 53	 36	 36	 36	 36	 31	 36	 39	 34	 33	 36	 32	 37	 37	 35	 37	 34	  3	  6	  8	  3	  3	  4	  3	  4	  2	  1	  2
 45	 39	 49	 49	 50	 50	 52	 48	 50	 50	 50	 48	 50	 50	 49	 47	 46	 50	 34	 34	 34	 34	 30	 34	 37	 33	 32	 34	 30	 35	 35	 33	 35	 33	  5	  6	  3	  5	  5	  2	  4	  6	  5	  4	  4	  5
 46	 41	 52	 52	 52	 53	 55	 50	 53	 52	 52	 51	 53	 53	 52	 50	 49	 53	 36	 36	 37	 37	 32	 36	 39	 35	 34	 36	 33	 37	 38	 36	 37	 35	  2	  3	  6	  3	  2	  2	  2	  3	  3	  3	  2	  3	  3
 47	 39	 51	 51	 52	 52	 54	 49	 52	 51	 51	 50	 52	 52	 51	 49	 48	 52	 35	 35	 35	 35	 30	 35	 38	 33	 32	 35	 31	 36	 36	 34	 35	 33	  4	  7	  7	  4	  4	  4	  4	  5	  3	  1	  3	  2	  4	  4
 48	 43	 54	 54	 55	 55	 57	 52	 55	 54	 55	 53	 55	 55	 54	 52	 51	 55	 38	 38	 39	 39	 34	 38	 41	 37	 36	 38	 35	 39	 40	 38	 39	 37	  1	  3	  8	  1	  1	  4	  2	  1	  2	  4	  2	  3	  6	  3	  4
 49	 27	 45	 45	 46	 46	 47	 43	 46	 45	 47	 45	 45	 46	 46	 43	 43	 47	 25	 26	 27	 27	 20	 27	 29	 24	 23	 26	 24	 26	 26	 25	 26	 24	 25	 28	 25	 25	 24	 25	 25	 26	 24	 22	 24	 22	 24	 25	 22	 25
 50	 28	 46	 47	 48	 48	 49	 45	 48	 47	 48	 46	 47	 48	 48	 45	 45	 49	 27	 27	 29	 29	 22	 29	 30	 25	 25	 27	 26	 28	 28	 27	 28	 26	 25	 28	 25	 25	 25	 25	 25	 26	 24	 23	 24	 23	 24	 25	 22	 25	  2
 51	 28	 46	 46	 47	 47	 48	 44	 47	 46	 48	 46	 46	 47	 47	 44	 44	 48	 26	 27	 28	 28	 21	 28	 30	 25	 24	 27	 25	 27	 28	 26	 27	 25	 24	 27	 24	 25	 24	 24	 24	 25	 23	 22	 23	 22	 23	 24	 21	 25	  2	  2
 52	 29	 47	 48	 48	 48	 50	 45	 48	 48	 49	 47	 48	 48	 48	 45	 45	 49	 28	 28	 30	 30	 22	 29	 31	 26	 25	 28	 26	 29	 29	 28	 29	 27	 25	 28	 25	 25	 25	 25	 25	 26	 24	 22	 24	 22	 24	 25	 22	 25	  3	  1	  2
 53	 29	 47	 47	 48	 48	 49	 45	 48	 47	 49	 47	 47	 48	 48	 45	 45	 49	 27	 28	 29	 30	 22	 29	 31	 26	 25	 28	 26	 28	 29	 28	 29	 27	 25	 28	 25	 25	 24	 25	 25	 26	 24	 22	 24	 22	 24	 25	 22	 25	  3	  1	  2	  1
 54	 27	 45	 46	 47	 46	 48	 43	 46	 46	 47	 45	 46	 46	 47	 43	 44	 47	 26	 26	 28	 28	 21	 27	 29	 24	 24	 26	 24	 27	 27	 26	 27	 25	 24	 27	 24	 25	 24	 24	 24	 25	 23	 22	 23	 22	 23	 24	 21	 25	  1	  2	  1	  2	  2
 55	 29	 47	 47	 48	 48	 49	 45	 48	 47	 49	 47	 47	 48	 48	 45	 45	 49	 27	 28	 29	 29	 22	 29	 31	 26	 25	 28	 26	 28	 28	 27	 28	 26	 24	 27	 25	 25	 24	 24	 24	 25	 23	 22	 24	 22	 24	 25	 21	 25	  3	  1	  2	  1	  1	  2
 56	 29	 44	 45	 46	 46	 47	 43	 46	 45	 46	 44	 45	 46	 46	 43	 42	 46	 26	 26	 27	 27	 21	 27	 29	 24	 24	 26	 24	 27	 27	 26	 27	 25	 17	 20	 17	 17	 17	 17	 17	 18	 16	 14	 16	 15	 16	 17	 14	 18	  9	  9	  8	  9	  9	  8	  9
 57	 28	 46	 47	 47	 47	 49	 44	 47	 47	 48	 46	 47	 47	 47	 44	 44	 48	 27	 27	 29	 29	 21	 28	 30	 25	 24	 27	 25	 28	 28	 27	 28	 26	 23	 27	 24	 24	 23	 24	 24	 25	 23	 21	 23	 21	 23	 24	 20	 24	  2	  2	  1	  2	  2	  1	  2	  8
 58	 28	 46	 47	 47	 47	 49	 44	 47	 47	 48	 46	 47	 47	 47	 44	 44	 48	 27	 27	 29	 29	 21	 28	 30	 25	 24	 27	 25	 28	 28	 27	 28	 26	 24	 27	 25	 25	 24	 24	 24	 25	 23	 22	 24	 22	 24	 25	 21	 25	  2	  1	  1	  2	  1	  1	  1	  9	  1
 59	 28	 45	 46	 47	 46	 48	 44	 46	 46	 47	 45	 46	 47	 47	 44	 44	 47	 26	 26	 28	 28	 21	 27	 29	 24	 24	 26	 24	 27	 27	 26	 27	 25	 24	 27	 24	 24	 24	 24	 24	 25	 23	 22	 23	 22	 23	 24	 21	 24	  1	  2	  1	  2	  2	  1	  2	  8	  1	  1
 60	 29	 46	 47	 48	 48	 49	 45	 48	 47	 48	 46	 47	 48	 48	 45	 45	 49	 27	 27	 29	 29	 22	 29	 30	 25	 25	 27	 26	 28	 28	 27	 28	 26	 24	 27	 24	 25	 24	 24	 24	 25	 23	 22	 24	 22	 24	 24	 21	 25	  2	  1	  1	  1	  1	  2	  1	  9	  1	  1	  2
 61	 28	 46	 47	 47	 47	 49	 44	 47	 47	 48	 46	 47	 47	 48	 44	 44	 48	 27	 27	 29	 29	 21	 28	 30	 25	 25	 27	 25	 28	 28	 27	 28	 26	 24	 27	 24	 25	 24	 24	 24	 25	 23	 22	 24	 22	 24	 24	 21	 25	  2	  1	  1	  2	  1	  1	  1	  8	  1	  1	  1	  1
 62	 28	 46	 47	 47	 47	 49	 44	 47	 47	 48	 46	 47	 47	 48	 44	 44	 48	 27	 27	 29	 29	 21	 28	 30	 25	 25	 27	 25	 28	 28	 27	 28	 26	 25	 28	 25	 26	 25	 25	 25	 26	 24	 23	 25	 23	 25	 25	 22	 26	  2	  1	  2	  2	  2	  2	  2	  9	  2	  1	  2	  2	  2
 63	 29	 47	 48	 49	 48	 50	 45	 48	 48	 49	 47	 48	 48	 49	 45	 46	 49	 28	 28	 30	 30	 23	 29	 31	 26	 26	 28	 26	 29	 29	 28	 29	 27	 24	 27	 25	 25	 24	 24	 24	 25	 23	 22	 23	 22	 24	 24	 21	 25	  3	  2	  2	  1	  1	  3	  1	  9	  2	  2	  2	  1	  2	  2
 64	 28	 46	 47	 48	 48	 49	 45	 48	 47	 48	 46	 47	 48	 48	 45	 45	 49	 27	 27	 29	 29	 22	 29	 30	 25	 25	 27	 26	 28	 28	 27	 28	 26	 25	 28	 25	 25	 25	 25	 25	 26	 24	 22	 24	 22	 24	 25	 22	 25	  2	  1	  1	  1	  1	  2	  1	  9	  2	  1	  2	  1	  1	  1	  1
 65	 16	 35	 36	 36	 36	 37	 33	 36	 36	 37	 35	 35	 36	 37	 33	 34	 37	 16	 16	 18	 18	 11	 18	 19	 14	 14	 16	 15	 17	 17	 16	 17	 15	 31	 34	 29	 32	 31	 30	 31	 33	 31	 29	 31	 29	 29	 31	 28	 32	 11	 13	 13	 13	 13	 12	 13	 16	 13	 13	 12	 13	 13	 12	 14	 13
 66	 20	 38	 39	 39	 39	 41	 36	 39	 39	 40	 38	 39	 39	 40	 36	 37	 40	 19	 19	 21	 21	 13	 20	 22	 17	 17	 19	 18	 20	 20	 19	 20	 18	 28	 31	 27	 29	 28	 28	 28	 30	 28	 26	 28	 26	 27	 28	 25	 29	  8	  9	  9	 10	 10	  8	 10	 12	  9	  9	  8	 10	  9	  9	 10	  9	  4
 67	 17	 37	 37	 38	 38	 39	 35	 38	 37	 39	 37	 37	 38	 38	 35	 36	 39	 18	 18	 20	 20	 13	 20	 21	 16	 16	 18	 18	 18	 19	 18	 19	 17	 34	 36	 32	 34	 34	 33	 34	 35	 33	 31	 33	 32	 32	 34	 31	 35	 12	 13	 13	 14	 14	 13	 14	 18	 14	 13	 13	 14	 13	 13	 14	 13	  4	  6
 68	 17	 36	 36	 37	 37	 38	 34	 37	 36	 38	 36	 36	 37	 37	 34	 34	 38	 16	 17	 19	 19	 12	 18	 19	 15	 15	 17	 16	 17	 17	 17	 17	 16	 32	 34	 29	 32	 32	 31	 32	 33	 31	 29	 31	 30	 30	 31	 28	 32	 11	 13	 12	 13	 13	 12	 13	 16	 13	 12	 12	 13	 12	 12	 14	 13	  1	  4	  3
 69	 17	 36	 36	 37	 37	 38	 34	 37	 36	 38	 36	 36	 37	 38	 34	 35	 38	 17	 17	 19	 19	 12	 19	 20	 15	 15	 17	 17	 18	 18	 17	 18	 16	 32	 35	 30	 33	 32	 32	 32	 34	 32	 30	 32	 30	 30	 32	 29	 33	 11	 13	 13	 13	 13	 12	 13	 17	 13	 13	 12	 13	 13	 12	 14	 13	  2	  5	  2	  1
 70	 14	 33	 34	 34	 34	 35	 31	 34	 33	 35	 33	 33	 34	 35	 31	 32	 35	 14	 14	 16	 16	 10	 16	 17	 12	 12	 14	 14	 15	 15	 14	 15	 13	 33	 36	 30	 34	 33	 32	 33	 35	 33	 31	 33	 31	 31	 33	 30	 34	 14	 15	 15	 16	 16	 14	 16	 18	 15	 15	 15	 16	 15	 15	 16	 15	  3	  7	  4	  3	  3
 71	 16	 36	 36	 37	 37	 38	 34	 37	 36	 38	 36	 36	 37	 37	 34	 35	 38	 17	 17	 19	 19	 12	 19	 20	 15	 15	 17	 17	 17	 18	 17	 18	 16	 33	 36	 31	 34	 33	 32	 33	 34	 32	 31	 32	 31	 31	 33	 30	 34	 12	 13	 13	 14	 14	 13	 14	 17	 14	 13	 13	 14	 13	 13	 14	 13	  3	  5	  2	  2	  1	  3
 72	 20	 38	 39	 40	 40	 41	 37	 40	 39	 40	 39	 39	 40	 40	 37	 37	 41	 19	 20	 21	 22	 14	 21	 22	 18	 17	 19	 19	 20	 20	 19	 20	 18	 30	 33	 29	 31	 30	 30	 30	 31	 29	 28	 30	 28	 29	 30	 27	 31	  8	 10	  9	 10	 10	  9	 10	 14	 10	  9	  9	 10	 10	  9	 11	 10	  4	  3	  4	  4	  4	  6	  4
 73	 15	 34	 34	 35	 35	 36	 32	 35	 34	 36	 34	 34	 35	 35	 32	 32	 36	 14	 15	 16	 17	  9	 16	 17	 13	 12	 15	 14	 15	 15	 15	 15	 14	 31	 33	 28	 32	 31	 30	 31	 32	 30	 29	 30	 29	 29	 31	 28	 32	 12	 14	 13	 14	 14	 13	 14	 16	 14	 13	 13	 14	 14	 13	 15	 14	  2	  5	  5	  3	  4	  3	  4	  5
 74	 17	 37	 37	 38	 38	 39	 35	 38	 37	 39	 37	 37	 38	 38	 35	 36	 39	 18	 18	 20	 20	 13	 20	 20	 16	 16	 18	 18	 18	 18	 18	 19	 17	 33	 36	 31	 34	 33	 32	 33	 34	 32	 31	 32	 31	 31	 33	 30	 34	 11	 13	 13	 13	 13	 12	 13	 17	 13	 13	 12	 13	 13	 12	 14	 13	  3	  5	  1	  2	  2	  4	  1	  4	  5
 75	 17	 36	 37	 37	 37	 38	 34	 37	 37	 38	 36	 36	 37	 38	 34	 35	 38	 17	 17	 19	 20	 13	 19	 20	 16	 16	 17	 17	 18	 18	 18	 18	 17	 34	 36	 31	 34	 34	 33	 34	 35	 33	 31	 33	 32	 32	 33	 30	 34	 12	 13	 13	 14	 14	 13	 14	 18	 14	 13	 13	 14	 14	 13	 15	 14	  3	  6	  1	  3	  2	  4	  1	  4	  5	  1
 76	 17	 36	 37	 38	 38	 39	 35	 38	 37	 38	 36	 37	 38	 38	 35	 35	 39	 17	 18	 19	 20	 13	 19	 20	 16	 16	 17	 17	 18	 18	 18	 18	 17	 32	 34	 30	 32	 32	 31	 32	 33	 31	 29	 31	 30	 30	 32	 29	 33	 11	 12	 12	 13	 13	 11	 13	 16	 12	 12	 12	 12	 12	 12	 13	 12	  2	  4	  3	  1	  1	  4	  2	  3	  4	  2	  2
 77	 16	 35	 36	 37	 36	 38	 34	 36	 36	 37	 35	 36	 37	 37	 34	 34	 38	 16	 17	 18	 19	 12	 18	 19	 15	 15	 16	 16	 17	 17	 17	 17	 16	 33	 35	 30	 33	 33	 32	 33	 34	 32	 30	 32	 31	 31	 32	 30	 34	 12	 13	 13	 14	 14	 13	 14	 17	 14	 13	 13	 14	 13	 13	 14	 13	  2	  5	  2	  2	  1	  3	  1	  4	  3	  2	  2	  2
 78	 16	 35	 36	 36	 36	 37	 33	 36	 36	 37	 35	 35	 36	 37	 33	 34	 37	 16	 16	 18	 18	 11	 18	 19	 14	 14	 16	 16	 17	 17	 16	 17	 15	 32	 35	 30	 33	 32	 31	 32	 34	 32	 30	 32	 30	 30	 32	 29	 33	 12	 13	 13	 14	 14	 13	 14	 17	 14	 13	 13	 14	 13	 13	 14	 13	  1	  5	  3	  1	  1	  3	  2	  4	  3	  2	  2	  2	  1
 79	 18	 37	 38	 39	 39	 40	 36	 38	 38	 40	 37	 38	 39	 39	 36	 36	 40	 19	 19	 21	 21	 15	 21	 21	 17	 17	 19	 19	 19	 19	 19	 20	 18	 35	 37	 33	 35	 35	 34	 35	 36	 34	 32	 34	 33	 33	 35	 32	 36	 12	 13	 14	 14	 14	 13	 14	 19	 14	 14	 13	 14	 14	 13	 15	 14	  5	  7	  2	  4	  3	  5	  3	  5	  7	  3	  2	  4	  4	  4
 80	 19	 38	 38	 39	 39	 40	 36	 39	 38	 40	 38	 38	 39	 39	 36	 37	 40	 18	 19	 21	 21	 13	 20	 22	 17	 17	 19	 18	 19	 19	 19	 20	 18	 29	 32	 28	 30	 29	 29	 29	 31	 29	 27	 29	 27	 28	 29	 26	 30	  8	 10	  9	 10	 10	  9	 10	 13	 10	 10	  9	 10	 10	  9	 11	 10	  4	  2	  5	  3	  4	  6	  4	  2	  5	  4	  5	  3	  4	  4	  6
 81	 15	 25	 26	 26	 26	 28	 23	 26	 26	 26	 25	 26	 26	 26	 23	 23	 27	  9	  9	  9	  9	  8	  8	 12	  8	  7	  9	  6	 10	 10	  8	 10	  8	 29	 31	 24	 30	 29	 27	 29	 31	 29	 28	 29	 28	 26	 28	 27	 30	 22	 24	 23	 24	 24	 23	 24	 20	 23	 23	 23	 24	 23	 24	 25	 24	 16	 17	 19	 17	 17	 15	 18	 19	 14	 18	 18	 18	 17	 17	 20	 18
 82	 15	 26	 26	 27	 27	 29	 24	 27	 26	 27	 25	 27	 27	 27	 24	 23	 27	  9	  9	 10	  9	  7	  9	 12	  8	  7	  9	  6	 10	 11	  9	 10	  8	 29	 30	 23	 29	 29	 27	 29	 30	 29	 27	 28	 27	 25	 28	 26	 30	 22	 23	 22	 24	 24	 22	 23	 20	 22	 23	 22	 23	 23	 23	 24	 23	 15	 16	 18	 16	 17	 15	 17	 18	 14	 18	 18	 17	 16	 16	 19	 17	  1
 83	 14	 25	 25	 26	 26	 28	 23	 26	 25	 26	 25	 26	 26	 26	 23	 23	 27	  8	  8	  9	  8	  7	  8	 11	  8	  7	  8	  5	  9	 10	  8	  9	  7	 30	 31	 24	 30	 30	 28	 30	 31	 30	 28	 29	 28	 26	 29	 27	 31	 22	 24	 23	 24	 24	 22	 24	 20	 23	 23	 22	 24	 23	 23	 24	 24	 15	 17	 18	 16	 17	 15	 17	 18	 14	 18	 18	 17	 16	 16	 19	 17	  1	  1
 84	 15	 25	 26	 27	 26	 28	 24	 27	 26	 27	 25	 26	 27	 26	 24	 23	 27	  9	  9	 10	  9	  8	  9	 12	  9	  8	  9	  6	 10	 11	  9	 10	  8	 29	 30	 23	 30	 29	 27	 29	 30	 29	 27	 28	 27	 25	 28	 26	 30	 22	 24	 23	 24	 24	 22	 24	 20	 23	 23	 22	 23	 23	 23	 24	 24	 16	 17	 19	 16	 17	 15	 18	 18	 14	 18	 18	 17	 17	 16	 20	 17	  1	  1	  2
 85	 14	 27	 28	 29	 29	 30	 26	 29	 28	 29	 27	 28	 29	 29	 26	 25	 29	  9	  9	 10	 10	  5	 10	 13	  8	  7	  9	  6	 10	 11	  9	 10	  8	 29	 30	 24	 29	 29	 27	 28	 30	 28	 27	 28	 27	 25	 28	 26	 30	 19	 20	 19	 21	 21	 19	 21	 18	 20	 20	 19	 20	 20	 20	 21	 20	 12	 13	 15	 13	 13	 11	 14	 15	 10	 14	 14	 14	 13	 13	 16	 13	  5	  4	  4	  4
 86	 14	 27	 27	 28	 28	 30	 25	 28	 27	 28	 27	 28	 28	 28	 25	 25	 29	  9	  9	 10	 10	  5	  9	 12	  7	  6	  9	  6	 10	 10	  8	 10	  8	 29	 31	 24	 30	 29	 27	 29	 30	 29	 27	 28	 27	 26	 28	 26	 30	 19	 21	 20	 21	 21	 19	 21	 18	 20	 20	 20	 21	 20	 21	 21	 21	 12	 14	 15	 13	 14	 12	 14	 15	 11	 15	 15	 14	 13	 13	 16	 14	  4	  4	  4	  4	  1
 87	 10	 18	 18	 19	 19	 21	 16	 19	 18	 19	 17	 19	 19	 19	 16	 16	 19	  5	  4	  3	  2	  9	  3	  5	  6	  6	  5	  5	  5	  5	  4	  4	  5	 37	 38	 31	 38	 37	 35	 37	 38	 37	 35	 36	 36	 33	 36	 34	 38	 28	 30	 29	 30	 30	 28	 30	 27	 29	 29	 28	 30	 29	 29	 30	 30	 19	 22	 22	 20	 20	 18	 20	 23	 18	 21	 21	 21	 20	 20	 23	 22	  8	  9	  8	  9	 10	 10
 88	 17	 28	 28	 29	 29	 31	 26	 29	 28	 29	 28	 29	 29	 29	 26	 25	 29	 11	 11	 12	 11	  8	 11	 14	 10	  9	 11	  8	 12	 12	 10	 12	 10	 27	 28	 21	 27	 27	 25	 27	 28	 27	 25	 26	 25	 23	 26	 24	 28	 20	 22	 21	 22	 22	 20	 22	 18	 21	 21	 20	 21	 21	 21	 22	 22	 15	 15	 18	 15	 16	 15	 17	 17	 13	 17	 17	 16	 16	 16	 19	 16	  3	  3	  4	  3	  4	  4	 11
 89	 14	 24	 25	 26	 26	 28	 23	 26	 25	 26	 24	 25	 26	 26	 23	 22	 26	  8	  8	  9	  8	  7	  8	 11	  8	  7	  8	  5	  9	 10	  8	  9	  7	 30	 31	 25	 31	 30	 28	 30	 31	 30	 28	 29	 28	 26	 29	 27	 31	 22	 24	 23	 25	 24	 23	 24	 21	 23	 24	 23	 24	 24	 24	 25	 24	 16	 17	 19	 16	 17	 15	 17	 18	 14	 18	 18	 17	 17	 16	 20	 17	  1	  2	  1	  2	  4	  4	  8	  4
 90	 15	 26	 26	 27	 27	 29	 24	 27	 27	 27	 26	 27	 27	 27	 24	 24	 28	 10	 10	 10	 10	  8	  9	 13	  9	  8	 10	  6	 11	 11	  9	 11	  9	 28	 30	 23	 29	 28	 26	 28	 30	 28	 27	 28	 27	 25	 27	 26	 29	 22	 23	 22	 24	 24	 22	 23	 19	 22	 23	 22	 23	 23	 23	 24	 23	 16	 17	 19	 16	 17	 15	 17	 18	 14	 18	 18	 17	 17	 16	 20	 17	  1	  1	  2	  1	  4	  4	  9	  2	  2
 91	 15	 23	 24	 24	 24	 26	 22	 24	 24	 24	 23	 24	 24	 24	 22	 21	 25	  9	  9	  9	  9	  9	  8	 12	  9	  8	  9	  6	 10	 10	  8	 10	  8	 30	 32	 25	 31	 30	 28	 30	 32	 30	 29	 30	 29	 27	 29	 28	 31	 25	 26	 25	 27	 27	 25	 27	 22	 26	 26	 25	 26	 26	 26	 27	 26	 18	 19	 21	 19	 20	 17	 20	 21	 17	 21	 21	 20	 19	 19	 22	 20	  3	  4	  3	  3	  7	  6	  7	  5	  3	  4
 92	 14	 23	 24	 25	 25	 26	 22	 25	 24	 25	 23	 24	 25	 24	 22	 21	 25	  8	  8	  8	  8	  8	  7	 11	  8	  7	  8	  5	  9	  9	  7	  9	  7	 31	 32	 25	 31	 31	 28	 30	 32	 31	 29	 30	 29	 27	 30	 28	 32	 24	 25	 25	 26	 26	 24	 26	 22	 25	 25	 24	 25	 25	 25	 26	 25	 17	 18	 20	 18	 18	 16	 19	 20	 15	 19	 19	 18	 18	 17	 21	 19	  2	  3	  2	  2	  6	  5	  7	  5	  2	  3	  2
 93	 15	 25	 26	 26	 26	 28	 24	 26	 26	 26	 25	 26	 26	 26	 24	 23	 27	  9	  9	 10	  9	  8	  9	 12	  9	  8	  9	  6	 10	 11	  9	 10	  8	 29	 30	 23	 30	 29	 27	 29	 30	 29	 27	 28	 28	 25	 28	 26	 30	 22	 24	 23	 24	 24	 22	 24	 20	 23	 23	 23	 24	 23	 24	 24	 24	 16	 17	 19	 17	 17	 15	 18	 19	 14	 18	 18	 18	 17	 17	 20	 18	  1	  1	  2	  1	  5	  4	  9	  3	  2	  1	  3	  2
 94	 16	 25	 25	 26	 26	 28	 23	 26	 25	 26	 25	 26	 26	 26	 23	 22	 26	 10	 10	 10	 10	  9	  9	 13	 10	  9	 10	  7	 11	 11	  9	 11	  9	 29	 30	 23	 30	 29	 27	 29	 30	 29	 27	 28	 28	 25	 28	 27	 30	 23	 25	 24	 26	 25	 24	 25	 21	 24	 25	 24	 25	 25	 25	 26	 25	 18	 19	 21	 18	 19	 17	 19	 20	 16	 20	 20	 19	 19	 18	 22	 19	  2	  3	  3	  2	  6	  6	  9	  4	  3	  3	  2	  3	  2
 95	 16	 26	 27	 27	 27	 29	 24	 27	 27	 27	 26	 27	 27	 27	 24	 24	 28	 10	 10	 10	 10	  8	 10	 13	  9	  8	 10	  7	 11	 11	  9	 11	  9	 28	 30	 23	 29	 28	 26	 28	 29	 28	 26	 27	 27	 25	 27	 26	 29	 22	 24	 23	 24	 24	 22	 24	 20	 23	 23	 22	 23	 23	 23	 24	 23	 16	 17	 19	 17	 17	 16	 18	 18	 14	 18	 18	 18	 17	 17	 20	 17	  2	  2	  2	  1	  5	  4	  9	  2	  2	  1	  3	  3	  1	  2
 96	 17	 27	 28	 29	 29	 31	 26	 29	 28	 29	 27	 29	 29	 28	 26	 25	 29	 12	 11	 12	 12	  9	 11	 14	 11	 10	 11	  8	 13	 13	 11	 12	 10	 27	 28	 21	 27	 27	 24	 26	 28	 26	 25	 26	 25	 23	 26	 24	 28	 21	 22	 22	 23	 23	 21	 23	 18	 22	 22	 21	 22	 22	 22	 23	 22	 16	 16	 19	 16	 17	 16	 18	 18	 14	 18	 18	 17	 17	 16	 20	 17	  3	  3	  4	  3	  5	  5	 11	  1	  4	  2	  5	  5	  3	  3	  2
 97	 30	 50	 50	 51	 51	 52	 48	 51	 50	 52	 50	 50	 51	 52	 48	 49	 52	 32	 32	 34	 34	 28	 34	 34	 30	 31	 32	 32	 32	 32	 32	 33	 31	 41	 44	 41	 42	 41	 41	 41	 42	 40	 39	 41	 39	 41	 41	 38	 42	 17	 17	 18	 17	 17	 18	 17	 25	 18	 17	 18	 18	 17	 16	 18	 17	 18	 17	 15	 17	 16	 19	 16	 16	 19	 15	 16	 16	 17	 17	 14	 17	 33	 33	 33	 33	 29	 30	 36	 32	 33	 33	 36	 34	 33	 35	 33	 33
 98	 30	 50	 50	 51	 51	 52	 48	 51	 50	 52	 50	 50	 51	 52	 48	 49	 52	 32	 32	 34	 34	 28	 34	 34	 30	 31	 32	 32	 32	 32	 32	 33	 31	 41	 44	 41	 42	 41	 41	 41	 42	 40	 39	 41	 39	 41	 41	 38	 42	 17	 17	 18	 17	 17	 18	 17	 25	 18	 17	 18	 18	 17	 16	 18	 17	 18	 17	 15	 17	 16	 19	 16	 16	 19	 15	 16	 16	 17	 17	 14	 17	 33	 33	 33	 33	 29	 30	 36	 32	 33	 33	 36	 34	 33	 35	 33	 33	  1
 99	 30	 50	 50	 51	 51	 52	 48	 51	 50	 52	 50	 50	 51	 52	 48	 49	 52	 32	 32	 34	 34	 28	 34	 34	 30	 31	 32	 32	 32	 32	 32	 33	 31	 41	 44	 41	 42	 41	 41	 41	 42	 40	 39	 41	 39	 41	 41	 38	 42	 17	 17	 18	 17	 17	 18	 17	 25	 18	 17	 18	 18	 17	 16	 18	 17	 18	 17	 15	 17	 16	 19	 16	 16	 19	 15	 16	 16	 17	 17	 14	 17	 33	 33	 33	 33	 29	 30	 36	 32	 33	 33	 36	 34	 33	 35	 33	 33	  1	  1
100	 30	 50	 50	 51	 51	 52	 48	 51	 50	 52	 50	 50	 51	 52	 48	 49	 52	 32	 32	 34	 34	 28	 34	 34	 30	 31	 32	 32	 32	 32	 32	 33	 31	 41	 44	 41	 42	 41	 41	 41	 42	 40	 39	 41	 39	 41	 41	 38	 42	 17	 17	 18	 17	 17	 18	 17	 25	 18	 17	 18	 18	 17	 16	 18	 17	 18	 17	 15	 17	 16	 19	 16	 16	 19	 15	 16	 16	 17	 17	 14	 17	 33	 33	 33	 33	 29	 30	 36	 32	 33	 33	 36	 34	 33	 35	 33	 33	  1	  1	  1
