nVehicles:   42
nDepots:      1
nCustomers: 100
nPeriods:     6
VEHICLE_TYPE	FLEET_SIZE	CAPACITY
           2	        42	      18	
DEPOT   	X  	Y  	INV_COST	INITIAL_INV 	MIN_LEVEL_INV 	MAX_LEVEL_INV	PRODUCTION_0	PRODUCTION_1	PRODUCTION_2	PRODUCTION_3	PRODUCTION_4	PRODUCTION_5
       0	201	289	       0	       1031	            0	         4062	         680	         680	         680	         680	         680	         680	
CUSTOMER	X  	Y  	INV_COST	INITIAL_INV	MIN_LEVEL_INV 	MAX_LEVEL_INV	DEMAND_0	DEMAND_1	DEMAND_2	DEMAND_3	DEMAND_4	DEMAND_5
       1	276	 52	    0.06	          8	            0	            9	       4	       4	       4	       5	       5	       6
       2	282	 84	    0.11	          1	            0	           21	       3	       3	       5	       5	       5	       5
       3	266	100	    0.25	         11	            0	           34	       5	       6	       8	      11	       8	       5
       4	273	 66	     0.3	          2	            0	           26	       5	       6	       5	       8	       9	       9
       5	254	 78	    0.23	          9	            0	            9	       4	       5	       5	       8	       7	       4
       6	285	 92	     0.2	         12	            0	           57	       8	       8	      12	      12	      11	       8
       7	270	 67	    0.26	          1	            0	           19	       4	       4	       4	       6	       5	       4
       8	265	121	       0	          3	            0	           36	       5	       6	       7	       8	       7	       6
       9	267	 92	    0.19	          5	            0	           10	       4	       4	       6	       6	       8	       5
      10	262	190	     0.2	          2	            0	           30	       6	       5	       7	      10	      11	      13
      11	280	 87	    0.21	          6	            0	           36	       8	       8	      10	      11	       9	       8
      12	274	 80	    0.21	          2	            0	           47	       6	       6	      10	      10	       9	       8
      13	279	 82	    0.09	         12	            0	           39	       7	       8	       8	       8	      12	      11
      14	274	102	    0.09	          7	            0	           28	       5	       5	       8	       8	       8	       6
      15	287	 86	    0.18	          7	            0	           22	       4	       4	       6	       7	       6	       4
      16	254	 82	    0.25	          1	            0	           42	       6	       5	       6	       9	       9	       7
      17	268	 90	    0.07	          1	            0	           32	       5	       5	       7	       9	      10	      10
      18	261	 52	    0.16	          1	            0	           19	       4	       5	       6	       8	       8	       6
      19	265	 91	    0.08	          7	            0	           14	       4	       5	       5	       6	       7	       6
      20	274	 73	    0.12	          1	            0	           16	       4	       4	       5	       6	       5	       3
      21	258	 91	    0.17	          9	            0	           29	       6	       4	       6	       8	       8	       8
      22	236	108	    0.03	          2	            0	            6	       4	       3	       4	       6	       6	       3
      23	268	 87	    0.15	          6	            0	           42	       5	       6	       7	       9	      12	      10
      24	218	111	    0.18	          7	            0	           39	       6	       6	       7	       9	       8	      11
      25	245	 77	    0.03	          2	            0	           25	       4	       4	       5	       6	       8	       5
      26	269	 81	    0.23	          3	            0	           27	       7	       6	       9	      10	       9	       6
      27	265	 89	    0.17	          1	            0	           18	       4	       4	       5	       5	       6	       7
      28	281	 96	    0.16	          5	            0	            7	       5	       5	       6	       7	       6	       5
      29	258	 86	    0.27	          3	            0	           36	       7	       5	       7	       7	       8	       9
      30	251	123	     0.1	         14	            0	           14	       7	       7	      10	      11	       8	       5
      31	283	 66	    0.26	          1	            0	           16	       4	       4	       7	       8	       6	       4
      32	267	 86	    0.26	          8	            0	           10	       5	       5	       7	       8	       8	       5
      33	386	265	    0.23	          8	            0	           26	       4	       4	       7	       7	       6	       5
      34	405	326	    0.22	          9	            0	           35	       6	       7	       7	      10	      10	      10
      35	410	318	    0.26	          3	            0	           10	       4	       4	       4	       5	       6	       6
      36	435	312	    0.12	         14	            0	           33	       8	       8	       8	       9	       9	       6
      37	417	307	    0.06	          5	            0	           10	       4	       3	       6	       6	       8	       5
      38	403	311	    0.28	          2	            0	           25	       5	       4	       5	       6	       6	       8
      39	403	299	    0.03	          3	            0	           39	       7	       8	       9	      11	      12	       8
      40	364	331	    0.26	          4	            0	           53	       7	       7	       8	      11	      11	      12
      41	416	328	    0.08	          8	            0	           32	       6	       6	       9	       8	      10	      11
      42	421	308	    0.17	          1	            0	           22	       4	       5	       7	       7	       7	       9
      43	408	325	    0.09	          9	            0	           26	       5	       5	       6	      10	       9	       8
      44	401	323	    0.21	          5	            0	           11	       4	       4	       5	       7	       7	       7
      45	416	318	    0.19	          9	            0	           23	       7	       5	       9	       9	      10	       7
      46	400	329	    0.26	          4	            0	           21	       7	       8	      10	      13	      10	       6
      47	403	320	    0.23	          7	            0	            9	       4	       3	       4	       5	       5	       4
      48	432	317	    0.04	         10	            0	           13	       6	       6	      10	       8	       6	       6
      49	337	292	    0.25	          8	            0	           31	       6	       6	       8	      10	       9	       9
      50	338	291	    0.27	          1	            0	           30	       5	       3	       6	       6	       6	       6
      51	334	311	    0.18	          7	            0	           22	       6	       7	       9	      11	      11	       9
      52	332	292	    0.18	          2	            0	           16	       6	       6	       6	       8	      11	       8
      53	336	293	    0.26	         11	            0	           23	       5	       6	       6	       8	       9	       9
      54	337	303	    0.18	          1	            0	           17	       4	       4	       6	       7	       9	      10
      55	328	292	    0.09	          8	            0	           10	       4	       4	       4	       6	       6	       6
      56	335	290	    0.06	          1	            0	           15	       4	       4	       5	       5	       5	       5
      57	344	300	    0.18	          6	            0	            9	       3	       3	       4	       6	       6	       5
      58	281	245	    0.24	          4	            0	           28	       6	       6	       7	       8	      12	      12
      59	323	293	    0.23	          1	            0	           24	       5	       7	       7	      10	      11	       8
      60	349	259	    0.16	          8	            0	            9	       4	       4	       6	       8	       5	       5
      61	420	270	    0.24	          8	            0	           24	       5	       4	       6	      10	       7	       5
      62	347	267	    0.28	          3	            0	           24	       6	       7	       9	       9	       8	       7
      63	353	285	    0.05	          2	            0	            9	       4	       4	       6	       7	       9	       8
      64	340	292	    0.18	          4	            0	           12	       4	       4	       6	       7	       8	       5
      65	306	315	    0.21	          7	            0	           31	       5	       6	       9	       9	       7	       5
      66	266	321	     0.1	          5	            0	            8	       4	       5	       8	       7	       7	       5
      67	275	327	    0.11	          7	            0	           16	       6	       6	       5	       9	       9	       8
      68	277	327	    0.06	          2	            0	           42	       5	       5	       7	       9	       8	      11
      69	272	331	    0.01	          6	            0	           48	       7	       7	       9	      10	      14	      11
      70	287	329	    0.04	          6	            0	           17	       3	       4	       5	       6	       5	       5
      71	278	299	    0.26	          3	            0	           24	       5	       4	       6	       8	       9	       7
      72	200	345	    0.21	         12	            0	           15	       7	       5	       6	      10	      10	       8
      73	280	317	    0.25	          5	            0	           15	       3	       4	       4	       6	       5	       4
      74	306	331	     0.1	          3	            0	           46	       7	       6	       8	      12	      10	      10
      75	259	352	    0.04	          4	            0	           21	       7	       5	       7	      11	       8	       7
      76	281	289	    0.18	          7	            0	           20	       4	       3	       4	       6	       5	       5
      77	285	336	    0.25	          6	            0	           36	       6	       5	       8	      10	      11	       9
      78	272	327	    0.07	          6	            0	           40	       6	       5	       8	       8	      11	       7
      79	275	323	    0.15	          7	            0	           47	       7	       6	      11	      13	      10	       6
      80	294	307	    0.23	          6	            0	           28	       5	       7	      10	       9	       8	       7
      81	495	249	    0.19	          8	            0	           35	       7	       7	      11	      14	       9	       7
      82	500	282	    0.25	          4	            0	           28	       4	       4	       5	       7	       5	       5
      83	498	279	    0.28	          6	            0	           37	       6	       6	       9	      11	      12	       9
      84	500	295	    0.11	          1	            0	           27	       5	       6	       9	       8	       7	       5
      85	499	279	    0.15	          1	            0	           23	       4	       3	       5	       5	       6	       6
      86	490	271	    0.18	          1	            0	           39	       7	       6	       8	       9	      13	      12
      87	465	257	    0.05	          3	            0	           29	       6	       6	       9	      10	      12	       9
      88	484	229	    0.22	          2	            0	            8	       4	       4	       5	       6	       4	       3
      89	499	282	    0.09	          4	            0	           37	       6	       5	       8	       9	       7	       6
      90	499	278	    0.24	          2	            0	           32	       5	       6	       7	       8	       6	       4
      91	488	282	    0.17	          2	            0	           28	       5	       6	       8	      10	       9	       8
      92	486	238	    0.27	          1	            0	           18	       3	       3	       5	       5	       5	       4
      93	469	259	    0.09	         11	            0	           27	       5	       6	       7	      11	       8	       7
      94	467	289	    0.04	          6	            0	           17	       4	       3	       5	       6	       6	       3
      95	489	284	    0.14	          6	            0	           21	       7	       7	      10	      10	       9	       6
      96	487	278	    0.25	          9	            0	           20	       7	       5	       7	      10	      13	      10
      97	  0	  0	    0.18	          3	            0	           11	       4	       5	       8	       9	       7	       6
      98	  0	  0	    0.18	          6	            0	           31	       8	       7	       8	      11	      14	       9
      99	  0	  0	     0.3	          8	            0	           21	       5	       6	       7	      10	       7	       7
     100	  0	  0	    0.21	          9	            0	           29	       4	       5	       5	       6	       7	       6
COST_MATRIX 
	  0	  1	  2	  3	  4	  5	  6	  7	  8	  9	 10	 11	 12	 13	 14	 15	 16	 17	 18	 19	 20	 21	 22	 23	 24	 25	 26	 27	 28	 29	 30	 31	 32	 33	 34	 35	 36	 37	 38	 39	 40	 41	 42	 43	 44	 45	 46	 47	 48	 49	 50	 51	 52	 53	 54	 55	 56	 57	 58	 59	 60	 61	 62	 63	 64	 65	 66	 67	 68	 69	 70	 71	 72	 73	 74	 75	 76	 77	 78	 79	 80	 81	 82	 83	 84	 85	 86	 87	 88	 89	 90	 91	 92	 93	 94	 95	 96	 97	 98	 99	100
  0
  1	 25
  2	 23	  4
  3	 20	  5	  3
  4	 24	  2	  3	  4
  5	 22	  4	  3	  3	  3
  6	 22	  5	  1	  3	  3	  4
  7	 24	  2	  3	  4	  1	  2	  3
  8	 18	  7	  5	  3	  6	  5	  4	  6
  9	 21	  5	  2	  1	  3	  2	  2	  3	  3
 10	 12	 14	 11	 10	 13	 12	 11	 13	  7	 10
 11	 22	  4	  1	  2	  3	  3	  1	  3	  4	  2	 11
 12	 23	  3	  1	  3	  2	  3	  2	  2	  5	  2	 12	  1
 13	 23	  4	  1	  3	  2	  3	  2	  2	  5	  2	 11	  1	  1
 14	 21	  6	  2	  1	  4	  4	  2	  4	  3	  2	  9	  2	  3	  3
 15	 23	  4	  1	  3	  3	  4	  1	  3	  5	  3	 11	  1	  2	  1	  3
 16	 22	  4	  3	  3	  3	  1	  4	  3	  5	  2	 11	  3	  3	  3	  3	  4
 17	 21	  4	  2	  2	  3	  2	  2	  3	  4	  1	 11	  2	  2	  2	  2	  2	  2
 18	 25	  2	  4	  5	  2	  3	  5	  2	  7	  5	 14	  4	  4	  4	  6	  5	  4	  4
 19	 21	  5	  2	  1	  3	  2	  3	  3	  4	  1	 10	  2	  2	  2	  2	  3	  2	  1	  4
 20	 23	  3	  2	  3	  1	  3	  3	  1	  5	  3	 12	  2	  1	  2	  3	  2	  3	  2	  3	  3
 21	 21	  5	  3	  2	  3	  2	  3	  3	  4	  1	 10	  3	  2	  3	  2	  3	  1	  2	  4	  1	  3
 22	 19	  7	  6	  4	  6	  4	  6	  6	  4	  4	  9	  5	  5	  6	  4	  6	  4	  4	  7	  4	  6	  3
 23	 22	  4	  2	  2	  3	  2	  2	  3	  4	  1	 11	  2	  1	  2	  2	  2	  2	  1	  4	  1	  2	  2	  4
 24	 18	  9	  7	  5	  8	  5	  7	  7	  5	  6	 10	  7	  7	  7	  6	  8	  5	  6	  8	  6	  7	  5	  2	  6
 25	 22	  4	  4	  4	  4	  1	  5	  3	  5	  3	 12	  4	  3	  4	  4	  5	  2	  3	  3	  3	  3	  2	  4	  3	  5
 26	 22	  3	  2	  2	  2	  2	  2	  2	  5	  2	 11	  2	  1	  2	  3	  2	  2	  1	  4	  2	  1	  2	  5	  1	  6	  3
 27	 21	  4	  2	  2	  3	  2	  3	  3	  4	  1	 11	  2	  2	  2	  2	  3	  2	  1	  4	  1	  2	  1	  4	  1	  6	  3	  1
 28	 21	  5	  2	  2	  4	  4	  1	  4	  3	  2	 10	  1	  2	  2	  1	  2	  4	  2	  5	  2	  3	  3	  5	  2	  7	  5	  2	  2
 29	 22	  4	  3	  2	  3	  1	  3	  3	  4	  2	 11	  3	  2	  3	  3	  3	  1	  2	  4	  1	  3	  1	  4	  2	  5	  2	  2	  1	  3
 30	 18	  8	  5	  3	  7	  5	  5	  6	  2	  4	  7	  5	  5	  5	  4	  6	  5	  4	  8	  4	  6	  4	  3	  4	  4	  5	  5	  4	  5	  4
 31	 24	  2	  2	  4	  2	  4	  3	  2	  6	  4	 13	  3	  2	  2	  4	  3	  4	  3	  3	  4	  2	  4	  7	  3	  8	  4	  3	  3	  4	  4	  7
 32	 22	  4	  2	  2	  3	  2	  2	  2	  4	  1	 11	  2	  1	  2	  2	  3	  2	  1	  4	  1	  2	  2	  4	  1	  6	  3	  1	  1	  2	  1	  5	  3
 33	 19	 24	 21	 21	 23	 23	 21	 23	 19	 21	 15	 21	 22	 22	 20	 21	 23	 22	 25	 22	 23	 22	 22	 22	 23	 24	 22	 22	 20	 23	 20	 23	 22
 34	 21	 31	 28	 27	 30	 30	 27	 30	 25	 28	 20	 27	 28	 28	 26	 27	 29	 28	 31	 28	 29	 28	 28	 28	 29	 30	 29	 28	 27	 29	 26	 29	 28	  7
 35	 22	 30	 27	 27	 29	 29	 26	 29	 25	 27	 20	 27	 28	 27	 26	 27	 29	 27	 31	 27	 29	 28	 28	 28	 29	 30	 28	 28	 26	 28	 26	 29	 28	  6	  1
 36	 24	 31	 28	 28	 30	 30	 27	 30	 26	 28	 22	 28	 29	 28	 27	 28	 30	 28	 32	 28	 29	 29	 29	 29	 30	 31	 29	 29	 27	 29	 27	 29	 29	  7	  4	  3
 37	 22	 30	 27	 26	 29	 29	 26	 29	 25	 27	 20	 26	 27	 27	 25	 26	 28	 27	 30	 27	 28	 27	 27	 27	 28	 29	 28	 27	 26	 28	 25	 28	 27	  6	  3	  2	  2
 38	 21	 29	 26	 26	 28	 28	 25	 28	 24	 26	 19	 26	 27	 27	 25	 26	 28	 26	 30	 26	 28	 27	 27	 27	 28	 29	 27	 27	 25	 27	 25	 28	 27	  5	  2	  1	  4	  2
 39	 21	 28	 25	 25	 27	 27	 24	 27	 23	 25	 18	 25	 26	 25	 24	 25	 27	 25	 29	 25	 27	 26	 26	 26	 27	 28	 26	 26	 24	 26	 24	 27	 26	  4	  3	  3	  4	  2	  2
 40	 17	 30	 27	 26	 29	 28	 26	 29	 24	 26	 18	 26	 27	 27	 25	 26	 28	 26	 30	 26	 28	 27	 26	 27	 27	 29	 27	 27	 25	 27	 24	 28	 27	  7	  5	  5	  8	  6	  5	  6
 41	 22	 31	 28	 28	 30	 30	 27	 30	 26	 28	 21	 28	 29	 29	 27	 28	 30	 29	 32	 29	 30	 29	 29	 29	 30	 31	 29	 29	 27	 29	 27	 30	 29	  7	  2	  2	  3	  3	  3	  4	  6
 42	 23	 30	 27	 26	 29	 29	 26	 29	 25	 27	 20	 27	 28	 27	 26	 26	 29	 27	 31	 27	 28	 28	 28	 27	 29	 30	 28	 27	 26	 28	 26	 28	 28	  6	  3	  2	  2	  1	  2	  3	  7	  3
 43	 22	 31	 28	 27	 30	 30	 27	 30	 25	 28	 20	 28	 28	 28	 27	 27	 29	 28	 32	 28	 29	 28	 28	 28	 29	 30	 29	 28	 27	 29	 26	 29	 28	  7	  1	  1	  3	  3	  2	  3	  5	  1	  3
 44	 21	 30	 27	 27	 29	 29	 26	 29	 25	 27	 20	 27	 28	 28	 26	 27	 29	 27	 31	 27	 29	 28	 28	 28	 29	 30	 28	 28	 26	 28	 26	 29	 28	  6	  1	  2	  4	  3	  2	  3	  4	  2	  3	  1
 45	 22	 31	 27	 27	 29	 29	 27	 30	 25	 28	 21	 27	 28	 28	 26	 27	 29	 28	 31	 28	 29	 28	 28	 28	 29	 30	 28	 28	 26	 29	 26	 29	 28	  7	  2	  1	  2	  2	  2	  3	  6	  2	  2	  2	  2
 46	 21	 31	 28	 27	 30	 30	 27	 30	 25	 28	 20	 28	 28	 28	 26	 27	 29	 28	 31	 28	 29	 28	 28	 28	 29	 30	 29	 28	 27	 29	 26	 29	 28	  7	  1	  2	  4	  3	  2	  4	  4	  2	  3	  1	  1	  2
 47	 21	 30	 27	 26	 29	 29	 26	 29	 25	 27	 20	 27	 28	 27	 26	 27	 29	 27	 31	 27	 28	 28	 27	 27	 28	 29	 28	 27	 26	 28	 25	 29	 28	  6	  1	  1	  4	  2	  1	  3	  5	  2	  3	  1	  1	  2	  1
 48	 24	 31	 28	 28	 30	 30	 27	 30	 26	 28	 22	 28	 29	 29	 27	 28	 30	 29	 32	 29	 30	 29	 29	 29	 30	 31	 29	 29	 27	 29	 27	 30	 29	  7	  3	  3	  1	  2	  3	  4	  7	  2	  2	  3	  4	  2	  4	  3
 49	 14	 25	 22	 21	 24	 23	 21	 24	 19	 22	 13	 22	 23	 22	 21	 22	 23	 22	 26	 22	 23	 22	 21	 22	 22	 24	 23	 22	 21	 23	 19	 24	 22	  6	  8	  8	 11	  9	  7	  7	  5	  9	  9	  8	  8	  9	  8	  8	 10
 50	 14	 25	 22	 21	 24	 23	 21	 24	 19	 22	 13	 22	 23	 22	 20	 22	 23	 22	 26	 22	 23	 22	 21	 22	 22	 24	 23	 22	 21	 23	 19	 24	 22	  6	  8	  8	 10	  9	  7	  7	  5	  9	  9	  8	  8	  9	  8	  8	 10	  1
 51	 14	 27	 24	 23	 26	 25	 23	 26	 21	 23	 15	 24	 24	 24	 22	 23	 25	 24	 27	 24	 25	 24	 23	 24	 24	 26	 24	 24	 23	 24	 21	 26	 24	  7	  8	  8	 11	  9	  7	  8	  4	  9	  9	  8	  7	  9	  7	  7	 10	  2	  3
 52	 14	 25	 22	 21	 24	 23	 21	 24	 19	 22	 13	 22	 22	 22	 20	 22	 23	 22	 26	 22	 23	 22	 21	 22	 22	 24	 23	 22	 21	 22	 19	 24	 22	  7	  9	  9	 11	  9	  8	  8	  6	 10	 10	  9	  8	  9	  8	  8	 11	  1	  1	  2
 53	 14	 25	 22	 21	 24	 24	 21	 24	 19	 22	 13	 22	 23	 22	 21	 22	 23	 22	 26	 22	 23	 22	 22	 22	 22	 24	 23	 22	 21	 23	 20	 24	 22	  6	  8	  8	 11	  9	  7	  7	  5	  9	  9	  8	  8	  9	  8	  8	 10	  1	  1	  2	  1
 54	 14	 26	 23	 22	 25	 24	 22	 25	 20	 23	 14	 23	 24	 23	 22	 23	 24	 23	 27	 23	 24	 23	 22	 23	 23	 25	 24	 23	 22	 24	 20	 25	 23	  7	  8	  8	 10	  9	  7	  7	  4	  9	  9	  8	  7	  9	  7	  7	 10	  2	  2	  1	  2	  2
 55	 13	 25	 22	 21	 24	 23	 21	 24	 19	 21	 13	 22	 22	 22	 20	 22	 23	 22	 25	 22	 23	 22	 21	 22	 22	 24	 22	 22	 21	 22	 19	 24	 22	  7	  9	  9	 11	 10	  8	  8	  6	 10	 10	  9	  8	 10	  9	  9	 11	  1	  2	  2	  1	  1	  2
 56	 14	 25	 22	 21	 24	 23	 21	 24	 19	 21	 13	 22	 22	 22	 20	 21	 23	 22	 25	 22	 23	 22	 21	 22	 22	 24	 22	 22	 21	 22	 19	 23	 22	  6	  8	  9	 11	  9	  8	  7	  6	  9	  9	  9	  8	  9	  8	  8	 11	  1	  1	  3	  1	  1	  2	  1
 57	 15	 26	 23	 22	 25	 24	 22	 25	 20	 23	 14	 23	 24	 23	 22	 23	 24	 23	 27	 23	 24	 23	 23	 23	 23	 25	 24	 23	 22	 24	 20	 25	 23	  6	  7	  7	 10	  8	  7	  6	  4	  8	  8	  7	  7	  8	  7	  7	  9	  2	  2	  2	  2	  2	  1	  2	  2
 58	 10	 20	 17	 15	 18	 17	 16	 18	 13	 16	  6	 16	 17	 17	 15	 16	 17	 16	 20	 16	 18	 16	 15	 16	 15	 18	 17	 16	 15	 17	 13	 18	 16	 11	 15	 15	 17	 15	 14	 14	 12	 16	 16	 16	 15	 16	 15	 15	 17	  8	  8	  9	  7	  8	  9	  7	  8	  9
 59	 13	 25	 22	 21	 24	 23	 21	 24	 19	 21	 12	 22	 22	 22	 20	 22	 23	 22	 25	 22	 23	 22	 21	 22	 22	 23	 22	 22	 21	 22	 19	 24	 22	  7	  9	 10	 12	 10	  9	  9	  6	 10	 10	 10	  9	 10	  9	  9	 12	  2	  2	  3	  1	  2	  2	  1	  2	  3	  7
 60	 16	 22	 19	 18	 21	 21	 18	 21	 17	 19	 12	 19	 20	 20	 18	 19	 21	 19	 23	 19	 21	 20	 19	 20	 20	 21	 20	 19	 18	 20	 17	 21	 20	  4	  9	  9	 11	  9	  8	  7	  8	 10	  9	  9	  9	  9	  9	  9	 11	  4	  4	  6	  4	  4	  5	  4	  4	  5	  7	  5
 61	 22	 27	 24	 23	 26	 26	 23	 26	 22	 24	 18	 24	 24	 24	 23	 23	 26	 24	 27	 24	 25	 25	 25	 24	 26	 27	 25	 24	 23	 25	 23	 25	 24	  4	  6	  5	  5	  4	  5	  4	  9	  6	  4	  6	  6	  5	  7	  6	  5	  9	  9	 10	 10	  9	  9	 10	  9	  9	 15	 10	  8
 62	 15	 23	 20	 19	 22	 22	 19	 22	 17	 20	 12	 20	 21	 20	 19	 20	 21	 20	 24	 20	 21	 20	 20	 20	 21	 22	 21	 20	 19	 21	 18	 22	 20	  4	  9	  9	 10	  9	  8	  7	  7	 10	  9	  9	  8	  9	  9	  8	 10	  3	  3	  5	  3	  3	  4	  4	  3	  4	  7	  4	  1	  8
 63	 16	 25	 22	 21	 24	 23	 21	 24	 19	 22	 14	 22	 22	 22	 20	 21	 23	 22	 26	 22	 23	 22	 22	 22	 23	 24	 23	 22	 21	 23	 20	 23	 22	  4	  7	  7	  9	  7	  6	  6	  5	  8	  8	  7	  7	  8	  7	  7	  9	  2	  2	  4	  3	  2	  3	  3	  2	  2	  9	  4	  3	  7	  2
 64	 14	 25	 22	 21	 24	 24	 21	 24	 19	 22	 13	 22	 23	 22	 21	 22	 23	 22	 26	 22	 23	 22	 22	 22	 22	 24	 23	 22	 21	 23	 20	 24	 22	  6	  8	  8	 10	  8	  7	  7	  5	  9	  9	  8	  7	  9	  8	  7	 10	  1	  1	  2	  1	  1	  2	  2	  1	  1	  8	  2	  4	  9	  3	  2
 65	 11	 27	 24	 22	 26	 25	 23	 26	 20	 23	 14	 23	 24	 24	 22	 23	 24	 23	 27	 23	 25	 23	 22	 24	 23	 25	 24	 23	 23	 24	 20	 26	 24	 10	 10	 11	 13	 12	 10	 10	  7	 12	 12	 11	 10	 12	 10	 10	 13	  4	  5	  3	  4	  4	  4	  4	  4	  5	  8	  3	  8	 13	  7	  6	  5
 66	  8	 27	 24	 23	 26	 25	 23	 26	 21	 23	 14	 24	 25	 24	 22	 24	 24	 24	 27	 24	 25	 24	 22	 24	 22	 25	 25	 24	 23	 24	 20	 26	 24	 14	 14	 15	 17	 16	 14	 14	 10	 16	 16	 15	 14	 16	 14	 14	 17	  8	  8	  7	  8	  8	  8	  7	  8	  9	  8	  7	 11	 17	 10	 10	  8	  5
 67	  9	 28	 25	 23	 27	 25	 24	 27	 21	 24	 14	 25	 25	 25	 23	 25	 25	 24	 28	 24	 26	 24	 23	 25	 23	 26	 25	 24	 24	 25	 21	 27	 25	 13	 14	 14	 17	 15	 13	 14	  9	 15	 15	 14	 13	 15	 13	 13	 16	  8	  8	  7	  7	  7	  7	  7	  8	  8	  9	  6	 11	 16	 10	  9	  8	  4	  2
 68	  9	 28	 25	 23	 27	 26	 24	 27	 21	 24	 14	 25	 25	 25	 23	 25	 25	 24	 28	 24	 26	 24	 23	 25	 23	 26	 25	 24	 24	 25	 21	 27	 25	 13	 13	 14	 16	 15	 13	 13	  9	 14	 15	 14	 13	 14	 13	 13	 16	  7	  8	  6	  7	  7	  7	  7	  7	  8	  9	  6	 10	 16	 10	  9	  8	  4	  2	  1
 69	  9	 28	 25	 24	 27	 26	 24	 27	 22	 24	 15	 25	 26	 25	 23	 25	 25	 25	 28	 25	 26	 25	 23	 25	 23	 26	 26	 25	 24	 25	 21	 27	 25	 14	 14	 14	 17	 15	 14	 14	 10	 15	 16	 14	 13	 15	 13	 14	 17	  8	  8	  7	  8	  8	  8	  7	  8	  8	  9	  7	 11	 17	 10	 10	  8	  4	  2	  1	  1
 70	 10	 28	 25	 23	 27	 26	 24	 27	 21	 24	 15	 25	 25	 25	 23	 25	 25	 24	 28	 24	 26	 24	 23	 25	 23	 26	 25	 25	 24	 25	 21	 27	 25	 12	 12	 13	 15	 14	 12	 12	  8	 13	 14	 13	 12	 13	 12	 12	 15	  7	  7	  6	  6	  7	  6	  6	  7	  7	  9	  6	 10	 15	  9	  8	  7	  3	  3	  2	  2	  2
 71	  8	 25	 22	 20	 24	 23	 21	 24	 18	 21	 12	 22	 22	 22	 20	 22	 22	 21	 25	 21	 23	 21	 20	 22	 20	 23	 22	 22	 21	 22	 18	 24	 22	 12	 13	 14	 16	 14	 13	 13	 10	 15	 15	 14	 13	 14	 13	 13	 16	  6	  7	  6	  6	  6	  6	  6	  6	  7	  6	  5	  9	 15	  8	  8	  7	  4	  3	  3	  3	  4	  4
 72	  6	 31	 28	 26	 29	 28	 27	 29	 24	 27	 17	 28	 28	 28	 26	 28	 27	 27	 30	 27	 29	 27	 24	 27	 24	 28	 28	 27	 27	 27	 23	 30	 27	 21	 21	 22	 24	 23	 21	 21	 17	 22	 23	 21	 21	 22	 21	 21	 24	 15	 15	 14	 15	 15	 15	 14	 15	 16	 13	 14	 18	 24	 17	 17	 15	 12	  8	  8	  8	  8	  9	 10
 73	  9	 27	 24	 22	 26	 25	 23	 26	 20	 23	 13	 24	 24	 24	 22	 24	 24	 23	 27	 23	 25	 23	 22	 24	 22	 25	 24	 23	 23	 24	 20	 26	 24	 12	 13	 14	 16	 14	 13	 13	  9	 14	 15	 13	 13	 14	 13	 13	 16	  7	  7	  6	  6	  7	  6	  6	  7	  7	  8	  5	 10	 15	  9	  8	  7	  3	  2	  2	  2	  2	  2	  2	  9
 74	 12	 29	 25	 24	 27	 26	 24	 27	 22	 25	 15	 25	 26	 26	 24	 25	 26	 25	 29	 25	 26	 25	 24	 25	 24	 27	 26	 25	 24	 25	 22	 27	 25	 11	 10	 11	 14	 12	 10	 11	  6	 12	 12	 11	 10	 12	 10	 10	 13	  5	  6	  4	  5	  5	  5	  5	  6	  5	  9	  5	  9	 13	  8	  7	  6	  2	  5	  4	  3	  4	  2	  5	 11	  3
 75	  9	 31	 27	 26	 29	 28	 27	 29	 24	 27	 17	 27	 28	 28	 26	 27	 28	 27	 31	 27	 28	 27	 25	 27	 25	 28	 28	 27	 26	 27	 23	 29	 27	 16	 15	 16	 19	 17	 15	 16	 11	 16	 17	 16	 15	 17	 15	 15	 18	 10	 10	  9	 10	 10	 10	 10	 10	 10	 11	  9	 13	 19	 13	 12	 11	  6	  4	  3	  4	  3	  4	  6	  6	  5	  6
 76	  9	 24	 21	 19	 23	 22	 20	 23	 17	 20	 11	 21	 21	 21	 19	 21	 21	 20	 24	 20	 22	 20	 19	 21	 19	 22	 21	 21	 20	 21	 17	 23	 21	 11	 13	 14	 16	 14	 13	 13	 10	 15	 15	 14	 13	 14	 13	 13	 16	  6	  6	  6	  6	  6	  6	  5	  6	  7	  5	  5	  8	 15	  7	  8	  6	  4	  4	  4	  4	  5	  5	  2	 10	  3	  5	  7
 77	 10	 29	 26	 24	 28	 26	 25	 27	 22	 25	 15	 25	 26	 26	 24	 26	 26	 25	 29	 25	 27	 25	 24	 25	 24	 27	 26	 25	 25	 26	 22	 28	 26	 13	 13	 13	 16	 14	 13	 13	  8	 14	 14	 13	 12	 14	 12	 12	 15	  7	  7	  6	  7	  7	  7	  7	  7	  7	 10	  6	 11	 16	 10	  9	  8	  3	  3	  2	  2	  2	  1	  4	  9	  2	  3	  4	  5
 78	  9	 28	 25	 23	 27	 25	 24	 27	 21	 24	 14	 25	 25	 25	 23	 25	 25	 24	 28	 24	 26	 24	 23	 25	 23	 26	 25	 24	 24	 25	 21	 27	 25	 13	 14	 14	 17	 15	 14	 14	 10	 15	 16	 14	 13	 15	 13	 14	 17	  8	  8	  7	  7	  8	  7	  7	  8	  8	  9	  7	 11	 16	 10	 10	  8	  4	  1	  1	  1	  1	  2	  3	  8	  2	  4	  3	  4	  2
 79	  9	 28	 24	 23	 26	 25	 24	 26	 21	 24	 14	 24	 25	 25	 23	 24	 25	 24	 28	 24	 26	 24	 22	 24	 22	 25	 25	 24	 23	 24	 21	 26	 24	 13	 14	 14	 17	 15	 13	 14	  9	 15	 15	 14	 13	 15	 13	 13	 16	  7	  8	  7	  7	  7	  7	  7	  7	  8	  8	  6	 10	 16	 10	  9	  8	  4	  1	  1	  1	  1	  2	  3	  8	  1	  4	  4	  4	  2	  1
 80	 10	 26	 23	 21	 25	 24	 22	 25	 19	 22	 13	 23	 23	 23	 21	 23	 23	 22	 26	 22	 24	 22	 21	 23	 22	 24	 23	 22	 22	 23	 19	 25	 23	 11	 12	 12	 15	 13	 11	 11	  8	 13	 13	 12	 11	 13	 11	 11	 14	  5	  5	  5	  5	  5	  5	  4	  5	  6	  7	  4	  8	 14	  7	  7	  5	  2	  4	  3	  3	  4	  3	  2	 11	  2	  3	  6	  3	  4	  3	  3
 81	 30	 30	 27	 28	 29	 30	 27	 29	 27	 28	 25	 27	 28	 28	 27	 27	 30	 28	 31	 28	 29	 29	 30	 28	 31	 31	 29	 29	 27	 29	 28	 29	 29	 12	 12	 11	  9	 10	 12	 11	 16	 12	 10	 12	 12	 11	 13	 12	 10	 17	 17	 18	 17	 17	 17	 18	 17	 16	 22	 18	 15	  8	 15	 15	 17	 21	 25	 24	 24	 24	 23	 23	 32	 23	 21	 26	 22	 23	 24	 24	 21
 82	 30	 33	 30	 30	 32	 32	 29	 32	 29	 31	 26	 30	 31	 30	 29	 29	 32	 31	 34	 31	 31	 31	 32	 31	 33	 33	 31	 31	 29	 32	 30	 31	 31	 12	 11	 10	  8	  9	 11	 10	 15	 10	  9	 11	 11	 10	 12	 11	  8	 17	 17	 17	 17	 17	 17	 18	 17	 16	 23	 18	 16	  9	 16	 15	 17	 20	 24	 23	 23	 24	 22	 23	 31	 23	 21	 26	 22	 23	 24	 23	 21	  4
 83	 30	 32	 30	 30	 31	 32	 29	 32	 29	 30	 26	 30	 30	 30	 29	 29	 32	 30	 33	 30	 31	 31	 32	 30	 33	 33	 31	 31	 29	 31	 30	 31	 31	 12	 11	 10	  8	  9	 11	 10	 15	 10	  9	 11	 11	 10	 12	 11	  8	 17	 17	 17	 17	 17	 17	 18	 17	 16	 22	 18	 16	  8	 16	 15	 16	 20	 24	 23	 23	 24	 22	 23	 31	 23	 20	 25	 22	 23	 24	 23	 21	  4	  1
 84	 30	 34	 31	 31	 33	 33	 30	 33	 30	 31	 27	 31	 32	 31	 30	 30	 33	 31	 35	 32	 32	 32	 33	 32	 34	 34	 32	 32	 30	 32	 31	 32	 32	 12	 10	 10	  7	  9	 10	 10	 15	 10	  9	 10	 11	  9	 11	 11	  8	 17	 17	 17	 17	 17	 17	 18	 17	 16	 23	 18	 16	  9	 16	 15	 17	 20	 24	 23	 23	 24	 22	 23	 31	 23	 20	 25	 22	 22	 24	 23	 21	  5	  2	  2
 85	 30	 32	 30	 30	 32	 32	 29	 32	 29	 30	 26	 30	 31	 30	 29	 29	 32	 30	 33	 31	 31	 31	 32	 31	 33	 33	 31	 31	 29	 31	 30	 31	 31	 12	 11	 10	  8	  9	 11	 10	 15	 10	  9	 11	 11	 10	 12	 11	  8	 17	 17	 17	 17	 17	 17	 18	 17	 16	 23	 18	 16	  8	 16	 15	 16	 20	 24	 23	 23	 24	 22	 23	 31	 23	 20	 26	 22	 23	 24	 23	 21	  4	  1	  1	  2
 86	 29	 31	 28	 29	 30	 31	 28	 31	 28	 29	 25	 28	 29	 29	 28	 28	 31	 29	 32	 29	 30	 30	 31	 29	 32	 32	 30	 29	 28	 30	 29	 30	 29	 11	 11	 10	  7	  9	 10	 10	 14	 10	  8	 10	 11	  9	 11	 10	  8	 16	 16	 17	 16	 16	 16	 17	 16	 15	 22	 17	 15	  8	 15	 14	 16	 19	 23	 23	 23	 23	 22	 22	 30	 22	 20	 25	 21	 22	 23	 23	 20	  3	  2	  2	  3	  2
 87	 27	 28	 26	 26	 28	 28	 25	 28	 25	 26	 22	 26	 27	 26	 25	 25	 28	 26	 29	 26	 27	 27	 28	 27	 29	 29	 27	 27	 25	 27	 26	 27	 27	  8	 10	  9	  7	  7	  9	  8	 13	  9	  7	  9	 10	  8	 10	  9	  7	 14	 14	 15	 14	 14	 14	 15	 14	 13	 19	 15	 12	  5	 12	 12	 13	 17	 21	 21	 21	 21	 20	 20	 28	 20	 18	 23	 19	 20	 21	 21	 18	  4	  5	  4	  6	  5	  3
 88	 29	 28	 25	 26	 27	 28	 25	 27	 25	 26	 23	 25	 26	 26	 25	 25	 28	 26	 29	 26	 27	 27	 28	 26	 30	 29	 27	 26	 25	 27	 26	 26	 26	 11	 13	 12	 10	 11	 12	 11	 16	 13	 11	 13	 13	 12	 14	 13	 11	 16	 16	 18	 17	 17	 17	 17	 17	 16	 21	 18	 14	  8	 15	 15	 16	 20	 24	 24	 23	 24	 23	 22	 31	 23	 21	 26	 22	 23	 24	 23	 21	  3	  6	  6	  7	  6	  5	  4
 89	 30	 33	 30	 30	 32	 32	 29	 32	 29	 30	 26	 30	 31	 30	 29	 29	 32	 31	 34	 31	 31	 31	 32	 31	 33	 33	 31	 31	 29	 32	 30	 31	 31	 12	 11	 10	  8	  9	 11	 10	 15	 10	  9	 11	 11	 10	 11	 11	  8	 17	 17	 17	 17	 17	 17	 18	 17	 16	 23	 18	 16	  8	 16	 15	 16	 20	 24	 23	 23	 24	 22	 23	 31	 23	 20	 26	 22	 23	 24	 23	 21	  4	  1	  1	  2	  1	  2	  5	  6
 90	 30	 32	 30	 30	 31	 32	 29	 32	 29	 30	 26	 30	 30	 30	 29	 29	 32	 30	 33	 30	 31	 31	 32	 30	 33	 33	 31	 31	 29	 31	 30	 31	 31	 12	 11	 10	  8	  9	 11	 10	 15	 10	  9	 11	 11	 10	 12	 11	  8	 17	 17	 17	 17	 17	 17	 18	 17	 16	 23	 18	 16	  8	 16	 15	 16	 20	 24	 23	 23	 24	 22	 23	 31	 23	 21	 26	 22	 23	 24	 23	 21	  3	  1	  1	  2	  1	  2	  4	  6	  1
 91	 29	 32	 29	 29	 31	 32	 28	 31	 28	 30	 25	 29	 30	 29	 28	 29	 31	 30	 33	 30	 30	 30	 31	 30	 32	 32	 30	 30	 28	 31	 29	 30	 30	 11	 10	  9	  7	  8	  9	  9	 14	  9	  8	 10	 10	  9	 10	 10	  7	 16	 16	 16	 16	 16	 16	 17	 16	 15	 22	 17	 15	  7	 15	 14	 15	 19	 23	 22	 22	 23	 21	 22	 30	 22	 19	 24	 21	 22	 23	 22	 20	  4	  2	  2	  2	  2	  2	  4	  6	  2	  2
 92	 29	 29	 26	 26	 28	 29	 25	 28	 26	 27	 23	 26	 27	 26	 26	 26	 28	 27	 30	 27	 27	 28	 29	 27	 30	 29	 27	 27	 25	 28	 27	 27	 27	 11	 12	 12	  9	 10	 12	 11	 16	 12	 10	 12	 13	 11	 13	 12	 10	 16	 16	 17	 17	 16	 17	 17	 16	 16	 21	 18	 14	  8	 15	 15	 16	 20	 24	 23	 23	 24	 22	 22	 31	 23	 21	 26	 22	 23	 24	 23	 21	  2	  5	  5	  6	  5	  4	  3	  1	  5	  5	  5
 93	 27	 29	 26	 26	 28	 29	 25	 28	 25	 27	 22	 26	 27	 26	 26	 26	 28	 27	 30	 27	 27	 27	 28	 27	 30	 29	 27	 27	 25	 28	 26	 27	 27	  9	 10	  9	  7	  8	  9	  8	 13	  9	  7	  9	 10	  8	 10	  9	  7	 14	 14	 15	 15	 14	 14	 15	 14	 14	 19	 15	 13	  6	 13	 12	 14	 18	 22	 21	 21	 21	 20	 20	 29	 20	 18	 23	 20	 20	 21	 21	 19	  3	  4	  4	  5	  4	  3	  1	  4	  4	  4	  3	  3
 94	 27	 31	 28	 28	 30	 30	 27	 30	 27	 29	 23	 28	 29	 28	 27	 28	 30	 29	 32	 29	 29	 29	 30	 29	 31	 31	 29	 29	 27	 30	 28	 29	 29	  9	  8	  7	  4	  6	  7	  7	 12	  7	  5	  7	  8	  6	  8	  8	  5	 14	 13	 14	 14	 14	 14	 14	 14	 13	 20	 15	 13	  6	 13	 12	 13	 17	 21	 20	 20	 20	 19	 19	 28	 19	 17	 22	 19	 19	 20	 20	 18	  5	  4	  4	  4	  4	  3	  4	  7	  4	  4	  3	  6	  4
 95	 29	 32	 29	 29	 31	 32	 29	 31	 28	 30	 25	 29	 30	 30	 29	 29	 31	 30	 33	 30	 31	 31	 31	 30	 33	 32	 30	 30	 29	 31	 29	 30	 30	 11	 10	  9	  7	  8	 10	  9	 14	  9	  8	 10	 10	  9	 10	 10	  7	 16	 16	 16	 16	 16	 16	 17	 16	 15	 22	 17	 15	  8	 15	 14	 15	 19	 23	 22	 22	 23	 21	 22	 30	 22	 19	 24	 21	 22	 23	 22	 20	  4	  2	  2	  2	  2	  2	  4	  6	  2	  2	  1	  5	  4	  3
 96	 29	 31	 29	 29	 31	 31	 28	 31	 28	 29	 25	 29	 30	 29	 28	 28	 31	 29	 32	 30	 30	 30	 31	 30	 32	 32	 30	 30	 28	 30	 29	 30	 30	 11	 10	  9	  7	  8	 10	  9	 14	  9	  8	 10	 10	  9	 11	 10	  7	 16	 15	 16	 16	 16	 16	 16	 16	 15	 21	 17	 14	  7	 15	 14	 15	 19	 23	 22	 22	 23	 21	 22	 30	 22	 19	 24	 21	 22	 23	 22	 20	  4	  2	  2	  3	  2	  1	  4	  5	  2	  2	  1	  5	  3	  3	  1
 97	 36	 29	 30	 29	 29	 27	 30	 28	 30	 29	 33	 30	 29	 30	 30	 30	 27	 29	 27	 29	 29	 28	 26	 29	 25	 26	 29	 28	 30	 28	 28	 30	 29	 47	 52	 52	 54	 52	 51	 51	 50	 53	 53	 53	 52	 53	 52	 52	 54	 45	 45	 46	 45	 45	 46	 44	 45	 46	 38	 44	 44	 50	 44	 46	 45	 44	 42	 43	 43	 43	 44	 41	 40	 43	 46	 44	 41	 45	 43	 43	 43	 56	 58	 58	 59	 58	 56	 54	 54	 58	 58	 57	 55	 54	 55	 57	 57
 98	 36	 29	 30	 29	 29	 27	 30	 28	 30	 29	 33	 30	 29	 30	 30	 30	 27	 29	 27	 29	 29	 28	 26	 29	 25	 26	 29	 28	 30	 28	 28	 30	 29	 47	 52	 52	 54	 52	 51	 51	 50	 53	 53	 53	 52	 53	 52	 52	 54	 45	 45	 46	 45	 45	 46	 44	 45	 46	 38	 44	 44	 50	 44	 46	 45	 44	 42	 43	 43	 43	 44	 41	 40	 43	 46	 44	 41	 45	 43	 43	 43	 56	 58	 58	 59	 58	 56	 54	 54	 58	 58	 57	 55	 54	 55	 57	 57	  1
 99	 36	 29	 30	 29	 29	 27	 30	 28	 30	 29	 33	 30	 29	 30	 30	 30	 27	 29	 27	 29	 29	 28	 26	 29	 25	 26	 29	 28	 30	 28	 28	 30	 29	 47	 52	 52	 54	 52	 51	 51	 50	 53	 53	 53	 52	 53	 52	 52	 54	 45	 45	 46	 45	 45	 46	 44	 45	 46	 38	 44	 44	 50	 44	 46	 45	 44	 42	 43	 43	 43	 44	 41	 40	 43	 46	 44	 41	 45	 43	 43	 43	 56	 58	 58	 59	 58	 56	 54	 54	 58	 58	 57	 55	 54	 55	 57	 57	  1	  1
100	 36	 29	 30	 29	 29	 27	 30	 28	 30	 29	 33	 30	 29	 30	 30	 30	 27	 29	 27	 29	 29	 28	 26	 29	 25	 26	 29	 28	 30	 28	 28	 30	 29	 47	 52	 52	 54	 52	 51	 51	 50	 53	 53	 53	 52	 53	 52	 52	 54	 45	 45	 46	 45	 45	 46	 44	 45	 46	 38	 44	 44	 50	 44	 46	 45	 44	 42	 43	 43	 43	 44	 41	 40	 43	 46	 44	 41	 45	 43	 43	 43	 56	 58	 58	 59	 58	 56	 54	 54	 58	 58	 57	 55	 54	 55	 57	 57	  1	  1	  1
