nVehicles:   96
nDepots:      1
nCustomers: 100
nPeriods:     6
VEHICLE_TYPE	FLEET_SIZE	CAPACITY
           1	        96	       8	
DEPOT   	X  	Y  	INV_COST	INITIAL_INV 	MIN_LEVEL_INV 	MAX_LEVEL_INV	PRODUCTION_0	PRODUCTION_1	PRODUCTION_2	PRODUCTION_3	PRODUCTION_4	PRODUCTION_5
       0	242	103	       0	       1086	            0	         4222	         705	         705	         705	         705	         705	         705	
CUSTOMER	X  	Y  	INV_COST	INITIAL_INV	MIN_LEVEL_INV 	MAX_LEVEL_INV	DEMAND_0	DEMAND_1	DEMAND_2	DEMAND_3	DEMAND_4	DEMAND_5
       1	500	 34	    0.22	          9	            0	           24	       5	       4	       5	       7	       8	       6
       2	475	 37	    0.06	          3	            0	           52	       6	       5	       6	      10	      10	      10
       3	442	  8	    0.03	          1	            0	           32	       5	       5	       5	       6	       7	       7
       4	415	 19	    0.09	          6	            0	           13	       4	       3	       4	       5	       5	       5
       5	494	 26	    0.13	          4	            0	           53	       6	       5	       6	      11	      11	       9
       6	490	 47	    0.09	          1	            0	           22	       4	       4	       4	       6	       7	       6
       7	477	 25	    0.03	          3	            0	           20	       4	       4	       5	       6	       8	       5
       8	482	 24	    0.03	          7	            0	           30	       5	       4	       6	       9	       9	       7
       9	477	 13	    0.08	         10	            0	           44	      10	       7	       6	      10	      11	      10
      10	469	  7	    0.07	         16	            0	           32	      10	       6	       7	       7	       9	      11
      11	486	 30	    0.05	          1	            0	           57	       3	       2	       4	       6	       8	      10
      12	491	 29	    0.07	          8	            0	           31	       6	       7	       5	       8	      11	      10
      13	490	 19	     0.1	         11	            0	           11	       8	       5	       5	       7	       9	       9
      14	500	 42	     0.3	          6	            0	           23	       5	       3	       4	       5	       7	       7
      15	479	 19	     0.2	          6	            0	           22	       5	       5	       6	       8	       6	       4
      16	480	 23	     0.1	         15	            0	           29	       7	       8	       7	       8	       9	      11
      17	423	405	    0.14	          3	            0	           23	       5	       3	       4	       4	       5	       5
      18	436	415	    0.28	          9	            0	           30	       7	       5	       5	       7	      10	       9
      19	426	374	    0.21	         10	            0	           20	       8	       7	       6	       9	      12	      12
      20	424	390	    0.28	         12	            0	           16	       8	       7	       7	       9	      10	      10
      21	430	380	    0.04	         10	            0	           43	       6	       6	       8	      10	      10	       7
      22	455	387	    0.29	         12	            0	           37	       8	       5	       6	       7	      10	      10
      23	386	381	    0.25	          5	            0	           49	       8	       6	       7	       9	      13	       9
      24	433	390	     0.1	         10	            0	           27	       8	       7	       7	       9	       9	      13
      25	416	407	    0.01	          6	            0	           27	       7	       6	       7	      10	      10	      11
      26	454	414	    0.21	          6	            0	           37	       7	       6	       5	       8	      12	       8
      27	431	404	    0.22	         10	            0	           25	       8	       7	       7	       8	      12	       7
      28	395	332	    0.22	          1	            0	           20	       6	       5	       6	       8	       8	       5
      29	451	418	    0.24	          7	            0	           22	       4	       3	       4	       6	       6	       4
      30	421	390	    0.27	          6	            0	           19	       6	       4	       6	       9	       9	       6
      31	476	425	     0.1	          2	            0	           27	       5	       5	       6	       6	       9	       6
      32	434	379	    0.08	          4	            0	           40	       6	       5	       7	      10	       9	       6
      33	436	201	    0.12	          6	            0	           36	       7	       4	       6	      10	       9	       8
      34	462	182	    0.28	          3	            0	           28	       5	       4	       5	       6	       6	       7
      35	462	213	    0.03	          5	            0	           15	       4	       4	       3	       4	       5	       6
      36	474	186	    0.22	          5	            0	           18	       4	       3	       4	       5	       5	       6
      37	452	183	    0.27	          8	            0	           27	       8	       5	       6	       9	      10	       7
      38	463	189	    0.28	          1	            0	           18	       4	       4	       4	       5	       6	       6
      39	447	172	    0.25	          9	            0	           32	       6	       6	       5	       6	       7	       8
      40	458	184	    0.18	          1	            0	           25	       5	       3	       4	       4	       5	       5
      41	464	179	       0	          7	            0	           42	       8	       8	       7	      10	      10	      11
      42	465	176	    0.17	          7	            0	            7	       5	       3	       4	       5	       5	       7
      43	463	185	    0.12	          9	            0	           34	       9	       6	       9	       8	      10	      11
      44	453	160	    0.02	          4	            0	           15	       4	       4	       3	       4	       4	       5
      45	464	184	    0.08	          3	            0	           47	       6	       3	       6	      10	       9	       8
      46	454	159	    0.01	         15	            0	           20	       9	       6	       8	      10	      12	      13
      47	472	183	    0.29	          9	            0	           15	       7	       4	       8	       9	      11	       9
      48	495	182	     0.2	          8	            0	           20	       6	       6	       6	      11	       8	       6
      49	265	 25	    0.07	          2	            0	           20	       4	       3	       4	       5	       6	       5
      50	265	 19	    0.07	          2	            0	           24	       4	       3	       4	       4	       5	       6
      51	270	 32	       0	          7	            0	           34	       5	       5	       5	       5	       7	       8
      52	269	 28	    0.11	          8	            0	           19	       5	       4	       4	       6	       6	       6
      53	265	 12	     0.2	          8	            0	           35	       6	       5	       6	       6	       9	       9
      54	278	 31	    0.27	          7	            0	           27	       6	       5	       5	       7	       7	       7
      55	261	 33	     0.1	          8	            0	           30	       9	       6	       7	       8	      11	      11
      56	264	 33	    0.23	          8	            0	           28	       6	       6	       5	       7	       9	       8
      57	273	 42	    0.09	         13	            0	           50	       8	       6	       8	       8	      11	      11
      58	265	 22	    0.06	          5	            0	           27	       4	       3	       5	       7	       6	       4
      59	265	 28	    0.23	         10	            0	           29	       7	       5	       6	       8	       7	       9
      60	264	 25	    0.08	          4	            0	           45	       6	       5	       8	      11	      13	       9
      61	269	 22	    0.11	          7	            0	           12	       5	       5	       4	       4	       6	       6
      62	263	 23	    0.25	          1	            0	           25	       7	       5	       6	       7	      11	       9
      63	263	 22	    0.22	         10	            0	           32	       6	       5	       5	       7	       9	      12
      64	251	 36	    0.18	          5	            0	           39	       8	       6	       6	       8	       9	      10
      65	265	314	    0.09	          1	            0	           11	       4	       4	       4	       7	       4	       3
      66	336	321	    0.03	         11	            0	           16	       7	       5	       8	      10	      10	       5
      67	327	322	    0.06	         14	            0	           30	       8	       6	       8	      10	      12	      10
      68	327	314	    0.11	         15	            0	           15	       7	       6	       5	       9	      10	      12
      69	308	317	    0.15	         10	            0	           37	       7	       5	       6	       8	       9	      11
      70	327	300	    0.27	          9	            0	            9	       7	       5	       6	       7	       8	       8
      71	344	335	    0.02	          7	            0	           10	       8	       5	       6	       7	       9	       9
      72	366	330	    0.17	          3	            0	           16	       4	       3	       5	       6	       6	       4
      73	335	322	    0.21	          9	            0	           28	       7	       4	       5	       7	       7	       7
      74	343	297	    0.12	          4	            0	           19	       7	       5	       4	       7	      10	      10
      75	373	323	    0.18	          3	            0	           13	       5	       4	       6	       7	       8	       6
      76	354	317	    0.09	          7	            0	           10	       4	       3	       4	       6	       6	       5
      77	318	345	    0.25	          5	            0	           20	       3	       4	       4	       5	       6	       6
      78	344	303	     0.2	          3	            0	           41	       5	       4	       7	       8	      11	       7
      79	324	337	    0.27	         13	            0	           42	       7	       7	       7	       8	       9	      13
      80	351	303	    0.13	          7	            0	           33	       6	       4	       6	       7	      10	       9
      81	 69	454	    0.09	          5	            0	           32	       4	       4	       5	       5	       7	       7
      82	 72	439	    0.29	         11	            0	           27	       7	       4	       7	       7	       8	       5
      83	 61	456	    0.15	         10	            0	           42	       7	       5	       7	       9	      10	       7
      84	 38	493	    0.02	          7	            0	           28	       7	       6	       8	      11	       8	       5
      85	 78	485	       0	          1	            0	           16	       5	       4	       4	       7	       6	       7
      86	 60	483	    0.25	          4	            0	           27	       4	       3	       3	       5	       7	       6
      87	 59	456	     0.2	          6	            0	           33	       5	       5	       7	       8	       7	       5
      88	 78	453	    0.27	          6	            0	           39	       2	       0	       2	       6	       7	       9
      89	 78	476	    0.27	          3	            0	           35	       4	       4	       3	       7	       9	      12
      90	109	486	    0.25	          6	            0	           19	       5	       4	       5	       7	       7	       6
      91	 73	449	    0.16	          6	            0	           13	       5	       4	       4	       4	       6	       8
      92	 80	472	    0.22	          7	            0	            9	       5	       4	       5	       7	       7	       6
      93	135	403	    0.17	         13	            0	           48	       6	       3	       5	       6	      11	       7
      94	 25	472	    0.07	          7	            0	           17	       3	       3	       5	      10	       8	       5
      95	 67	432	    0.18	          4	            0	           50	       5	       3	       2	       5	       7	      11
      96	 76	444	     0.1	         10	            0	           19	       3	       3	       3	       5	       9	       9
      97	  0	  0	    0.24	          5	            0	           22	       4	       4	       5	       7	       7	       5
      98	  0	  0	    0.29	         10	            0	           28	       6	       3	       4	       7	       9	       8
      99	  0	  0	    0.29	         16	            0	           46	       5	       2	       6	       8	       8	       6
     100	  0	  0	    0.16	          7	            0	           20	       8	       5	       5	       6	       8	       8
COST_MATRIX 
	  0	  1	  2	  3	  4	  5	  6	  7	  8	  9	 10	 11	 12	 13	 14	 15	 16	 17	 18	 19	 20	 21	 22	 23	 24	 25	 26	 27	 28	 29	 30	 31	 32	 33	 34	 35	 36	 37	 38	 39	 40	 41	 42	 43	 44	 45	 46	 47	 48	 49	 50	 51	 52	 53	 54	 55	 56	 57	 58	 59	 60	 61	 62	 63	 64	 65	 66	 67	 68	 69	 70	 71	 72	 73	 74	 75	 76	 77	 78	 79	 80	 81	 82	 83	 84	 85	 86	 87	 88	 89	 90	 91	 92	 93	 94	 95	 96	 97	 98	 99	100
  0
  1	 27
  2	 25	  3
  3	 23	  7	  5
  4	 20	  9	  7	  3
  5	 27	  2	  3	  6	  8
  6	 26	  2	  2	  7	  9	  3
  7	 25	  3	  2	  4	  7	  2	  3
  8	 26	  3	  2	  5	  7	  2	  3	  1
  9	 26	  4	  3	  4	  7	  3	  4	  2	  2
 10	 25	  5	  4	  3	  6	  4	  5	  2	  3	  2
 11	 26	  2	  2	  5	  8	  1	  2	  2	  1	  2	  3
 12	 26	  2	  2	  6	  8	  1	  2	  2	  2	  3	  4	  1
 13	 27	  2	  3	  5	  8	  1	  3	  2	  1	  2	  3	  2	  2
 14	 27	  1	  3	  7	  9	  2	  2	  3	  3	  4	  5	  2	  2	  3
 15	 26	  3	  2	  4	  7	  2	  4	  1	  1	  1	  2	  2	  2	  2	  4
 16	 26	  3	  2	  5	  7	  2	  3	  1	  1	  2	  2	  1	  2	  2	  3	  1
 17	 36	 38	 38	 40	 39	 39	 37	 39	 39	 40	 41	 39	 39	 40	 38	 40	 39
 18	 37	 39	 39	 41	 40	 40	 38	 40	 40	 41	 41	 39	 39	 40	 38	 40	 40	  2
 19	 33	 35	 35	 37	 36	 36	 34	 36	 36	 37	 37	 35	 36	 37	 35	 36	 36	  4	  5
 20	 34	 37	 36	 39	 38	 38	 35	 37	 38	 39	 39	 37	 37	 38	 36	 38	 38	  2	  3	  2
 21	 34	 36	 35	 38	 37	 36	 34	 36	 36	 37	 38	 36	 36	 37	 35	 37	 37	  3	  4	  1	  2
 22	 36	 36	 36	 38	 38	 37	 35	 37	 37	 38	 39	 36	 36	 37	 35	 37	 37	  4	  4	  4	  4	  3
 23	 32	 37	 36	 38	 37	 38	 35	 37	 37	 38	 39	 37	 37	 38	 36	 38	 38	  5	  7	  5	  4	  5	  7
 24	 35	 37	 36	 39	 38	 37	 35	 37	 37	 38	 39	 37	 37	 38	 36	 38	 37	  2	  3	  2	  1	  2	  3	  5
 25	 36	 39	 38	 40	 39	 39	 37	 39	 39	 40	 41	 39	 39	 40	 38	 40	 39	  1	  3	  4	  2	  4	  5	  4	  3
 26	 38	 39	 38	 41	 40	 40	 37	 39	 40	 41	 41	 39	 39	 40	 38	 40	 40	  4	  2	  5	  4	  5	  3	  8	  4	  4
 27	 36	 38	 37	 40	 39	 39	 37	 39	 39	 40	 40	 38	 38	 39	 37	 39	 39	  1	  2	  4	  2	  3	  3	  6	  2	  2	  3
 28	 28	 32	 31	 33	 32	 33	 31	 32	 33	 33	 34	 32	 32	 33	 31	 33	 33	  8	 10	  6	  7	  6	  9	  5	  7	  8	 11	  9
 29	 38	 39	 39	 42	 41	 40	 38	 40	 40	 41	 42	 39	 40	 41	 38	 40	 40	  4	  2	  6	  4	  5	  4	  8	  4	  4	  1	  3	 11
 30	 34	 37	 36	 39	 38	 38	 35	 37	 38	 39	 39	 37	 37	 38	 36	 38	 38	  2	  3	  2	  1	  2	  4	  4	  2	  2	  5	  2	  7	  5
 31	 40	 40	 39	 42	 42	 40	 38	 41	 41	 42	 42	 40	 40	 41	 39	 41	 41	  6	  5	  8	  7	  7	  5	 11	  6	  7	  3	  5	 13	  3	  7
 32	 34	 36	 35	 38	 37	 36	 34	 36	 36	 37	 38	 36	 36	 37	 35	 37	 36	  3	  4	  1	  2	  1	  3	  5	  2	  4	  5	  3	  7	  5	  2	  7
 33	 22	 18	 17	 20	 19	 19	 17	 19	 19	 20	 20	 18	 19	 19	 18	 19	 19	 21	 22	 18	 19	 18	 19	 19	 19	 21	 22	 21	 14	 22	 19	 23	 18
 34	 24	 16	 15	 18	 17	 16	 14	 16	 16	 17	 18	 16	 16	 17	 15	 17	 17	 23	 24	 20	 22	 21	 21	 22	 22	 23	 24	 23	 17	 24	 22	 25	 20	  4
 35	 25	 19	 18	 21	 20	 19	 17	 19	 20	 21	 21	 19	 19	 20	 18	 20	 20	 20	 21	 17	 19	 18	 18	 19	 18	 20	 21	 20	 14	 21	 19	 22	 17	  3	  4
 36	 25	 16	 15	 19	 18	 17	 14	 17	 17	 18	 18	 16	 16	 17	 15	 17	 17	 23	 24	 20	 22	 20	 21	 22	 21	 23	 23	 23	 17	 24	 22	 24	 20	  5	  2	  3
 37	 23	 16	 15	 18	 17	 17	 15	 16	 17	 18	 18	 16	 16	 17	 15	 17	 17	 23	 24	 20	 21	 20	 21	 21	 21	 23	 24	 23	 16	 24	 21	 25	 20	  3	  2	  4	  3
 38	 24	 16	 16	 19	 18	 17	 15	 17	 17	 18	 19	 17	 17	 18	 16	 18	 17	 22	 23	 19	 21	 20	 20	 21	 21	 23	 23	 22	 16	 23	 21	 24	 20	  3	  1	  3	  2	  2
 39	 22	 15	 14	 17	 16	 16	 14	 16	 16	 17	 17	 15	 15	 16	 15	 16	 16	 24	 25	 21	 22	 21	 22	 22	 22	 24	 25	 24	 17	 25	 22	 26	 21	  4	  2	  5	  4	  2	  3
 40	 24	 16	 15	 18	 18	 17	 15	 17	 17	 18	 18	 16	 16	 17	 15	 17	 17	 23	 24	 20	 21	 20	 21	 21	 21	 23	 24	 23	 17	 24	 21	 25	 20	  3	  1	  3	  2	  1	  1	  2
 41	 24	 15	 15	 18	 17	 16	 14	 16	 16	 17	 18	 16	 16	 17	 15	 17	 16	 23	 24	 20	 22	 21	 21	 22	 22	 24	 24	 23	 17	 24	 22	 25	 21	  4	  1	  4	  2	  2	  2	  2	  1
 42	 24	 15	 14	 17	 17	 16	 14	 16	 16	 17	 17	 15	 15	 16	 14	 16	 16	 24	 25	 21	 22	 21	 22	 22	 22	 24	 24	 24	 18	 25	 22	 25	 21	  4	  1	  4	  2	  2	  2	  2	  2	  1
 43	 24	 16	 15	 18	 18	 17	 15	 17	 17	 18	 18	 16	 16	 17	 15	 17	 17	 23	 24	 20	 21	 20	 21	 22	 21	 23	 23	 23	 17	 24	 21	 25	 20	  4	  1	  3	  2	  2	  1	  3	  1	  1	  1
 44	 22	 14	 13	 16	 15	 15	 12	 14	 14	 15	 16	 14	 14	 15	 13	 15	 14	 25	 26	 22	 24	 23	 23	 24	 24	 25	 26	 25	 19	 26	 24	 27	 22	  5	  3	  6	  4	  3	  4	  2	  3	  3	  3	  3
 45	 24	 16	 15	 18	 18	 17	 14	 16	 17	 18	 18	 16	 16	 17	 15	 17	 17	 23	 24	 20	 21	 20	 21	 22	 21	 23	 24	 23	 17	 24	 22	 25	 20	  4	  1	  3	  2	  2	  1	  3	  1	  1	  1	  1	  3
 46	 22	 14	 13	 16	 15	 14	 12	 14	 14	 15	 16	 14	 14	 15	 13	 15	 14	 25	 26	 22	 24	 23	 23	 24	 24	 26	 26	 25	 19	 26	 24	 27	 23	  5	  3	  6	  4	  3	  4	  2	  3	  3	  3	  3	  1	  3
 47	 25	 16	 15	 18	 18	 16	 14	 16	 16	 18	 18	 16	 16	 17	 15	 17	 17	 23	 24	 20	 22	 21	 21	 22	 22	 24	 24	 23	 17	 24	 22	 25	 20	  5	  2	  4	  1	  3	  2	  3	  2	  1	  1	  1	  3	  1	  4
 48	 27	 15	 15	 19	 19	 16	 14	 16	 16	 17	 18	 16	 16	 17	 15	 17	 16	 24	 25	 21	 22	 21	 21	 23	 22	 24	 24	 24	 19	 25	 23	 25	 21	  7	  4	  5	  3	  5	  4	  5	  4	  4	  4	  4	  5	  4	  5	  3
 49	  9	 24	 22	 18	 16	 23	 23	 22	 22	 22	 21	 23	 23	 23	 24	 22	 22	 42	 43	 39	 40	 40	 41	 38	 41	 42	 44	 42	 34	 44	 40	 46	 40	 25	 26	 28	 27	 25	 26	 24	 26	 26	 26	 26	 24	 26	 24	 27	 28
 50	  9	 24	 22	 18	 16	 23	 23	 22	 22	 22	 21	 23	 23	 23	 24	 22	 22	 42	 44	 39	 41	 40	 42	 39	 41	 42	 44	 42	 34	 45	 41	 46	 40	 25	 26	 28	 27	 25	 27	 24	 26	 26	 26	 26	 24	 26	 24	 27	 29	  1
 51	  8	 24	 21	 18	 15	 23	 23	 21	 22	 21	 21	 22	 23	 23	 24	 21	 22	 41	 42	 38	 39	 39	 41	 37	 40	 41	 43	 41	 33	 43	 39	 45	 39	 24	 25	 27	 26	 24	 25	 23	 25	 25	 25	 25	 23	 25	 23	 26	 28	  1	  2
 52	  8	 24	 21	 18	 15	 23	 23	 21	 22	 21	 21	 22	 23	 23	 24	 22	 22	 41	 43	 38	 40	 39	 41	 38	 40	 41	 43	 41	 33	 44	 40	 45	 39	 25	 25	 27	 26	 24	 26	 23	 25	 25	 25	 25	 23	 25	 23	 26	 28	  1	  1	  1
 53	 10	 24	 22	 18	 16	 23	 23	 22	 22	 22	 21	 23	 23	 23	 24	 22	 22	 43	 44	 40	 42	 41	 43	 39	 42	 43	 45	 43	 35	 45	 41	 47	 41	 26	 27	 29	 28	 26	 27	 25	 26	 26	 26	 27	 24	 27	 24	 27	 29	  2	  1	  3	  2
 54	  9	 23	 20	 17	 14	 22	 22	 20	 21	 20	 20	 21	 22	 22	 23	 21	 21	 41	 42	 38	 39	 39	 40	 37	 40	 41	 43	 41	 33	 43	 39	 45	 39	 24	 24	 26	 25	 24	 25	 23	 24	 24	 24	 25	 22	 25	 22	 25	 27	  2	  2	  1	  1	  3
 55	  8	 24	 22	 19	 16	 24	 23	 22	 23	 22	 21	 23	 24	 23	 24	 22	 22	 41	 43	 38	 40	 39	 41	 37	 40	 41	 43	 41	 33	 43	 40	 45	 39	 25	 26	 27	 27	 25	 26	 24	 25	 26	 25	 26	 24	 26	 24	 26	 28	  1	  2	  1	  1	  3	  2
 56	  8	 24	 22	 18	 16	 24	 23	 22	 22	 22	 21	 23	 23	 23	 24	 22	 22	 41	 42	 38	 40	 39	 41	 37	 40	 41	 43	 41	 33	 43	 39	 45	 39	 25	 25	 27	 26	 25	 26	 23	 25	 25	 25	 26	 23	 26	 23	 26	 28	  1	  2	  1	  1	  3	  2	  1
 57	  7	 23	 21	 18	 15	 23	 22	 21	 21	 21	 20	 22	 22	 22	 23	 21	 21	 40	 41	 37	 38	 38	 40	 36	 39	 40	 42	 40	 32	 42	 38	 44	 38	 23	 24	 26	 25	 23	 25	 22	 24	 24	 24	 24	 22	 24	 22	 25	 27	  2	  3	  2	  2	  4	  2	  2	  2
 58	  9	 24	 22	 18	 16	 23	 23	 22	 22	 22	 21	 23	 23	 23	 24	 22	 22	 42	 43	 39	 41	 40	 42	 38	 41	 42	 44	 42	 34	 44	 40	 46	 40	 25	 26	 28	 27	 25	 26	 24	 26	 26	 26	 26	 24	 26	 24	 27	 29	  1	  1	  2	  1	  2	  2	  2	  2	  3
 59	  8	 24	 22	 18	 16	 23	 23	 22	 22	 22	 21	 23	 23	 23	 24	 22	 22	 41	 43	 39	 40	 39	 41	 38	 40	 41	 43	 42	 34	 44	 40	 45	 39	 25	 26	 28	 27	 25	 26	 24	 25	 25	 25	 26	 23	 26	 23	 26	 28	  1	  1	  1	  1	  2	  2	  1	  1	  2	  1
 60	  9	 24	 22	 18	 16	 24	 23	 22	 22	 22	 21	 23	 23	 23	 24	 22	 22	 42	 43	 39	 40	 40	 41	 38	 41	 42	 44	 42	 34	 44	 40	 46	 40	 25	 26	 28	 27	 25	 26	 24	 26	 26	 26	 26	 24	 26	 24	 27	 28	  1	  1	  1	  1	  2	  2	  1	  1	  2	  1	  1
 61	  9	 24	 21	 18	 15	 23	 23	 21	 22	 21	 21	 22	 23	 23	 24	 22	 22	 42	 43	 39	 40	 40	 41	 38	 41	 42	 44	 42	 34	 44	 40	 46	 40	 25	 26	 28	 27	 25	 26	 24	 25	 26	 25	 26	 24	 26	 24	 26	 28	  1	  1	  2	  1	  2	  2	  2	  2	  3	  1	  1	  1
 62	  9	 24	 22	 18	 16	 24	 23	 22	 22	 22	 21	 23	 23	 23	 24	 22	 22	 42	 43	 39	 41	 40	 42	 38	 41	 42	 44	 42	 34	 44	 40	 46	 40	 25	 26	 28	 27	 25	 26	 24	 26	 26	 26	 26	 24	 26	 24	 27	 29	  1	  1	  2	  1	  2	  2	  2	  2	  3	  1	  1	  1	  1
 63	  9	 24	 22	 18	 16	 24	 23	 22	 22	 22	 21	 23	 23	 23	 24	 22	 22	 42	 43	 39	 41	 40	 42	 38	 41	 42	 44	 42	 34	 44	 41	 46	 40	 25	 26	 28	 27	 25	 27	 24	 26	 26	 26	 26	 24	 26	 24	 27	 29	  1	  1	  2	  1	  2	  2	  2	  2	  3	  1	  1	  1	  1	  1
 64	  7	 25	 23	 20	 17	 25	 24	 23	 24	 23	 22	 24	 25	 24	 25	 23	 23	 41	 43	 39	 40	 39	 41	 38	 40	 41	 43	 41	 33	 44	 40	 45	 39	 25	 26	 28	 27	 25	 27	 24	 26	 26	 26	 26	 24	 26	 24	 27	 29	  2	  3	  2	  2	  3	  3	  2	  2	  3	  2	  2	  2	  3	  2	  2
 65	 22	 37	 35	 36	 34	 37	 35	 36	 37	 37	 37	 36	 37	 38	 36	 37	 37	 19	 20	 18	 18	 18	 21	 14	 19	 18	 22	 19	 14	 22	 18	 24	 19	 21	 24	 23	 25	 23	 24	 24	 24	 25	 25	 24	 25	 24	 25	 25	 27	 29	 30	 29	 29	 31	 29	 29	 29	 28	 30	 29	 29	 30	 30	 30	 28
 66	 24	 34	 32	 34	 32	 34	 32	 33	 34	 34	 35	 33	 34	 34	 33	 34	 34	 13	 14	 11	 12	 12	 14	  8	 12	 12	 16	 13	  7	 16	 11	 18	 12	 16	 19	 17	 20	 19	 19	 19	 19	 20	 20	 19	 20	 19	 21	 20	 22	 31	 32	 30	 31	 32	 30	 30	 30	 29	 31	 31	 31	 31	 31	 31	 30	  8
 67	 24	 34	 33	 34	 32	 34	 32	 34	 34	 35	 35	 34	 34	 35	 33	 34	 34	 13	 15	 12	 12	 12	 15	  9	 13	 13	 16	 14	  7	 16	 12	 19	 13	 17	 20	 18	 21	 19	 20	 20	 20	 20	 21	 20	 21	 20	 21	 21	 22	 31	 31	 30	 30	 32	 30	 30	 30	 29	 31	 31	 31	 31	 31	 31	 30	  7	  1
 68	 23	 33	 32	 33	 31	 34	 32	 33	 33	 34	 34	 33	 33	 34	 33	 34	 33	 14	 15	 12	 13	 13	 15	  9	 14	 13	 17	 14	  8	 17	 13	 19	 13	 16	 19	 17	 20	 19	 19	 19	 19	 20	 20	 19	 20	 19	 21	 20	 22	 30	 31	 29	 30	 31	 29	 29	 29	 28	 30	 30	 30	 30	 30	 30	 29	  7	  2	  1
 69	 23	 35	 33	 34	 32	 35	 33	 34	 35	 35	 35	 34	 35	 35	 34	 35	 35	 15	 17	 14	 14	 14	 17	 11	 15	 15	 18	 16	  9	 18	 14	 20	 15	 18	 21	 19	 22	 20	 21	 21	 21	 21	 22	 21	 22	 21	 22	 22	 24	 30	 31	 29	 30	 31	 29	 29	 29	 28	 30	 30	 30	 30	 30	 30	 29	  5	  3	  2	  2
 70	 22	 32	 31	 32	 30	 33	 31	 32	 32	 33	 33	 32	 32	 33	 32	 32	 32	 15	 16	 13	 14	 14	 16	 11	 14	 14	 18	 15	  8	 18	 14	 20	 14	 15	 18	 17	 19	 18	 18	 18	 18	 19	 19	 18	 19	 18	 19	 19	 21	 29	 29	 28	 28	 30	 28	 28	 28	 27	 29	 28	 29	 29	 29	 29	 28	  7	  3	  3	  2	  3
 71	 26	 34	 33	 35	 33	 35	 33	 34	 35	 35	 36	 34	 34	 35	 34	 35	 35	 11	 13	 10	 10	 10	 13	  7	 11	 11	 14	 12	  6	 14	 10	 16	 11	 17	 20	 17	 20	 19	 19	 20	 19	 20	 20	 20	 21	 20	 21	 20	 22	 32	 33	 32	 32	 34	 32	 32	 32	 31	 33	 32	 33	 33	 33	 33	 32	  9	  2	  3	  3	  5	  4
 72	 26	 33	 32	 34	 32	 33	 31	 33	 33	 34	 34	 33	 33	 34	 32	 34	 33	 10	 12	  8	  9	  9	 11	  6	  9	 10	 13	 10	  3	 13	  9	 15	  9	 15	 18	 16	 19	 18	 18	 18	 18	 19	 19	 18	 20	 18	 20	 19	 20	 33	 33	 32	 32	 34	 32	 32	 32	 31	 33	 32	 33	 33	 33	 33	 32	 11	  4	  4	  5	  6	  5	  3
 73	 24	 34	 32	 34	 32	 34	 32	 33	 34	 35	 35	 33	 34	 35	 33	 34	 34	 13	 14	 11	 12	 12	 14	  8	 12	 12	 16	 13	  7	 16	 11	 18	 12	 16	 19	 17	 20	 19	 19	 19	 19	 20	 20	 19	 21	 19	 21	 20	 22	 31	 32	 30	 31	 32	 30	 30	 30	 29	 31	 31	 31	 31	 31	 31	 30	  8	  1	  1	  2	  3	  3	  2	  4
 74	 22	 31	 30	 31	 29	 32	 30	 31	 31	 32	 32	 31	 31	 32	 30	 31	 31	 14	 16	 12	 13	 13	 15	 10	 13	 14	 17	 14	  7	 17	 13	 19	 13	 14	 17	 15	 18	 16	 17	 17	 17	 17	 18	 17	 18	 17	 18	 18	 20	 29	 29	 28	 28	 30	 28	 28	 28	 27	 29	 29	 29	 29	 29	 29	 28	  8	  3	  3	  3	  5	  2	  4	  5	  3
 75	 26	 32	 31	 33	 31	 33	 30	 32	 32	 33	 34	 32	 32	 33	 31	 33	 32	 10	 12	  8	  9	  9	 11	  6	  9	 10	 13	 10	  3	 13	  9	 15	  9	 14	 17	 15	 18	 17	 17	 17	 17	 18	 18	 17	 19	 17	 19	 18	 19	 32	 33	 31	 32	 33	 31	 32	 31	 30	 32	 32	 32	 32	 32	 33	 32	 11	  4	  5	  5	  7	  6	  4	  1	  4	  4
 76	 25	 32	 31	 33	 31	 33	 31	 32	 32	 33	 34	 32	 32	 33	 32	 33	 32	 12	 13	 10	 11	 10	 13	  8	 11	 11	 14	 12	  5	 15	 10	 17	 11	 15	 18	 15	 18	 17	 17	 18	 17	 18	 18	 18	 19	 18	 19	 18	 20	 31	 32	 30	 31	 32	 30	 30	 30	 29	 31	 31	 31	 31	 31	 31	 30	  9	  2	  3	  3	  5	  4	  3	  2	  2	  3	  2
 77	 26	 37	 35	 36	 35	 37	 35	 36	 37	 37	 38	 36	 37	 37	 36	 37	 37	 13	 14	 12	 12	 12	 15	  8	 13	 12	 16	 13	  8	 16	 12	 18	 13	 19	 22	 20	 23	 22	 22	 22	 22	 23	 23	 22	 23	 22	 24	 23	 25	 33	 34	 32	 33	 34	 32	 32	 32	 31	 33	 33	 33	 33	 33	 33	 32	  7	  4	  3	  4	  3	  5	  3	  6	  3	  6	  6	  5
 78	 23	 32	 30	 32	 30	 32	 30	 31	 32	 32	 33	 31	 32	 32	 31	 32	 32	 13	 15	 11	 12	 12	 14	  9	 13	 13	 16	 14	  6	 16	 12	 18	 12	 14	 17	 15	 18	 17	 17	 17	 17	 18	 18	 17	 18	 17	 19	 18	 20	 29	 30	 29	 29	 31	 28	 29	 29	 28	 30	 29	 29	 30	 30	 30	 29	  8	  2	  3	  3	  4	  2	  4	  4	  3	  1	  4	  2	  5
 79	 25	 36	 34	 35	 34	 36	 34	 35	 36	 36	 37	 35	 36	 36	 35	 36	 36	 13	 14	 11	 12	 12	 15	  8	 13	 12	 16	 13	  8	 16	 12	 18	 12	 18	 21	 19	 22	 21	 21	 21	 21	 22	 22	 21	 22	 21	 23	 22	 24	 32	 33	 31	 32	 34	 31	 32	 31	 30	 33	 32	 32	 32	 32	 33	 31	  7	  3	  2	  3	  3	  4	  3	  5	  2	  5	  6	  4	  2	  4
 80	 23	 31	 30	 31	 30	 32	 30	 31	 31	 32	 32	 31	 31	 32	 31	 32	 31	 13	 15	 11	 12	 12	 14	  9	 12	 13	 16	 13	  6	 16	 12	 18	 12	 14	 17	 15	 17	 16	 16	 17	 17	 17	 18	 17	 18	 17	 18	 18	 19	 30	 30	 29	 29	 31	 29	 29	 29	 28	 30	 29	 30	 30	 30	 30	 29	  9	  3	  4	  3	  5	  3	  4	  4	  3	  2	  3	  2	  6	  1	  5
 81	 40	 61	 59	 59	 56	 61	 59	 60	 60	 61	 60	 60	 60	 61	 60	 60	 60	 36	 37	 37	 37	 37	 40	 33	 37	 36	 39	 37	 35	 39	 36	 41	 38	 45	 48	 47	 49	 47	 48	 48	 48	 49	 49	 48	 49	 48	 49	 49	 51	 48	 48	 47	 48	 49	 48	 47	 47	 46	 48	 47	 48	 48	 48	 48	 46	 25	 30	 29	 30	 28	 31	 30	 33	 30	 32	 34	 32	 28	 32	 29	 32
 82	 38	 59	 57	 57	 55	 60	 58	 58	 59	 59	 59	 59	 59	 60	 59	 59	 59	 36	 37	 36	 36	 37	 39	 32	 37	 35	 39	 37	 35	 38	 36	 41	 37	 44	 47	 46	 48	 46	 47	 47	 47	 48	 48	 47	 48	 47	 48	 48	 50	 46	 47	 46	 46	 47	 46	 45	 45	 45	 46	 46	 46	 47	 46	 46	 45	 23	 29	 29	 29	 27	 30	 30	 32	 29	 31	 33	 31	 27	 31	 28	 32	  2
 83	 40	 61	 59	 59	 57	 62	 60	 60	 61	 61	 61	 61	 61	 62	 61	 61	 61	 37	 38	 38	 37	 38	 40	 34	 38	 36	 40	 38	 36	 40	 37	 42	 39	 46	 49	 47	 50	 48	 49	 48	 49	 49	 50	 49	 50	 49	 50	 50	 52	 48	 49	 48	 48	 49	 48	 47	 47	 47	 48	 48	 48	 49	 48	 48	 47	 25	 31	 30	 31	 29	 31	 31	 34	 31	 33	 34	 33	 28	 33	 29	 33	  1	  3
 84	 45	 66	 64	 64	 61	 66	 64	 65	 65	 66	 65	 65	 65	 66	 65	 65	 65	 40	 41	 41	 40	 41	 44	 37	 41	 39	 43	 41	 40	 42	 40	 45	 42	 50	 53	 51	 54	 52	 53	 52	 53	 53	 54	 53	 54	 53	 54	 54	 56	 53	 53	 52	 52	 54	 53	 52	 52	 51	 53	 52	 52	 53	 53	 53	 51	 29	 35	 34	 34	 33	 35	 35	 37	 35	 37	 38	 37	 32	 37	 33	 37	  5	  7	  5
 85	 42	 62	 60	 61	 58	 62	 61	 61	 62	 62	 62	 62	 62	 63	 62	 62	 62	 36	 37	 37	 36	 37	 39	 33	 37	 35	 39	 37	 36	 38	 36	 41	 38	 46	 49	 48	 50	 49	 49	 49	 49	 50	 50	 49	 50	 49	 50	 50	 52	 50	 51	 50	 50	 51	 50	 49	 49	 49	 50	 50	 50	 51	 50	 50	 49	 26	 31	 30	 31	 29	 32	 31	 33	 31	 33	 34	 33	 28	 33	 29	 33	  4	  5	  4	  5
 86	 43	 63	 61	 61	 59	 64	 62	 62	 63	 63	 63	 63	 63	 64	 63	 63	 63	 38	 39	 39	 38	 39	 41	 35	 39	 37	 40	 38	 37	 40	 38	 43	 39	 48	 51	 49	 51	 50	 50	 50	 50	 51	 51	 51	 51	 51	 52	 51	 53	 51	 51	 50	 51	 52	 51	 50	 50	 49	 51	 50	 51	 51	 51	 51	 49	 27	 33	 32	 32	 30	 33	 33	 35	 32	 34	 36	 34	 30	 34	 31	 35	  4	  5	  3	  3	  2
 87	 40	 62	 60	 59	 57	 62	 60	 61	 61	 61	 61	 61	 61	 62	 61	 61	 61	 37	 38	 38	 38	 38	 41	 34	 38	 37	 40	 38	 36	 40	 37	 42	 39	 46	 49	 48	 50	 48	 49	 49	 49	 50	 50	 49	 50	 49	 50	 50	 52	 48	 49	 48	 48	 49	 48	 47	 48	 47	 49	 48	 48	 49	 48	 48	 47	 26	 31	 30	 31	 29	 32	 31	 34	 31	 33	 35	 33	 29	 33	 30	 33	  2	  3	  1	  5	  4	  3
 88	 39	 60	 58	 58	 55	 60	 58	 59	 59	 60	 60	 59	 60	 60	 59	 60	 59	 35	 37	 36	 36	 36	 39	 32	 37	 35	 38	 36	 34	 38	 35	 40	 37	 44	 47	 46	 48	 47	 47	 47	 47	 48	 48	 47	 48	 48	 48	 48	 50	 47	 48	 47	 47	 48	 47	 46	 46	 46	 47	 47	 47	 48	 47	 47	 46	 24	 29	 29	 29	 27	 30	 30	 32	 29	 31	 33	 31	 27	 31	 28	 32	  1	  2	  2	  6	  4	  4	  2
 89	 41	 62	 60	 60	 57	 62	 60	 61	 61	 62	 62	 61	 61	 62	 61	 61	 61	 36	 37	 37	 36	 37	 39	 33	 37	 35	 39	 37	 35	 38	 36	 41	 37	 46	 49	 47	 50	 48	 49	 48	 48	 49	 49	 49	 50	 49	 50	 50	 52	 49	 50	 49	 49	 51	 49	 48	 49	 48	 50	 49	 49	 50	 49	 50	 48	 25	 31	 30	 30	 28	 31	 31	 33	 30	 32	 34	 32	 28	 32	 29	 33	  3	  4	  3	  5	  1	  2	  3	  3
 90	 41	 60	 58	 59	 56	 60	 59	 59	 60	 60	 60	 60	 60	 61	 60	 60	 60	 33	 34	 34	 33	 34	 36	 30	 34	 32	 36	 34	 33	 35	 33	 38	 35	 44	 47	 45	 48	 46	 47	 47	 47	 47	 48	 47	 48	 47	 48	 48	 50	 49	 50	 49	 49	 50	 49	 48	 48	 48	 49	 49	 49	 50	 49	 49	 48	 24	 29	 28	 28	 27	 29	 28	 31	 28	 31	 32	 30	 26	 30	 27	 31	  6	  6	  6	  8	  4	  5	  6	  5	  4
 91	 39	 60	 58	 58	 55	 60	 58	 59	 59	 60	 60	 59	 60	 60	 59	 60	 59	 36	 37	 37	 36	 37	 39	 33	 37	 35	 39	 37	 35	 38	 36	 41	 37	 44	 48	 46	 48	 47	 47	 47	 47	 48	 48	 48	 48	 48	 48	 48	 50	 47	 48	 47	 47	 48	 47	 46	 46	 46	 47	 47	 47	 47	 47	 47	 45	 24	 30	 29	 29	 27	 30	 30	 32	 30	 31	 33	 32	 27	 31	 28	 32	  1	  2	  2	  6	  4	  4	  2	  1	  3	  6
 92	 41	 61	 59	 59	 57	 61	 60	 60	 61	 61	 61	 61	 61	 62	 61	 61	 61	 35	 37	 36	 36	 37	 39	 32	 37	 35	 38	 36	 35	 38	 36	 40	 37	 45	 48	 47	 49	 48	 48	 48	 48	 49	 49	 48	 49	 49	 49	 49	 51	 49	 49	 48	 49	 50	 49	 48	 48	 48	 49	 49	 49	 49	 49	 49	 47	 25	 30	 29	 30	 28	 31	 30	 32	 30	 32	 33	 32	 27	 32	 28	 32	  3	  4	  3	  5	  2	  3	  3	  2	  1	  4	  3
 93	 32	 52	 50	 51	 48	 53	 51	 51	 52	 52	 52	 52	 52	 53	 52	 52	 52	 29	 31	 30	 29	 30	 33	 26	 30	 29	 32	 30	 27	 32	 29	 35	 30	 37	 40	 38	 41	 39	 40	 39	 40	 40	 41	 40	 41	 40	 41	 41	 43	 40	 41	 40	 40	 42	 40	 40	 40	 39	 41	 40	 40	 41	 41	 41	 39	 16	 22	 21	 22	 20	 22	 22	 25	 22	 24	 26	 24	 20	 24	 21	 24	  9	  8	 10	 14	 10	 11	 10	  8	 10	  9	  8	  9
 94	 43	 65	 63	 63	 60	 65	 63	 64	 64	 65	 65	 64	 65	 65	 65	 65	 64	 41	 42	 42	 41	 42	 44	 38	 42	 40	 44	 42	 40	 43	 41	 46	 42	 50	 53	 51	 54	 52	 53	 52	 53	 53	 54	 53	 53	 53	 54	 54	 56	 51	 52	 51	 51	 52	 51	 50	 50	 50	 52	 51	 51	 52	 51	 51	 50	 29	 35	 34	 35	 33	 35	 35	 37	 35	 37	 38	 37	 32	 37	 33	 37	  5	  6	  4	  3	  6	  4	  4	  6	  6	  9	  6	  6	 13
 95	 38	 59	 57	 57	 55	 59	 58	 58	 59	 59	 59	 59	 59	 60	 59	 59	 59	 36	 37	 37	 36	 37	 40	 33	 37	 35	 39	 37	 35	 39	 36	 41	 38	 44	 47	 46	 48	 46	 47	 47	 47	 48	 48	 47	 48	 47	 48	 48	 50	 46	 46	 45	 46	 47	 46	 45	 45	 45	 46	 45	 46	 46	 46	 46	 44	 24	 30	 29	 29	 27	 30	 30	 32	 29	 31	 33	 31	 27	 31	 28	 32	  3	  1	  3	  7	  6	  6	  3	  3	  5	  7	  2	  5	  8	  6
 96	 38	 59	 57	 57	 55	 60	 58	 58	 59	 59	 59	 59	 59	 60	 59	 59	 59	 35	 37	 36	 36	 36	 39	 32	 37	 35	 38	 36	 34	 38	 35	 41	 37	 44	 47	 45	 48	 46	 47	 47	 47	 47	 48	 47	 48	 47	 48	 48	 50	 46	 47	 46	 46	 48	 46	 46	 46	 45	 47	 46	 46	 47	 47	 47	 45	 23	 29	 28	 29	 27	 29	 29	 32	 29	 31	 33	 31	 27	 31	 28	 31	  2	  1	  2	  7	  5	  5	  3	  1	  4	  6	  1	  3	  8	  6	  2
 97	 27	 51	 48	 45	 42	 50	 50	 48	 49	 48	 47	 49	 50	 50	 51	 48	 49	 59	 61	 57	 58	 58	 60	 55	 59	 59	 62	 60	 52	 62	 58	 64	 58	 49	 50	 51	 51	 49	 51	 48	 50	 50	 50	 50	 49	 50	 49	 51	 53	 27	 27	 28	 28	 27	 28	 27	 27	 28	 27	 27	 27	 27	 27	 27	 26	 42	 47	 46	 46	 45	 45	 49	 50	 47	 46	 50	 48	 47	 46	 47	 47	 46	 45	 47	 50	 50	 49	 46	 46	 49	 50	 46	 48	 43	 48	 44	 46
 98	 27	 51	 48	 45	 42	 50	 50	 48	 49	 48	 47	 49	 50	 50	 51	 48	 49	 59	 61	 57	 58	 58	 60	 55	 59	 59	 62	 60	 52	 62	 58	 64	 58	 49	 50	 51	 51	 49	 51	 48	 50	 50	 50	 50	 49	 50	 49	 51	 53	 27	 27	 28	 28	 27	 28	 27	 27	 28	 27	 27	 27	 27	 27	 27	 26	 42	 47	 46	 46	 45	 45	 49	 50	 47	 46	 50	 48	 47	 46	 47	 47	 46	 45	 47	 50	 50	 49	 46	 46	 49	 50	 46	 48	 43	 48	 44	 46	  1
 99	 27	 51	 48	 45	 42	 50	 50	 48	 49	 48	 47	 49	 50	 50	 51	 48	 49	 59	 61	 57	 58	 58	 60	 55	 59	 59	 62	 60	 52	 62	 58	 64	 58	 49	 50	 51	 51	 49	 51	 48	 50	 50	 50	 50	 49	 50	 49	 51	 53	 27	 27	 28	 28	 27	 28	 27	 27	 28	 27	 27	 27	 27	 27	 27	 26	 42	 47	 46	 46	 45	 45	 49	 50	 47	 46	 50	 48	 47	 46	 47	 47	 46	 45	 47	 50	 50	 49	 46	 46	 49	 50	 46	 48	 43	 48	 44	 46	  1	  1
100	 27	 51	 48	 45	 42	 50	 50	 48	 49	 48	 47	 49	 50	 50	 51	 48	 49	 59	 61	 57	 58	 58	 60	 55	 59	 59	 62	 60	 52	 62	 58	 64	 58	 49	 50	 51	 51	 49	 51	 48	 50	 50	 50	 50	 49	 50	 49	 51	 53	 27	 27	 28	 28	 27	 28	 27	 27	 28	 27	 27	 27	 27	 27	 27	 26	 42	 47	 46	 46	 45	 45	 49	 50	 47	 46	 50	 48	 47	 46	 47	 47	 46	 45	 47	 50	 50	 49	 46	 46	 49	 50	 46	 48	 43	 48	 44	 46	  1	  1	  1
