nVehicles:   19
nDepots:      1
nCustomers: 100
nPeriods:    12
VEHICLE_TYPE	FLEET_SIZE	CAPACITY
           4	        19	      38	
DEPOT   	X  	Y  	INV_COST	INITIAL_INV 	MIN_LEVEL_INV 	MAX_LEVEL_INV	PRODUCTION_0	PRODUCTION_1	PRODUCTION_2	PRODUCTION_3	PRODUCTION_4	PRODUCTION_5	PRODUCTION_6	PRODUCTION_7	PRODUCTION_8	PRODUCTION_9	PRODUCTION_10	PRODUCTION_11
       0	473	344	       0	        853	            0	         8062	         675	         675	         675	         675	         675	         675	         675	         675	         675	         675	          675	          675	
CUSTOMER	X  	Y  	INV_COST	INITIAL_INV	MIN_LEVEL_INV 	MAX_LEVEL_INV	DEMAND_0	DEMAND_1	DEMAND_2	DEMAND_3	DEMAND_4	DEMAND_5	DEMAND_6	DEMAND_7	DEMAND_8	DEMAND_9	DEMAND_10	DEMAND_11
       1	204	425	    0.27	          4	            0	           30	       5	       7	      10	      13	      11	       7	       5	       6	       7	      10	        9	        9
       2	216	441	    0.18	          4	            0	           57	       4	       4	       5	       7	       6	       7	       4	       5	       5	       5	        5	        8
       3	222	439	    0.17	          2	            0	           96	       8	       8	       9	      14	      11	       8	       7	       7	       8	      10	       12	        9
       4	217	424	     0.1	          6	            0	           64	       6	       6	       9	      12	      10	      10	       7	       6	       9	      10	        9	        9
       5	215	418	    0.11	          8	            0	           45	       6	       6	       7	       9	      10	       8	       7	       7	       9	       8	       10	       10
       6	214	406	    0.14	          7	            0	           17	       5	       6	       8	       9	       9	       5	       5	       5	       8	       9	        5	        4
       7	223	416	    0.16	          1	            0	           17	       3	       5	       5	       8	       7	       4	       4	       5	       7	       6	        4	        4
       8	205	419	    0.18	          1	            0	           23	       4	       5	       5	       7	       7	       6	       4	       5	       5	       7	        6	        6
       9	217	423	     0.2	          6	            0	           26	       3	       4	       4	       5	       5	       5	       4	       4	       5	       5	        6	        4
      10	255	403	    0.24	          2	            0	           62	       4	       6	       8	       7	       5	       4	       5	       8	       7	       6	        5	        7
      11	215	406	    0.27	          3	            0	           24	       4	       3	       4	       5	       5	       4	       4	       4	       4	       5	        6	        6
      12	234	430	    0.08	          9	            0	           60	       4	       5	       6	       6	       8	       6	       4	       4	       5	       5	        7	        8
      13	227	417	    0.08	          4	            0	           48	       5	       5	       6	       6	       9	       8	       6	       6	       5	       6	        7	        9
      14	242	393	    0.22	          3	            0	           43	       6	       5	       6	       9	      10	       9	       7	       7	       6	       6	        8	        9
      15	220	418	     0.1	         10	            0	           24	       5	       6	       6	       9	       8	       6	       5	       5	       8	       7	        6	        5
      16	216	422	    0.12	          7	            0	           64	       6	       6	       9	      11	       9	       9	       8	       7	       8	       8	       11	       11
      17	117	 68	    0.14	          2	            0	           56	       6	       5	       7	      10	      10	       9	       8	       6	       5	       5	        6	        8
      18	108	102	    0.28	          8	            0	           25	       4	       5	       7	       8	       4	       4	       4	       6	       8	       4	        4	        6
      19	 93	112	    0.24	          8	            0	           65	       6	       7	      11	      11	       7	       6	       7	       9	       9	       8	        5	        6
      20	 68	 64	    0.16	          3	            0	           10	       3	       3	       3	       4	       5	       5	       4	       3	       3	       4	        4	        5
      21	 86	109	    0.23	          8	            0	           47	       4	       4	       6	       7	       8	       8	       7	       5	       5	       5	        5	        7
      22	 84	103	    0.24	          6	            0	           31	       5	       5	       8	       9	       9	       7	       6	       5	       5	       8	        9	        9
      23	 94	116	    0.02	          1	            0	           86	       6	       7	      11	      11	       9	       9	       6	      11	      13	      13	       10	        8
      24	117	 65	    0.03	          4	            0	           91	       6	       5	      10	      11	      11	      11	       7	       6	       6	       9	       11	        9
      25	 99	114	    0.08	          7	            0	           63	       6	       5	       7	      11	      11	       9	       5	       6	       7	       9	       11	       11
      26	 94	 97	    0.03	          9	            0	           64	       5	       5	       5	       7	       8	       6	       6	       5	       4	       4	        4	        6
      27	 85	 91	    0.26	          3	            0	           60	       5	       6	       7	       9	       9	       8	       7	       6	       4	       5	        6	        9
      28	 87	108	    0.27	          7	            0	           82	       6	       6	       8	      10	       7	       6	       6	       6	       8	       8	        7	        6
      29	 91	112	    0.11	         10	            0	           78	       5	       5	       6	       7	       9	       8	       5	       6	       6	       8	        8	        8
      30	 85	107	    0.04	          1	            0	           22	       5	       6	       6	       9	       8	       8	       8	       5	       5	       4	        7	        9
      31	103	115	    0.08	          8	            0	           30	       8	       9	      11	      11	       9	       8	       7	      13	      14	       8	        6	       10
      32	 72	 70	    0.03	         12	            0	           55	       6	       8	       9	       9	      10	       9	       6	       6	       7	       8	        9	       10
      33	452	311	    0.08	          4	            0	           30	       5	       4	       5	       7	       7	       7	       6	       5	       4	       4	        5	        7
      34	499	290	    0.17	         10	            0	           92	       7	       7	      13	      10	      11	       8	       7	       8	      14	      13	        8	        8
      35	455	310	    0.23	         13	            0	           74	       6	       7	       9	       8	       8	       5	       6	       8	       8	       7	        5	        7
      36	434	357	    0.11	         11	            0	           29	       5	       6	       7	       7	       7	       5	       6	       7	      10	       7	        4	        6
      37	456	312	    0.09	          2	            0	           55	       4	       4	       6	       7	       5	       4	       6	       7	       7	       5	        4	        7
      38	453	318	    0.23	         13	            0	           68	       5	       8	      10	      11	       7	       7	       8	      12	       9	       7	        6	        9
      39	413	319	    0.01	          1	            0	           32	       7	       5	       7	      10	       9	       8	      10	       6	       5	       6	        8	       12
      40	456	336	    0.15	          5	            0	           55	       7	       7	       7	      10	       9	      11	       9	       7	       7	       6	        9	       10
      41	458	312	    0.13	          4	            0	           16	       3	       4	       5	       6	       6	       3	       3	       4	       6	       5	        5	        3
      42	467	314	    0.14	          4	            0	           25	       5	       6	       7	       8	       9	       8	       5	       4	       6	       8	        9	       10
      43	460	312	     0.1	          4	            0	           28	       3	       3	       5	       5	       5	       4	       3	       3	       5	       6	        4	        4
      44	453	312	    0.28	          5	            0	           30	       3	       3	       4	       5	       5	       3	       4	       5	       7	       5	        4	        3
      45	460	330	     0.2	          3	            0	           27	       5	       4	       8	       8	       8	       7	       5	       6	       8	       8	        8	        5
      46	463	315	    0.07	          5	            0	           40	       4	       4	       6	       7	       5	       4	       5	       6	       6	       6	        5	        4
      47	450	291	    0.14	          6	            0	           44	       4	       4	       6	       7	       7	       6	       4	       5	       5	       6	        7	        6
      48	456	310	    0.07	          6	            0	           43	       4	       5	       7	       7	       6	       4	       5	       7	       8	       6	        5	        6
      49	128	297	    0.04	          7	            0	           38	       7	       8	      10	      13	      10	       9	       8	       9	      10	      11	       10	        6
      50	186	302	     0.2	          3	            0	           73	       6	       5	       8	      10	       7	       6	       6	       9	      10	       8	        7	        5
      51	146	321	    0.01	          3	            0	           39	       4	       3	       4	       7	       5	       4	       3	       3	       5	       5	        4	        3
      52	146	313	    0.27	          9	            0	           33	       4	       6	       8	       8	       6	       5	       6	       7	       8	       7	        5	        5
      53	148	327	    0.27	          1	            0	           27	       5	       6	      10	       8	       7	       5	       6	       9	      10	       7	        5	        6
      54	137	312	    0.04	          7	            0	           44	       7	       7	      10	      11	      11	       6	       5	       8	       8	      10	       12	        8
      55	148	324	    0.02	          3	            0	           32	       4	       4	       4	       6	       7	       7	       5	       4	       4	       6	        6	        7
      56	154	328	    0.16	         12	            0	          109	       8	       7	      10	      12	      11	      10	       7	       6	       9	      13	       11	        9
      57	159	338	    0.17	          7	            0	           39	       4	       3	       4	       7	       5	       4	       4	       6	       6	       5	        3	        4
      58	150	317	    0.27	         11	            0	           94	       7	       7	       9	      11	       9	      11	       8	       7	       6	       7	       11	       13
      59	169	341	    0.23	         12	            0	           85	       7	       7	      11	      12	       8	       6	       7	       7	      12	       9	        7	        5
      60	152	308	    0.03	          5	            0	           78	       6	       5	      10	       9	       9	       5	       7	       8	       9	       9	        5	        5
      61	152	323	    0.05	         11	            0	           27	       7	       8	       8	      10	       9	       8	       7	       7	       9	      12	       11	       10
      62	162	322	    0.14	          3	            0	           40	       5	       5	       8	       8	       5	       4	       6	       7	       8	       6	        5	        5
      63	227	310	    0.02	          4	            0	           36	       3	       3	       5	       6	       5	       5	       4	       3	       3	       4	        5	        6
      64	150	321	    0.22	          5	            0	           59	       6	       8	      12	      14	       9	       8	       8	      11	      11	       7	        7	        8
      65	165	361	    0.17	          3	            0	           87	       6	       8	      11	       9	       9	       6	       7	      11	       9	       9	        5	        8
      66	187	336	    0.06	          1	            0	           71	       4	       6	       5	       7	       8	       9	       6	       7	       4	       5	        5	        7
      67	176	337	    0.13	          3	            0	           43	       6	       7	       9	       8	       7	       6	       6	       9	      10	       7	        5	        5
      68	205	331	     0.2	          6	            0	           19	       5	       5	       9	      11	       9	       7	       5	       6	       7	       9	        9	        9
      69	156	349	       0	          4	            0	           48	       4	       5	       8	       6	       6	       4	       4	       6	       7	       4	        3	        5
      70	207	339	    0.11	          6	            0	           68	       7	       6	       8	      12	      14	      13	       9	       7	       7	       8	        7	        9
      71	178	337	    0.07	         13	            0	           94	       6	       9	      12	      13	      10	       8	       7	      10	      11	      11	        9	        8
      72	154	357	     0.2	          5	            0	           61	       7	       7	       9	      10	      10	      11	       9	       7	       6	       7	        8	       10
      73	189	349	    0.03	          6	            0	           31	       3	       3	       4	       6	       5	       5	       4	       4	       3	       3	        4	        4
      74	194	324	    0.17	          5	            0	           17	       3	       4	       5	       5	       6	       6	       5	       4	       4	       3	        4	        5
      75	205	370	    0.24	          7	            0	           68	       5	       4	       6	       7	       7	       7	       6	       4	       4	       5	        6	        8
      76	179	342	    0.23	          5	            0	           75	       7	       7	      10	      12	      13	      11	      11	       7	       6	       9	       11	       12
      77	180	351	    0.23	          3	            0	           26	       3	       3	       6	       5	       5	       3	       4	       5	       5	       5	        3	        4
      78	170	333	    0.03	          2	            0	           68	       6	       5	       5	       7	       7	       8	       7	       6	       4	       6	        6	        8
      79	176	330	    0.04	          1	            0	           68	       3	       5	       7	       8	       6	       4	       5	       5	       7	       8	        5	        5
      80	171	332	     0.3	          5	            0	           92	       8	       6	       9	      11	      14	       9	       7	       7	       7	      11	       12	       12
      81	172	294	    0.01	          3	            0	           46	       8	       8	      10	      13	      11	       8	       6	       9	      13	      12	        9	        6
      82	176	300	    0.19	          1	            0	           20	       5	       5	       6	       7	       8	       7	       5	       5	       8	       9	        7	        6
      83	173	294	    0.23	          7	            0	           37	       5	       4	       6	       6	       6	       4	       4	       6	       6	       7	        5	        4
      84	174	304	    0.16	          5	            0	           26	       4	       4	       7	       6	       7	       5	       4	       5	       7	       7	        4	        4
      85	172	301	    0.13	          6	            0	           37	       4	       5	       8	       7	       7	       5	       5	       6	       7	       9	        5	        4
      86	180	310	    0.23	          4	            0	           53	       7	       7	       9	      13	      11	       7	       6	       9	      13	      13	       10	        9
      87	173	300	    0.29	          7	            0	           52	       3	       4	       5	       6	       5	       4	       3	       3	       4	       5	        5	        5
      88	168	294	    0.14	         14	            0	           24	       8	       7	      10	       9	      11	      13	       7	       7	       6	       8	       10	       11
      89	138	256	    0.08	          2	            0	           43	       3	       3	       4	       4	       6	       5	       5	       4	       4	       4	        5	        5
      90	179	298	    0.28	          2	            0	           49	       3	       4	       7	       8	       6	       4	       5	       7	       7	       6	        3	        4
      91	147	346	    0.14	          1	            0	           50	       4	       3	       4	       6	       6	       6	       4	       4	       3	       3	        4	        5
      92	182	293	     0.1	          9	            0	           56	       8	       6	       9	      12	      14	      10	      11	       8	       6	       7	       11	        9
      93	161	318	    0.24	          9	            0	          105	       6	       7	       9	      12	      11	      11	      11	       7	       8	       7	        8	       12
      94	182	316	    0.13	          4	            0	           36	       3	       4	       5	       6	       6	       3	       3	       5	       6	       6	        5	        3
      95	135	323	    0.05	          2	            0	           32	       3	       4	       4	       6	       4	       4	       4	       6	       5	       4	        3	        5
      96	162	314	    0.15	          6	            0	           49	       4	       4	       4	       5	       5	       6	       5	       4	       3	       3	        4	        5
      97	  0	  0	    0.04	          8	            0	           47	       4	       5	       6	       6	       7	       6	       4	       4	       5	       7	        8	        6
      98	  0	  0	     0.2	          2	            0	           40	       6	       8	       8	      10	      10	       9	       6	       7	       8	       9	       12	        7
      99	  0	  0	    0.12	          9	            0	           42	       5	       6	       8	      11	       9	       6	       6	       9	      11	      10	        6	        6
     100	  0	  0	    0.16	          6	            0	           67	       5	       6	       8	       9	       8	       5	       6	       7	      10	       6	        5	        5
COST_MATRIX 
	  0	  1	  2	  3	  4	  5	  6	  7	  8	  9	 10	 11	 12	 13	 14	 15	 16	 17	 18	 19	 20	 21	 22	 23	 24	 25	 26	 27	 28	 29	 30	 31	 32	 33	 34	 35	 36	 37	 38	 39	 40	 41	 42	 43	 44	 45	 46	 47	 48	 49	 50	 51	 52	 53	 54	 55	 56	 57	 58	 59	 60	 61	 62	 63	 64	 65	 66	 67	 68	 69	 70	 71	 72	 73	 74	 75	 76	 77	 78	 79	 80	 81	 82	 83	 84	 85	 86	 87	 88	 89	 90	 91	 92	 93	 94	 95	 96	 97	 98	 99	100
  0
  1	 29
  2	 28	  3
  3	 27	  3	  1
  4	 27	  2	  2	  2
  5	 27	  2	  3	  3	  1
  6	 27	  3	  4	  4	  2	  2
  7	 27	  3	  3	  3	  2	  1	  2
  8	 28	  1	  3	  3	  2	  2	  2	  2
  9	 27	  2	  2	  2	  1	  1	  2	  1	  2
 10	 23	  6	  6	  5	  5	  5	  5	  4	  6	  5
 11	 27	  3	  4	  4	  2	  2	  1	  2	  2	  2	  5
 12	 26	  4	  3	  2	  2	  3	  4	  2	  4	  2	  4	  4
 13	 26	  3	  3	  3	  2	  2	  2	  1	  3	  2	  4	  2	  2
 14	 24	  5	  6	  6	  4	  4	  4	  3	  5	  4	  2	  3	  4	  3
 15	 27	  2	  3	  3	  1	  1	  2	  1	  2	  1	  4	  2	  2	  1	  4
 16	 27	  2	  2	  2	  1	  1	  2	  1	  2	  1	  5	  2	  2	  2	  4	  1
 17	 46	 37	 39	 39	 37	 37	 36	 37	 37	 37	 37	 36	 39	 37	 35	 37	 37
 18	 44	 34	 36	 36	 34	 34	 33	 34	 34	 34	 34	 33	 36	 34	 33	 34	 34	  4
 19	 45	 34	 36	 36	 34	 33	 32	 34	 33	 34	 34	 32	 35	 34	 32	 34	 34	  6	  2
 20	 50	 39	 41	 41	 39	 39	 38	 39	 39	 39	 39	 38	 41	 39	 38	 39	 39	  5	  6	  6
 21	 46	 34	 36	 36	 35	 34	 33	 34	 34	 35	 34	 33	 36	 34	 33	 34	 34	  6	  3	  1	  5
 22	 46	 35	 37	 37	 35	 35	 33	 35	 34	 35	 35	 34	 36	 35	 34	 35	 35	  5	  3	  2	  5	  1
 23	 45	 33	 35	 35	 34	 33	 32	 33	 33	 34	 33	 32	 35	 33	 32	 33	 33	  6	  2	  1	  6	  2	  2
 24	 46	 38	 39	 39	 38	 37	 36	 37	 37	 38	 37	 36	 39	 37	 36	 37	 38	  1	  4	  6	  5	  6	  6	  6
 25	 44	 33	 35	 35	 34	 33	 32	 33	 33	 34	 33	 32	 35	 33	 32	 33	 33	  5	  2	  1	  6	  2	  2	  1	  6
 26	 46	 35	 37	 37	 35	 35	 34	 35	 35	 35	 35	 34	 37	 35	 34	 35	 35	  4	  2	  2	  5	  2	  2	  2	  4	  2
 27	 47	 36	 38	 38	 36	 36	 35	 36	 35	 36	 36	 35	 38	 36	 35	 36	 36	  4	  3	  3	  4	  2	  2	  3	  5	  3	  2
 28	 46	 34	 36	 36	 35	 34	 33	 34	 34	 35	 34	 33	 36	 34	 33	 34	 34	  6	  3	  1	  5	  1	  1	  2	  6	  2	  2	  2
 29	 45	 34	 36	 36	 34	 34	 32	 34	 33	 34	 34	 32	 35	 34	 32	 34	 34	  6	  2	  1	  6	  1	  2	  1	  6	  1	  2	  3	  1
 30	 46	 34	 36	 36	 35	 34	 33	 34	 34	 35	 35	 33	 36	 35	 33	 34	 35	  6	  3	  1	  5	  1	  1	  2	  6	  2	  2	  2	  1	  1
 31	 44	 33	 35	 35	 33	 33	 32	 33	 33	 33	 33	 32	 35	 33	 32	 33	 33	  5	  2	  2	  7	  2	  3	  1	  6	  1	  3	  4	  2	  2	  2
 32	 49	 38	 40	 40	 39	 38	 37	 38	 38	 39	 38	 37	 40	 39	 37	 38	 39	  5	  5	  5	  1	  5	  4	  6	  5	  6	  4	  3	  5	  5	  4	  6
 33	  4	 28	 27	 27	 27	 27	 26	 26	 27	 27	 22	 26	 25	 25	 23	 26	 27	 42	 41	 42	 46	 42	 43	 41	 42	 41	 42	 43	 42	 42	 42	 41	 45
 34	  6	 33	 33	 32	 32	 32	 31	 31	 33	 32	 27	 31	 30	 31	 28	 31	 32	 45	 44	 45	 49	 46	 46	 45	 45	 44	 45	 46	 46	 45	 46	 44	 49	  6
 35	  4	 28	 28	 27	 27	 27	 26	 26	 28	 27	 23	 26	 26	 26	 23	 26	 27	 42	 41	 42	 46	 43	 43	 41	 42	 41	 42	 43	 42	 42	 43	 41	 46	  1	  5
 36	  5	 24	 24	 23	 23	 23	 23	 22	 24	 23	 19	 23	 22	 22	 20	 23	 23	 43	 42	 42	 47	 43	 44	 42	 44	 42	 43	 44	 43	 43	 43	 42	 47	  5	 10	  6
 37	  4	 28	 28	 27	 27	 27	 26	 26	 28	 27	 23	 26	 26	 26	 23	 26	 27	 42	 41	 42	 47	 43	 43	 42	 42	 41	 43	 44	 43	 42	 43	 41	 46	  1	  5	  1	  6
 38	  4	 28	 27	 27	 26	 26	 26	 26	 27	 26	 22	 26	 25	 25	 23	 26	 26	 42	 41	 42	 47	 43	 43	 42	 43	 41	 43	 44	 43	 42	 43	 41	 46	  1	  6	  1	  5	  1
 39	  7	 24	 24	 23	 23	 23	 22	 22	 24	 23	 18	 22	 22	 22	 19	 22	 23	 39	 38	 39	 43	 39	 40	 38	 40	 38	 39	 40	 39	 39	 40	 38	 43	  4	 10	  5	  5	  5	  5
 40	  2	 27	 27	 26	 26	 26	 26	 25	 27	 26	 22	 26	 25	 25	 23	 25	 26	 44	 42	 43	 48	 44	 44	 43	 44	 43	 44	 45	 44	 43	 44	 42	 47	  3	  7	  3	  4	  3	  2	  5
 41	  4	 28	 28	 27	 27	 27	 27	 26	 28	 27	 23	 27	 26	 26	 24	 27	 27	 42	 41	 42	 47	 43	 43	 42	 43	 41	 43	 44	 43	 42	 43	 41	 46	  1	  5	  1	  6	  1	  1	  5	  3
 42	  4	 29	 29	 28	 28	 28	 27	 27	 29	 28	 23	 27	 27	 27	 24	 27	 28	 43	 42	 43	 48	 44	 44	 43	 43	 42	 44	 45	 44	 43	 44	 42	 47	  2	  5	  2	  6	  2	  2	  6	  3	  1
 43	  4	 28	 28	 27	 27	 27	 27	 26	 28	 27	 23	 27	 26	 26	 24	 27	 27	 43	 41	 42	 47	 43	 44	 42	 43	 42	 43	 44	 43	 42	 43	 41	 46	  1	  5	  1	  6	  1	  1	  5	  3	  1	  1
 44	  4	 28	 27	 27	 27	 27	 26	 26	 28	 27	 22	 26	 25	 25	 23	 26	 27	 42	 41	 42	 46	 42	 43	 41	 42	 41	 42	 43	 42	 42	 43	 41	 46	  1	  6	  1	  5	  1	  1	  5	  3	  1	  2	  1
 45	  2	 28	 27	 27	 27	 27	 26	 26	 28	 27	 22	 26	 25	 25	 23	 26	 27	 44	 42	 43	 48	 44	 44	 43	 44	 43	 44	 45	 44	 43	 44	 42	 47	  3	  6	  3	  4	  2	  2	  5	  1	  2	  2	  2	  2
 46	  4	 29	 28	 28	 27	 27	 27	 27	 28	 27	 23	 27	 26	 26	 24	 27	 27	 43	 42	 43	 47	 43	 44	 42	 43	 42	 43	 44	 43	 43	 44	 42	 47	  2	  5	  1	  6	  1	  2	  6	  3	  1	  1	  1	  2	  2
 47	  6	 29	 28	 28	 27	 27	 27	 26	 28	 27	 23	 27	 26	 26	 24	 27	 27	 41	 40	 40	 45	 41	 42	 40	 41	 40	 41	 42	 41	 41	 41	 39	 44	  3	  5	  2	  7	  3	  3	  5	  5	  3	  3	  3	  3	  5	  3
 48	  4	 28	 28	 27	 27	 27	 27	 26	 28	 27	 23	 26	 26	 26	 23	 26	 27	 42	 41	 42	 46	 43	 43	 42	 42	 41	 43	 44	 43	 42	 43	 41	 46	  1	  5	  1	  6	  1	  1	  5	  3	  1	  2	  1	  1	  3	  1	  2
 49	 35	 15	 17	 18	 16	 15	 14	 16	 15	 16	 17	 14	 18	 16	 15	 16	 16	 23	 20	 19	 25	 20	 20	 19	 24	 19	 21	 22	 20	 19	 20	 19	 24	 33	 38	 33	 32	 33	 33	 29	 34	 34	 34	 34	 33	 34	 34	 33	 33
 50	 30	 13	 15	 15	 13	 12	 11	 12	 12	 13	 13	 11	 14	 13	 11	 13	 13	 25	 22	 22	 27	 22	 23	 21	 25	 21	 23	 24	 22	 22	 22	 21	 26	 27	 32	 27	 26	 28	 27	 23	 28	 28	 29	 28	 27	 28	 28	 27	 28	  6
 51	 33	 12	 14	 15	 13	 12	 11	 13	 12	 13	 14	 11	 15	 13	 13	 13	 13	 26	 23	 22	 27	 23	 23	 22	 26	 22	 23	 24	 23	 22	 23	 22	 27	 31	 36	 31	 30	 32	 31	 27	 32	 32	 33	 32	 31	 32	 32	 31	 32	  4	  5
 52	 33	 13	 15	 15	 14	 13	 12	 13	 13	 14	 15	 12	 15	 14	 13	 13	 13	 25	 22	 21	 27	 22	 22	 21	 25	 21	 23	 24	 22	 21	 22	 21	 26	 31	 36	 31	 30	 32	 31	 27	 32	 32	 33	 32	 31	 32	 32	 31	 32	  3	  5	  1
 53	 33	 12	 14	 14	 12	 12	 11	 12	 11	 12	 14	 11	 14	 12	 12	 12	 12	 27	 23	 23	 28	 23	 24	 22	 27	 22	 24	 25	 23	 23	 23	 22	 27	 31	 36	 31	 29	 31	 31	 27	 31	 32	 32	 32	 31	 32	 32	 31	 31	  4	  5	  1	  2
 54	 34	 14	 16	 16	 14	 14	 13	 14	 13	 14	 15	 13	 16	 14	 14	 14	 14	 25	 22	 21	 26	 21	 22	 21	 25	 21	 22	 23	 22	 21	 22	 20	 26	 32	 37	 32	 31	 32	 32	 28	 32	 33	 34	 33	 32	 33	 33	 32	 32	  2	  6	  2	  1	  2
 55	 33	 12	 14	 14	 13	 12	 11	 12	 12	 13	 14	 11	 14	 13	 12	 12	 12	 26	 23	 22	 28	 23	 24	 22	 27	 22	 24	 25	 23	 22	 23	 22	 27	 31	 36	 31	 29	 31	 31	 27	 31	 32	 32	 32	 31	 32	 32	 31	 31	  4	  5	  1	  2	  1	  2
 56	 32	 11	 13	 14	 12	 11	 10	 12	 11	 12	 13	 10	 13	 12	 11	 12	 12	 27	 24	 23	 28	 23	 24	 23	 27	 23	 24	 25	 23	 23	 24	 22	 28	 30	 35	 31	 29	 31	 30	 26	 31	 31	 32	 31	 30	 31	 31	 30	 31	  5	  5	  2	  2	  1	  3	  1
 57	 32	 10	 12	 12	 11	 10	  9	 11	 10	 11	 12	  9	 12	 11	 10	 11	 11	 28	 25	 24	 29	 25	 25	 24	 28	 24	 25	 26	 25	 24	 25	 23	 29	 30	 35	 30	 28	 30	 30	 26	 30	 31	 31	 31	 30	 31	 31	 30	 30	  6	  5	  3	  3	  2	  4	  2	  2
 58	 33	 13	 15	 15	 13	 13	 11	 13	 12	 13	 14	 12	 15	 13	 12	 13	 13	 26	 22	 22	 27	 22	 23	 21	 26	 21	 23	 24	 22	 22	 22	 21	 26	 31	 36	 31	 29	 31	 31	 27	 31	 31	 32	 32	 31	 32	 32	 31	 31	  3	  4	  1	  1	  2	  2	  1	  2	  3
 59	 31	 10	 12	 12	 10	  9	  8	 10	  9	 10	 11	  8	 12	 10	  9	 10	 10	 28	 25	 25	 30	 25	 26	 24	 29	 24	 26	 27	 25	 25	 25	 24	 29	 29	 34	 29	 27	 29	 29	 25	 29	 30	 30	 30	 29	 30	 30	 29	 29	  7	  5	  4	  4	  3	  5	  3	  2	  2	  4
 60	 33	 13	 15	 15	 14	 13	 12	 13	 13	 14	 15	 12	 15	 14	 13	 13	 14	 25	 22	 21	 26	 21	 22	 21	 25	 21	 22	 23	 22	 21	 22	 20	 26	 31	 35	 31	 29	 31	 31	 27	 31	 31	 32	 31	 31	 31	 32	 30	 31	  3	  4	  2	  1	  2	  2	  2	  3	  4	  1	  4
 61	 33	 12	 14	 14	 13	 12	 11	 12	 11	 12	 14	 11	 14	 13	 12	 12	 12	 26	 23	 22	 28	 23	 24	 22	 27	 22	 24	 25	 23	 22	 23	 22	 27	 31	 35	 31	 29	 31	 31	 27	 31	 31	 32	 31	 31	 31	 32	 30	 31	  4	  4	  1	  2	  1	  2	  1	  1	  2	  1	  3	  2
 62	 32	 12	 14	 14	 12	 11	 10	 12	 11	 12	 13	 10	 13	 12	 11	 12	 12	 26	 23	 23	 28	 23	 24	 22	 27	 22	 24	 25	 23	 23	 23	 22	 27	 30	 34	 30	 28	 30	 30	 26	 30	 30	 31	 30	 30	 30	 31	 29	 30	  5	  4	  2	  2	  2	  3	  2	  2	  2	  2	  3	  2	  2
 63	 25	 12	 14	 13	 12	 11	 10	 11	 12	 12	 10	 10	 13	 11	  9	 11	 12	 27	 24	 24	 30	 25	 26	 24	 27	 24	 26	 27	 25	 25	 25	 24	 29	 23	 28	 23	 22	 23	 23	 19	 24	 24	 25	 24	 23	 24	 24	 23	 23	 10	  5	  9	  9	  9	 10	  9	  8	  8	  8	  7	  8	  8	  7
 64	 33	 12	 14	 14	 13	 12	 11	 12	 12	 13	 14	 11	 14	 13	 12	 12	 13	 26	 23	 22	 27	 23	 23	 22	 26	 22	 24	 24	 23	 22	 23	 22	 27	 31	 36	 31	 29	 31	 31	 27	 31	 31	 32	 32	 31	 32	 32	 31	 31	  4	  5	  1	  1	  1	  2	  1	  1	  2	  1	  3	  2	  1	  2	  8
 65	 31	  8	 10	 10	  9	  8	  7	  8	  8	  9	 10	  7	 10	  9	  9	  8	  8	 30	 27	 26	 32	 27	 28	 26	 30	 26	 28	 29	 27	 26	 27	 26	 31	 30	 35	 30	 27	 30	 30	 26	 30	 30	 31	 30	 30	 30	 31	 30	 30	  8	  7	  5	  6	  4	  6	  5	  4	  3	  5	  3	  6	  5	  4	  9	  5
 66	 29	 10	 11	 11	 10	  9	  8	  9	  9	 10	 10	  8	 11	 10	  8	  9	 10	 28	 25	 25	 30	 25	 26	 24	 28	 24	 26	 27	 25	 25	 26	 24	 29	 27	 32	 27	 25	 28	 27	 23	 27	 28	 29	 28	 27	 28	 28	 27	 28	  8	  4	  5	  5	  5	  6	  5	  4	  3	  5	  2	  5	  4	  3	  5	  4	  4
 67	 30	 10	 12	 12	 10	  9	  8	 10	  9	 10	 11	  8	 11	 10	  9	 10	 10	 28	 25	 24	 30	 25	 26	 24	 28	 24	 26	 27	 25	 25	 25	 24	 29	 28	 33	 29	 26	 29	 28	 24	 29	 29	 30	 29	 28	 29	 29	 28	 29	  7	  4	  4	  4	  3	  5	  4	  3	  2	  4	  1	  4	  3	  3	  6	  4	  3	  2
 68	 27	 10	 12	 11	 10	  9	  8	  9	  9	 10	  9	  8	 11	  9	  8	  9	 10	 28	 25	 25	 31	 26	 26	 25	 29	 25	 26	 27	 26	 25	 26	 24	 30	 25	 30	 26	 24	 26	 25	 21	 26	 26	 27	 26	 25	 26	 26	 25	 26	  9	  4	  6	  7	  6	  8	  6	  6	  5	  6	  4	  6	  6	  5	  4	  6	  6	  2	  3
 69	 32	  9	 11	 12	 10	 10	  9	 10	  9	 10	 12	  9	 12	 10	 10	 10	 10	 29	 26	 25	 30	 26	 26	 25	 29	 25	 26	 27	 26	 25	 26	 24	 30	 30	 35	 31	 28	 31	 30	 26	 31	 31	 32	 31	 30	 31	 31	 30	 31	  6	  6	  3	  4	  3	  5	  3	  3	  2	  4	  2	  5	  3	  3	  9	  3	  2	  4	  3	  6
 70	 27	  9	 11	 11	  9	  8	  7	  8	  9	  9	  9	  7	 10	  9	  7	  9	  9	 29	 26	 26	 31	 26	 27	 25	 29	 25	 27	 28	 27	 26	 27	 25	 31	 25	 30	 25	 23	 26	 25	 21	 25	 26	 27	 26	 25	 26	 26	 25	 26	  9	  5	  7	  7	  7	  8	  7	  6	  5	  7	  4	  7	  6	  5	  4	  6	  5	  3	  4	  1	  6
 71	 30	 10	 12	 12	 10	  9	  8	 10	  9	 10	 11	  8	 11	 10	  9	 10	 10	 28	 25	 25	 30	 25	 26	 24	 28	 24	 26	 27	 25	 25	 25	 24	 29	 28	 33	 28	 26	 28	 28	 24	 28	 29	 29	 29	 28	 29	 29	 28	 28	  7	  4	  4	  5	  4	  5	  4	  3	  2	  4	  1	  4	  3	  3	  6	  4	  3	  1	  1	  3	  3	  3
 72	 32	  9	 11	 11	 10	  9	  8	 10	  9	 10	 12	  8	 11	 10	 10	  9	  9	 30	 26	 26	 31	 26	 27	 25	 30	 25	 27	 28	 26	 26	 26	 25	 30	 31	 36	 31	 29	 31	 31	 27	 31	 31	 32	 31	 31	 31	 32	 31	 31	  7	  7	  4	  5	  4	  5	  4	  3	  2	  5	  3	  5	  4	  4	  9	  4	  2	  4	  3	  6	  1	  6	  4
 73	 29	  8	 10	 10	  9	  8	  7	  8	  8	  8	  9	  7	 10	  8	  7	  8	  8	 30	 26	 26	 31	 27	 27	 26	 30	 26	 27	 28	 27	 26	 27	 25	 31	 27	 32	 27	 25	 27	 27	 23	 27	 28	 29	 28	 27	 28	 28	 27	 27	  9	  5	  6	  6	  5	  7	  5	  5	  4	  6	  3	  6	  5	  4	  6	  5	  3	  2	  2	  3	  4	  3	  2	  4
 74	 28	 11	 12	 12	 11	 10	  9	 10	 10	 11	 10	  9	 12	 10	  9	 10	 11	 27	 24	 24	 29	 25	 25	 24	 28	 24	 25	 26	 25	 24	 25	 23	 29	 26	 31	 27	 25	 27	 26	 22	 27	 27	 28	 27	 26	 27	 27	 26	 27	  8	  3	  5	  5	  5	  6	  5	  5	  4	  5	  4	  5	  5	  4	  4	  5	  5	  2	  3	  2	  5	  2	  3	  6	  3
 75	 27	  6	  8	  8	  6	  5	  4	  5	  5	  6	  6	  4	  7	  6	  5	  6	  6	 32	 29	 29	 34	 29	 30	 28	 32	 28	 30	 31	 29	 29	 29	 28	 33	 26	 31	 26	 23	 26	 26	 22	 26	 26	 27	 27	 26	 26	 27	 26	 26	 11	  8	  8	  9	  8	  9	  8	  7	  6	  8	  5	  9	  8	  7	  7	  8	  5	  4	  5	  4	  6	  4	  5	  6	  3	  5
 76	 30	  9	 11	 11	 10	  9	  8	  9	  9	  9	 10	  8	 11	  9	  9	  9	  9	 29	 26	 25	 30	 26	 26	 25	 29	 25	 26	 27	 26	 25	 26	 24	 30	 28	 33	 28	 26	 28	 28	 24	 28	 29	 29	 29	 28	 29	 29	 28	 28	  7	  5	  4	  5	  4	  6	  4	  3	  3	  4	  2	  5	  4	  3	  6	  4	  3	  2	  1	  3	  3	  3	  1	  3	  2	  3	  4
 77	 30	  8	 10	 10	  9	  8	  7	  8	  8	  9	 10	  7	 10	  9	  8	  8	  8	 29	 26	 26	 31	 26	 27	 26	 30	 26	 27	 28	 27	 26	 27	 25	 31	 28	 33	 28	 26	 28	 28	 24	 28	 29	 29	 29	 28	 29	 29	 28	 28	  8	  5	  5	  6	  5	  6	  5	  4	  3	  5	  2	  6	  4	  4	  7	  5	  2	  2	  2	  4	  3	  3	  2	  3	  1	  4	  4	  1
 78	 31	 10	 12	 12	 11	 10	  9	 10	 10	 11	 12	  9	 12	 11	 10	 10	 11	 28	 24	 24	 29	 24	 25	 23	 28	 24	 25	 26	 24	 24	 25	 23	 29	 29	 34	 29	 27	 29	 29	 25	 29	 29	 30	 30	 29	 30	 30	 29	 29	  6	  4	  3	  4	  3	  4	  3	  2	  2	  3	  1	  4	  3	  2	  7	  3	  3	  2	  1	  4	  3	  4	  1	  3	  3	  3	  6	  2	  3
 79	 30	 10	 12	 12	 11	 10	  9	 10	 10	 11	 11	  9	 12	 11	 10	 10	 11	 27	 24	 24	 29	 24	 25	 23	 28	 23	 25	 26	 24	 24	 25	 23	 29	 28	 33	 28	 26	 29	 28	 24	 29	 29	 30	 29	 28	 29	 29	 28	 29	  6	  3	  4	  4	  3	  5	  3	  3	  2	  3	  2	  4	  3	  2	  6	  3	  4	  2	  1	  3	  3	  4	  1	  4	  3	  2	  5	  2	  3	  1
 80	 31	 10	 12	 12	 11	 10	  9	 10	 10	 11	 11	  9	 12	 11	 10	 10	 11	 27	 24	 24	 29	 24	 25	 23	 28	 23	 25	 26	 24	 24	 25	 23	 29	 29	 34	 29	 27	 29	 29	 25	 29	 29	 30	 29	 29	 29	 30	 29	 29	  6	  4	  3	  4	  3	  4	  3	  2	  2	  3	  1	  4	  3	  2	  7	  3	  3	  2	  1	  4	  3	  4	  1	  4	  3	  3	  6	  2	  3	  1	  1
 81	 31	 14	 16	 16	 14	 14	 12	 14	 13	 14	 14	 12	 15	 14	 13	 14	 14	 24	 21	 20	 26	 21	 22	 20	 24	 20	 22	 23	 21	 20	 21	 20	 25	 29	 33	 29	 27	 29	 29	 25	 29	 29	 30	 29	 29	 30	 30	 28	 29	  5	  2	  4	  4	  5	  4	  4	  4	  5	  4	  5	  3	  4	  3	  6	  4	  7	  5	  5	  5	  6	  6	  5	  7	  6	  4	  9	  5	  6	  4	  4	  4
 82	 31	 13	 15	 15	 14	 13	 12	 13	 13	 13	 13	 12	 15	 13	 12	 13	 13	 24	 21	 21	 26	 22	 22	 21	 25	 21	 22	 23	 22	 21	 22	 20	 26	 28	 33	 28	 27	 29	 28	 24	 29	 29	 30	 29	 28	 29	 29	 28	 29	  5	  2	  4	  4	  4	  5	  4	  4	  5	  4	  5	  3	  4	  3	  6	  4	  7	  4	  4	  5	  6	  5	  4	  7	  6	  4	  8	  5	  6	  4	  4	  4	  1
 83	 31	 14	 16	 16	 14	 14	 12	 14	 13	 14	 14	 12	 15	 14	 13	 14	 14	 24	 21	 20	 26	 21	 22	 20	 24	 20	 22	 23	 21	 20	 21	 20	 25	 28	 33	 29	 27	 29	 29	 25	 29	 29	 30	 29	 29	 29	 30	 28	 29	  5	  2	  4	  4	  5	  5	  4	  4	  5	  4	  5	  3	  4	  4	  6	  4	  7	  5	  5	  5	  6	  6	  5	  7	  6	  4	  9	  5	  6	  4	  4	  4	  1	  1
 84	 31	 13	 15	 15	 13	 13	 11	 13	 12	 13	 13	 11	 14	 13	 12	 13	 13	 25	 22	 21	 27	 22	 23	 21	 25	 21	 23	 24	 22	 21	 22	 21	 26	 28	 33	 29	 27	 29	 28	 24	 29	 29	 30	 29	 28	 29	 29	 28	 29	  5	  2	  4	  3	  4	  4	  4	  4	  4	  3	  4	  3	  3	  3	  6	  3	  6	  4	  4	  5	  5	  5	  4	  6	  5	  3	  8	  4	  5	  3	  3	  3	  2	  1	  2
 85	 31	 13	 15	 15	 14	 13	 12	 13	 13	 14	 14	 12	 15	 13	 12	 13	 13	 24	 21	 21	 26	 22	 22	 21	 25	 21	 22	 23	 22	 21	 22	 20	 26	 29	 33	 29	 27	 29	 29	 25	 29	 29	 30	 29	 29	 29	 30	 28	 29	  5	  2	  4	  3	  4	  4	  4	  4	  4	  3	  5	  3	  3	  3	  6	  3	  7	  4	  4	  5	  6	  6	  4	  6	  6	  4	  8	  5	  6	  4	  3	  4	  1	  1	  1	  1
 86	 30	 12	 14	 14	 12	 12	 11	 12	 12	 12	 12	 11	 14	 12	 11	 12	 12	 26	 23	 22	 28	 23	 23	 22	 26	 22	 23	 24	 23	 22	 23	 21	 27	 28	 32	 28	 26	 28	 28	 24	 28	 28	 29	 29	 28	 29	 29	 28	 28	  6	  2	  4	  4	  4	  5	  4	  4	  4	  4	  4	  3	  4	  3	  5	  4	  6	  3	  3	  4	  5	  4	  3	  6	  5	  2	  7	  4	  5	  3	  3	  3	  2	  2	  2	  1	  2
 87	 31	 13	 15	 15	 14	 13	 12	 13	 13	 14	 14	 12	 15	 13	 12	 13	 13	 24	 21	 21	 26	 21	 22	 21	 25	 21	 22	 23	 22	 21	 22	 20	 26	 28	 33	 29	 27	 29	 29	 25	 29	 29	 30	 29	 29	 29	 30	 28	 29	  5	  2	  4	  3	  4	  4	  4	  4	  5	  3	  5	  3	  4	  3	  6	  4	  7	  4	  4	  5	  6	  6	  4	  7	  6	  4	  8	  5	  6	  4	  4	  4	  1	  1	  1	  1	  1	  2
 88	 31	 14	 16	 16	 14	 14	 13	 14	 14	 14	 14	 13	 16	 14	 13	 14	 14	 24	 21	 20	 26	 21	 21	 20	 24	 20	 22	 22	 21	 20	 21	 20	 25	 29	 34	 29	 28	 29	 29	 25	 30	 30	 30	 30	 29	 30	 30	 29	 29	  5	  2	  4	  3	  4	  4	  4	  4	  5	  3	  5	  3	  4	  3	  7	  4	  7	  5	  5	  6	  6	  6	  5	  7	  6	  4	  9	  5	  6	  4	  4	  4	  1	  2	  1	  2	  1	  3	  1
 89	 35	 19	 21	 21	 19	 18	 17	 19	 18	 19	 19	 17	 20	 19	 18	 19	 19	 19	 16	 16	 21	 16	 17	 15	 20	 15	 17	 18	 16	 16	 16	 15	 20	 32	 37	 33	 32	 33	 33	 29	 33	 33	 34	 33	 32	 34	 34	 32	 33	  5	  7	  7	  6	  8	  6	  7	  8	  9	  7	 10	  6	  7	  8	 11	  7	 11	 10	  9	 11	 10	 11	 10	 11	 11	  9	 14	 10	 11	  9	  9	  9	  6	  6	  6	  7	  6	  7	  6	  5
 90	 30	 13	 15	 15	 14	 13	 12	 13	 13	 14	 13	 12	 15	 13	 12	 13	 13	 24	 21	 21	 26	 22	 22	 21	 25	 21	 22	 23	 22	 21	 22	 20	 26	 28	 33	 28	 27	 28	 28	 24	 28	 28	 29	 29	 28	 29	 29	 28	 28	  6	  1	  5	  4	  5	  5	  5	  4	  5	  4	  5	  3	  4	  3	  5	  4	  7	  4	  4	  5	  6	  5	  4	  7	  6	  4	  8	  5	  6	  4	  4	  4	  1	  1	  1	  1	  1	  2	  1	  2	  6
 91	 33	 10	 12	 12	 11	 10	  9	 11	 10	 11	 13	 10	 13	 11	 11	 11	 11	 28	 25	 25	 30	 25	 26	 24	 29	 24	 26	 27	 25	 25	 25	 24	 29	 31	 36	 32	 29	 32	 31	 27	 31	 32	 33	 32	 31	 32	 32	 31	 32	  6	  6	  3	  4	  2	  4	  3	  2	  2	  3	  3	  4	  3	  3	  9	  3	  3	  5	  4	  6	  1	  7	  4	  2	  5	  6	  7	  4	  4	  3	  4	  3	  6	  6	  6	  5	  6	  5	  6	  6	 10	  6
 92	 30	 14	 16	 16	 14	 13	 12	 13	 13	 14	 14	 12	 15	 14	 12	 14	 14	 24	 21	 21	 26	 21	 22	 20	 24	 20	 22	 23	 21	 21	 21	 20	 25	 28	 32	 28	 27	 28	 28	 24	 28	 28	 29	 28	 28	 29	 29	 27	 28	  6	  1	  5	  5	  5	  5	  5	  5	  6	  5	  5	  4	  5	  4	  5	  5	  8	  5	  5	  5	  7	  6	  5	  7	  6	  4	  9	  5	  6	  5	  4	  5	  2	  1	  1	  2	  2	  2	  2	  2	  6	  1	  7
 93	 32	 12	 14	 14	 12	 12	 11	 12	 12	 12	 13	 11	 14	 12	 12	 12	 12	 26	 23	 22	 28	 23	 23	 22	 26	 22	 24	 24	 23	 22	 23	 22	 27	 30	 34	 30	 28	 30	 30	 26	 30	 30	 31	 30	 30	 30	 31	 30	 30	  4	  3	  2	  2	  2	  3	  2	  2	  3	  2	  3	  2	  2	  1	  7	  2	  5	  4	  3	  5	  4	  6	  3	  4	  5	  4	  7	  4	  4	  2	  2	  2	  3	  3	  3	  2	  3	  3	  3	  3	  7	  3	  4	  4
 94	 30	 12	 13	 13	 12	 11	 10	 11	 11	 12	 12	 10	 13	 12	 10	 11	 12	 26	 23	 23	 28	 23	 24	 22	 26	 22	 24	 25	 23	 23	 24	 22	 27	 28	 32	 28	 26	 28	 28	 24	 28	 28	 29	 28	 28	 28	 29	 27	 28	  6	  2	  4	  4	  4	  5	  4	  4	  4	  4	  3	  4	  4	  3	  5	  4	  5	  3	  3	  3	  5	  4	  3	  5	  4	  2	  6	  3	  4	  3	  2	  2	  3	  2	  3	  2	  2	  1	  2	  3	  8	  2	  5	  3	  3
 95	 34	 13	 15	 15	 14	 13	 12	 13	 12	 13	 15	 12	 15	 14	 13	 13	 13	 26	 23	 22	 27	 22	 23	 22	 26	 22	 23	 24	 23	 22	 23	 22	 27	 32	 37	 33	 31	 33	 32	 28	 33	 33	 34	 33	 32	 33	 33	 32	 33	  3	  6	  2	  2	  2	  2	  2	  2	  3	  2	  4	  3	  2	  3	 10	  2	  5	  6	  5	  8	  4	  8	  5	  4	  6	  6	  9	  5	  6	  4	  5	  4	  5	  5	  5	  5	  5	  5	  5	  5	  7	  6	  3	  6	  3	  5
 96	 32	 12	 14	 14	 13	 12	 11	 12	 12	 13	 13	 11	 14	 13	 12	 12	 13	 26	 22	 22	 27	 22	 23	 21	 26	 21	 23	 24	 22	 22	 23	 21	 27	 30	 34	 30	 28	 30	 30	 26	 30	 30	 31	 30	 30	 30	 31	 29	 30	  4	  3	  2	  2	  2	  3	  2	  2	  3	  2	  3	  2	  2	  1	  7	  2	  5	  4	  3	  5	  4	  6	  3	  5	  5	  4	  8	  4	  5	  3	  3	  3	  3	  2	  3	  2	  2	  2	  2	  3	  7	  3	  4	  3	  1	  3	  3
 97	 59	 48	 50	 50	 48	 48	 46	 48	 47	 48	 48	 46	 49	 48	 47	 48	 48	 14	 15	 15	 10	 14	 14	 15	 14	 16	 14	 13	 14	 15	 14	 16	 11	 55	 58	 56	 57	 56	 56	 53	 57	 56	 57	 56	 56	 57	 56	 54	 56	 33	 36	 36	 35	 36	 35	 36	 37	 38	 36	 39	 35	 36	 37	 39	 36	 40	 39	 39	 39	 39	 40	 39	 39	 40	 38	 43	 39	 40	 38	 38	 38	 35	 35	 35	 36	 35	 36	 35	 34	 30	 35	 38	 35	 36	 37	 36	 36
 98	 59	 48	 50	 50	 48	 48	 46	 48	 47	 48	 48	 46	 49	 48	 47	 48	 48	 14	 15	 15	 10	 14	 14	 15	 14	 16	 14	 13	 14	 15	 14	 16	 11	 55	 58	 56	 57	 56	 56	 53	 57	 56	 57	 56	 56	 57	 56	 54	 56	 33	 36	 36	 35	 36	 35	 36	 37	 38	 36	 39	 35	 36	 37	 39	 36	 40	 39	 39	 39	 39	 40	 39	 39	 40	 38	 43	 39	 40	 38	 38	 38	 35	 35	 35	 36	 35	 36	 35	 34	 30	 35	 38	 35	 36	 37	 36	 36	  1
 99	 59	 48	 50	 50	 48	 48	 46	 48	 47	 48	 48	 46	 49	 48	 47	 48	 48	 14	 15	 15	 10	 14	 14	 15	 14	 16	 14	 13	 14	 15	 14	 16	 11	 55	 58	 56	 57	 56	 56	 53	 57	 56	 57	 56	 56	 57	 56	 54	 56	 33	 36	 36	 35	 36	 35	 36	 37	 38	 36	 39	 35	 36	 37	 39	 36	 40	 39	 39	 39	 39	 40	 39	 39	 40	 38	 43	 39	 40	 38	 38	 38	 35	 35	 35	 36	 35	 36	 35	 34	 30	 35	 38	 35	 36	 37	 36	 36	  1	  1
100	 59	 48	 50	 50	 48	 48	 46	 48	 47	 48	 48	 46	 49	 48	 47	 48	 48	 14	 15	 15	 10	 14	 14	 15	 14	 16	 14	 13	 14	 15	 14	 16	 11	 55	 58	 56	 57	 56	 56	 53	 57	 56	 57	 56	 56	 57	 56	 54	 56	 33	 36	 36	 35	 36	 35	 36	 37	 38	 36	 39	 35	 36	 37	 39	 36	 40	 39	 39	 39	 39	 40	 39	 39	 40	 38	 43	 39	 40	 38	 38	 38	 35	 35	 35	 36	 35	 36	 35	 34	 30	 35	 38	 35	 36	 37	 36	 36	  1	  1	  1
