nVehicles:  10
nDepots:     1
nCustomers: 50
nPeriods:   12
VEHICLE_TYPE	FLEET_SIZE	CAPACITY
           4	        10	      38	
DEPOT   	X  	Y  	INV_COST	INITIAL_INV 	MIN_LEVEL_INV 	MAX_LEVEL_INV	PRODUCTION_0	PRODUCTION_1	PRODUCTION_2	PRODUCTION_3	PRODUCTION_4	PRODUCTION_5	PRODUCTION_6	PRODUCTION_7	PRODUCTION_8	PRODUCTION_9	PRODUCTION_10	PRODUCTION_11
       0	461	481	       0	        792	            0	         4414	         371	         371	         371	         371	         371	         371	         371	         371	         371	         371	          371	          371	
CUSTOMER	X  	Y  	INV_COST	INITIAL_INV	MIN_LEVEL_INV 	MAX_LEVEL_INV	DEMAND_0	DEMAND_1	DEMAND_2	DEMAND_3	DEMAND_4	DEMAND_5	DEMAND_6	DEMAND_7	DEMAND_8	DEMAND_9	DEMAND_10	DEMAND_11
       1	104	314	    0.02	          2	            0	           14	       4	       6	       5	       3	       4	       6	       5	       4	       4	       4	        5	        6
       2	106	320	    0.14	         14	            0	           66	       9	      12	      11	       9	       8	       7	       8	       8	      10	      12	       12	       10
       3	108	318	    0.12	         10	            0	           61	      12	      11	      11	      11	       9	       6	       8	       8	      13	      11	       14	       10
       4	 86	290	    0.29	         14	            0	           64	       7	       8	       7	       4	       4	       4	       7	       8	       6	       5	        4	        5
       5	105	282	    0.11	         19	            0	           75	      11	      11	       9	       6	       6	       9	      11	       9	       9	       5	        6	       10
       6	109	301	    0.22	          5	            0	           80	      12	      14	      10	       8	       8	       8	       8	      11	      12	      11	       11	        8
       7	 92	288	    0.26	          2	            0	           38	       5	       6	       5	       5	       4	       4	       3	       5	       6	       6	        5	        4
       8	121	331	    0.01	         12	            0	           18	       6	       7	       8	       6	       5	       4	       6	       8	       7	       7	        4	        4
       9	180	291	    0.14	         10	            0	           92	       9	      10	       7	       5	       6	      10	      11	       7	       6	       7	        8	        9
      10	 76	310	    0.24	          2	            0	           75	       8	       7	       7	       8	       7	       5	       5	       5	       6	       8	        9	        8
      11	106	298	    0.14	         10	            0	           47	       7	       7	       9	       5	       5	       5	       6	       9	       8	       6	        5	        5
      12	111	318	    0.14	         12	            0	           42	       6	       7	       6	       5	       5	       7	       7	       5	       3	       6	        7	        7
      13	117	330	    0.27	         21	            0	          101	      11	      14	      14	       9	       8	       8	       7	       8	      10	      14	       14	       11
      14	103	296	    0.25	          3	            0	           77	      12	      12	      12	       8	       6	      10	      10	      10	       9	       7	       11	       12
      15	112	314	    0.02	         12	            0	           64	       5	       7	       6	       6	       4	       3	       5	       7	       6	       7	        5	        4
      16	 63	346	    0.03	         21	            0	           88	      11	      12	      10	       8	       6	       7	       9	      11	      12	      10	        8	        6
      17	175	444	    0.08	          8	            0	           92	      10	      11	      12	       8	       9	       7	       7	       8	      11	       9	        9	        9
      18	183	442	    0.14	         13	            0	           73	      10	      10	      11	       8	       6	       6	       6	       9	      11	      10	        9	        6
      19	173	439	    0.08	          3	            0	           69	       8	      12	      11	       6	       7	       6	       8	      12	       9	       8	        5	        8
      20	174	440	    0.28	          8	            0	           21	       6	       6	       5	       6	       5	       3	       3	       4	       6	       5	        6	        5
      21	158	453	    0.21	          3	            0	           41	       7	       7	       8	       5	       5	       6	       7	      10	       8	       6	        5	        7
      22	180	454	    0.12	         10	            0	           18	       5	       7	       6	       6	       5	       4	       5	       6	       7	       7	        5	        5
      23	191	423	    0.28	          2	            0	           41	       8	       8	       7	       7	       6	       5	       5	       6	       7	       7	        7	        5
      24	170	428	    0.21	         12	            0	           66	       7	       9	       8	       6	       6	       6	       8	      10	       7	       7	        6	        8
      25	118	383	    0.23	          7	            0	          111	      10	      10	      12	      10	       7	       6	       8	      10	      12	      10	        9	        8
      26	148	447	    0.17	          2	            0	           53	       4	       5	       5	       6	       4	       4	       3	       3	       4	       6	        6	        5
      27	193	420	    0.05	          9	            0	           49	       8	      12	      12	       9	       7	       6	       9	      10	       9	       7	        6	        7
      28	236	490	    0.09	         15	            0	           70	       9	      11	      11	       8	       7	       6	       6	      11	       9	       9	       10	        6
      29	189	429	    0.23	         16	            0	           62	       9	      10	      11	       9	       7	       5	       6	       8	      11	      10	       10	        6
      30	151	430	     0.3	          2	            0	           73	       8	       8	       8	       7	       6	       5	       4	       6	       6	       7	        7	        7
      31	208	428	    0.23	          4	            0	           48	       7	       8	       8	       9	       6	       6	       5	       8	      10	      10	       10	        8
      32	167	448	    0.03	         21	            0	           37	       8	      13	      11	       8	       7	       8	       9	      11	      13	       9	        8	        6
      33	 34	374	    0.06	         21	            0	           33	      12	      12	      10	      11	       8	       6	       8	      11	      14	       9	        7	        7
      34	  3	455	    0.23	          2	            0	           59	       8	       7	       7	       6	       5	       6	       7	      10	       6	       5	        4	        6
      35	 60	482	    0.22	         20	            0	           73	      11	      13	      14	      12	       9	       6	       6	      10	      11	      14	       10	        9
      36	 85	406	    0.08	         18	            0	           39	      10	      12	      10	       6	       6	       9	      10	      10	       7	       7	       10	       12
      37	 29	429	    0.06	         14	            0	           23	       8	       8	       9	       8	       5	       5	       7	       7	      10	       7	        6	        5
      38	 12	408	    0.22	         11	            0	           38	       7	       8	       7	       6	       5	       4	       5	       5	       8	       6	        4	        5
      39	 18	437	     0.1	          2	            0	           61	       7	       8	       7	       5	       6	       7	       7	       6	       5	       6	        7	        7
      40	 31	418	    0.14	          9	            0	           29	       8	       9	       9	       7	       5	      10	      10	       7	       5	       5	        8	        9
      41	 11	422	     0.2	         12	            0	           37	       6	       9	       8	       6	       5	       6	       9	       6	       5	       5	        8	       10
      42	  8	418	    0.02	          1	            0	           32	       7	       8	       9	       6	       5	       5	       6	       7	       8	       8	        8	        6
      43	 23	403	    0.08	          9	            0	           26	       7	       9	      11	       8	       7	       5	       7	       8	      11	       9	        8	        5
      44	 10	418	    0.08	         11	            0	           51	       7	       6	       8	       7	       5	       4	       3	       4	       5	       6	        7	        6
      45	 14	411	    0.01	          8	            0	           36	       4	       6	       5	       5	       3	       4	       5	       5	       4	       4	        3	        3
      46	  9	428	    0.02	          9	            0	           22	       5	       6	       5	       6	       5	       4	       4	       4	       5	       5	        6	        5
      47	  5	456	     0.3	         11	            0	           28	       5	       6	       5	       5	       4	       6	       6	       6	       4	       4	        5	        6
      48	 16	417	    0.27	          8	            0	           40	       8	       9	       7	       6	       5	       5	       9	       8	      10	       6	        6	        5
      49	  0	  0	    0.17	         12	            0	           47	      11	      11	      11	       7	       6	       7	       9	      12	      11	       7	        6	        6
      50	  0	  0	     0.2	          8	            0	           71	       7	      10	       8	       7	       6	       8	       8	       7	       7	       5	        7	       11
COST_MATRIX 
	  0	  1	  2	  3	  4	  5	  6	  7	  8	  9	 10	 11	 12	 13	 14	 15	 16	 17	 18	 19	 20	 21	 22	 23	 24	 25	 26	 27	 28	 29	 30	 31	 32	 33	 34	 35	 36	 37	 38	 39	 40	 41	 42	 43	 44	 45	 46	 47	 48	 49	 50
  0
  1	 40
  2	 39	  1
  3	 39	  1	  1
  4	 43	  4	  4	  4
  5	 41	  4	  4	  4	  3
  6	 40	  2	  2	  2	  3	  2
  7	 42	  3	  4	  4	  1	  2	  3
  8	 38	  3	  2	  2	  6	  6	  4	  6
  9	 34	  8	  8	  8	 10	  8	  8	  9	  8
 10	 43	  3	  4	  4	  3	  5	  4	  3	  5	 11
 11	 40	  2	  3	  3	  3	  2	  1	  2	  4	  8	  4
 12	 39	  1	  1	  1	  4	  4	  2	  4	  2	  8	  4	  3
 13	 38	  3	  2	  2	  6	  5	  4	  5	  1	  8	  5	  4	  2
 14	 41	  2	  3	  3	  2	  2	  1	  2	  4	  8	  4	  1	  3	  4
 15	 39	  1	  1	  1	  4	  4	  2	  4	  2	  8	  4	  2	  1	  2	  3
 16	 43	  6	  6	  6	  7	  8	  7	  7	  6	 13	  4	  7	  6	  6	  7	  6
 17	 29	 15	 15	 15	 18	 18	 16	 18	 13	 16	 17	 17	 15	 13	 17	 15	 15
 18	 29	 16	 15	 15	 19	 18	 16	 18	 13	 16	 17	 17	 15	 14	 17	 15	 16	  1
 19	 30	 15	 14	 14	 18	 18	 16	 18	 12	 15	 17	 16	 14	 13	 16	 14	 15	  1	  2
 20	 29	 15	 14	 14	 18	 18	 16	 18	 13	 15	 17	 16	 14	 13	 17	 15	 15	  1	  1	  1
 21	 31	 15	 15	 15	 18	 18	 16	 18	 13	 17	 17	 17	 15	 13	 17	 15	 15	  2	  3	  3	  3
 22	 29	 16	 16	 16	 19	 19	 17	 19	 14	 17	 18	 18	 16	 14	 18	 16	 16	  2	  2	  2	  2	  3
 23	 28	 14	 14	 14	 17	 17	 15	 17	 12	 14	 17	 16	 14	 12	 16	 14	 15	  3	  3	  3	  3	  5	  4
 24	 30	 14	 13	 13	 17	 16	 15	 17	 11	 14	 16	 15	 13	 12	 15	 13	 14	  2	  2	  2	  2	  3	  3	  3
 25	 36	  8	  7	  7	 10	 11	  9	 10	  6	 12	  9	  9	  7	  6	  9	  7	  7	  9	  9	  8	  8	  9	 10	  9	  7
 26	 32	 15	 14	 14	 17	 18	 16	 17	 12	 16	 16	 16	 14	 13	 16	 14	 14	  3	  4	  3	  3	  2	  4	  5	  3	  8
 27	 28	 14	 14	 14	 17	 17	 15	 17	 12	 13	 17	 15	 14	 12	 16	 14	 15	  4	  3	  3	  3	  5	  4	  1	  3	  9	  6
 28	 23	 23	 22	 22	 26	 25	 23	 25	 20	 21	 25	 24	 22	 20	 24	 22	 23	  8	  8	  9	  8	  9	  7	  9	 10	 16	 10	  9
 29	 28	 15	 14	 14	 18	 17	 16	 18	 12	 14	 17	 16	 14	 13	 16	 14	 16	  3	  2	  2	  2	  4	  3	  1	  2	  9	  5	  1	  8
 30	 32	 13	 12	 12	 16	 16	 14	 16	 11	 15	 15	 14	 12	 11	 15	 13	 13	  3	  4	  3	  3	  3	  4	  5	  2	  6	  2	  5	 11	  4
 31	 26	 16	 15	 15	 19	 18	 17	 19	 14	 14	 18	 17	 15	 14	 17	 15	 17	  4	  3	  4	  4	  6	  4	  2	  4	 11	  7	  2	  7	  2	  6
 32	 30	 15	 15	 15	 18	 18	 16	 18	 13	 16	 17	 17	 15	 13	 17	 15	 15	  1	  2	  2	  2	  2	  2	  4	  3	  9	  2	  4	  9	  3	  3	  5
 33	 45	 10	 10	 10	 10	 12	 11	 11	 10	 17	  8	 11	 10	 10	 11	 10	  5	 16	 17	 16	 16	 15	 17	 17	 15	  9	 14	 17	 24	 17	 13	 19	 16
 34	 46	 18	 17	 18	 19	 21	 19	 19	 18	 25	 17	 19	 18	 17	 19	 18	 13	 18	 19	 18	 18	 16	 18	 20	 17	 14	 15	 20	 24	 19	 16	 21	 17	  9
 35	 41	 18	 17	 18	 20	 21	 19	 20	 17	 23	 18	 19	 18	 17	 20	 18	 14	 13	 13	 13	 13	 11	 13	 15	 13	 12	 10	 15	 18	 14	 11	 16	 12	 12	  7
 36	 39	 10	  9	 10	 12	 13	 11	 12	  9	 15	 10	 12	 10	  9	 12	 10	  7	 10	 11	 10	 10	  9	 11	 11	  9	  5	  8	 11	 18	 11	  8	 13	 10	  7	 10	  9
 37	 44	 14	 14	 14	 16	 17	 16	 16	 14	 21	 13	 16	 14	 14	 16	 15	  9	 15	 16	 15	 15	 14	 16	 17	 15	 11	 13	 17	 22	 17	 13	 18	 14	  6	  4	  7	  7
 38	 46	 14	 13	 14	 14	 16	 15	 15	 14	 21	 12	 15	 14	 14	 15	 14	  9	 17	 18	 17	 17	 16	 18	 18	 16	 11	 15	 19	 24	 18	 15	 20	 17	  5	  5	  9	  8	  3
 39	 45	 16	 15	 15	 17	 18	 17	 17	 15	 22	 14	 17	 16	 15	 17	 16	 11	 16	 17	 16	 16	 15	 17	 18	 16	 12	 14	 18	 23	 18	 14	 20	 15	  7	  3	  7	  8	  2	  3
 40	 44	 13	 13	 13	 14	 16	 15	 15	 13	 20	 12	 15	 13	 13	 15	 14	  8	 15	 16	 15	 15	 14	 16	 17	 14	 10	 13	 17	 22	 16	 13	 18	 14	  5	  5	  8	  6	  2	  3	  3
 41	 46	 15	 14	 15	 16	 17	 16	 16	 15	 22	 13	 16	 15	 15	 16	 15	 10	 17	 18	 17	 17	 16	 18	 19	 16	 12	 14	 19	 24	 18	 15	 20	 16	  6	  4	  8	  8	  2	  2	  2	  3
 42	 46	 15	 14	 15	 15	 17	 16	 16	 15	 22	 13	 16	 15	 15	 16	 15	 10	 17	 18	 17	 17	 16	 18	 19	 17	 12	 15	 19	 24	 19	 15	 21	 17	  6	  4	  9	  8	  3	  2	  3	  3	  1
 43	 45	 13	 12	 13	 13	 15	 14	 14	 13	 20	 11	 14	 13	 12	 14	 13	  7	 16	 17	 16	 16	 15	 17	 17	 15	 10	 14	 18	 24	 17	 14	 19	 16	  4	  6	  9	  7	  3	  2	  4	  2	  3	  3
 44	 46	 15	 14	 15	 15	 17	 16	 16	 15	 22	 13	 16	 15	 14	 16	 15	  9	 17	 18	 17	 17	 16	 18	 19	 17	 12	 15	 19	 24	 18	 15	 20	 16	  6	  4	  9	  8	  3	  2	  3	  3	  1	  1	  2
 45	 46	 14	 13	 14	 15	 16	 15	 15	 14	 21	 12	 15	 14	 14	 15	 14	  9	 17	 18	 17	 17	 16	 18	 18	 16	 11	 14	 18	 24	 18	 14	 20	 16	  5	  5	  9	  8	  3	  1	  3	  2	  2	  1	  2	  1
 46	 46	 15	 15	 15	 16	 18	 17	 17	 15	 22	 14	 17	 16	 15	 17	 16	 10	 17	 18	 17	 17	 16	 18	 19	 17	 12	 15	 19	 24	 19	 15	 20	 16	  6	  3	  8	  8	  3	  3	  2	  3	  1	  2	  3	  2	  2
 47	 46	 18	 17	 18	 19	 21	 19	 19	 18	 25	 17	 19	 18	 17	 19	 18	 13	 18	 18	 17	 17	 16	 18	 19	 17	 14	 15	 20	 24	 19	 15	 21	 17	  9	  1	  7	 10	  4	  5	  3	  5	  4	  4	  6	  4	  5	  3
 48	 45	 14	 14	 14	 15	 17	 15	 15	 14	 21	 13	 15	 14	 14	 15	 15	  9	 17	 17	 16	 16	 15	 17	 18	 16	 11	 14	 18	 24	 18	 14	 20	 16	  5	  5	  8	  7	  2	  1	  3	  2	  1	  1	  2	  1	  1	  2	  5
 49	 67	 34	 34	 34	 31	 31	 33	 31	 36	 35	 32	 32	 34	 36	 32	 34	 36	 48	 48	 48	 48	 48	 49	 47	 47	 41	 48	 47	 55	 47	 46	 48	 48	 38	 46	 49	 42	 43	 41	 44	 42	 43	 42	 41	 42	 42	 43	 46	 42
 50	 67	 34	 34	 34	 31	 31	 33	 31	 36	 35	 32	 32	 34	 36	 32	 34	 36	 48	 48	 48	 48	 48	 49	 47	 47	 41	 48	 47	 55	 47	 46	 48	 48	 38	 46	 49	 42	 43	 41	 44	 42	 43	 42	 41	 42	 42	 43	 46	 42	  1
