nVehicles:   91
nDepots:      1
nCustomers: 100
nPeriods:    12
VEHICLE_TYPE	FLEET_SIZE	CAPACITY
           1	        91	       8	
DEPOT   	X  	Y  	INV_COST	INITIAL_INV 	MIN_LEVEL_INV 	MAX_LEVEL_INV	PRODUCTION_0	PRODUCTION_1	PRODUCTION_2	PRODUCTION_3	PRODUCTION_4	PRODUCTION_5	PRODUCTION_6	PRODUCTION_7	PRODUCTION_8	PRODUCTION_9	PRODUCTION_10	PRODUCTION_11
       0	195	217	       0	        991	            0	         7948	         663	         663	         663	         663	         663	         663	         663	         663	         663	         663	          663	          663	
CUSTOMER	X  	Y  	INV_COST	INITIAL_INV	MIN_LEVEL_INV 	MAX_LEVEL_INV	DEMAND_0	DEMAND_1	DEMAND_2	DEMAND_3	DEMAND_4	DEMAND_5	DEMAND_6	DEMAND_7	DEMAND_8	DEMAND_9	DEMAND_10	DEMAND_11
       1	467	168	    0.25	          5	            0	           33	       6	       6	       7	      10	       9	       8	       6	       7	      10	       8	        7	        5
       2	478	158	     0.2	          5	            0	           14	       5	       4	       4	       4	       6	       5	       4	       4	       3	       4	        5	        6
       3	437	190	     0.2	          2	            0	           55	       6	       6	       7	       7	       7	       6	       4	       8	       8	       7	        4	        7
       4	466	175	    0.13	          6	            0	           60	       6	       5	       5	       7	       9	       8	       7	       5	       6	       7	        7	        9
       5	464	172	    0.09	          4	            0	           28	       4	       4	       4	       4	       6	       4	       4	       3	       5	       5	        5	        3
       6	466	186	    0.26	         15	            0	          111	       6	       7	       7	       7	      12	      11	      10	       8	       7	       6	        8	       12
       7	498	173	    0.17	         11	            0	           41	       5	       2	       1	       4	       3	       8	       9	       7	       6	       5	        5	        7
       8	473	187	     0.1	          5	            0	           33	       4	       3	       3	       5	       6	       6	       5	       4	       4	       4	        5	        6
       9	485	172	    0.28	          2	            0	           19	       6	       5	       7	      10	       7	       5	       4	       5	       7	       6	        5	        5
      10	462	151	    0.16	          9	            0	           21	       7	       6	       7	      11	       9	      11	       8	       6	       8	      11	       10	        9
      11	453	175	    0.05	          7	            0	           51	       5	       4	       4	       6	       7	       5	       4	       3	       5	       7	        5	        3
      12	452	209	    0.22	          4	            0	           59	       6	       5	       4	       7	       8	       7	       6	       4	       5	       6	        7	        7
      13	461	170	    0.26	          9	            0	           59	       6	       5	       5	       7	       9	       7	       8	       5	       5	       5	        6	        9
      14	461	211	    0.13	          5	            0	           16	       5	       5	       5	       7	       6	      10	       6	       5	       4	       6	        7	        8
      15	468	176	    0.21	          7	            0	           82	       7	       5	       6	       7	      11	       8	       8	       6	       7	       7	        8	       11
      16	473	182	    0.11	         10	            0	           27	       8	       5	       6	       9	      10	       7	       5	       6	       7	      10	        8	        7
      17	489	455	     0.2	          2	            0	           29	       4	       3	       4	       5	       6	       5	       3	       3	       5	       5	        5	        5
      18	490	456	    0.21	          4	            0	           16	       4	       4	       4	       6	       5	       6	       3	       3	       4	       5	        7	        4
      19	485	444	    0.03	         12	            0	           31	       9	       7	       7	       8	       8	       9	       9	       8	       8	       6	        7	       10
      20	480	472	    0.05	          4	            0	           14	       4	       3	       4	       4	       6	       6	       5	       5	       4	       4	        3	        4
      21	488	448	    0.15	          3	            0	           22	       5	       4	       5	       7	       5	       4	       4	       6	       7	       6	        4	        5
      22	479	445	    0.11	          1	            0	           71	       5	       4	       4	       6	       9	       7	       5	       5	       6	       8	        9	        8
      23	456	447	    0.07	          7	            0	           16	       6	       5	       4	       6	       7	      10	       9	       6	       5	       5	        5	        7
      24	473	447	    0.19	          6	            0	           31	       4	       3	       3	       4	       6	       5	       6	       4	       4	       4	        5	        6
      25	482	478	    0.06	          5	            0	           31	       6	       4	       6	       8	       8	       9	       6	       5	       5	       6	        7	        7
      26	492	451	    0.12	          4	            0	           63	       4	       4	       5	       6	       9	       4	       3	       6	       9	       9	        5	        5
      27	489	454	    0.18	          4	            0	           35	       6	       5	       6	       9	       8	       7	       6	       6	       9	      10	        8	        5
      28	485	458	    0.03	         10	            0	           43	       8	       6	       6	       9	       9	       9	      11	      10	       8	       6	        5	        7
      29	500	456	    0.25	         15	            0	           44	       8	       7	       6	       7	       9	      13	      12	       9	       8	       6	        9	       10
      30	488	454	    0.24	          3	            0	           64	       5	       5	       4	       5	       7	       9	       7	       8	       5	       4	        5	        6
      31	490	459	    0.23	          6	            0	           11	       4	       3	       4	       6	       5	       5	       4	       4	       4	       5	        5	        5
      32	483	447	    0.06	          3	            0	           51	       4	       4	       5	       6	       6	       5	       4	       4	       6	       6	        5	        4
      33	 48	250	    0.05	          5	            0	           23	       5	       5	       3	       5	       7	       7	       6	       5	       4	       5	        6	        6
      34	 54	268	    0.13	         11	            0	           82	       8	       5	       5	       7	       9	      11	      10	       7	       7	       6	        6	        7
      35	 57	260	    0.14	          8	            0	           22	       7	       5	       5	       6	       9	      10	       9	       7	       5	       5	        6	        7
      36	 54	265	    0.26	          8	            0	           32	       5	       5	       5	       6	       6	       6	      10	       8	       6	       6	        5	        5
      37	 72	277	    0.08	          8	            0	           93	       5	       4	       3	       7	       7	       6	       4	       3	       4	       6	        7	        9
      38	 53	264	    0.07	         10	            0	           84	       9	       5	       7	      10	      12	       9	      10	       6	       5	       7	       10	        9
      39	 53	268	    0.05	          4	            0	           35	       5	       3	       4	       6	       5	       3	       4	       5	       6	       4	        3	        4
      40	 67	250	    0.23	         12	            0	           64	       6	       5	       4	       7	       9	       8	       9	       6	       5	       6	        9	       11
      41	 62	246	     0.1	          9	            0	           20	       5	       4	       5	       5	       7	       6	       6	       4	       4	       6	        6	        6
      42	 35	277	    0.28	          3	            0	           49	       5	       4	       6	       7	       6	       6	       4	       5	       8	       6	        4	        5
      43	 99	285	    0.12	         12	            0	           56	       6	       3	       4	       8	       8	       4	       2	       4	       7	       6	        5	        5
      44	 25	268	    0.24	          6	            0	           35	       7	       6	       7	       6	      10	      10	      11	       9	       7	       5	        7	        6
      45	124	241	    0.23	          2	            0	           29	       6	       4	       4	       5	       6	       8	       9	       9	       6	       6	        4	        7
      46	 59	278	    0.22	         10	            0	           27	       1	       2	       0	       3	       3	       5	       6	       7	       4	       5	        6	        5
      47	 42	259	    0.04	          9	            0	           47	       5	       5	       4	       6	       7	       8	       6	       4	       3	       5	        6	        6
      48	 55	263	    0.22	          8	            0	           35	       7	       5	       4	       5	       8	       9	       9	       8	       6	       4	        6	        6
      49	 35	140	    0.07	          5	            0	           40	       5	       4	       6	       9	       8	       5	       5	       6	       7	       7	        5	        5
      50	 35	136	    0.04	         16	            0	           33	       6	       4	       7	       8	       7	       6	       3	       4	       8	       8	        8	        5
      51	 44	155	    0.29	         12	            0	           62	       8	       6	       5	       8	      11	      10	       8	       7	       4	       6	        7	        8
      52	 31	144	     0.1	          9	            0	           35	       5	       4	       4	       5	       7	       6	       5	       4	       4	       4	        6	        8
      53	 17	111	     0.2	          5	            0	           78	       6	       4	       5	       9	      11	       6	       6	       4	       5	       9	        8	        8
      54	 53	131	    0.24	          1	            0	           61	       0	       0	       0	       0	       0	       1	       2	       2	       4	       3	        4	        6
      55	 21	145	    0.18	         11	            0	           51	       2	       2	       2	       6	       7	       5	       2	       4	       6	       6	        8	        6
      56	 37	139	    0.16	          7	            0	           50	       6	       5	       4	       6	       7	       8	       7	       7	       5	       5	        5	        8
      57	 55	130	    0.02	          9	            0	           63	       6	       2	       4	       8	       9	       5	       4	       3	       6	       7	        7	        6
      58	 36	142	    0.29	          6	            0	           54	       6	       4	       6	       6	       7	       5	       4	       6	       8	       6	        4	        4
      59	 40	137	    0.12	          8	            0	           49	       5	       4	       4	       6	       5	       7	       7	       5	       4	       4	        6	        6
      60	 40	139	    0.11	          8	            0	           30	       6	       5	       4	       6	       9	       7	       8	       6	       6	       5	        6	        7
      61	 41	128	    0.29	          4	            0	           13	       4	       4	       4	       5	       5	       6	       7	       6	       5	       5	        3	        4
      62	 26	147	       0	          1	            0	           65	       1	       1	       0	       0	       3	       4	       5	       7	       5	       6	        5	        7
      63	 12	113	    0.04	          3	            0	           80	       0	       0	       0	       0	       0	       0	       0	       3	       7	       4	        5	        6
      64	 28	126	     0.2	         10	            0	           33	       5	       6	       6	       6	      10	       9	       7	       6	       4	       6	        8	        8
      65	 20	435	    0.25	          6	            0	           53	       5	       4	       3	       4	       6	       5	       5	       5	       4	       3	        4	        6
      66	  5	400	    0.13	         10	            0	           64	       7	       4	       6	       9	       7	       7	       5	       7	       8	       9	        6	        4
      67	 32	434	    0.27	          1	            0	           18	       4	       3	       3	       4	       5	       5	       4	       4	       3	       4	        4	        5
      68	 25	435	    0.07	          5	            0	           21	       4	       4	       3	       6	       7	       8	       7	       6	       5	       4	        6	        6
      69	 25	412	    0.03	         12	            0	           46	       1	       0	       0	       2	       1	       3	       4	       2	       3	       5	        6	        8
      70	 26	415	    0.22	          4	            0	           81	       2	       1	       4	       6	       5	       4	       3	       6	       8	       8	        5	        6
      71	  7	432	    0.17	         11	            0	           78	       0	       0	       0	       2	       3	       3	       3	       3	       3	       6	       10	       11
      72	 33	433	    0.15	         11	            0	           41	       6	       5	       4	       5	       5	       8	       7	       7	       4	       4	        4	        6
      73	129	452	    0.17	         12	            0	           54	       0	       0	       0	       0	       0	       0	       0	       0	       4	       7	        8	        6
      74	 24	451	    0.01	         14	            0	           38	       0	       0	       0	       0	       3	       2	       4	       5	       3	       2	        5	        7
      75	 38	443	    0.07	          7	            0	           14	       5	       3	       5	       5	       5	       4	       4	       4	       5	       4	        4	        4
      76	  5	463	    0.24	         10	            0	           54	       5	       3	       4	       7	       7	       8	       6	       4	       6	       8	        7	        6
      77	 35	433	    0.17	          1	            0	           62	       1	       0	       0	       2	       2	       3	       1	       2	       4	       8	        9	        8
      78	 21	432	    0.03	          1	            0	           33	       5	       4	       4	       6	       8	       7	       4	       5	       8	       8	        7	        5
      79	 21	433	    0.21	         10	            0	           41	       7	       6	       5	       6	       7	       8	       8	       8	       6	       6	        4	        4
      80	 11	448	     0.1	          7	            0	           18	       4	       3	       5	       5	       6	       5	       3	       4	       5	       5	        4	        4
      81	274	 62	    0.17	          6	            0	           42	       5	       4	       5	       7	       8	       6	       5	       4	       4	       7	        7	        5
      82	299	 71	    0.03	         13	            0	           52	       2	       1	       3	       3	       7	       5	       4	       3	       4	       7	        9	        8
      83	281	 71	    0.12	          3	            0	           53	       7	       4	       4	       6	       7	       7	       6	       4	       6	       6	        9	        8
      84	279	130	    0.26	         11	            0	           64	       0	       0	       0	       1	       3	       5	       2	       1	       4	       5	        7	        7
      85	298	 99	    0.26	          1	            0	           35	       4	       3	       4	       4	       5	       7	       4	       5	       3	       4	        5	        5
      86	285	 62	    0.12	          5	            0	           24	       5	       5	       6	       8	       8	       6	       5	       5	       7	       8	        7	        5
      87	288	 72	    0.28	          5	            0	           30	       3	       3	       4	       4	       5	       6	       6	       5	       5	       4	        3	        4
      88	276	 84	    0.27	          4	            0	           21	       5	       4	       4	       5	       5	       5	       5	       4	       3	       4	        6	        6
      89	266	 65	    0.12	          1	            0	           34	       4	       4	       3	       5	       6	       5	       4	       4	       4	       4	        4	        5
      90	281	 77	    0.22	          1	            0	           46	       4	       3	       4	       4	       6	       6	       5	       4	       3	       4	        6	        5
      91	289	 79	     0.1	         12	            0	           47	       0	       0	       0	       1	       3	       2	       1	       2	       6	       8	        9	        5
      92	309	 80	    0.04	          1	            0	           55	       2	       0	       0	       4	       4	       4	       1	       4	       5	       9	        6	        4
      93	291	 72	       0	          7	            0	           52	       7	       4	       4	       8	       8	       8	       7	       6	       8	       8	        9	        6
      94	252	 49	    0.26	          4	            0	           68	       0	       0	       0	       0	       0	       0	       0	       0	       3	       4	        7	        6
      95	239	102	    0.03	          1	            0	           77	       5	       2	       2	       4	       6	       6	       5	       3	       3	       4	        5	        8
      96	284	 75	    0.19	          2	            0	           31	       5	       4	       5	       6	       8	       7	       8	       6	       5	       5	        4	        5
      97	  0	  0	    0.22	          9	            0	           93	       0	       0	       0	       0	       0	       0	       0	       2	       1	       3	        5	        8
      98	  0	  0	    0.02	          2	            0	           36	       2	       1	       1	       4	       4	       4	       3	       3	       6	       9	        6	        5
      99	  0	  0	    0.06	          7	            0	           61	       5	       4	       5	       6	       7	       5	       4	       4	       7	       8	        6	        4
     100	  0	  0	    0.28	          5	            0	           75	       4	       3	       4	       6	       7	       5	       3	       3	       5	       7	        7	        7
COST_MATRIX 
	  0	  1	  2	  3	  4	  5	  6	  7	  8	  9	 10	 11	 12	 13	 14	 15	 16	 17	 18	 19	 20	 21	 22	 23	 24	 25	 26	 27	 28	 29	 30	 31	 32	 33	 34	 35	 36	 37	 38	 39	 40	 41	 42	 43	 44	 45	 46	 47	 48	 49	 50	 51	 52	 53	 54	 55	 56	 57	 58	 59	 60	 61	 62	 63	 64	 65	 66	 67	 68	 69	 70	 71	 72	 73	 74	 75	 76	 77	 78	 79	 80	 81	 82	 83	 84	 85	 86	 87	 88	 89	 90	 91	 92	 93	 94	 95	 96	 97	 98	 99	100
  0
  1	 28
  2	 29	  2
  3	 25	  4	  6
  4	 28	  1	  3	  4
  5	 28	  1	  2	  4	  1
  6	 28	  2	  4	  3	  2	  2
  7	 31	  4	  3	  7	  4	  4	  4
  8	 28	  2	  3	  4	  2	  2	  1	  3
  9	 30	  2	  2	  6	  2	  3	  3	  2	  2
 10	 28	  2	  2	  5	  3	  3	  4	  5	  4	  4
 11	 27	  2	  4	  3	  2	  2	  2	  5	  3	  4	  3
 12	 26	  5	  6	  3	  4	  4	  3	  6	  4	  5	  6	  4
 13	 28	  1	  3	  4	  1	  1	  2	  4	  3	  3	  2	  1	  5
 14	 27	  5	  6	  4	  4	  4	  3	  6	  3	  5	  7	  4	  1	  5
 15	 28	  1	  3	  4	  1	  1	  2	  4	  2	  2	  3	  2	  4	  1	  4
 16	 29	  2	  3	  4	  1	  2	  1	  3	  1	  2	  4	  3	  4	  2	  4	  1
 17	 38	 29	 30	 28	 29	 29	 27	 29	 27	 29	 31	 29	 25	 29	 25	 28	 28
 18	 38	 29	 30	 28	 29	 29	 28	 29	 27	 29	 31	 29	 25	 29	 25	 29	 28	  1
 19	 37	 28	 29	 26	 27	 28	 26	 28	 26	 28	 30	 28	 24	 28	 24	 27	 27	  2	  2
 20	 39	 31	 32	 29	 30	 31	 29	 30	 29	 31	 33	 30	 27	 31	 27	 30	 30	  2	  2	  3
 21	 38	 29	 30	 27	 28	 28	 27	 28	 27	 28	 30	 28	 25	 28	 24	 28	 27	  1	  1	  1	  3
 22	 37	 28	 29	 26	 28	 28	 26	 28	 26	 28	 30	 28	 24	 28	 24	 27	 27	  2	  2	  1	  3	  1
 23	 35	 28	 29	 26	 28	 28	 27	 28	 27	 28	 30	 28	 24	 28	 24	 28	 27	  4	  4	  3	  4	  4	  3
 24	 37	 28	 29	 26	 28	 28	 27	 28	 27	 28	 30	 28	 24	 28	 24	 28	 27	  2	  2	  2	  3	  2	  1	  2
 25	 39	 32	 33	 30	 31	 31	 30	 31	 30	 31	 33	 31	 28	 31	 27	 31	 30	  3	  3	  4	  1	  4	  4	  5	  4
 26	 38	 29	 30	 27	 28	 29	 27	 28	 27	 28	 31	 28	 25	 29	 25	 28	 27	  1	  1	  1	  3	  1	  2	  4	  2	  3
 27	 38	 29	 30	 27	 28	 29	 27	 29	 27	 29	 31	 29	 25	 29	 25	 28	 28	  1	  1	  2	  3	  1	  2	  4	  2	  3	  1
 28	 38	 30	 31	 28	 29	 29	 28	 29	 28	 29	 31	 29	 26	 29	 25	 29	 28	  1	  1	  2	  2	  2	  2	  4	  2	  3	  1	  1
 29	 39	 29	 30	 28	 29	 29	 28	 29	 28	 29	 31	 29	 26	 29	 25	 29	 28	  2	  2	  2	  3	  2	  3	  5	  3	  3	  1	  2	  2
 30	 38	 29	 30	 27	 28	 29	 27	 29	 27	 29	 31	 29	 25	 29	 25	 28	 28	  1	  1	  2	  2	  1	  2	  4	  2	  3	  1	  1	  1	  2
 31	 39	 30	 31	 28	 29	 29	 28	 29	 28	 29	 31	 29	 26	 30	 25	 29	 28	  1	  1	  2	  2	  2	  2	  4	  3	  3	  1	  1	  1	  2	  1
 32	 37	 28	 29	 27	 28	 28	 27	 28	 27	 28	 30	 28	 25	 28	 24	 28	 27	  2	  2	  1	  3	  1	  1	  3	  2	  4	  1	  1	  2	  2	  1	  2
 33	 16	 43	 44	 40	 43	 43	 43	 46	 43	 45	 43	 42	 41	 43	 42	 43	 44	 49	 49	 48	 49	 49	 48	 46	 47	 50	 49	 49	 49	 50	 49	 49	 48
 34	 15	 43	 44	 40	 43	 43	 43	 46	 43	 45	 43	 41	 41	 42	 42	 43	 43	 48	 48	 47	 48	 47	 47	 45	 46	 48	 48	 48	 48	 49	 48	 48	 47	  2
 35	 15	 43	 44	 39	 42	 42	 42	 45	 43	 44	 42	 41	 40	 42	 41	 42	 43	 48	 48	 47	 48	 48	 47	 45	 46	 48	 48	 48	 48	 49	 48	 48	 47	  2	  1
 36	 15	 43	 44	 40	 43	 43	 42	 46	 43	 45	 43	 41	 41	 42	 42	 43	 43	 48	 48	 47	 48	 48	 47	 45	 46	 48	 48	 48	 48	 49	 48	 48	 47	  2	  1	  1
 37	 14	 41	 43	 38	 41	 41	 41	 44	 42	 43	 41	 40	 39	 41	 40	 41	 42	 46	 46	 45	 46	 45	 45	 42	 44	 46	 46	 46	 46	 47	 46	 46	 45	  4	  3	  3	  3
 38	 15	 43	 44	 40	 43	 43	 43	 46	 43	 45	 43	 41	 41	 42	 42	 43	 43	 48	 48	 47	 48	 48	 47	 45	 46	 48	 48	 48	 48	 49	 48	 48	 47	  2	  1	  1	  1	  3
 39	 16	 43	 44	 40	 43	 43	 43	 46	 43	 45	 43	 42	 41	 42	 42	 43	 43	 48	 48	 47	 48	 48	 47	 45	 46	 48	 48	 48	 48	 49	 48	 48	 47	  2	  1	  1	  1	  3	  1
 40	 14	 41	 43	 38	 41	 41	 41	 44	 42	 43	 41	 40	 39	 41	 40	 41	 42	 47	 48	 47	 47	 47	 46	 44	 46	 48	 48	 47	 47	 48	 47	 48	 47	  2	  3	  2	  2	  3	  2	  3
 41	 14	 42	 43	 38	 42	 41	 41	 45	 42	 43	 42	 40	 40	 41	 41	 42	 42	 48	 48	 47	 48	 48	 47	 45	 46	 48	 48	 48	 48	 49	 48	 48	 47	  2	  3	  2	  3	  4	  3	  3	  1
 42	 18	 45	 46	 42	 45	 45	 45	 48	 45	 47	 45	 44	 43	 44	 44	 45	 45	 49	 49	 48	 49	 49	 48	 46	 47	 50	 49	 49	 49	 50	 49	 50	 48	  3	  3	  3	  3	  4	  3	  3	  5	  5
 43	 12	 39	 40	 36	 39	 39	 39	 42	 39	 41	 39	 38	 37	 38	 37	 39	 39	 43	 43	 42	 43	 43	 42	 40	 41	 43	 43	 43	 43	 44	 43	 43	 42	  7	  5	  5	  5	  3	  6	  5	  5	  6	  7
 44	 18	 46	 47	 42	 46	 45	 45	 49	 46	 47	 46	 44	 44	 45	 44	 46	 46	 51	 51	 50	 50	 50	 49	 47	 49	 51	 51	 50	 50	 52	 50	 51	 50	  3	  3	  4	  3	  5	  3	  3	  5	  5	  2	  8
 45	  8	 36	 37	 32	 35	 35	 35	 39	 36	 37	 35	 34	 33	 35	 34	 36	 36	 43	 43	 42	 43	 42	 41	 40	 41	 43	 43	 43	 43	 44	 43	 43	 42	  8	  8	  7	  8	  7	  8	  8	  6	  7	 10	  6	 11
 46	 15	 43	 44	 39	 42	 42	 42	 46	 43	 44	 43	 41	 40	 42	 41	 43	 43	 47	 47	 46	 47	 47	 46	 44	 45	 47	 47	 47	 47	 48	 47	 47	 46	  4	  2	  2	  2	  2	  2	  2	  3	  4	  3	  5	  4	  8
 47	 16	 44	 45	 41	 44	 44	 44	 47	 44	 46	 44	 42	 42	 43	 43	 44	 44	 49	 49	 49	 49	 49	 48	 46	 48	 50	 49	 49	 49	 50	 49	 50	 48	  2	  2	  2	  2	  4	  2	  2	  3	  3	  2	  7	  2	  9	  3
 48	 15	 43	 44	 39	 43	 42	 42	 46	 43	 44	 43	 41	 41	 42	 41	 43	 43	 48	 48	 47	 48	 48	 47	 45	 46	 48	 48	 48	 48	 49	 48	 48	 47	  2	  1	  1	  1	  3	  1	  1	  2	  2	  3	  5	  4	  8	  2	  2
 49	 18	 44	 45	 41	 44	 44	 44	 47	 45	 46	 43	 42	 43	 43	 44	 44	 45	 56	 56	 55	 56	 55	 54	 53	 54	 57	 56	 56	 56	 57	 56	 56	 55	 12	 13	 13	 13	 15	 13	 13	 12	 11	 14	 16	 13	 14	 15	 12	 13
 50	 18	 44	 45	 41	 44	 44	 44	 47	 45	 46	 43	 42	 43	 43	 44	 44	 45	 56	 56	 55	 56	 56	 55	 53	 54	 57	 56	 56	 56	 57	 56	 56	 55	 12	 14	 13	 14	 15	 13	 14	 12	 12	 15	 17	 14	 14	 15	 13	 13	  1
 51	 17	 43	 44	 40	 43	 43	 43	 46	 44	 45	 42	 41	 42	 42	 43	 43	 43	 54	 54	 53	 54	 54	 53	 51	 52	 55	 54	 54	 54	 55	 54	 54	 53	 10	 12	 11	 12	 13	 11	 12	 10	 10	 13	 15	 12	 12	 13	 11	 11	  2	  3
 52	 18	 44	 45	 41	 44	 44	 44	 47	 45	 46	 44	 43	 43	 44	 44	 44	 45	 56	 56	 55	 56	 55	 54	 53	 54	 57	 56	 56	 56	 57	 56	 56	 55	 11	 13	 12	 13	 14	 13	 13	 12	 11	 14	 16	 13	 14	 14	 12	 13	  1	  1	  2
 53	 21	 46	 47	 43	 46	 46	 46	 49	 47	 48	 45	 45	 45	 45	 46	 46	 47	 59	 59	 58	 59	 58	 58	 56	 57	 60	 59	 59	 59	 60	 59	 59	 58	 15	 17	 16	 16	 18	 16	 17	 15	 15	 17	 20	 16	 17	 18	 16	 16	  4	  4	  6	  4
 54	 17	 42	 43	 39	 42	 42	 42	 45	 43	 44	 41	 41	 41	 41	 42	 42	 43	 55	 55	 54	 55	 54	 53	 52	 53	 56	 55	 55	 55	 56	 55	 55	 54	 12	 14	 13	 14	 15	 14	 14	 12	 12	 15	 17	 14	 14	 15	 13	 14	  3	  2	  3	  3	  5
 55	 19	 45	 46	 42	 45	 45	 45	 48	 46	 47	 45	 44	 44	 45	 45	 45	 46	 57	 57	 56	 57	 56	 55	 53	 55	 57	 57	 57	 56	 58	 56	 57	 56	 11	 13	 13	 13	 15	 13	 13	 12	 11	 14	 17	 13	 15	 14	 12	 13	  2	  2	  3	  2	  4	  4
 56	 18	 44	 45	 41	 44	 43	 44	 47	 44	 45	 43	 42	 43	 43	 44	 44	 44	 56	 56	 55	 56	 55	 54	 53	 54	 56	 56	 56	 55	 57	 56	 56	 55	 12	 14	 13	 13	 15	 13	 13	 12	 11	 14	 16	 13	 14	 15	 13	 13	  1	  1	  2	  1	  4	  2	  2
 57	 17	 42	 43	 39	 42	 42	 42	 45	 43	 44	 41	 41	 41	 41	 42	 42	 43	 55	 55	 54	 55	 54	 53	 52	 53	 56	 55	 55	 55	 56	 55	 55	 54	 13	 14	 14	 14	 15	 14	 14	 13	 12	 15	 17	 15	 14	 15	 13	 14	  3	  3	  3	  3	  5	  1	  4	  3
 58	 18	 44	 45	 41	 44	 43	 44	 47	 44	 46	 43	 42	 43	 43	 44	 44	 44	 56	 56	 55	 56	 55	 54	 52	 54	 56	 56	 56	 55	 57	 55	 56	 55	 11	 13	 12	 13	 14	 13	 13	 12	 11	 14	 16	 13	 14	 14	 12	 13	  1	  1	  2	  1	  4	  3	  2	  1	  3
 59	 18	 43	 44	 41	 43	 43	 43	 46	 44	 45	 43	 42	 42	 43	 43	 43	 44	 56	 56	 55	 56	 55	 54	 52	 54	 56	 56	 55	 55	 56	 55	 56	 55	 12	 14	 13	 13	 15	 13	 14	 12	 12	 15	 16	 14	 14	 15	 13	 13	  1	  1	  2	  2	  4	  2	  3	  1	  2	  1
 60	 18	 43	 44	 41	 43	 43	 43	 46	 44	 45	 43	 42	 42	 43	 43	 43	 44	 55	 56	 54	 56	 55	 54	 52	 54	 56	 55	 55	 55	 56	 55	 56	 54	 12	 13	 13	 13	 15	 13	 13	 12	 11	 14	 16	 13	 14	 15	 13	 13	  1	  1	  2	  2	  4	  2	  2	  1	  2	  1	  1
 61	 18	 43	 44	 41	 43	 43	 43	 46	 44	 45	 43	 42	 42	 43	 43	 43	 44	 56	 56	 55	 56	 55	 55	 53	 54	 57	 56	 56	 56	 57	 56	 56	 55	 13	 15	 14	 14	 16	 14	 15	 13	 12	 15	 17	 15	 15	 16	 14	 14	  2	  2	  3	  2	  3	  2	  3	  2	  2	  2	  1	  2
 62	 19	 45	 46	 42	 45	 44	 45	 48	 45	 46	 44	 43	 44	 44	 44	 45	 45	 56	 56	 55	 56	 56	 55	 53	 54	 57	 56	 56	 56	 57	 56	 56	 55	 11	 13	 12	 13	 14	 13	 13	 12	 11	 14	 16	 13	 14	 14	 12	 12	  2	  2	  2	  1	  4	  4	  1	  2	  4	  2	  2	  2	  3
 63	 22	 46	 47	 44	 46	 46	 46	 49	 47	 48	 46	 45	 46	 46	 46	 47	 47	 59	 59	 58	 59	 59	 58	 56	 57	 60	 59	 59	 59	 60	 59	 60	 58	 15	 17	 16	 16	 18	 16	 17	 15	 15	 17	 20	 16	 18	 18	 15	 16	  4	  4	  6	  4	  1	  5	  4	  4	  5	  4	  4	  4	  4	  4
 64	 20	 45	 46	 42	 45	 44	 45	 48	 45	 46	 44	 43	 44	 44	 45	 45	 45	 57	 57	 56	 57	 57	 56	 54	 55	 58	 57	 57	 57	 58	 57	 57	 56	 13	 15	 14	 15	 16	 15	 15	 13	 13	 16	 18	 15	 15	 16	 14	 14	  2	  2	  4	  2	  2	  3	  3	  2	  3	  2	  2	  2	  2	  3	  3
 65	 28	 53	 54	 49	 52	 52	 52	 55	 52	 54	 53	 51	 49	 52	 50	 52	 52	 47	 48	 47	 47	 47	 46	 44	 46	 47	 48	 47	 47	 49	 47	 48	 47	 19	 18	 18	 18	 17	 18	 18	 20	 20	 16	 17	 17	 23	 17	 18	 18	 30	 30	 29	 30	 33	 31	 30	 30	 31	 30	 30	 30	 31	 29	 33	 31
 66	 27	 52	 54	 49	 52	 52	 51	 55	 52	 54	 53	 51	 49	 52	 50	 52	 52	 49	 49	 49	 49	 49	 48	 46	 48	 49	 49	 49	 49	 50	 49	 49	 49	 16	 15	 15	 15	 15	 15	 15	 17	 17	 13	 15	 14	 20	 14	 15	 15	 27	 27	 25	 26	 29	 28	 26	 27	 28	 26	 27	 27	 28	 26	 29	 28	  4
 67	 28	 51	 53	 48	 51	 51	 50	 54	 51	 53	 52	 50	 48	 51	 49	 51	 51	 46	 46	 46	 45	 46	 45	 43	 45	 46	 47	 46	 46	 47	 46	 46	 46	 19	 17	 18	 18	 17	 18	 17	 19	 20	 16	 17	 17	 22	 16	 18	 18	 30	 30	 28	 30	 33	 31	 29	 30	 31	 30	 30	 30	 31	 29	 33	 31	  2	  5
 68	 28	 52	 54	 48	 52	 52	 51	 55	 52	 53	 53	 51	 49	 52	 50	 52	 52	 47	 47	 47	 46	 47	 46	 44	 45	 46	 47	 47	 47	 48	 47	 47	 46	 19	 17	 18	 18	 17	 18	 17	 19	 20	 16	 17	 17	 22	 17	 18	 18	 30	 30	 29	 30	 33	 31	 30	 30	 31	 30	 30	 30	 31	 29	 33	 31	  1	  5	  1
 69	 26	 51	 52	 47	 51	 51	 50	 53	 51	 52	 51	 49	 48	 50	 49	 51	 51	 47	 47	 47	 46	 47	 46	 44	 45	 47	 47	 47	 47	 48	 47	 47	 46	 17	 15	 16	 15	 15	 16	 15	 17	 18	 14	 15	 15	 20	 14	 16	 16	 28	 28	 26	 27	 31	 29	 27	 28	 29	 28	 28	 28	 29	 27	 30	 29	  3	  3	  3	  3
 70	 27	 51	 52	 47	 51	 51	 50	 54	 51	 52	 51	 49	 48	 50	 49	 51	 51	 47	 47	 46	 46	 47	 46	 44	 45	 47	 47	 47	 47	 48	 47	 47	 46	 17	 15	 16	 16	 15	 16	 15	 18	 18	 14	 15	 15	 20	 15	 16	 16	 28	 28	 27	 28	 31	 29	 28	 28	 29	 28	 28	 28	 29	 27	 31	 29	  3	  3	  2	  3	  1
 71	 29	 54	 55	 50	 53	 53	 53	 56	 53	 55	 54	 52	 50	 53	 51	 53	 53	 49	 49	 48	 48	 49	 48	 45	 47	 48	 49	 49	 48	 50	 49	 49	 48	 19	 18	 18	 18	 17	 18	 18	 20	 20	 16	 18	 17	 23	 17	 18	 18	 30	 30	 28	 29	 33	 31	 29	 30	 31	 30	 30	 30	 31	 29	 32	 31	  2	  4	  3	  2	  3	  3
 72	 28	 51	 53	 48	 51	 51	 50	 54	 51	 53	 52	 50	 48	 51	 49	 51	 51	 46	 46	 46	 45	 46	 45	 43	 45	 46	 46	 46	 46	 47	 46	 46	 46	 19	 17	 18	 17	 17	 18	 17	 19	 19	 16	 17	 17	 22	 16	 18	 18	 30	 30	 28	 29	 33	 31	 29	 30	 31	 30	 30	 30	 31	 29	 33	 31	  2	  5	  1	  1	  3	  2	  3
 73	 25	 45	 46	 41	 44	 44	 43	 47	 44	 46	 45	 43	 41	 44	 42	 44	 44	 37	 37	 36	 36	 36	 36	 33	 35	 36	 37	 37	 36	 38	 36	 37	 36	 22	 20	 21	 21	 19	 21	 20	 22	 22	 20	 17	 22	 22	 19	 22	 21	 33	 33	 31	 33	 36	 33	 33	 33	 34	 33	 33	 33	 34	 33	 36	 35	 12	 14	 10	 11	 12	 11	 13	 10
 74	 29	 53	 55	 49	 53	 53	 52	 55	 53	 54	 54	 52	 50	 52	 50	 53	 53	 47	 47	 47	 46	 47	 46	 44	 45	 46	 47	 47	 47	 48	 47	 47	 46	 21	 19	 20	 19	 19	 19	 19	 21	 21	 18	 19	 19	 24	 18	 20	 20	 32	 32	 30	 31	 35	 33	 31	 32	 33	 31	 32	 32	 33	 31	 34	 33	  2	  6	  2	  2	  4	  4	  3	  3	 11
 75	 28	 51	 53	 48	 51	 51	 50	 54	 51	 53	 52	 50	 48	 51	 49	 51	 51	 46	 46	 45	 45	 46	 45	 42	 44	 45	 46	 46	 45	 47	 46	 46	 45	 20	 18	 19	 18	 17	 18	 18	 20	 20	 17	 17	 18	 22	 17	 19	 19	 31	 31	 29	 30	 34	 32	 30	 31	 32	 31	 31	 31	 32	 30	 34	 32	  2	  6	  2	  2	  4	  4	  4	  2	 10	  2
 76	 32	 55	 57	 52	 55	 55	 54	 58	 55	 57	 56	 54	 52	 55	 53	 55	 55	 49	 49	 49	 48	 49	 48	 46	 47	 48	 49	 49	 49	 50	 49	 49	 48	 22	 21	 21	 21	 20	 21	 21	 23	 23	 19	 21	 20	 26	 20	 21	 21	 33	 33	 32	 33	 36	 34	 32	 33	 34	 33	 33	 33	 34	 32	 36	 34	  4	  7	  4	  4	  6	  6	  4	  5	 13	  3	  4
 77	 27	 51	 53	 47	 51	 51	 50	 54	 51	 53	 52	 50	 48	 51	 49	 51	 51	 46	 46	 46	 45	 46	 45	 43	 44	 45	 46	 46	 46	 47	 46	 46	 45	 19	 17	 18	 17	 17	 17	 17	 19	 19	 16	 17	 17	 22	 16	 18	 18	 30	 30	 28	 29	 33	 31	 29	 30	 31	 30	 30	 30	 31	 29	 33	 31	  2	  5	  1	  2	  3	  3	  3	  1	 10	  3	  2	  5
 78	 28	 52	 54	 49	 52	 52	 51	 55	 52	 54	 53	 51	 49	 52	 50	 52	 52	 47	 47	 47	 47	 47	 46	 44	 46	 47	 48	 47	 47	 48	 47	 47	 47	 19	 17	 18	 18	 17	 18	 17	 19	 20	 16	 17	 17	 22	 16	 18	 18	 30	 30	 28	 29	 33	 31	 29	 30	 31	 30	 30	 30	 31	 29	 32	 31	  1	  4	  2	  1	  3	  2	  2	  2	 11	  2	  3	  4	  2
 79	 28	 52	 54	 49	 52	 52	 51	 55	 52	 54	 53	 51	 49	 52	 50	 52	 52	 47	 47	 47	 47	 47	 46	 44	 46	 47	 48	 47	 47	 48	 47	 47	 47	 19	 17	 18	 18	 17	 18	 17	 19	 20	 16	 17	 17	 22	 16	 18	 18	 30	 30	 28	 29	 33	 31	 29	 30	 31	 30	 30	 30	 31	 29	 33	 31	  1	  4	  2	  1	  3	  2	  2	  2	 11	  2	  2	  4	  2	  1
 80	 30	 54	 55	 50	 54	 54	 53	 56	 54	 55	 55	 52	 51	 53	 51	 54	 54	 48	 48	 48	 47	 48	 47	 45	 47	 48	 49	 48	 48	 49	 48	 48	 48	 21	 19	 20	 19	 19	 19	 19	 21	 21	 18	 19	 19	 24	 18	 20	 20	 31	 32	 30	 31	 34	 32	 31	 32	 33	 31	 32	 32	 33	 31	 34	 33	  2	  5	  3	  2	  4	  4	  2	  3	 12	  2	  3	  2	  3	  2	  2
 81	 18	 23	 23	 21	 23	 22	 23	 25	 24	 24	 21	 22	 24	 22	 24	 23	 24	 45	 45	 44	 46	 45	 44	 43	 44	 47	 45	 45	 45	 46	 45	 46	 44	 30	 31	 30	 30	 30	 30	 31	 28	 29	 33	 29	 33	 24	 31	 31	 30	 26	 26	 25	 26	 27	 24	 27	 25	 23	 26	 25	 25	 25	 27	 27	 26	 46	 44	 45	 45	 43	 44	 46	 45	 42	 47	 45	 49	 45	 45	 45	 47
 82	 18	 20	 20	 19	 20	 20	 21	 23	 21	 22	 19	 19	 21	 19	 22	 20	 21	 43	 43	 42	 44	 43	 42	 41	 42	 45	 43	 43	 43	 44	 43	 44	 42	 31	 32	 31	 32	 31	 32	 32	 30	 30	 34	 30	 34	 25	 32	 32	 32	 28	 28	 27	 28	 29	 26	 29	 28	 26	 28	 27	 27	 27	 29	 30	 28	 46	 45	 46	 46	 44	 44	 47	 45	 42	 47	 46	 50	 45	 46	 46	 48	  3
 83	 17	 21	 22	 20	 22	 21	 22	 24	 23	 23	 20	 21	 22	 21	 23	 22	 23	 44	 44	 43	 45	 44	 43	 42	 43	 46	 44	 44	 44	 45	 44	 45	 43	 30	 31	 30	 30	 30	 30	 31	 28	 29	 33	 29	 33	 24	 31	 31	 30	 26	 26	 26	 27	 27	 24	 28	 26	 24	 26	 25	 26	 25	 27	 28	 26	 45	 43	 45	 45	 43	 43	 46	 44	 42	 46	 45	 48	 44	 45	 45	 47	  2	  2
 84	 13	 20	 21	 17	 20	 19	 20	 23	 21	 22	 19	 18	 20	 19	 20	 20	 21	 39	 39	 38	 40	 39	 38	 37	 38	 41	 39	 39	 39	 40	 39	 40	 38	 27	 27	 26	 27	 26	 27	 27	 25	 25	 29	 24	 29	 20	 27	 27	 27	 25	 25	 24	 25	 27	 23	 26	 25	 23	 25	 24	 24	 24	 26	 27	 26	 41	 39	 40	 40	 38	 39	 41	 40	 36	 41	 40	 44	 39	 40	 40	 42	  7	  7	  6
 85	 16	 19	 19	 17	 19	 19	 19	 22	 20	 21	 18	 18	 19	 18	 20	 19	 20	 41	 41	 40	 42	 40	 40	 39	 39	 43	 41	 41	 41	 42	 41	 41	 40	 30	 30	 29	 30	 29	 30	 30	 28	 28	 32	 28	 33	 23	 30	 31	 30	 27	 27	 27	 28	 29	 25	 29	 27	 25	 27	 27	 27	 26	 28	 29	 28	 44	 43	 43	 44	 42	 42	 45	 43	 40	 45	 44	 47	 43	 44	 44	 46	  5	  3	  4	  4
 86	 18	 22	 22	 20	 22	 22	 22	 25	 23	 23	 20	 21	 23	 21	 24	 22	 23	 45	 45	 44	 46	 44	 43	 43	 43	 47	 45	 45	 45	 45	 45	 45	 44	 31	 31	 31	 31	 31	 31	 32	 29	 29	 33	 30	 34	 25	 32	 32	 31	 27	 27	 26	 27	 28	 25	 28	 26	 24	 27	 26	 26	 26	 28	 28	 27	 46	 44	 45	 46	 44	 44	 47	 45	 43	 47	 46	 49	 45	 46	 46	 48	  2	  2	  1	  7	  4
 87	 18	 21	 21	 20	 21	 21	 22	 24	 22	 23	 20	 20	 22	 20	 23	 21	 22	 44	 44	 43	 45	 43	 42	 42	 42	 45	 44	 44	 44	 44	 44	 44	 43	 30	 31	 30	 31	 30	 31	 31	 29	 29	 33	 29	 33	 24	 31	 31	 31	 27	 27	 26	 27	 28	 25	 28	 26	 25	 27	 26	 26	 26	 28	 28	 27	 46	 44	 45	 45	 43	 44	 46	 45	 42	 47	 45	 49	 45	 45	 45	 47	  2	  2	  1	  6	  3	  2
 88	 16	 21	 22	 20	 22	 21	 22	 24	 23	 23	 20	 20	 22	 21	 23	 22	 23	 43	 43	 42	 44	 43	 42	 41	 42	 45	 43	 43	 43	 44	 43	 44	 42	 29	 29	 29	 29	 29	 29	 29	 27	 27	 31	 27	 32	 22	 30	 30	 29	 25	 25	 25	 26	 27	 23	 27	 25	 23	 25	 25	 25	 24	 26	 27	 26	 44	 42	 43	 44	 42	 42	 44	 43	 40	 45	 44	 47	 43	 44	 44	 46	  3	  3	  2	  5	  3	  3	  2
 89	 17	 23	 24	 22	 23	 23	 24	 26	 25	 25	 22	 22	 24	 23	 25	 24	 24	 45	 46	 44	 46	 45	 44	 43	 44	 47	 45	 45	 45	 46	 45	 46	 44	 29	 30	 29	 30	 29	 30	 30	 28	 28	 32	 28	 32	 23	 30	 30	 29	 25	 25	 24	 25	 26	 23	 26	 25	 23	 25	 24	 24	 24	 26	 26	 25	 45	 43	 44	 45	 43	 43	 45	 44	 42	 46	 45	 48	 44	 45	 45	 47	  1	  4	  2	  7	  5	  2	  3	  3
 90	 17	 21	 22	 20	 21	 21	 22	 24	 23	 23	 20	 20	 22	 21	 23	 22	 22	 44	 44	 42	 45	 43	 42	 41	 42	 45	 43	 44	 44	 44	 44	 44	 43	 30	 30	 29	 30	 29	 30	 30	 28	 28	 32	 28	 32	 23	 30	 31	 30	 26	 26	 25	 26	 27	 24	 27	 26	 24	 26	 25	 25	 25	 27	 28	 26	 45	 43	 44	 45	 43	 43	 45	 44	 41	 46	 44	 48	 44	 45	 45	 46	  2	  2	  1	  6	  3	  2	  1	  1	  2
 91	 17	 20	 21	 19	 21	 20	 21	 23	 22	 22	 19	 20	 21	 20	 22	 21	 22	 43	 43	 42	 44	 42	 42	 41	 42	 45	 43	 43	 43	 44	 43	 43	 42	 30	 31	 30	 30	 30	 30	 31	 29	 29	 33	 29	 33	 24	 31	 31	 30	 27	 27	 26	 27	 28	 25	 28	 26	 24	 27	 26	 26	 26	 28	 28	 27	 45	 43	 44	 45	 43	 43	 46	 44	 41	 46	 45	 48	 44	 45	 45	 47	  3	  2	  2	  6	  3	  2	  1	  2	  3	  1
 92	 18	 19	 19	 17	 19	 19	 19	 22	 20	 20	 17	 18	 20	 18	 21	 19	 20	 42	 42	 41	 43	 41	 41	 40	 41	 44	 42	 42	 42	 43	 42	 43	 41	 32	 32	 31	 32	 31	 32	 32	 30	 30	 34	 30	 35	 25	 32	 33	 32	 29	 28	 28	 29	 30	 27	 30	 28	 26	 28	 28	 28	 28	 30	 30	 29	 46	 45	 45	 46	 44	 44	 47	 45	 42	 47	 46	 49	 45	 46	 46	 48	  4	  2	  3	  6	  3	  4	  3	  4	  5	  3	  3
 93	 18	 21	 21	 19	 21	 20	 21	 24	 22	 22	 19	 20	 22	 20	 22	 21	 22	 44	 44	 42	 45	 43	 42	 41	 42	 45	 43	 44	 44	 44	 43	 44	 43	 31	 31	 31	 31	 30	 31	 31	 29	 29	 33	 29	 34	 24	 32	 32	 31	 27	 27	 27	 27	 28	 25	 28	 27	 25	 27	 26	 26	 26	 28	 29	 27	 46	 44	 45	 46	 44	 44	 46	 45	 42	 47	 45	 49	 45	 46	 46	 47	  2	  1	  2	  6	  3	  2	  1	  2	  3	  2	  1	  2
 94	 18	 25	 26	 24	 25	 25	 26	 28	 27	 27	 24	 24	 26	 25	 27	 26	 26	 48	 48	 46	 49	 47	 46	 45	 46	 49	 47	 47	 48	 48	 47	 48	 47	 29	 30	 29	 30	 30	 30	 30	 28	 28	 32	 29	 32	 24	 30	 30	 30	 24	 24	 24	 25	 25	 22	 26	 24	 22	 24	 23	 24	 23	 25	 25	 24	 46	 43	 45	 45	 43	 44	 46	 45	 43	 47	 45	 49	 45	 45	 45	 47	  3	  6	  4	  9	  7	  4	  5	  5	  3	  5	  5	  7	  5
 95	 13	 24	 25	 22	 24	 24	 25	 27	 25	 26	 23	 23	 24	 24	 25	 25	 25	 44	 44	 43	 45	 43	 42	 41	 42	 45	 44	 44	 44	 44	 44	 44	 43	 25	 25	 25	 25	 25	 25	 25	 23	 23	 27	 24	 28	 19	 26	 26	 25	 21	 21	 21	 22	 23	 19	 23	 21	 19	 21	 21	 21	 20	 22	 23	 22	 40	 38	 40	 40	 38	 38	 41	 39	 37	 41	 40	 44	 39	 40	 40	 42	  6	  7	  6	  5	  6	  7	  6	  5	  5	  5	  6	  8	  7	  6
 96	 17	 21	 22	 20	 21	 21	 22	 24	 22	 23	 20	 20	 22	 21	 23	 21	 22	 44	 44	 43	 45	 43	 42	 41	 42	 45	 43	 44	 44	 44	 44	 44	 43	 30	 31	 30	 30	 30	 30	 31	 28	 29	 33	 28	 33	 24	 31	 31	 30	 26	 26	 26	 27	 27	 24	 28	 26	 24	 26	 26	 26	 25	 27	 28	 27	 45	 43	 44	 45	 43	 43	 46	 44	 41	 46	 45	 48	 44	 45	 45	 47	  2	  2	  1	  6	  3	  2	  1	  2	  3	  1	  1	  3	  1	  5	  6
 97	 30	 50	 51	 48	 50	 50	 51	 53	 51	 52	 49	 49	 50	 50	 51	 51	 51	 67	 67	 66	 68	 67	 66	 64	 66	 68	 67	 67	 67	 68	 67	 68	 66	 26	 28	 27	 28	 29	 27	 28	 26	 26	 28	 31	 27	 28	 29	 27	 27	 15	 15	 17	 15	 12	 15	 15	 15	 15	 15	 15	 15	 14	 15	 12	 13	 44	 41	 44	 44	 42	 42	 44	 44	 48	 46	 45	 47	 44	 44	 44	 45	 29	 31	 29	 31	 32	 30	 30	 29	 28	 30	 30	 32	 30	 26	 26	 30
 98	 30	 50	 51	 48	 50	 50	 51	 53	 51	 52	 49	 49	 50	 50	 51	 51	 51	 67	 67	 66	 68	 67	 66	 64	 66	 68	 67	 67	 67	 68	 67	 68	 66	 26	 28	 27	 28	 29	 27	 28	 26	 26	 28	 31	 27	 28	 29	 27	 27	 15	 15	 17	 15	 12	 15	 15	 15	 15	 15	 15	 15	 14	 15	 12	 13	 44	 41	 44	 44	 42	 42	 44	 44	 48	 46	 45	 47	 44	 44	 44	 45	 29	 31	 29	 31	 32	 30	 30	 29	 28	 30	 30	 32	 30	 26	 26	 30	  1
 99	 30	 50	 51	 48	 50	 50	 51	 53	 51	 52	 49	 49	 50	 50	 51	 51	 51	 67	 67	 66	 68	 67	 66	 64	 66	 68	 67	 67	 67	 68	 67	 68	 66	 26	 28	 27	 28	 29	 27	 28	 26	 26	 28	 31	 27	 28	 29	 27	 27	 15	 15	 17	 15	 12	 15	 15	 15	 15	 15	 15	 15	 14	 15	 12	 13	 44	 41	 44	 44	 42	 42	 44	 44	 48	 46	 45	 47	 44	 44	 44	 45	 29	 31	 29	 31	 32	 30	 30	 29	 28	 30	 30	 32	 30	 26	 26	 30	  1	  1
100	 30	 50	 51	 48	 50	 50	 51	 53	 51	 52	 49	 49	 50	 50	 51	 51	 51	 67	 67	 66	 68	 67	 66	 64	 66	 68	 67	 67	 67	 68	 67	 68	 66	 26	 28	 27	 28	 29	 27	 28	 26	 26	 28	 31	 27	 28	 29	 27	 27	 15	 15	 17	 15	 12	 15	 15	 15	 15	 15	 15	 15	 14	 15	 12	 13	 44	 41	 44	 44	 42	 42	 44	 44	 48	 46	 45	 47	 44	 44	 44	 45	 29	 31	 29	 31	 32	 30	 30	 29	 28	 30	 30	 32	 30	 26	 26	 30	  1	  1	  1
