nVehicles:  50
nDepots:     1
nCustomers: 50
nPeriods:   12
VEHICLE_TYPE	FLEET_SIZE	CAPACITY
           1	        50	       8	
DEPOT   	X  	Y  	INV_COST	INITIAL_INV 	MIN_LEVEL_INV 	MAX_LEVEL_INV	PRODUCTION_0	PRODUCTION_1	PRODUCTION_2	PRODUCTION_3	PRODUCTION_4	PRODUCTION_5	PRODUCTION_6	PRODUCTION_7	PRODUCTION_8	PRODUCTION_9	PRODUCTION_10	PRODUCTION_11
       0	202	475	       0	        601	            0	         4408	         368	         368	         368	         368	         368	         368	         368	         368	         368	         368	          368	          368	
CUSTOMER	X  	Y  	INV_COST	INITIAL_INV	MIN_LEVEL_INV 	MAX_LEVEL_INV	DEMAND_0	DEMAND_1	DEMAND_2	DEMAND_3	DEMAND_4	DEMAND_5	DEMAND_6	DEMAND_7	DEMAND_8	DEMAND_9	DEMAND_10	DEMAND_11
       1	477	426	    0.03	          4	            0	           19	       4	       5	       5	       6	       4	       4	       4	       5	       6	       5	        4	        4
       2	481	404	    0.03	          7	            0	           13	       3	       4	       6	       5	       5	       4	       4	       4	       5	       7	        5	        4
       3	478	414	     0.2	         11	            0	           76	       8	       7	       9	       9	      12	       7	       7	       7	       8	       9	       12	       12
       4	455	426	    0.07	          6	            0	           69	       4	       5	      10	       8	       4	       4	       6	       9	       7	       7	        7	        7
       5	485	412	    0.05	         13	            0	           22	       6	       7	      11	      12	      11	       9	       7	       7	       6	      10	       11	        9
       6	489	413	    0.02	         16	            0	           82	       8	       8	      11	      12	      10	       9	       7	       5	       8	       9	       10	       12
       7	484	417	    0.21	          6	            0	           48	       3	       4	       7	       5	       4	       3	       4	       6	       6	       4	        4	        4
       8	494	389	    0.14	          4	            0	           54	       5	       6	       7	       8	       8	       5	       4	       4	       4	       7	        7	        8
       9	487	437	    0.26	          8	            0	           38	       0	       1	       1	       3	       3	       0	       1	       2	       2	       8	        7	       10
      10	459	394	    0.02	          6	            0	           55	       0	       1	       3	       3	       2	       1	       0	       2	       3	       7	        9	       10
      11	492	422	    0.26	         12	            0	           23	       6	       8	      10	       9	       6	       7	       7	      10	      10	       7	        7	        8
      12	481	411	    0.01	          5	            0	           33	       0	       0	       0	       0	       0	       0	       0	       3	       5	       5	        4	        6
      13	480	417	    0.07	         15	            0	          105	       6	       9	      10	      12	      11	      10	       8	       7	       5	       7	       11	        9
      14	491	443	    0.17	          1	            0	           30	       4	       5	       5	       6	       3	       3	       4	       6	       6	       4	        3	        3
      15	474	399	    0.16	          7	            0	           30	       4	       7	       8	       9	       7	       5	       5	       5	       6	       8	        8	        7
      16	485	416	     0.1	          6	            0	           32	       4	       5	       7	       7	       5	       4	       5	       6	       7	       6	        5	        4
      17	366	234	    0.01	          8	            0	           52	       5	       9	       9	       6	       5	       6	       8	      10	       7	       5	        8	       10
      18	366	222	    0.01	          2	            0	           28	       1	       3	       5	       5	       2	       2	       3	       6	       7	       4	        4	        9
      19	369	225	    0.09	          3	            0	           32	       5	       6	       9	       8	       8	       8	       5	       5	       5	       5	        9	        7
      20	375	216	    0.24	          7	            0	           55	       5	       7	      10	       6	       4	       6	       8	       8	       8	       6	        5	        7
      21	366	224	    0.05	          9	            0	           71	       2	       2	       7	       7	       2	       1	       3	       8	      10	       6	        4	        7
      22	364	218	    0.03	         13	            0	           30	       2	       6	      10	       6	       4	       4	       5	       7	       7	       6	        5	        9
      23	366	223	    0.23	          7	            0	           58	       5	       9	      10	      10	       7	       5	       5	       6	      10	       9	        7	        7
      24	361	224	    0.22	         10	            0	           84	       6	       9	       8	       9	       8	       5	       7	       7	      10	       9	        6	        5
      25	370	239	    0.23	          1	            0	           56	       4	       5	       7	       7	       8	       5	       5	       4	       7	       9	        8	        8
      26	364	214	    0.13	          6	            0	           23	       4	       4	       6	       6	       5	       3	       3	       5	       6	       5	        4	        3
      27	367	221	    0.16	         14	            0	           37	       6	       9	       9	      10	      12	       7	       7	       6	       7	      11	       10	        8
      28	356	233	    0.21	          5	            0	           47	       3	       7	       7	       5	       2	       3	       8	       8	       5	       5	        8	       10
      29	291	214	    0.14	          6	            0	           39	       5	       9	       8	       9	       5	       7	       9	       8	       6	       5	        7	       10
      30	368	228	    0.14	          6	            0	          102	       0	       1	       1	       3	       1	       0	       2	       6	       5	       7	        5	        7
      31	357	230	    0.21	          7	            0	           73	       5	       7	      11	      10	       8	       7	       5	       8	       8	      10	        9	        6
      32	365	225	    0.21	          8	            0	           27	       5	       5	       7	       6	       6	       6	       5	       3	       5	       6	        6	        6
      33	170	136	    0.14	          3	            0	           33	       3	       4	       6	       6	       4	       4	       4	       3	       4	       5	        5	        5
      34	175	148	    0.14	          5	            0	          111	       0	       0	       0	       0	       0	       0	       0	       0	       0	       4	        7	        8
      35	185	180	    0.15	          1	            0	           69	       4	       6	       7	       7	       5	       6	       4	       5	       6	       5	        8	        7
      36	188	158	    0.13	          3	            0	           40	       6	       7	      10	       8	       7	       5	       6	       7	      10	       8	        7	        5
      37	173	151	    0.28	          7	            0	           83	       0	       3	       5	       5	       0	       1	       5	       7	       5	       4	        6	       12
      38	169	153	    0.14	          3	            0	           62	       5	       5	       6	       8	       5	       5	       4	       4	       6	       7	        6	        6
      39	175	170	    0.27	          4	            0	           71	       5	       6	       8	       7	       6	       4	       6	      10	       9	       6	        6	        6
      40	165	151	    0.13	          2	            0	           39	       5	       6	       7	       8	       7	       6	       4	       4	       5	       7	        8	        6
      41	157	150	    0.18	          5	            0	           15	       4	       6	       7	       8	       6	       6	       5	       4	       4	       6	        7	        7
      42	182	161	    0.19	          8	            0	           17	       4	       4	       6	       5	       5	       3	       3	       4	       5	       5	        5	        3
      43	241	150	    0.28	          7	            0	           54	       4	       5	       6	       7	       7	       6	       5	       4	       5	       7	        6	        7
      44	178	160	    0.27	          8	            0	           37	       5	       5	       7	       6	       4	       5	       5	       6	       5	       4	        5	        8
      45	158	121	    0.23	         14	            0	          106	       0	       0	       0	       0	       0	       0	       0	       0	       3	       4	        7	       10
      46	171	150	    0.04	          8	            0	           23	       0	       0	       0	       0	       0	       0	       0	       0	       6	       2	        2	        6
      47	172	152	    0.26	          2	            0	          100	       0	       0	       0	       0	       0	       0	       0	       0	       3	       5	        9	        9
      48	171	152	    0.23	          7	            0	           33	       4	       6	       7	       6	       8	       5	       5	       4	       4	       6	        6	        7
      49	  0	  0	    0.03	          5	            0	           35	       5	       7	       7	       8	       7	       7	       5	       5	       7	       7	        8	        7
      50	  0	  0	    0.07	          7	            0	           81	       0	       0	       3	       3	       4	       3	       2	       2	       3	       7	        8	        7
COST_MATRIX 
	  0	  1	  2	  3	  4	  5	  6	  7	  8	  9	 10	 11	 12	 13	 14	 15	 16	 17	 18	 19	 20	 21	 22	 23	 24	 25	 26	 27	 28	 29	 30	 31	 32	 33	 34	 35	 36	 37	 38	 39	 40	 41	 42	 43	 44	 45	 46	 47	 48	 49	 50
  0
  1	 28
  2	 29	  3
  3	 29	  2	  2
  4	 26	  3	  4	  3
  5	 29	  2	  1	  1	  4
  6	 30	  2	  2	  2	  4	  1
  7	 29	  2	  2	  1	  4	  1	  1
  8	 31	  5	  2	  3	  6	  3	  3	  3
  9	 29	  2	  4	  3	  4	  3	  3	  3	  5
 10	 27	  4	  3	  3	  4	  4	  4	  4	  4	  6
 11	 30	  2	  3	  2	  4	  2	  1	  1	  4	  2	  5
 12	 29	  2	  1	  1	  4	  1	  1	  1	  3	  3	  3	  2
 13	 29	  1	  2	  1	  3	  1	  1	  1	  4	  3	  4	  2	  1
 14	 30	  3	  5	  4	  4	  4	  4	  3	  6	  1	  6	  3	  4	  3
 15	 29	  3	  1	  2	  4	  2	  3	  3	  3	  5	  2	  3	  2	  2	  5
 16	 29	  2	  2	  1	  4	  1	  1	  1	  3	  3	  4	  1	  1	  1	  3	  3
 17	 30	 23	 21	 22	 22	 22	 22	 22	 21	 24	 19	 23	 22	 22	 25	 20	 22
 18	 31	 24	 22	 23	 23	 23	 23	 23	 22	 25	 20	 24	 23	 23	 26	 21	 23	  2
 19	 31	 23	 22	 22	 22	 23	 23	 23	 21	 25	 20	 24	 22	 23	 25	 21	 23	  1	  1
 20	 32	 24	 22	 23	 23	 23	 23	 23	 21	 25	 20	 24	 23	 23	 26	 21	 23	  3	  2	  2
 21	 30	 24	 22	 23	 23	 23	 23	 23	 21	 25	 20	 24	 22	 23	 26	 21	 23	  2	  1	  1	  2
 22	 31	 24	 22	 23	 23	 23	 24	 24	 22	 26	 21	 25	 23	 24	 26	 22	 24	  2	  1	  1	  2	  1
 23	 31	 24	 22	 23	 23	 23	 23	 23	 21	 25	 20	 24	 23	 23	 26	 21	 23	  2	  1	  1	  2	  1	  1
 24	 30	 24	 22	 23	 23	 23	 23	 23	 22	 25	 20	 24	 23	 23	 26	 21	 23	  2	  1	  1	  2	  1	  1	  1
 25	 29	 22	 20	 21	 21	 21	 22	 22	 20	 23	 18	 22	 21	 21	 24	 20	 22	  1	  2	  2	  3	  2	  3	  2	  2
 26	 31	 25	 23	 24	 24	 24	 24	 24	 22	 26	 21	 25	 23	 24	 27	 22	 24	  3	  1	  2	  2	  2	  1	  1	  2	  3
 27	 31	 24	 22	 23	 23	 23	 23	 23	 22	 25	 20	 24	 23	 23	 26	 21	 23	  2	  1	  1	  1	  1	  1	  1	  1	  2	  1
 28	 29	 23	 22	 22	 22	 23	 23	 23	 21	 25	 20	 24	 22	 23	 25	 21	 23	  2	  2	  2	  3	  2	  2	  2	  2	  2	  3	  2
 29	 28	 29	 27	 28	 27	 28	 29	 29	 27	 30	 25	 29	 28	 28	 31	 27	 29	  8	  8	  8	  9	  8	  8	  8	  8	  9	  8	  8	  7
 30	 30	 23	 21	 22	 22	 22	 23	 23	 21	 25	 19	 24	 22	 22	 25	 21	 23	  1	  1	  1	  2	  1	  2	  1	  1	  2	  2	  1	  2	  8
 31	 29	 23	 22	 23	 22	 23	 23	 23	 21	 25	 20	 24	 22	 23	 26	 21	 23	  1	  2	  2	  3	  2	  2	  2	  1	  2	  2	  2	  1	  7	  2
 32	 30	 24	 22	 23	 23	 23	 23	 23	 21	 25	 20	 24	 22	 23	 26	 21	 23	  1	  1	  1	  2	  1	  1	  1	  1	  2	  2	  1	  2	  8	  1	  1
 33	 35	 43	 42	 42	 41	 42	 43	 43	 42	 44	 39	 44	 42	 42	 45	 41	 43	 22	 22	 22	 23	 22	 22	 22	 22	 23	 21	 22	 21	 15	 22	 21	 22
 34	 33	 42	 40	 41	 40	 41	 42	 41	 40	 43	 38	 42	 41	 41	 44	 40	 41	 21	 21	 21	 22	 21	 21	 21	 21	 22	 21	 21	 20	 14	 21	 20	 21	  2
 35	 30	 39	 38	 38	 37	 38	 39	 39	 38	 40	 35	 40	 38	 38	 41	 37	 39	 19	 19	 19	 20	 19	 19	 19	 19	 20	 19	 19	 18	 12	 19	 18	 19	  5	  4
 36	 32	 40	 39	 39	 38	 40	 40	 40	 39	 41	 36	 41	 39	 40	 42	 38	 40	 20	 19	 20	 20	 19	 19	 19	 19	 20	 19	 19	 19	 12	 20	 19	 19	  3	  2	  3
 37	 33	 41	 40	 41	 40	 41	 42	 41	 40	 43	 38	 42	 41	 41	 44	 40	 41	 22	 21	 21	 22	 21	 21	 21	 21	 22	 21	 21	 21	 14	 21	 21	 21	  2	  1	  4	  2
 38	 33	 42	 41	 41	 40	 41	 42	 42	 41	 43	 38	 43	 41	 41	 44	 40	 42	 22	 21	 22	 22	 21	 21	 21	 21	 22	 21	 21	 21	 14	 22	 21	 21	  2	  1	  4	  2	  1
 39	 31	 40	 39	 39	 38	 40	 40	 40	 39	 42	 37	 41	 39	 40	 42	 38	 40	 21	 20	 21	 21	 20	 20	 20	 20	 21	 20	 20	 20	 13	 21	 20	 20	  4	  3	  2	  2	  2	  2
 40	 33	 42	 41	 41	 40	 42	 42	 42	 41	 44	 39	 43	 41	 42	 44	 40	 42	 22	 22	 22	 22	 22	 21	 22	 21	 23	 21	 22	 21	 15	 22	 21	 22	  2	  2	  4	  3	  1	  1	  3
 41	 33	 43	 42	 42	 41	 42	 43	 43	 42	 44	 39	 44	 42	 42	 45	 41	 43	 23	 23	 23	 23	 23	 22	 23	 22	 24	 22	 23	 22	 15	 23	 22	 23	  2	  2	  5	  4	  2	  2	  3	  1
 42	 32	 40	 39	 39	 39	 40	 40	 40	 39	 42	 37	 41	 39	 40	 42	 38	 40	 20	 20	 20	 21	 20	 20	 20	 19	 21	 19	 20	 19	 13	 20	 19	 20	  3	  2	  2	  1	  2	  2	  2	  2	  3
 43	 33	 37	 35	 36	 35	 36	 37	 37	 35	 38	 33	 38	 36	 36	 39	 35	 37	 16	 15	 15	 15	 15	 15	 15	 15	 16	 14	 15	 15	  9	 15	 15	 15	  8	  7	  7	  6	  7	  8	  7	  8	  9	  7
 44	 32	 41	 39	 40	 39	 40	 41	 40	 40	 42	 37	 41	 40	 40	 43	 39	 40	 21	 20	 21	 21	 20	 20	 20	 20	 21	 20	 20	 20	 13	 21	 20	 20	  3	  2	  3	  2	  2	  2	  2	  2	  3	  1	  7
 45	 36	 45	 43	 44	 43	 44	 45	 45	 43	 46	 41	 45	 44	 44	 47	 43	 45	 24	 24	 24	 24	 24	 23	 24	 23	 25	 23	 24	 23	 17	 24	 23	 24	  2	  4	  7	  5	  4	  4	  6	  4	  3	  5	  9	  5
 46	 33	 42	 41	 41	 40	 41	 42	 42	 41	 43	 38	 43	 41	 41	 44	 40	 42	 22	 21	 22	 22	 21	 21	 21	 21	 22	 21	 21	 21	 14	 22	 21	 21	  2	  1	  4	  2	  1	  1	  3	  1	  2	  2	  8	  2	  4
 47	 33	 42	 40	 41	 40	 41	 42	 41	 40	 43	 38	 42	 41	 41	 44	 40	 41	 22	 21	 22	 22	 21	 21	 21	 21	 22	 21	 21	 21	 14	 22	 21	 21	  2	  1	  4	  2	  1	  1	  2	  1	  2	  2	  7	  2	  4	  1
 48	 33	 42	 40	 41	 40	 41	 42	 42	 41	 43	 38	 42	 41	 41	 44	 40	 42	 22	 21	 22	 22	 21	 21	 21	 21	 22	 21	 21	 21	 14	 22	 21	 21	  2	  1	  4	  2	  1	  1	  2	  1	  2	  2	  8	  2	  4	  1	  1
 49	 52	 64	 63	 64	 63	 64	 65	 64	 63	 66	 61	 65	 64	 64	 67	 62	 64	 44	 43	 44	 44	 43	 43	 43	 43	 45	 43	 43	 43	 37	 44	 43	 43	 22	 23	 26	 25	 23	 23	 25	 23	 22	 25	 29	 24	 20	 23	 23	 23
 50	 52	 64	 63	 64	 63	 64	 65	 64	 63	 66	 61	 65	 64	 64	 67	 62	 64	 44	 43	 44	 44	 43	 43	 43	 43	 45	 43	 43	 43	 37	 44	 43	 43	 22	 23	 26	 25	 23	 23	 25	 23	 22	 25	 29	 24	 20	 23	 23	 23	  1
