nVehicles:   66
nDepots:      1
nCustomers: 100
nPeriods:     9
VEHICLE_TYPE	FLEET_SIZE	CAPACITY
           2	        66	      18	
DEPOT   	X  	Y  	INV_COST	INITIAL_INV 	MIN_LEVEL_INV 	MAX_LEVEL_INV	PRODUCTION_0	PRODUCTION_1	PRODUCTION_2	PRODUCTION_3	PRODUCTION_4	PRODUCTION_5	PRODUCTION_6	PRODUCTION_7	PRODUCTION_8
       0	324	444	       0	        569	            0	         6129	         683	         683	         683	         683	         683	         683	         683	         683	         683	
CUSTOMER	X  	Y  	INV_COST	INITIAL_INV	MIN_LEVEL_INV 	MAX_LEVEL_INV	DEMAND_0	DEMAND_1	DEMAND_2	DEMAND_3	DEMAND_4	DEMAND_5	DEMAND_6	DEMAND_7	DEMAND_8
       1	425	305	    0.23	          3	            0	           43	       6	       6	       9	      10	      11	       9	       5	       6	       9
       2	425	307	    0.22	          3	            0	           50	       7	       5	       9	       9	       8	       5	       8	      11	       9
       3	413	302	    0.18	         10	            0	           57	       6	       5	       7	       8	      10	       9	       9	       7	       6
       4	431	321	    0.06	          3	            0	           14	       3	       3	       5	       5	       6	       4	       3	       4	       4
       5	432	316	    0.21	          3	            0	           29	       4	       5	       6	       9	       6	       5	       4	       5	       8
       6	372	306	    0.13	          2	            0	           38	       5	       6	       8	      11	      11	       6	       6	       6	       9
       7	411	313	    0.17	         11	            0	           45	       6	       5	       7	       8	       7	       7	       6	       4	       5
       8	397	302	    0.12	          6	            0	           43	       4	       4	       8	      10	       6	       4	       4	       7	      10
       9	439	307	    0.28	          8	            0	           31	       8	       6	      12	      13	      11	       7	       8	      11	      10
      10	441	317	    0.09	          9	            0	           72	       7	       8	      11	      13	      10	       8	       7	      12	      12
      11	429	310	    0.04	          1	            0	           52	       6	       6	       9	      11	      13	       9	       7	       5	       7
      12	410	323	    0.26	         13	            0	           24	       7	       6	       9	      13	      12	       8	       6	       7	      12
      13	424	302	    0.07	          9	            0	           30	       6	       7	       9	       9	      11	       6	       7	       8	      12
      14	394	302	    0.26	          4	            0	           29	       4	       5	       6	       7	       5	       4	       4	       6	       7
      15	416	305	    0.27	          5	            0	           34	       6	       9	      12	      10	      12	       6	       8	      12	      13
      16	414	298	    0.04	          2	            0	           24	       3	       3	       4	       6	       6	       6	       4	       3	       4
      17	263	458	    0.16	         14	            0	           39	       7	       8	       7	      10	      11	      12	      11	       8	       9
      18	226	493	    0.28	          6	            0	           44	       4	       5	       4	       5	       6	       8	       5	       5	       4
      19	262	489	    0.15	          4	            0	           14	       4	       3	       4	       6	       5	       6	       5	       4	       3
      20	260	485	    0.12	          2	            0	           20	       4	       5	       5	       5	       7	       7	       6	       5	       5
      21	286	457	    0.22	          3	            0	           26	       5	       5	       6	       9	       7	       4	       5	       6	       7
      22	248	493	    0.25	          8	            0	           28	       4	       5	       5	       8	       8	      10	       7	       7	       5
      23	272	485	    0.13	          5	            0	           33	       3	       3	       4	       5	       5	       5	       5	       5	       4
      24	270	482	    0.18	          8	            0	           46	       6	       6	       6	       7	       6	       5	       6	       7	       7
      25	273	492	    0.11	         10	            0	           58	       5	       6	       9	       8	       7	       7	       5	       7	      10
      26	265	486	    0.08	          4	            0	           22	       3	       3	       4	       5	       5	       5	       3	       3	       4
      27	208	482	    0.22	          9	            0	           55	       6	       6	       9	      10	       8	       6	       5	       7	      10
      28	242	485	    0.27	          4	            0	           24	       5	       4	       5	       7	       7	       4	       5	       6	       8
      29	270	489	    0.29	          4	            0	           51	       8	       6	       9	      10	      11	      14	      10	      11	       8
      30	235	491	    0.17	          5	            0	           17	       4	       5	       6	       7	       5	       5	       4	       6	       6
      31	234	479	    0.13	          8	            0	           62	       6	       7	       7	       9	       7	       6	       5	       8	       9
      32	262	494	    0.23	          5	            0	           42	       6	       5	       7	       7	       8	       7	       5	       6	       8
      33	 56	157	    0.13	          6	            0	           20	       4	       4	       4	       6	       6	       6	       6	       5	       4
      34	 67	112	     0.2	          6	            0	           41	       5	       5	       6	       6	       6	       4	       4	       6	       8
      35	 47	110	    0.02	          2	            0	           56	       7	       7	       8	      11	      10	      12	       9	       6	       7
      36	 67	114	    0.17	          4	            0	           28	       5	       5	       7	       8	       8	       6	       6	       7	       7
      37	 64	105	    0.07	          3	            0	           41	       4	       4	       6	       6	       6	       6	       6	       4	       4
      38	 68	112	    0.03	         14	            0	           81	       9	       6	      10	      14	      13	      10	       7	       7	      10
      39	 69	112	    0.05	          7	            0	           32	       4	       4	       6	       6	       7	       5	       4	       6	       7
      40	 75	131	    0.26	         10	            0	           30	       6	       5	       6	       9	      11	      10	       8	       7	       4
      41	 66	 95	     0.3	          4	            0	           31	       3	       3	       4	       6	       6	       4	       3	       4	       4
      42	 59	 98	    0.03	          4	            0	           29	       3	       3	       4	       5	       7	       4	       4	       3	       3
      43	 69	109	    0.01	          4	            0	           67	       7	       7	      10	       8	       8	       6	       7	       8	      10
      44	 30	113	    0.28	          3	            0	           48	       7	       6	      11	      11	      10	       6	       8	      10	       9
      45	 76	128	     0.3	          3	            0	           24	       5	       6	       6	       7	       7	      10	       7	       5	       5
      46	 64	142	     0.1	          9	            0	           31	       5	       5	       7	       7	      10	       8	       7	       6	       6
      47	 50	132	    0.03	          5	            0	           47	       4	       5	       5	       7	       7	       5	       4	       5	       7
      48	 93	122	    0.03	         10	            0	           48	       5	       7	       9	      12	       9	       8	       5	       5	       9
      49	439	490	    0.24	          7	            0	           32	       3	       4	       5	       6	       4	       3	       3	       5	       6
      50	436	495	    0.16	         12	            0	           45	       7	       6	      10	      12	       8	       6	       7	      10	      12
      51	419	487	    0.11	          2	            0	            9	       3	       4	       4	       7	       6	       4	       4	       5	       6
      52	439	481	    0.28	          4	            0	           46	       5	       5	       7	       8	      10	       9	       7	       5	       5
      53	425	489	    0.02	         13	            0	           63	       7	       6	       8	      10	      11	      14	      10	       9	       8
      54	422	485	    0.03	          3	            0	           15	       4	       4	       4	       7	       6	       3	       3	       5	       6
      55	411	480	    0.09	          9	            0	           68	       8	       6	       9	      12	      11	       8	       8	       9	      11
      56	422	490	    0.06	          8	            0	           62	       7	       7	       9	      13	      11	      11	       9	       7	       8
      57	414	489	    0.08	          6	            0	           36	       4	       3	       3	       5	       5	       5	       4	       4	       4
      58	397	471	    0.16	          4	            0	           16	       4	       5	       5	       7	       9	       8	       6	       5	       5
      59	443	485	    0.14	          8	            0	           14	       4	       4	       5	       6	       6	       7	       5	       4	       4
      60	420	489	    0.24	          4	            0	           38	       4	       3	       5	       6	       6	       5	       4	       4	       3
      61	436	483	     0.2	          3	            0	           22	       7	       6	       9	      11	      10	       8	       7	       9	      10
      62	427	492	    0.04	          7	            0	           42	       5	       4	       4	       7	       7	       8	       6	       6	       4
      63	423	491	    0.19	          2	            0	           41	       6	       5	       6	       7	       9	       9	       7	       6	       5
      64	419	488	    0.26	          8	            0	           42	       5	       4	       4	       5	       7	       8	       7	       6	       5
      65	275	138	    0.08	         16	            0	           56	       7	       9	      12	      14	       8	       8	       8	      10	      12
      66	265	 87	    0.23	          6	            0	           36	       5	       5	       6	       8	       6	       6	       4	       4	       6
      67	258	 92	     0.2	          2	            0	           30	       6	       5	       8	      10	       6	       4	       5	       9	       9
      68	271	 99	    0.09	          2	            0	           38	       8	       7	       9	      11	      13	       8	       7	       7	       9
      69	263	 87	    0.19	          6	            0	           22	       6	       5	       7	      11	      10	       7	       6	       5	       7
      70	232	 94	    0.05	          5	            0	           22	       7	       6	      11	      10	      10	       6	       7	       8	      11
      71	258	 90	    0.07	          2	            0	           28	       6	       5	       8	       8	      11	      10	       7	       5	       5
      72	278	104	    0.11	          2	            0	           40	       5	       6	       7	       8	       9	      10	       9	       9	       6
      73	247	132	    0.24	          5	            0	           39	       5	       5	       6	       5	       8	       9	       8	       8	       6
      74	272	 72	    0.01	          1	            0	           61	       6	       8	      10	      12	      11	       7	       9	      12	      13
      75	230	101	     0.2	         12	            0	           57	       6	       8	       9	       9	      13	      12	      10	       9	       7
      76	272	 90	    0.15	          2	            0	           70	       7	       8	      10	      14	      10	       9	       8	       8	       9
      77	409	124	    0.14	          6	            0	           18	       6	       5	       8	      11	       8	       6	       6	       7	      10
      78	261	126	     0.3	          8	            0	           15	       5	       5	       6	       8	       7	       5	       4	       7	       8
      79	271	 89	    0.05	          6	            0	           27	       3	       3	       4	       5	       6	       5	       5	       3	       4
      80	266	 85	     0.1	          7	            0	           15	       5	       4	       5	       5	       8	       7	       7	       5	       4
      81	165	115	    0.01	          8	            0	           60	       7	       6	      10	      10	      12	       9	       6	       8	      12
      82	184	157	    0.21	          2	            0	           39	       7	       7	       8	       9	      10	       6	       6	       8	      10
      83	170	118	    0.27	          2	            0	           27	       4	       4	       5	       6	       5	       8	       6	       5	       4
      84	169	143	    0.03	          5	            0	           68	       8	       7	      10	      13	      11	       7	       9	      11	      12
      85	152	128	    0.21	         11	            0	           62	       7	       8	      11	      10	       9	      10	       6	       7	      11
      86	164	116	    0.25	          8	            0	           38	       6	       6	       8	      12	      12	       7	       5	       8	      11
      87	150	107	     0.2	         10	            0	           14	       6	       6	       7	      10	       8	       9	       5	       5	       7
      88	176	 78	    0.23	          2	            0	           17	       4	       4	       5	       5	       7	       8	       6	       4	       4
      89	171	112	    0.16	          6	            0	           52	       5	       5	       7	       9	       8	       6	       4	       7	       7
      90	174	 88	    0.19	          3	            0	           17	       5	       5	       9	      10	       6	       4	       7	       7	       8
      91	110	101	     0.3	          7	            0	           26	       4	       4	       5	       6	       5	       4	       3	       4	       6
      92	163	111	    0.29	          9	            0	           52	       6	       6	       7	      10	      11	       9	       9	       7	       7
      93	165	118	     0.2	          9	            0	           40	       6	       5	       9	      11	       8	       6	       7	       9	       9
      94	161	110	    0.21	          4	            0	           50	       5	       6	       9	      10	      10	       8	       6	       7	       8
      95	177	 61	    0.28	          1	            0	           47	       5	       4	       5	       5	       7	       8	       6	       5	       3
      96	171	124	    0.29	          3	            0	           34	       5	       4	       4	       6	       7	       6	       5	       5	       5
      97	  0	  0	    0.17	          4	            0	           37	       5	       5	       5	       7	       9	       7	       8	       6	       5
      98	  0	  0	    0.11	         15	            0	           46	       8	       8	       8	      14	      13	      11	       7	       7	      10
      99	  0	  0	     0.1	          5	            0	           34	       5	       4	       6	      10	       7	       5	       5	       6	       7
     100	  0	  0	     0.2	          1	            0	           24	       4	       3	       4	       5	       5	       6	       4	       3	       4
COST_MATRIX 
	  0	  1	  2	  3	  4	  5	  6	  7	  8	  9	 10	 11	 12	 13	 14	 15	 16	 17	 18	 19	 20	 21	 22	 23	 24	 25	 26	 27	 28	 29	 30	 31	 32	 33	 34	 35	 36	 37	 38	 39	 40	 41	 42	 43	 44	 45	 46	 47	 48	 49	 50	 51	 52	 53	 54	 55	 56	 57	 58	 59	 60	 61	 62	 63	 64	 65	 66	 67	 68	 69	 70	 71	 72	 73	 74	 75	 76	 77	 78	 79	 80	 81	 82	 83	 84	 85	 86	 87	 88	 89	 90	 91	 92	 93	 94	 95	 96	 97	 98	 99	100
  0
  1	 18
  2	 18	  1
  3	 17	  2	  2
  4	 17	  2	  2	  3
  5	 17	  2	  2	  3	  1
  6	 15	  6	  6	  5	  7	  7
  7	 16	  2	  2	  2	  3	  3	  4
  8	 16	  3	  3	  2	  4	  4	  3	  2
  9	 18	  2	  2	  3	  2	  2	  7	  3	  5
 10	 18	  3	  2	  4	  2	  1	  7	  4	  5	  2
 11	 18	  1	  1	  2	  2	  1	  6	  2	  4	  2	  2
 12	 15	  3	  3	  3	  3	  3	  5	  2	  3	  4	  4	  3
 13	 18	  1	  1	  2	  3	  2	  6	  2	  3	  2	  3	  1	  3
 14	 16	  4	  4	  2	  5	  5	  3	  3	  1	  5	  5	  4	  3	  4
 15	 17	  1	  1	  1	  3	  2	  5	  1	  2	  3	  3	  2	  2	  1	  3
 16	 18	  2	  2	  1	  3	  3	  5	  2	  2	  3	  4	  2	  3	  2	  3	  1
 17	  7	 23	 23	 22	 22	 23	 19	 21	 21	 24	 23	 23	 20	 23	 21	 22	 23
 18	 11	 28	 28	 27	 27	 28	 24	 26	 26	 29	 28	 28	 26	 28	 26	 27	 28	  6
 19	  8	 25	 25	 25	 24	 25	 22	 24	 24	 26	 25	 25	 23	 25	 23	 24	 25	  4	  4
 20	  8	 25	 25	 24	 24	 25	 22	 23	 23	 26	 25	 25	 23	 25	 23	 24	 25	  3	  4	  1
 21	  5	 21	 21	 21	 20	 21	 18	 20	 20	 22	 21	 21	 19	 21	 19	 21	 21	  3	  7	  5	  4
 22	 10	 26	 26	 26	 26	 26	 23	 25	 25	 27	 27	 26	 24	 26	 25	 26	 26	  4	  3	  2	  2	  6
 23	  7	 24	 24	 24	 23	 24	 21	 23	 23	 25	 24	 24	 22	 24	 22	 24	 24	  3	  5	  2	  2	  4	  3
 24	  7	 24	 24	 23	 23	 24	 21	 23	 23	 25	 24	 24	 22	 24	 22	 23	 24	  3	  5	  2	  2	  3	  3	  1
 25	  8	 25	 24	 24	 24	 24	 22	 23	 23	 25	 25	 24	 22	 25	 23	 24	 24	  4	  5	  2	  2	  4	  3	  1	  2
 26	  8	 25	 25	 24	 24	 24	 21	 23	 23	 25	 25	 25	 22	 25	 23	 24	 24	  3	  4	  1	  1	  4	  2	  1	  1	  2
 27	 13	 29	 28	 28	 28	 28	 25	 27	 27	 29	 29	 29	 26	 29	 26	 28	 28	  7	  3	  6	  6	  9	  5	  7	  7	  7	  6
 28	 10	 26	 26	 26	 26	 26	 23	 25	 24	 27	 27	 26	 24	 26	 24	 26	 26	  4	  2	  3	  2	  6	  2	  4	  3	  4	  3	  4
 29	  8	 25	 24	 24	 24	 24	 21	 23	 23	 25	 25	 24	 22	 25	 23	 24	 24	  4	  5	  1	  2	  4	  3	  1	  1	  1	  1	  7	  3
 30	 11	 27	 27	 26	 26	 27	 24	 26	 25	 28	 27	 27	 25	 27	 25	 26	 27	  5	  1	  3	  3	  7	  2	  4	  4	  4	  4	  3	  1	  4
 31	 10	 26	 26	 26	 26	 26	 23	 25	 25	 27	 27	 26	 24	 26	 24	 26	 26	  4	  2	  3	  3	  6	  2	  4	  4	  5	  4	  3	  2	  4	  2
 32	  8	 25	 25	 25	 25	 25	 22	 24	 24	 26	 26	 25	 23	 26	 24	 25	 25	  4	  4	  1	  1	  5	  2	  2	  2	  2	  1	  6	  3	  1	  3	  4
 33	 40	 40	 40	 39	 41	 41	 35	 39	 38	 42	 42	 41	 40	 40	 37	 39	 39	 37	 38	 40	 39	 38	 39	 40	 39	 40	 39	 36	 38	 40	 38	 37	 40
 34	 42	 41	 41	 40	 42	 42	 37	 40	 39	 43	 43	 42	 41	 41	 38	 40	 40	 40	 42	 43	 42	 41	 43	 43	 43	 44	 43	 40	 42	 43	 42	 41	 43	  5
 35	 44	 43	 43	 42	 44	 44	 38	 42	 40	 44	 45	 44	 43	 43	 40	 42	 42	 41	 43	 44	 44	 43	 44	 44	 44	 45	 44	 41	 43	 44	 43	 42	 45	  5	  3
 36	 42	 41	 41	 40	 42	 42	 37	 40	 38	 42	 43	 42	 41	 41	 38	 40	 40	 40	 42	 43	 42	 41	 43	 43	 43	 44	 43	 40	 42	 43	 42	 41	 43	  5	  1	  3
 37	 43	 42	 42	 41	 43	 43	 37	 41	 39	 43	 44	 42	 41	 42	 39	 41	 40	 41	 43	 44	 43	 42	 43	 44	 43	 44	 44	 41	 42	 44	 43	 42	 44	  6	  1	  2	  1
 38	 42	 41	 41	 40	 42	 42	 37	 40	 38	 42	 43	 42	 41	 41	 38	 40	 40	 40	 42	 43	 42	 41	 43	 43	 43	 44	 43	 40	 42	 43	 42	 41	 43	  5	  1	  3	  1	  1
 39	 42	 41	 41	 40	 42	 42	 36	 40	 38	 42	 43	 42	 41	 41	 38	 40	 40	 40	 42	 43	 42	 41	 43	 43	 43	 44	 43	 40	 42	 43	 42	 41	 43	  5	  1	  3	  1	  1	  1
 40	 40	 40	 40	 38	 41	 41	 35	 39	 37	 41	 42	 40	 39	 39	 37	 39	 38	 38	 40	 41	 40	 39	 41	 41	 41	 42	 41	 38	 40	 41	 40	 39	 41	  4	  3	  4	  2	  3	  3	  2
 41	 44	 42	 42	 41	 43	 43	 38	 41	 40	 43	 44	 43	 42	 42	 39	 41	 41	 42	 43	 45	 44	 43	 44	 45	 44	 45	 44	 42	 43	 45	 44	 42	 45	  7	  2	  3	  2	  2	  2	  2	  4
 42	 44	 43	 43	 41	 44	 44	 38	 42	 40	 44	 45	 43	 42	 42	 40	 42	 41	 42	 43	 45	 44	 43	 44	 45	 44	 45	 44	 42	 43	 45	 44	 42	 45	  6	  2	  2	  2	  1	  2	  2	  4	  1
 43	 43	 41	 41	 40	 42	 42	 37	 40	 39	 42	 43	 42	 41	 41	 38	 40	 40	 40	 42	 43	 43	 42	 43	 43	 43	 44	 43	 40	 42	 43	 42	 41	 44	  5	  1	  3	  1	  1	  1	  1	  3	  2	  2
 44	 45	 44	 45	 43	 46	 46	 40	 44	 42	 46	 46	 45	 44	 44	 42	 44	 43	 42	 43	 45	 44	 43	 44	 45	 45	 46	 45	 41	 43	 45	 44	 42	 45	  6	  4	  2	  4	  4	  4	  4	  5	  5	  4	  4
 45	 41	 40	 40	 38	 41	 41	 35	 39	 37	 41	 42	 40	 39	 39	 37	 39	 38	 38	 40	 41	 41	 40	 41	 41	 41	 42	 41	 38	 40	 41	 40	 39	 42	  4	  2	  4	  2	  3	  2	  2	  1	  4	  4	  3	  5
 46	 40	 40	 40	 39	 41	 41	 35	 39	 37	 41	 42	 41	 40	 40	 37	 39	 39	 38	 39	 40	 40	 39	 40	 41	 40	 41	 40	 37	 39	 41	 39	 38	 41	  2	  4	  4	  3	  4	  4	  4	  2	  5	  5	  4	  5	  2
 47	 42	 42	 42	 41	 43	 43	 37	 41	 39	 43	 44	 42	 41	 42	 39	 41	 41	 39	 41	 42	 42	 41	 42	 42	 42	 43	 42	 39	 41	 42	 41	 40	 42	  3	  3	  3	  3	  4	  3	  3	  3	  5	  4	  3	  3	  3	  2
 48	 40	 38	 39	 37	 40	 40	 34	 38	 36	 40	 40	 39	 38	 38	 36	 38	 37	 38	 40	 41	 40	 39	 41	 41	 41	 42	 41	 38	 40	 41	 40	 39	 41	  6	  3	  5	  3	  4	  3	  3	  3	  4	  5	  3	  7	  2	  4	  5
 49	 13	 19	 19	 19	 17	 18	 20	 18	 20	 19	 18	 19	 17	 19	 20	 19	 20	 18	 22	 18	 18	 16	 20	 17	 17	 17	 18	 24	 20	 17	 21	 21	 18	 51	 54	 55	 53	 54	 53	 53	 52	 55	 55	 54	 56	 52	 52	 53	 51
 50	 13	 20	 19	 20	 18	 18	 20	 19	 20	 19	 18	 19	 18	 20	 20	 20	 20	 18	 22	 18	 18	 16	 19	 17	 17	 17	 18	 23	 20	 17	 21	 21	 18	 51	 54	 55	 54	 54	 54	 54	 52	 55	 55	 54	 56	 52	 52	 53	 51	  1
 51	 11	 19	 19	 19	 17	 18	 19	 18	 19	 19	 18	 18	 17	 19	 19	 19	 19	 16	 20	 16	 16	 14	 18	 15	 15	 15	 16	 22	 18	 15	 19	 19	 16	 50	 52	 53	 52	 53	 52	 52	 50	 53	 54	 52	 54	 50	 50	 52	 49	  3	  2
 52	 13	 18	 18	 19	 17	 17	 19	 18	 19	 18	 17	 18	 17	 18	 19	 18	 19	 18	 22	 18	 18	 16	 20	 17	 17	 17	 18	 24	 20	 17	 21	 21	 18	 51	 53	 54	 53	 54	 53	 53	 51	 54	 54	 53	 56	 51	 51	 53	 50	  1	  2	  3
 53	 12	 19	 19	 19	 17	 18	 20	 18	 19	 19	 18	 18	 17	 19	 19	 19	 20	 17	 20	 17	 17	 15	 18	 16	 16	 16	 17	 22	 19	 16	 20	 20	 17	 50	 52	 54	 52	 53	 52	 52	 51	 54	 54	 53	 55	 51	 51	 52	 50	  2	  2	  1	  2
 54	 11	 19	 18	 19	 17	 17	 19	 18	 19	 18	 17	 18	 17	 19	 19	 19	 19	 17	 20	 17	 17	 14	 18	 16	 16	 15	 16	 22	 19	 16	 19	 19	 17	 50	 52	 54	 52	 53	 52	 52	 50	 53	 54	 52	 55	 50	 50	 52	 49	  2	  2	  1	  2	  1
 55	 10	 18	 18	 18	 17	 17	 18	 17	 18	 18	 17	 18	 16	 18	 18	 18	 19	 15	 19	 15	 16	 13	 17	 14	 15	 14	 15	 21	 17	 15	 18	 18	 15	 48	 51	 52	 51	 52	 51	 51	 49	 52	 52	 51	 53	 49	 49	 51	 48	  3	  3	  2	  3	  2	  2
 56	 11	 19	 19	 19	 17	 18	 20	 18	 19	 19	 18	 19	 17	 19	 20	 19	 20	 17	 20	 17	 17	 14	 18	 16	 16	 15	 16	 22	 19	 16	 19	 19	 17	 50	 52	 54	 52	 53	 52	 52	 50	 54	 54	 52	 55	 51	 50	 52	 50	  2	  2	  1	  2	  1	  1	  2
 57	 11	 19	 19	 19	 17	 18	 19	 18	 19	 19	 18	 18	 17	 19	 19	 19	 20	 16	 19	 16	 16	 14	 17	 15	 15	 15	 15	 21	 18	 15	 18	 19	 16	 49	 52	 53	 52	 52	 52	 52	 50	 53	 53	 52	 54	 50	 50	 51	 49	  3	  3	  1	  3	  2	  1	  1	  1
 58	  8	 17	 17	 17	 16	 16	 17	 16	 17	 17	 17	 17	 15	 18	 17	 17	 18	 14	 18	 14	 14	 12	 16	 13	 13	 13	 14	 19	 16	 13	 17	 17	 14	 47	 49	 51	 49	 50	 49	 49	 47	 51	 51	 49	 52	 47	 47	 49	 47	  5	  5	  3	  5	  4	  3	  2	  4	  3
 59	 13	 19	 18	 19	 17	 17	 20	 18	 19	 18	 17	 18	 17	 19	 19	 19	 19	 19	 22	 19	 19	 16	 20	 18	 18	 18	 18	 24	 21	 18	 21	 21	 19	 51	 53	 55	 53	 54	 53	 53	 52	 55	 55	 54	 56	 52	 52	 53	 51	  1	  2	  3	  1	  2	  3	  4	  3	  3	  5
 60	 11	 19	 19	 19	 17	 18	 19	 18	 19	 19	 18	 18	 17	 19	 19	 19	 20	 17	 20	 16	 17	 14	 18	 15	 16	 15	 16	 22	 18	 16	 19	 19	 16	 50	 52	 54	 52	 53	 52	 52	 50	 53	 54	 52	 55	 50	 50	 52	 50	  2	  2	  1	  3	  1	  1	  2	  1	  1	  3	  3
 61	 12	 18	 18	 19	 17	 17	 19	 18	 19	 18	 17	 18	 17	 19	 19	 18	 19	 18	 22	 18	 18	 16	 19	 17	 17	 17	 18	 23	 20	 17	 21	 21	 18	 51	 53	 54	 53	 54	 53	 53	 51	 54	 54	 53	 55	 51	 51	 53	 50	  1	  2	  2	  1	  2	  2	  3	  2	  3	  5	  1	  2
 62	 12	 19	 19	 20	 18	 18	 20	 18	 20	 19	 18	 19	 17	 20	 20	 19	 20	 17	 21	 17	 17	 15	 18	 16	 16	 16	 17	 22	 19	 16	 20	 20	 17	 50	 53	 54	 53	 54	 53	 53	 51	 54	 54	 53	 55	 51	 51	 53	 50	  2	  1	  1	  2	  1	  1	  3	  1	  2	  4	  2	  1	  2
 63	 11	 19	 19	 19	 18	 18	 20	 18	 20	 19	 18	 19	 17	 19	 20	 19	 20	 17	 20	 17	 17	 15	 18	 16	 16	 16	 16	 22	 19	 16	 19	 19	 17	 50	 52	 54	 52	 53	 52	 52	 51	 54	 54	 53	 55	 51	 51	 52	 50	  2	  2	  1	  2	  1	  1	  2	  1	  1	  4	  3	  1	  2	  1
 64	 11	 19	 19	 19	 17	 18	 19	 18	 19	 19	 18	 18	 17	 19	 19	 19	 20	 16	 20	 16	 16	 14	 18	 15	 15	 15	 16	 22	 18	 15	 19	 19	 16	 50	 52	 54	 52	 53	 52	 52	 50	 53	 54	 52	 55	 50	 50	 52	 50	  3	  2	  1	  3	  1	  1	  2	  1	  1	  3	  3	  1	  2	  1	  1
 65	 31	 23	 23	 22	 25	 24	 20	 23	 21	 24	 25	 24	 23	 23	 21	 22	 22	 33	 36	 36	 35	 32	 36	 35	 35	 36	 35	 36	 35	 36	 36	 35	 36	 22	 21	 23	 21	 22	 21	 21	 21	 22	 22	 21	 25	 20	 22	 23	 19	 39	 40	 38	 39	 39	 38	 37	 39	 38	 36	 39	 38	 39	 39	 39	 38
 66	 37	 28	 28	 27	 29	 29	 25	 27	 26	 29	 29	 28	 28	 27	 26	 27	 26	 38	 41	 41	 40	 38	 41	 40	 40	 41	 40	 40	 40	 41	 41	 40	 41	 23	 20	 22	 20	 21	 20	 20	 20	 20	 21	 20	 24	 20	 21	 22	 18	 44	 45	 43	 44	 44	 43	 42	 44	 43	 41	 44	 44	 44	 44	 44	 43	  6
 67	 36	 28	 28	 27	 29	 29	 25	 27	 26	 29	 30	 28	 28	 27	 26	 27	 26	 37	 41	 40	 40	 37	 41	 40	 40	 41	 40	 40	 40	 40	 40	 39	 41	 22	 20	 22	 20	 20	 20	 20	 19	 20	 20	 19	 23	 19	 21	 22	 17	 44	 45	 43	 43	 44	 43	 42	 44	 43	 41	 44	 43	 43	 44	 44	 43	  5	  1
 68	 35	 26	 26	 25	 28	 28	 24	 26	 24	 27	 28	 27	 27	 26	 24	 26	 25	 36	 40	 40	 39	 36	 40	 39	 39	 40	 39	 39	 39	 40	 40	 39	 40	 23	 21	 23	 21	 21	 21	 21	 20	 21	 22	 21	 25	 20	 22	 23	 18	 43	 43	 42	 42	 42	 42	 41	 42	 42	 40	 43	 42	 42	 43	 43	 42	  4	  2	  2
 69	 37	 28	 28	 27	 29	 29	 25	 28	 26	 29	 30	 28	 28	 27	 26	 27	 26	 38	 41	 41	 40	 38	 41	 40	 40	 41	 40	 40	 40	 41	 41	 40	 41	 22	 20	 22	 20	 20	 20	 20	 20	 20	 21	 20	 24	 20	 21	 22	 18	 44	 45	 43	 44	 44	 43	 42	 44	 43	 41	 44	 44	 44	 44	 44	 44	  6	  1	  1	  2
 70	 37	 29	 29	 28	 31	 30	 26	 29	 27	 30	 31	 30	 30	 29	 27	 28	 28	 37	 40	 40	 40	 37	 40	 40	 39	 41	 40	 39	 40	 40	 40	 39	 41	 19	 17	 19	 17	 17	 17	 17	 17	 17	 18	 17	 21	 16	 18	 19	 15	 45	 45	 44	 44	 44	 44	 43	 44	 44	 42	 45	 44	 44	 45	 45	 44	  7	  4	  3	  4	  4
 71	 37	 28	 28	 27	 29	 29	 25	 28	 26	 29	 30	 28	 28	 27	 26	 27	 27	 37	 41	 40	 40	 37	 41	 40	 40	 41	 40	 40	 40	 40	 41	 39	 41	 22	 20	 22	 20	 20	 20	 20	 19	 20	 20	 19	 23	 19	 21	 22	 17	 44	 45	 43	 44	 44	 43	 42	 44	 43	 41	 44	 44	 44	 44	 44	 43	  6	  1	  1	  2	  1	  3
 72	 35	 25	 26	 24	 27	 27	 23	 25	 24	 26	 27	 26	 26	 25	 23	 25	 24	 36	 40	 39	 39	 36	 40	 39	 38	 39	 39	 39	 39	 39	 39	 38	 40	 23	 22	 24	 22	 22	 22	 21	 21	 22	 22	 21	 25	 21	 22	 23	 19	 42	 43	 41	 41	 42	 41	 40	 42	 41	 39	 42	 42	 42	 42	 42	 41	  4	  3	  3	  1	  3	  5	  3
 73	 33	 25	 25	 24	 27	 27	 22	 25	 23	 26	 27	 26	 26	 25	 23	 25	 24	 33	 37	 36	 36	 33	 37	 36	 36	 37	 36	 36	 36	 36	 36	 35	 37	 20	 19	 21	 19	 19	 19	 18	 18	 19	 20	 18	 22	 18	 19	 20	 16	 41	 41	 40	 40	 40	 40	 39	 40	 40	 38	 41	 40	 40	 41	 40	 40	  3	  5	  5	  5	  5	  5	  5	  5
 74	 38	 28	 29	 27	 30	 30	 26	 28	 27	 29	 30	 29	 29	 28	 27	 28	 27	 39	 43	 42	 42	 39	 43	 42	 42	 43	 42	 42	 42	 42	 43	 41	 43	 24	 21	 23	 21	 22	 21	 21	 21	 21	 22	 21	 25	 21	 22	 23	 19	 46	 46	 45	 45	 45	 44	 44	 45	 45	 42	 45	 45	 45	 45	 45	 45	  7	  2	  3	  3	  2	  5	  3	  4	  7
 75	 36	 29	 29	 28	 30	 30	 25	 28	 27	 30	 31	 29	 29	 28	 26	 28	 27	 36	 40	 39	 39	 37	 40	 39	 39	 40	 39	 39	 39	 40	 40	 38	 40	 19	 17	 19	 17	 17	 17	 17	 16	 17	 18	 17	 21	 16	 18	 19	 14	 45	 45	 43	 44	 44	 43	 43	 44	 43	 41	 44	 44	 44	 44	 44	 44	  6	  4	  3	  5	  4	  1	  4	  5	  4	  6
 76	 36	 27	 27	 26	 29	 28	 24	 27	 25	 28	 29	 28	 28	 27	 25	 26	 26	 37	 41	 40	 40	 37	 41	 40	 40	 41	 40	 40	 40	 40	 41	 40	 41	 23	 21	 23	 21	 21	 21	 21	 21	 21	 22	 21	 25	 20	 22	 23	 19	 44	 44	 43	 43	 43	 43	 42	 43	 43	 41	 44	 43	 43	 44	 43	 43	  5	  1	  2	  1	  1	  5	  2	  2	  5	  2	  5
 77	 34	 19	 19	 18	 20	 20	 19	 19	 18	 19	 20	 19	 20	 18	 18	 19	 18	 37	 42	 40	 40	 36	 41	 39	 39	 40	 39	 42	 40	 40	 41	 40	 40	 36	 35	 37	 35	 35	 35	 35	 34	 35	 36	 35	 38	 34	 35	 36	 32	 37	 38	 37	 36	 37	 37	 36	 37	 37	 35	 37	 37	 37	 37	 37	 37	 14	 15	 16	 15	 16	 18	 16	 14	 17	 15	 19	 15
 78	 33	 25	 25	 24	 26	 26	 22	 24	 23	 26	 27	 25	 25	 24	 23	 24	 24	 34	 37	 37	 36	 34	 37	 36	 36	 37	 37	 36	 36	 37	 37	 36	 37	 21	 20	 22	 20	 20	 20	 20	 19	 20	 21	 20	 24	 19	 20	 22	 17	 41	 41	 40	 40	 40	 40	 39	 40	 40	 38	 41	 40	 40	 41	 40	 40	  2	  4	  4	  3	  4	  5	  4	  3	  2	  6	  4	  4	 15
 79	 36	 27	 27	 26	 29	 28	 24	 27	 25	 28	 29	 28	 28	 27	 25	 27	 26	 37	 41	 41	 40	 37	 41	 40	 40	 41	 40	 40	 40	 41	 41	 40	 41	 23	 21	 23	 21	 21	 21	 21	 21	 21	 22	 21	 25	 20	 22	 23	 19	 44	 44	 43	 43	 43	 43	 42	 43	 43	 41	 44	 43	 43	 44	 43	 43	  5	  1	  2	  2	  1	  4	  2	  2	  5	  2	  5	  1	 15	  4
 80	 37	 28	 28	 27	 29	 29	 25	 28	 26	 29	 30	 28	 28	 27	 26	 27	 26	 38	 41	 41	 41	 38	 41	 41	 40	 41	 41	 41	 41	 41	 41	 40	 41	 23	 21	 23	 21	 21	 20	 20	 20	 21	 21	 20	 24	 20	 21	 23	 18	 45	 45	 44	 44	 44	 43	 43	 44	 44	 41	 44	 44	 44	 44	 44	 44	  6	  1	  2	  2	  1	  4	  1	  3	  6	  2	  4	  1	 15	  5	  1
 81	 37	 33	 33	 32	 34	 34	 29	 32	 30	 34	 35	 33	 33	 32	 30	 32	 31	 36	 39	 39	 39	 37	 39	 39	 39	 40	 39	 37	 38	 39	 39	 38	 40	 12	 10	 12	 10	 11	 10	 10	 10	 11	 11	 10	 14	  9	 11	 12	  8	 47	 47	 46	 46	 46	 46	 45	 46	 45	 43	 47	 46	 46	 46	 46	 46	 12	 11	 10	 11	 11	  8	 10	 12	  9	 12	  7	 11	 25	 10	 11	 11
 82	 32	 29	 29	 28	 30	 30	 24	 28	 26	 30	 31	 29	 29	 29	 26	 28	 27	 32	 34	 35	 34	 32	 35	 34	 34	 35	 34	 33	 34	 35	 34	 33	 35	 13	 13	 15	 13	 14	 13	 13	 12	 14	 14	 13	 17	 12	 13	 14	 10	 42	 43	 41	 42	 42	 41	 40	 41	 41	 38	 42	 41	 42	 42	 42	 41	 10	 11	 10	 11	 11	  8	 10	 11	  7	 13	  8	 12	 23	  9	 12	 11	  5
 83	 37	 32	 32	 31	 34	 33	 28	 32	 30	 33	 34	 33	 32	 32	 29	 31	 31	 36	 38	 39	 38	 36	 39	 39	 38	 39	 39	 37	 38	 39	 38	 37	 39	 13	 11	 13	 11	 11	 11	 11	 10	 11	 12	 11	 15	 10	 11	 13	  8	 46	 47	 45	 46	 46	 45	 44	 45	 45	 42	 46	 45	 46	 46	 46	 45	 11	 10	 10	 11	 10	  7	 10	 11	  8	 12	  7	 11	 24	 10	 11	 11	  1	  5
 84	 34	 31	 31	 30	 32	 32	 27	 30	 28	 32	 33	 31	 31	 31	 28	 30	 29	 33	 36	 36	 36	 34	 36	 36	 36	 37	 36	 35	 35	 37	 36	 35	 37	 12	 11	 13	 11	 12	 11	 11	 10	 12	 12	 11	 15	 10	 11	 12	  8	 44	 45	 43	 44	 44	 43	 42	 43	 43	 40	 44	 43	 44	 44	 44	 43	 11	 12	 11	 12	 11	  8	 11	 12	  8	 13	  8	 12	 25	 10	 12	 12	  3	  3	  3
 85	 36	 33	 33	 32	 34	 34	 29	 32	 31	 34	 35	 34	 33	 33	 30	 32	 32	 35	 38	 38	 38	 36	 38	 38	 38	 39	 38	 36	 37	 38	 38	 37	 39	 11	  9	 11	  9	 10	  9	  9	  8	 10	 10	  9	 13	  8	  9	 11	  6	 47	 47	 45	 46	 46	 45	 44	 46	 45	 43	 47	 45	 46	 46	 46	 45	 13	 13	 12	 13	 12	  9	 12	 13	 10	 14	  9	 13	 26	 11	 13	 13	  2	  5	  3	  3
 86	 37	 33	 33	 32	 34	 34	 29	 32	 30	 34	 35	 33	 33	 32	 30	 32	 31	 36	 39	 39	 39	 37	 39	 39	 39	 40	 39	 37	 38	 39	 39	 37	 40	 12	 10	 12	 10	 11	 10	 10	 10	 11	 11	 10	 14	  9	 11	 12	  8	 47	 47	 46	 46	 46	 46	 44	 46	 45	 43	 47	 46	 46	 46	 46	 46	 12	 11	 10	 11	 11	  8	 10	 12	  9	 12	  7	 12	 25	 10	 12	 11	  1	  5	  1	  3	  2
 87	 38	 34	 35	 33	 36	 36	 30	 34	 32	 36	 36	 35	 34	 34	 32	 34	 33	 37	 40	 40	 40	 38	 40	 40	 40	 41	 40	 38	 39	 41	 40	 39	 41	 11	  9	 11	  9	  9	  9	  9	  8	  9	 10	  9	 13	  8	 10	 11	  6	 48	 49	 47	 48	 48	 47	 46	 47	 47	 44	 48	 47	 48	 48	 48	 47	 13	 12	 11	 13	 12	  9	 11	 13	 11	 13	  9	 13	 26	 12	 13	 12	  2	  7	  3	  5	  3	  2
 88	 40	 34	 34	 33	 36	 35	 31	 34	 32	 35	 36	 35	 34	 34	 32	 34	 33	 39	 42	 42	 42	 40	 43	 42	 42	 43	 42	 41	 42	 43	 42	 41	 43	 15	 12	 14	 12	 12	 12	 12	 12	 12	 12	 12	 16	 12	 13	 14	 10	 49	 50	 48	 49	 49	 48	 47	 48	 48	 46	 49	 48	 49	 49	 49	 48	 12	  9	  9	 10	  9	  6	  9	 11	  9	 10	  6	 10	 24	 10	 10	 10	  4	  8	  5	  7	  6	  4	  4
 89	 37	 32	 33	 31	 34	 34	 28	 32	 30	 34	 34	 33	 32	 32	 30	 32	 31	 36	 39	 39	 39	 37	 39	 39	 39	 40	 39	 38	 38	 39	 39	 38	 40	 13	 11	 13	 11	 11	 11	 11	 10	 11	 12	 11	 15	 10	 12	 13	  8	 47	 47	 45	 46	 46	 45	 44	 46	 45	 43	 47	 46	 46	 46	 46	 46	 11	 10	  9	 11	 10	  7	  9	 11	  8	 11	  7	 11	 24	 10	 11	 10	  1	  5	  1	  4	  3	  1	  3	  4
 90	 39	 34	 34	 33	 35	 35	 30	 33	 31	 35	 36	 34	 34	 33	 31	 33	 32	 39	 41	 42	 41	 39	 42	 41	 41	 42	 41	 40	 41	 42	 41	 40	 42	 14	 11	 13	 12	 12	 11	 11	 11	 11	 12	 11	 15	 11	 13	 14	  9	 49	 49	 47	 48	 48	 47	 46	 48	 47	 45	 48	 48	 48	 48	 48	 47	 12	 10	  9	 10	  9	  6	  9	 11	  9	 10	  6	 10	 24	 10	 10	 10	  3	  7	  4	  6	  5	  3	  4	  2	  3
 91	 41	 38	 38	 37	 39	 39	 34	 37	 36	 39	 40	 39	 38	 38	 35	 37	 37	 39	 41	 42	 42	 40	 42	 42	 42	 43	 42	 40	 41	 42	 41	 40	 43	  8	  5	  7	  5	  5	  5	  5	  5	  5	  6	  5	  9	  5	  7	  7	  3	 51	 52	 50	 51	 50	 50	 49	 50	 50	 47	 51	 50	 51	 51	 51	 50	 17	 16	 15	 17	 16	 13	 15	 17	 15	 17	 13	 17	 30	 16	 17	 16	  6	 10	  7	  8	  5	  6	  5	  7	  7	  7
 92	 37	 33	 33	 32	 35	 34	 29	 32	 31	 34	 35	 34	 33	 33	 30	 32	 32	 37	 39	 40	 39	 37	 40	 39	 39	 40	 39	 38	 39	 40	 39	 38	 40	 12	 10	 12	 10	 10	 10	 10	 10	 10	 11	 10	 14	  9	 11	 12	  8	 47	 48	 46	 47	 46	 46	 45	 46	 46	 43	 47	 46	 47	 47	 47	 46	 12	 11	 10	 11	 11	  8	 10	 12	  9	 12	  7	 12	 25	 10	 12	 11	  1	  6	  1	  4	  3	  1	  2	  4	  1	  3	  6
 93	 37	 33	 33	 31	 34	 34	 28	 32	 30	 34	 35	 33	 32	 32	 30	 32	 31	 36	 38	 39	 38	 36	 39	 39	 38	 39	 39	 37	 38	 39	 38	 37	 39	 12	 10	 12	 10	 11	 10	 10	 10	 11	 11	 10	 14	  9	 11	 12	  8	 47	 47	 45	 46	 46	 45	 44	 46	 45	 43	 47	 46	 46	 46	 46	 45	 12	 11	 10	 11	 11	  8	 10	 12	  9	 12	  7	 12	 25	 10	 11	 11	  1	  5	  1	  3	  2	  1	  2	  5	  1	  4	  6	  1
 94	 38	 33	 33	 32	 35	 35	 29	 33	 31	 35	 35	 34	 33	 33	 31	 33	 32	 37	 39	 40	 39	 37	 40	 40	 39	 40	 40	 38	 39	 40	 39	 38	 40	 12	 10	 12	 10	 10	 10	 10	  9	 10	 11	 10	 14	  9	 11	 12	  7	 48	 48	 46	 47	 47	 46	 45	 47	 46	 44	 47	 46	 47	 47	 47	 46	 12	 11	 10	 12	 11	  8	 10	 12	  9	 12	  7	 12	 25	 11	 12	 11	  1	  6	  2	  4	  3	  1	  2	  4	  2	  3	  6	  1	  1
 95	 42	 35	 35	 34	 37	 37	 32	 35	 33	 36	 37	 36	 36	 35	 33	 35	 34	 41	 44	 44	 44	 42	 44	 44	 44	 45	 44	 43	 43	 44	 44	 43	 45	 16	 13	 14	 13	 13	 13	 12	 13	 12	 13	 12	 16	 13	 14	 15	 11	 51	 51	 49	 50	 50	 49	 48	 50	 49	 47	 51	 50	 50	 50	 50	 50	 13	 10	  9	 11	  9	  7	  9	 11	 10	 10	  7	 10	 25	 11	 10	 10	  6	 10	  6	  9	  8	  6	  6	  2	  6	  3	  8	  6	  6	  6
 96	 36	 32	 32	 31	 33	 33	 28	 31	 29	 33	 34	 32	 32	 31	 29	 31	 30	 35	 38	 38	 38	 36	 38	 38	 38	 39	 38	 36	 37	 38	 38	 37	 39	 12	 11	 13	 11	 11	 11	 11	 10	 11	 12	 11	 15	 10	 11	 13	  8	 46	 46	 44	 45	 45	 44	 43	 45	 44	 42	 46	 45	 45	 45	 45	 45	 11	 11	 10	 11	 10	  7	 10	 11	  8	 12	  7	 11	 24	 10	 11	 11	  2	  4	  1	  2	  2	  2	  3	  5	  2	  4	  7	  2	  1	  2	  7
 97	 55	 53	 53	 52	 54	 54	 49	 52	 50	 54	 55	 53	 53	 53	 50	 52	 52	 53	 55	 56	 56	 54	 56	 56	 56	 57	 56	 53	 55	 56	 55	 54	 56	 17	 14	 12	 14	 13	 14	 14	 16	 12	 12	 13	 12	 15	 16	 15	 16	 66	 66	 65	 66	 65	 65	 64	 65	 65	 62	 66	 65	 66	 66	 65	 65	 31	 28	 28	 29	 28	 26	 28	 30	 29	 29	 26	 29	 43	 29	 29	 28	 21	 25	 21	 23	 20	 21	 19	 20	 21	 20	 15	 20	 21	 20	 19	 22
 98	 55	 53	 53	 52	 54	 54	 49	 52	 50	 54	 55	 53	 53	 53	 50	 52	 52	 53	 55	 56	 56	 54	 56	 56	 56	 57	 56	 53	 55	 56	 55	 54	 56	 17	 14	 12	 14	 13	 14	 14	 16	 12	 12	 13	 12	 15	 16	 15	 16	 66	 66	 65	 66	 65	 65	 64	 65	 65	 62	 66	 65	 66	 66	 65	 65	 31	 28	 28	 29	 28	 26	 28	 30	 29	 29	 26	 29	 43	 29	 29	 28	 21	 25	 21	 23	 20	 21	 19	 20	 21	 20	 15	 20	 21	 20	 19	 22	  1
 99	 55	 53	 53	 52	 54	 54	 49	 52	 50	 54	 55	 53	 53	 53	 50	 52	 52	 53	 55	 56	 56	 54	 56	 56	 56	 57	 56	 53	 55	 56	 55	 54	 56	 17	 14	 12	 14	 13	 14	 14	 16	 12	 12	 13	 12	 15	 16	 15	 16	 66	 66	 65	 66	 65	 65	 64	 65	 65	 62	 66	 65	 66	 66	 65	 65	 31	 28	 28	 29	 28	 26	 28	 30	 29	 29	 26	 29	 43	 29	 29	 28	 21	 25	 21	 23	 20	 21	 19	 20	 21	 20	 15	 20	 21	 20	 19	 22	  1	  1
100	 55	 53	 53	 52	 54	 54	 49	 52	 50	 54	 55	 53	 53	 53	 50	 52	 52	 53	 55	 56	 56	 54	 56	 56	 56	 57	 56	 53	 55	 56	 55	 54	 56	 17	 14	 12	 14	 13	 14	 14	 16	 12	 12	 13	 12	 15	 16	 15	 16	 66	 66	 65	 66	 65	 65	 64	 65	 65	 62	 66	 65	 66	 66	 65	 65	 31	 28	 28	 29	 28	 26	 28	 30	 29	 29	 26	 29	 43	 29	 29	 28	 21	 25	 21	 23	 20	 21	 19	 20	 21	 20	 15	 20	 21	 20	 19	 22	  1	  1	  1
