nVehicles:  46
nDepots:     1
nCustomers: 50
nPeriods:    6
VEHICLE_TYPE	FLEET_SIZE	CAPACITY
           1	        46	       8	
DEPOT   	X  	Y  	INV_COST	INITIAL_INV 	MIN_LEVEL_INV 	MAX_LEVEL_INV	PRODUCTION_0	PRODUCTION_1	PRODUCTION_2	PRODUCTION_3	PRODUCTION_4	PRODUCTION_5
       0	147	411	       0	        518	            0	         2068	         346	         346	         346	         346	         346	         346	
CUSTOMER	X  	Y  	INV_COST	INITIAL_INV	MIN_LEVEL_INV 	MAX_LEVEL_INV	DEMAND_0	DEMAND_1	DEMAND_2	DEMAND_3	DEMAND_4	DEMAND_5
       1	337	245	    0.24	         11	            0	           14	       7	       6	       4	       5	       6	       6
       2	333	258	    0.15	          3	            0	           26	      10	       7	       7	       7	       7	      10
       3	333	270	    0.15	         17	            0	           19	      14	       8	       7	       7	      10	      13
       4	325	261	    0.14	          5	            0	           52	      12	       8	       7	       7	       7	      10
       5	300	266	    0.13	          5	            0	           14	       6	       6	       3	       4	       6	       7
       6	333	262	    0.25	          8	            0	            8	       5	       5	       4	       4	       4	       5
       7	363	242	    0.14	          3	            0	           22	       8	       5	       4	       4	       7	       6
       8	329	261	    0.26	         15	            0	           52	      10	       9	       7	       6	       9	      12
       9	339	255	    0.08	          6	            0	           21	       9	       9	       7	       7	       7	      10
      10	332	249	    0.19	         14	            0	           24	       8	       7	       5	       5	       9	       8
      11	330	271	    0.07	          5	            0	           34	      10	       8	       7	       6	       6	       6
      12	330	241	    0.16	          1	            0	           38	       2	       1	       2	       5	       6	       9
      13	338	226	    0.17	         21	            0	           21	       9	      11	       7	       7	      11	      12
      14	351	251	    0.16	         11	            0	           25	       9	       8	       5	       5	       4	       6
      15	334	258	    0.05	         15	            0	           53	      14	      11	       6	       6	       8	      13
      16	326	254	    0.18	         20	            0	           24	      10	      10	       7	       7	      11	      13
      17	 44	322	    0.06	          3	            0	           20	       6	       4	       4	       3	       5	       5
      18	 63	306	    0.18	         14	            0	           20	       8	       7	       6	       5	       6	       5
      19	 56	352	    0.28	         11	            0	           30	       7	       5	       4	       4	       7	       8
      20	 52	308	    0.18	         13	            0	           57	      12	      10	       7	       6	      10	      12
      21	 42	289	     0.2	          8	            0	            8	       5	       6	       5	       4	       4	       4
      22	 32	306	    0.01	          7	            0	           23	       6	       6	       4	       5	       5	       8
      23	  7	285	     0.2	         11	            0	           16	       7	       5	       5	       4	       6	       6
      24	 62	312	    0.03	          5	            0	            8	       7	       5	       4	       5	       5	       8
      25	 73	345	    0.21	          2	            0	           29	       8	       7	       5	       5	       6	       7
      26	 51	305	    0.26	         13	            0	           13	       8	       7	       5	       5	       9	       8
      27	 51	308	    0.11	         17	            0	           45	      12	       9	       8	       7	       7	      11
      28	 59	310	    0.14	          2	            0	            9	       7	       5	       4	       5	       4	       5
      29	 46	346	    0.12	          8	            0	           10	       8	       7	       3	       4	       7	       6
      30	 63	313	     0.3	         21	            0	           46	      11	      10	       5	       7	      11	       9
      31	 67	326	    0.22	          4	            0	           25	       9	       8	       5	       5	       5	       5
      32	 83	316	    0.17	          7	            0	           12	       9	      10	       8	       7	       5	       7
      33	455	456	    0.28	          1	            0	           28	       6	       5	       4	       4	       5	       5
      34	460	461	    0.01	         13	            0	           27	       7	       8	       6	       5	       5	       5
      35	437	450	    0.22	          5	            0	           30	       7	       6	       5	       5	       6	       7
      36	465	438	       0	          4	            0	           22	       8	       8	       6	       5	       4	       6
      37	443	445	     0.1	          1	            0	            8	       7	       7	       5	       5	       5	       8
      38	463	453	    0.25	          1	            0	           23	       7	       7	       5	       6	       5	       6
      39	464	461	    0.03	          5	            0	           48	      10	       8	       5	       7	       8	      12
      40	462	459	    0.14	          9	            0	           41	      11	      11	       9	       8	       7	      10
      41	450	465	    0.09	          2	            0	           41	       6	       5	       4	       5	       7	       8
      42	461	465	    0.23	         14	            0	           28	      12	       6	       6	       6	       7	      10
      43	457	481	    0.26	          4	            0	           14	       5	       4	       3	       5	       5	       5
      44	456	443	    0.25	          8	            0	           14	       8	       6	       5	       6	       7	      10
      45	456	450	    0.13	          2	            0	           12	       9	       7	       6	       6	       7	      10
      46	456	458	    0.18	          6	            0	           30	       8	       8	       6	       6	       9	       9
      47	460	457	    0.24	          5	            0	           14	       6	       4	       4	       3	       4	       5
      48	459	453	    0.05	          7	            0	            7	       6	       4	       4	       4	       4	       5
      49	  0	  0	    0.01	          3	            0	           19	       7	       5	       5	       3	       5	       6
      50	  0	  0	    0.13	          4	            0	           13	       5	       5	       4	       3	       4	       5
COST_MATRIX 
	  0	  1	  2	  3	  4	  5	  6	  7	  8	  9	 10	 11	 12	 13	 14	 15	 16	 17	 18	 19	 20	 21	 22	 23	 24	 25	 26	 27	 28	 29	 30	 31	 32	 33	 34	 35	 36	 37	 38	 39	 40	 41	 42	 43	 44	 45	 46	 47	 48	 49	 50
  0
  1	 26
  2	 25	  2
  3	 24	  3	  2
  4	 24	  3	  1	  2
  5	 22	  5	  4	  4	  3
  6	 24	  2	  1	  1	  1	  4
  7	 28	  3	  4	  5	  5	  7	  4
  8	 24	  2	  1	  1	  1	  3	  1	  4
  9	 25	  2	  1	  2	  2	  5	  1	  3	  2
 10	 25	  1	  1	  3	  2	  4	  2	  4	  2	  1
 11	 24	  3	  2	  1	  2	  4	  1	  5	  2	  2	  3
 12	 25	  1	  2	  3	  3	  4	  3	  4	  3	  2	  1	  4
 13	 27	  2	  4	  5	  4	  6	  4	  3	  4	  3	  3	  5	  2
 14	 26	  2	  2	  3	  3	  6	  3	  2	  3	  2	  2	  3	  3	  3
 15	 25	  2	  1	  2	  1	  4	  1	  4	  1	  1	  1	  2	  2	  4	  2
 16	 24	  2	  1	  2	  1	  3	  2	  4	  1	  2	  1	  2	  2	  4	  3	  1
 17	 14	 31	 30	 30	 29	 27	 30	 33	 30	 31	 30	 30	 30	 31	 32	 30	 30
 18	 14	 29	 28	 28	 27	 25	 28	 31	 27	 29	 28	 27	 28	 29	 30	 28	 27	  3
 19	 11	 31	 30	 29	 29	 26	 30	 33	 29	 30	 30	 29	 30	 31	 32	 30	 29	  4	  5
 20	 15	 30	 29	 29	 28	 26	 29	 32	 29	 30	 29	 29	 29	 30	 31	 29	 28	  2	  2	  5
 21	 17	 30	 30	 30	 29	 26	 30	 33	 29	 30	 30	 29	 30	 31	 32	 30	 29	  4	  3	  7	  3
 22	 16	 32	 31	 31	 30	 28	 31	 34	 31	 32	 31	 31	 31	 32	 33	 31	 30	  3	  4	  6	  3	  2
 23	 19	 34	 33	 33	 32	 30	 33	 36	 33	 34	 33	 33	 33	 34	 35	 33	 33	  6	  6	  9	  6	  4	  4
 24	 14	 29	 28	 28	 27	 25	 28	 31	 28	 29	 28	 28	 28	 29	 30	 28	 28	  3	  1	  5	  2	  4	  4	  7
 25	 10	 29	 28	 28	 27	 25	 28	 31	 27	 29	 28	 27	 28	 30	 30	 28	 27	  4	  5	  2	  5	  7	  6	  9	  4
 26	 15	 30	 29	 29	 28	 26	 29	 32	 29	 30	 29	 29	 29	 30	 31	 29	 28	  2	  2	  5	  1	  2	  2	  5	  2	  5
 27	 15	 30	 29	 29	 28	 26	 29	 32	 29	 30	 29	 29	 29	 30	 31	 29	 29	  2	  2	  5	  1	  3	  2	  5	  2	  5	  1
 28	 14	 29	 28	 28	 28	 25	 28	 32	 28	 29	 28	 28	 28	 30	 30	 28	 28	  2	  1	  5	  1	  3	  3	  6	  1	  4	  1	  1
 29	 13	 31	 31	 30	 30	 27	 30	 34	 30	 31	 31	 30	 31	 32	 32	 31	 30	  3	  5	  2	  4	  6	  5	  8	  4	  3	  5	  4	  4
 30	 13	 29	 28	 28	 27	 25	 28	 31	 28	 29	 28	 28	 28	 29	 30	 28	 27	  3	  1	  4	  2	  4	  4	  7	  1	  4	  2	  2	  1	  4
 31	 12	 29	 28	 28	 27	 25	 28	 31	 27	 29	 28	 27	 28	 29	 30	 28	 27	  3	  3	  3	  3	  5	  5	  8	  2	  2	  3	  3	  2	  3	  2
 32	 12	 27	 26	 26	 25	 23	 26	 29	 26	 27	 26	 26	 26	 28	 28	 26	 26	  4	  3	  5	  4	  5	  6	  9	  3	  4	  4	  4	  3	  5	  3	  2
 33	 32	 25	 24	 23	 24	 25	 23	 24	 24	 24	 25	 23	 25	 26	 23	 24	 24	 44	 42	 42	 43	 45	 45	 48	 42	 40	 44	 44	 43	 43	 42	 41	 40
 34	 32	 25	 24	 23	 25	 26	 24	 24	 24	 24	 25	 24	 26	 27	 24	 24	 25	 44	 43	 42	 44	 46	 46	 49	 43	 41	 44	 44	 43	 43	 43	 42	 41	  1
 35	 30	 23	 22	 21	 22	 23	 22	 23	 22	 22	 23	 21	 24	 25	 22	 22	 23	 42	 41	 40	 42	 43	 43	 47	 40	 38	 42	 42	 41	 41	 40	 40	 38	  2	  3
 36	 32	 24	 23	 22	 23	 24	 23	 23	 23	 23	 24	 22	 24	 25	 22	 23	 24	 44	 43	 42	 44	 45	 46	 49	 43	 41	 44	 44	 43	 43	 43	 42	 41	  3	  3	  4
 37	 30	 23	 22	 21	 22	 23	 22	 22	 22	 22	 23	 21	 24	 25	 22	 22	 23	 42	 41	 40	 42	 44	 44	 47	 41	 39	 42	 42	 41	 41	 41	 40	 39	  2	  3	  1	  3
 38	 32	 25	 24	 23	 24	 25	 24	 24	 24	 24	 25	 23	 26	 26	 24	 24	 25	 44	 43	 42	 44	 46	 46	 49	 43	 41	 44	 44	 43	 44	 43	 42	 41	  1	  1	  3	  2	  3
 39	 33	 26	 25	 24	 25	 26	 24	 25	 25	 25	 25	 24	 26	 27	 24	 25	 25	 45	 43	 43	 44	 46	 46	 49	 43	 41	 45	 45	 44	 44	 43	 42	 41	  2	  1	  3	  3	  3	  1
 40	 32	 25	 24	 23	 25	 26	 24	 24	 24	 24	 25	 23	 26	 27	 24	 24	 25	 44	 43	 42	 44	 46	 46	 49	 43	 41	 44	 44	 43	 44	 43	 42	 41	  1	  1	  3	  3	  3	  1	  1
 41	 31	 25	 24	 23	 24	 25	 24	 24	 24	 24	 25	 23	 26	 27	 24	 24	 25	 44	 42	 41	 43	 45	 45	 48	 42	 40	 43	 43	 43	 43	 42	 41	 40	  2	  2	  2	  4	  3	  2	  2	  2
 42	 32	 26	 25	 24	 25	 26	 24	 25	 25	 25	 26	 24	 26	 27	 25	 25	 26	 45	 43	 43	 44	 46	 46	 49	 43	 41	 45	 44	 44	 44	 43	 42	 41	  2	  1	  3	  3	  3	  2	  1	  1	  2
 43	 32	 27	 26	 25	 26	 27	 26	 26	 26	 26	 27	 25	 28	 29	 26	 26	 27	 45	 44	 43	 45	 46	 46	 50	 43	 41	 45	 45	 44	 44	 43	 42	 41	  3	  3	  4	  5	  4	  3	  3	  3	  2	  2
 44	 32	 24	 23	 22	 23	 24	 22	 23	 23	 23	 24	 22	 24	 25	 22	 23	 23	 43	 42	 42	 43	 45	 45	 48	 42	 40	 43	 43	 42	 43	 42	 41	 40	  2	  2	  3	  2	  2	  2	  2	  2	  3	  3	  4
 45	 32	 24	 23	 22	 23	 25	 23	 23	 23	 23	 24	 22	 25	 26	 23	 23	 24	 44	 42	 42	 43	 45	 45	 48	 42	 40	 44	 43	 43	 43	 42	 41	 40	  1	  2	  2	  2	  2	  1	  2	  2	  2	  2	  4	  1
 46	 32	 25	 24	 23	 24	 25	 24	 24	 24	 24	 25	 23	 26	 27	 24	 24	 25	 44	 43	 42	 44	 45	 46	 49	 43	 40	 44	 44	 43	 43	 42	 42	 40	  1	  1	  3	  3	  2	  1	  1	  1	  1	  1	  3	  2	  1
 47	 32	 25	 24	 23	 24	 25	 24	 24	 24	 24	 25	 23	 26	 27	 24	 24	 25	 44	 43	 42	 44	 46	 46	 49	 43	 41	 44	 44	 43	 43	 43	 42	 41	  1	  1	  3	  2	  3	  1	  1	  1	  2	  1	  3	  2	  1	  1
 48	 32	 25	 24	 23	 24	 25	 23	 24	 24	 24	 25	 23	 25	 26	 23	 24	 24	 44	 43	 42	 44	 45	 46	 49	 43	 41	 44	 44	 43	 43	 43	 42	 41	  1	  1	  3	  2	  2	  1	  1	  1	  2	  2	  3	  2	  1	  1	  1
 49	 44	 42	 43	 43	 42	 41	 43	 44	 42	 43	 42	 43	 41	 41	 44	 43	 42	 33	 32	 36	 32	 30	 31	 29	 32	 36	 31	 32	 32	 35	 32	 34	 33	 65	 66	 63	 64	 63	 65	 66	 66	 65	 66	 67	 64	 65	 65	 65	 65
 50	 44	 42	 43	 43	 42	 41	 43	 44	 42	 43	 42	 43	 41	 41	 44	 43	 42	 33	 32	 36	 32	 30	 31	 29	 32	 36	 31	 32	 32	 35	 32	 34	 33	 65	 66	 63	 64	 63	 65	 66	 66	 65	 66	 67	 64	 65	 65	 65	 65	  1
