nVehicles:   5
nDepots:     1
nCustomers: 25
nPeriods:   12
VEHICLE_TYPE	FLEET_SIZE	CAPACITY
           4	         5	      38	
DEPOT   	X  	Y  	INV_COST	INITIAL_INV 	MIN_LEVEL_INV 	MAX_LEVEL_INV	PRODUCTION_0	PRODUCTION_1	PRODUCTION_2	PRODUCTION_3	PRODUCTION_4	PRODUCTION_5	PRODUCTION_6	PRODUCTION_7	PRODUCTION_8	PRODUCTION_9	PRODUCTION_10	PRODUCTION_11
       0	  0	175	       0	        274	            0	         2230	         189	         189	         189	         189	         189	         189	         189	         189	         189	         189	          189	          189	
CUSTOMER	X  	Y  	INV_COST	INITIAL_INV	MIN_LEVEL_INV 	MAX_LEVEL_INV	DEMAND_0	DEMAND_1	DEMAND_2	DEMAND_3	DEMAND_4	DEMAND_5	DEMAND_6	DEMAND_7	DEMAND_8	DEMAND_9	DEMAND_10	DEMAND_11
       1	199	220	    0.19	          2	            0	           61	       9	       7	      11	      13	       9	       6	       7	      10	      10	       9	        8	        9
       2	201	231	     0.1	          8	            0	           21	       7	       7	       6	       7	       8	      10	      12	       9	       8	       6	        6	        9
       3	145	234	    0.19	          8	            0	           43	       5	       6	       7	      10	       8	       7	       6	       7	      10	       9	        8	        6
       4	206	238	    0.28	          5	            0	           86	       7	       8	       9	      10	      13	      11	       9	       8	       7	      11	       10	       13
       5	206	236	    0.14	          4	            0	           44	       9	       7	       9	      12	      12	      12	       7	       8	       7	      12	       14	       12
       6	240	244	    0.05	          3	            0	           27	       5	       5	       5	       6	       8	       8	       8	       6	       5	       4	        5	        8
       7	211	239	     0.2	          6	            0	           70	       8	       6	      10	      13	       9	       6	       8	      10	      10	       9	        7	        6
       8	208	222	    0.17	          9	            0	           50	       7	       6	       6	       6	       9	       9	       7	       7	       6	       5	        7	        8
       9	214	243	    0.08	         13	            0	           22	       8	       6	       7	       8	      13	      13	       9	       7	       7	       7	       10	       13
      10	222	237	    0.12	          9	            0	           25	       7	       5	       7	      11	      10	      10	       8	       6	       8	       9	       12	        9
      11	211	235	    0.24	         15	            0	           43	       8	       7	      11	      11	      10	       8	       7	       7	      10	      11	       11	        6
      12	207	238	    0.19	          4	            0	           69	       6	       5	       6	       8	       7	       4	       5	       6	       9	       6	        4	        6
      13	 40	426	    0.26	          1	            0	           67	       9	       6	       7	      10	      11	      12	      11	       8	       6	       8	        9	       12
      14	 40	425	    0.04	          3	            0	           16	       4	       4	       5	       7	       4	       4	       4	       5	       5	       4	        3	        3
      15	 35	434	    0.21	         11	            0	           49	       7	       7	       9	      11	      12	      11	       8	       8	       7	       8	       12	       14
      16	 59	457	    0.06	         10	            0	           42	       5	       5	       6	       7	       9	       8	       7	       7	       5	       4	        6	        5
      17	 39	437	    0.06	          1	            0	           45	       4	       3	       6	       6	       7	       5	       4	       5	       5	       7	        5	        5
      18	 31	378	    0.04	         13	            0	           97	       7	       6	       8	      12	      10	       7	       7	       7	      11	      10	        8	        6
      19	 41	436	    0.24	          3	            0	           40	       7	       5	       8	       9	      10	      10	       8	       7	       7	       9	       12	       11
      20	 39	433	     0.1	          2	            0	           78	       7	       5	       9	      11	       8	       5	       6	       9	      10	       7	        5	        7
      21	 38	433	    0.26	          3	            0	           50	       5	       3	       4	       7	       7	       7	       5	       4	       3	       4	        5	        8
      22	 30	428	     0.2	          7	            0	           34	       5	       3	       4	       5	       7	       8	       6	       6	       5	       4	        4	        4
      23	 38	415	    0.22	          2	            0	           43	       4	       4	       3	       4	       6	       5	       6	       4	       4	       3	        3	        5
      24	 36	435	    0.24	          2	            0	           95	       7	       7	       8	      13	      13	      10	       7	       6	       9	      10	       10	       10
      25	  0	  0	    0.27	          9	            0	           77	       6	       6	       8	      11	      10	      12	       7	       7	       7	       7	       10	        9
COST_MATRIX 
	  0	  1	  2	  3	  4	  5	  6	  7	  8	  9	 10	 11	 12	 13	 14	 15	 16	 17	 18	 19	 20	 21	 22	 23	 24	 25
  0
  1	 21
  2	 21	  2
  3	 16	  6	  6
  4	 22	  2	  1	  7
  5	 22	  2	  1	  7	  1
  6	 25	  5	  5	 10	  4	  4
  7	 23	  3	  2	  7	  1	  1	  3
  8	 22	  1	  2	  7	  2	  2	  4	  2
  9	 23	  3	  2	  7	  1	  2	  3	  1	  3
 10	 24	  3	  3	  8	  2	  2	  2	  2	  3	  2
 11	 22	  2	  2	  7	  1	  1	  4	  1	  2	  1	  2
 12	 22	  2	  1	  7	  1	  1	  4	  1	  2	  1	  2	  1
 13	 26	 27	 26	 22	 26	 26	 28	 26	 27	 26	 27	 26	 26
 14	 26	 26	 26	 22	 26	 26	 27	 26	 27	 26	 27	 26	 26	  1
 15	 27	 27	 27	 23	 27	 27	 28	 27	 28	 27	 28	 27	 27	  1	  2
 16	 29	 28	 27	 24	 27	 27	 28	 27	 28	 27	 28	 27	 27	  4	  4	  4
 17	 27	 27	 27	 23	 26	 27	 28	 27	 28	 27	 28	 27	 27	  2	  2	  1	  3
 18	 21	 24	 23	 19	 23	 23	 25	 23	 24	 23	 24	 23	 23	  5	  5	  6	  9	  6
 19	 27	 27	 27	 23	 26	 26	 28	 27	 28	 26	 27	 27	 26	  2	  2	  1	  3	  1	  6
 20	 27	 27	 26	 23	 26	 26	 28	 26	 28	 26	 27	 27	 26	  1	  1	  1	  4	  1	  6	  1
 21	 27	 27	 26	 23	 26	 26	 28	 26	 28	 26	 27	 27	 26	  1	  1	  1	  4	  1	  6	  1	  1
 22	 26	 27	 27	 23	 26	 27	 28	 27	 28	 27	 28	 27	 26	  2	  2	  1	  5	  2	  6	  2	  2	  1
 23	 25	 26	 25	 22	 25	 25	 27	 25	 26	 25	 26	 25	 25	  2	  2	  2	  5	  3	  4	  3	  2	  2	  2
 24	 27	 27	 27	 23	 27	 27	 28	 27	 28	 27	 28	 27	 27	  1	  2	  1	  4	  1	  6	  1	  1	  1	  1	  3
 25	 18	 30	 31	 28	 32	 32	 35	 32	 31	 33	 33	 32	 32	 43	 43	 44	 47	 44	 38	 44	 44	 44	 43	 42	 44
