nVehicles:  20
nDepots:     1
nCustomers: 50
nPeriods:    6
VEHICLE_TYPE	FLEET_SIZE	CAPACITY
           2	        20	      18	
DEPOT   	X  	Y  	INV_COST	INITIAL_INV 	MIN_LEVEL_INV 	MAX_LEVEL_INV	PRODUCTION_0	PRODUCTION_1	PRODUCTION_2	PRODUCTION_3	PRODUCTION_4	PRODUCTION_5
       0	  2	238	       0	        633	            0	         2052	         345	         345	         345	         345	         345	         345	
CUSTOMER	X  	Y  	INV_COST	INITIAL_INV	MIN_LEVEL_INV 	MAX_LEVEL_INV	DEMAND_0	DEMAND_1	DEMAND_2	DEMAND_3	DEMAND_4	DEMAND_5
       1	400	329	    0.22	          6	            0	           27	       6	       5	       4	       5	       8	       6
       2	406	337	     0.1	          5	            0	           17	      11	       7	       8	       8	      12	      12
       3	406	338	    0.14	          4	            0	           14	       9	       6	       5	       8	      11	       7
       4	436	318	    0.12	          8	            0	           20	       9	       6	       6	      12	      13	      10
       5	400	328	    0.15	          1	            0	           24	       4	       4	       3	       4	       5	       6
       6	407	338	    0.11	          6	            0	            9	       6	       4	       4	       6	       6	       7
       7	410	347	    0.21	          3	            0	            9	       7	       5	       4	       4	       6	       7
       8	401	336	    0.29	          8	            0	           29	       5	       4	       5	       7	       8	       5
       9	404	344	    0.02	          5	            0	           21	       5	       4	       4	       5	       6	       5
      10	407	333	    0.15	         11	            0	           32	       7	       6	       5	       9	       9	       9
      11	419	303	    0.15	          2	            0	            6	       6	       4	       4	       5	       6	       4
      12	406	339	    0.06	          6	            0	           15	       9	       6	       6	       7	       8	       9
      13	410	317	    0.08	          4	            0	           30	       9	       7	       6	      10	      12	      10
      14	459	369	    0.14	          8	            0	           37	       8	       6	       5	       8	       7	      11
      15	410	324	    0.19	          5	            0	           26	       6	       5	       5	       6	       9	       8
      16	424	347	    0.12	         13	            0	           51	       8	       7	       6	       8	      12	      12
      17	339	248	    0.13	          8	            0	           24	      10	       6	       7	      10	      12	      11
      18	320	237	    0.12	          6	            0	            7	       5	       3	       3	       3	       4	       5
      19	326	216	    0.25	         11	            0	           31	      11	       6	       6	       6	      12	      12
      20	308	226	    0.01	          1	            0	           16	       8	       5	       5	       8	       7	       7
      21	315	238	    0.19	          2	            0	           33	      11	       7	       6	       8	      11	      14
      22	315	218	    0.14	          2	            0	           22	       4	       3	       4	       4	       6	       4
      23	316	219	    0.05	          1	            0	           10	      10	       7	       7	       5	       7	      10
      24	314	235	    0.29	          9	            0	           21	       6	       4	       3	       4	       5	       8
      25	312	207	    0.06	          9	            0	            9	       5	       4	       3	       5	       5	       6
      26	321	234	    0.18	         12	            0	           49	       9	       8	       7	       6	       9	      11
      27	316	227	    0.05	          5	            0	           35	       6	       5	       5	       7	       7	       8
      28	322	226	    0.07	         10	            0	           34	       9	       7	       6	       9	      11	       9
      29	308	222	    0.28	          4	            0	           15	       9	       6	       5	      10	      12	       9
      30	325	237	    0.25	          5	            0	           10	       8	       6	       5	       6	       7	      10
      31	319	229	    0.22	          5	            0	           33	      11	       7	       8	       6	       9	      13
      32	322	242	    0.24	          9	            0	           37	      10	       6	       7	      10	      12	      10
      33	269	295	    0.22	          2	            0	            7	       6	       5	       5	       5	       6	       7
      34	294	313	    0.12	          4	            0	           27	       6	       5	       4	       5	       7	       6
      35	302	314	    0.03	          9	            0	            9	       5	       5	       3	       5	       6	       7
      36	292	294	    0.26	          4	            0	           23	       5	       4	       4	       5	       5	       5
      37	300	312	    0.16	         15	            0	           35	       8	       7	       7	      10	      10	       9
      38	284	320	    0.01	          4	            0	           28	       6	       5	       5	       8	       9	       8
      39	290	329	    0.25	          6	            0	           10	       5	       4	       3	       4	       6	       7
      40	292	302	    0.03	         12	            0	           30	       9	       7	       6	       9	      10	      13
      41	304	310	    0.14	          2	            0	           30	       5	       4	       5	       5	       7	       7
      42	291	322	    0.19	         14	            0	           14	       9	       8	       8	       9	      10	      10
      43	272	311	    0.16	         12	            0	           12	       8	       6	       5	       9	       8	       8
      44	296	309	    0.17	          6	            0	           24	       5	       3	       4	       4	       6	       5
      45	378	331	    0.16	          3	            0	           21	       6	       5	       4	       6	       7	       5
      46	312	327	    0.07	          3	            0	           48	      11	       8	       6	       7	      11	      14
      47	229	314	    0.15	          8	            0	           23	       9	       6	       5	       5	       7	       7
      48	241	295	    0.19	          4	            0	           15	       7	       6	       4	       5	       7	       8
      49	  0	  0	    0.25	          7	            0	           30	       5	       5	       4	       5	       7	       7
      50	  0	  0	    0.28	         12	            0	           42	       9	       7	       8	      10	      10	       9
COST_MATRIX 
	  0	  1	  2	  3	  4	  5	  6	  7	  8	  9	 10	 11	 12	 13	 14	 15	 16	 17	 18	 19	 20	 21	 22	 23	 24	 25	 26	 27	 28	 29	 30	 31	 32	 33	 34	 35	 36	 37	 38	 39	 40	 41	 42	 43	 44	 45	 46	 47	 48	 49	 50
  0
  1	 41
  2	 42	  2
  3	 42	  2	  1
  4	 45	  4	  4	  4
  5	 41	  1	  2	  2	  4
  6	 42	  2	  1	  1	  4	  2
  7	 43	  3	  2	  1	  4	  3	  1
  8	 42	  1	  1	  1	  4	  1	  1	  2
  9	 42	  2	  1	  1	  5	  2	  1	  1	  1
 10	 42	  1	  1	  1	  4	  1	  1	  2	  1	  2
 11	 43	  4	  4	  4	  3	  4	  4	  5	  4	  5	  4
 12	 42	  2	  1	  1	  4	  2	  1	  1	  1	  1	  1	  4
 13	 42	  2	  3	  3	  3	  2	  3	  4	  3	  3	  2	  2	  3
 14	 48	  8	  7	  7	  6	  8	  7	  6	  7	  7	  7	  8	  7	  8
 15	 42	  2	  2	  2	  3	  2	  2	  3	  2	  3	  1	  3	  2	  1	  7
 16	 44	  4	  3	  3	  4	  4	  2	  2	  3	  3	  3	  5	  2	  4	  5	  3
 17	 34	 11	 12	 12	 12	 11	 12	 13	 11	 12	 11	 10	 12	 10	 18	 11	 14
 18	 32	 13	 14	 14	 15	 13	 14	 15	 13	 14	 13	 12	 14	 13	 20	 13	 16	  3
 19	 33	 14	 15	 15	 16	 14	 15	 16	 15	 15	 15	 13	 15	 14	 21	 14	 17	  4	  3
 20	 31	 14	 15	 15	 16	 14	 15	 16	 15	 16	 15	 14	 15	 14	 21	 15	 17	  4	  2	  3
 21	 32	 13	 14	 14	 15	 13	 14	 15	 14	 14	 14	 13	 14	 13	 20	 13	 16	  3	  1	  3	  2
 22	 32	 14	 15	 16	 16	 14	 16	 17	 15	 16	 15	 14	 16	 14	 21	 15	 17	  4	  2	  2	  2	  3
 23	 32	 14	 15	 15	 16	 14	 15	 16	 15	 16	 15	 14	 16	 14	 21	 15	 17	  4	  2	  2	  2	  2	  1
 24	 32	 13	 14	 14	 15	 13	 14	 15	 14	 15	 14	 13	 14	 13	 20	 14	 16	  3	  1	  3	  2	  1	  2	  2
 25	 32	 16	 17	 17	 17	 15	 17	 18	 16	 17	 16	 15	 17	 15	 22	 16	 18	  5	  4	  2	  2	  4	  2	  2	  3
 26	 32	 13	 14	 14	 15	 13	 14	 15	 13	 14	 14	 12	 14	 13	 20	 13	 16	  3	  1	  2	  2	  1	  2	  2	  1	  3
 27	 32	 14	 15	 15	 16	 14	 15	 16	 14	 15	 14	 13	 15	 14	 21	 14	 17	  4	  2	  2	  1	  2	  1	  1	  1	  3	  1
 28	 33	 13	 14	 15	 15	 13	 15	 15	 14	 15	 14	 13	 15	 13	 20	 14	 16	  3	  2	  2	  2	  2	  2	  1	  2	  3	  1	  1
 29	 31	 15	 16	 16	 17	 15	 16	 17	 15	 16	 15	 14	 16	 14	 22	 15	 18	  5	  2	  2	  1	  2	  1	  1	  2	  2	  2	  1	  2
 30	 33	 12	 13	 13	 14	 12	 14	 14	 13	 14	 13	 12	 14	 12	 19	 13	 15	  2	  1	  3	  3	  2	  3	  3	  2	  4	  1	  2	  2	  3
 31	 32	 13	 14	 14	 15	 13	 15	 15	 14	 15	 14	 13	 15	 13	 20	 14	 16	  3	  1	  2	  2	  1	  2	  2	  1	  3	  1	  1	  1	  2	  2
 32	 33	 12	 13	 13	 14	 12	 13	 14	 13	 14	 13	 12	 13	 12	 19	 13	 15	  2	  1	  3	  3	  1	  3	  3	  2	  4	  1	  2	  2	  3	  1	  2
 33	 28	 14	 15	 15	 17	 14	 15	 16	 14	 15	 15	 16	 15	 15	 21	 15	 17	  9	  8	 10	  8	  8	  9	  9	  8	 10	  9	  9	  9	  9	  9	  9	  8
 34	 31	 11	 12	 12	 15	 11	 12	 13	 11	 12	 12	 13	 12	 12	 18	 12	 14	  8	  9	 11	  9	  8	 10	 10	  9	 11	  9	  9	 10	 10	  9	  9	  8	  4
 35	 31	 10	 11	 11	 14	 10	 11	 12	 11	 11	 11	 12	 11	 11	 17	 11	 13	  8	  8	 11	  9	  8	 10	 10	  8	 11	  9	  9	 10	 10	  9	  9	  8	  4	  1
 36	 30	 12	 13	 13	 15	 12	 13	 13	 12	 13	 13	 13	 13	 13	 19	 13	 15	  7	  7	  9	  7	  7	  8	  8	  7	  9	  7	  8	  8	  8	  7	  8	  7	  3	  2	  3
 37	 31	 11	 11	 11	 14	 11	 12	 12	 11	 11	 11	 12	 11	 12	 17	 12	 13	  8	  8	 10	  9	  8	 10	 10	  8	 11	  9	  9	  9	 10	  8	  9	  8	  4	  1	  1	  2
 38	 30	 12	 13	 13	 16	 12	 13	 13	 12	 13	 13	 14	 13	 13	 19	 13	 15	 10	 10	 12	 10	  9	 11	 11	 10	 12	 10	 10	 11	 11	 10	 10	  9	  3	  2	  2	  3	  2
 39	 31	 12	 12	 12	 15	 12	 12	 13	 12	 12	 12	 14	 12	 13	 18	 13	 14	 10	 10	 12	 11	 10	 12	 12	 10	 13	 10	 11	 11	 11	 10	 11	 10	  4	  2	  2	  4	  2	  2
 40	 30	 12	 12	 12	 15	 12	 13	 13	 12	 12	 12	 13	 12	 12	 18	 13	 14	  8	  8	 10	  8	  7	  9	  9	  8	 10	  8	  8	  9	  9	  8	  8	  7	  3	  2	  2	  1	  2	  2	  3
 41	 32	 10	 11	 11	 14	 10	 11	 12	 11	 11	 11	 12	 11	 11	 17	 11	 13	  8	  8	 10	  9	  8	 10	 10	  8	 11	  8	  9	  9	  9	  8	  9	  8	  4	  2	  1	  3	  1	  3	  3	  2
 42	 31	 11	 12	 12	 15	 11	 12	 13	 12	 12	 12	 13	 12	 12	 18	 12	 14	  9	  9	 12	 10	  9	 11	 11	  9	 12	 10	 10	 11	 11	 10	 10	  9	  4	  1	  2	  3	  2	  1	  1	  3	  2
 43	 28	 13	 14	 14	 17	 13	 14	 15	 14	 14	 14	 15	 14	 14	 20	 14	 16	 10	  9	 11	 10	  9	 11	 11	  9	 12	 10	 10	 10	 10	 10	 10	  9	  2	  3	  4	  3	  3	  2	  3	  3	  4	  3
 44	 31	 11	 12	 12	 15	 11	 12	 13	 11	 12	 12	 13	 12	 12	 18	 12	 14	  8	  8	 10	  9	  8	 10	 10	  8	 11	  8	  9	  9	  9	  8	  9	  8	  4	  1	  1	  2	  1	  2	  3	  1	  1	  2	  3
 45	 39	  3	  3	  3	  6	  3	  3	  4	  3	  3	  3	  5	  3	  4	  9	  4	  5	 10	 12	 13	 13	 12	 13	 13	 12	 15	 12	 13	 12	 13	 11	 12	 11	 12	  9	  8	 10	  9	 10	  9	 10	  8	  9	 11	  9
 46	 33	  9	 10	 10	 13	  9	 10	 11	  9	 10	 10	 11	 10	 10	 16	 10	 12	  9	 10	 12	 11	  9	 11	 11	 10	 13	 10	 11	 11	 11	 10	 10	  9	  6	  3	  2	  4	  2	  3	  3	  4	  2	  3	  5	  3	  7
 47	 24	 18	 18	 18	 21	 18	 18	 19	 18	 18	 18	 20	 18	 19	 24	 19	 20	 13	 12	 14	 12	 12	 13	 13	 12	 14	 13	 13	 13	 13	 13	 13	 12	  5	  7	  8	  7	  8	  6	  7	  7	  8	  7	  5	  7	 15	  9
 48	 25	 17	 18	 18	 20	 17	 18	 18	 17	 18	 18	 18	 18	 18	 24	 18	 20	 11	 10	 12	 10	 10	 11	 11	 10	 12	 11	 11	 11	 10	 11	 11	 10	  3	  6	  7	  6	  7	  5	  6	  6	  7	  6	  4	  6	 15	  8	  3
 49	 24	 52	 53	 53	 54	 52	 53	 54	 53	 54	 53	 52	 53	 52	 59	 53	 55	 43	 40	 40	 39	 40	 39	 39	 40	 38	 40	 39	 40	 38	 41	 40	 41	 40	 43	 44	 42	 44	 43	 44	 43	 44	 44	 42	 43	 51	 46	 39	 39
 50	 24	 52	 53	 53	 54	 52	 53	 54	 53	 54	 53	 52	 53	 52	 59	 53	 55	 43	 40	 40	 39	 40	 39	 39	 40	 38	 40	 39	 40	 38	 41	 40	 41	 40	 43	 44	 42	 44	 43	 44	 43	 44	 44	 42	 43	 51	 46	 39	 39	  1
