nVehicles:  10
nDepots:     1
nCustomers: 25
nPeriods:    9
VEHICLE_TYPE	FLEET_SIZE	CAPACITY
           2	        10	      18	
DEPOT   	X  	Y  	INV_COST	INITIAL_INV 	MIN_LEVEL_INV 	MAX_LEVEL_INV	PRODUCTION_0	PRODUCTION_1	PRODUCTION_2	PRODUCTION_3	PRODUCTION_4	PRODUCTION_5	PRODUCTION_6	PRODUCTION_7	PRODUCTION_8
       0	316	378	       0	        322	            0	         1458	         164	         164	         164	         164	         164	         164	         164	         164	         164	
CUSTOMER	X  	Y  	INV_COST	INITIAL_INV	MIN_LEVEL_INV 	MAX_LEVEL_INV	DEMAND_0	DEMAND_1	DEMAND_2	DEMAND_3	DEMAND_4	DEMAND_5	DEMAND_6	DEMAND_7	DEMAND_8
       1	224	370	    0.04	          3	            0	           30	       8	       5	       4	       6	       9	       6	       6	       5	       7
       2	219	384	    0.02	          3	            0	           15	       4	       4	       4	       4	       5	       4	       5	       5	       4
       3	202	387	    0.29	         21	            0	           76	      11	      10	       6	       7	      11	      14	       9	       7	       6
       4	211	366	    0.03	         13	            0	           54	       8	       8	       5	       5	       4	       5	       7	       7	       9
       5	210	385	    0.17	          7	            0	           27	       4	       5	       3	       3	       4	       4	       5	       5	       6
       6	233	366	    0.06	          4	            0	           20	       6	       4	       3	       4	       5	       6	       6	       5	       3
       7	253	396	    0.29	          1	            0	           30	      12	       8	       8	       7	       7	      13	      14	      12	       9
       8	225	387	    0.06	          3	            0	           37	       8	       5	       6	       4	       5	       6	       8	      10	       7
       9	197	385	    0.23	          8	            0	           32	       5	       4	       3	       4	       6	       5	       5	       4	       3
      10	219	374	    0.05	         17	            0	           50	       9	      10	       6	       8	       8	       9	      11	      10	       9
      11	223	394	    0.23	          8	            0	           22	       5	       4	       3	       4	       6	       6	       4	       3	       5
      12	229	364	    0.02	         11	            0	           28	       8	       6	       5	       7	       8	       7	       6	       4	       5
      13	487	 14	     0.1	          2	            0	           26	       7	       5	       4	       4	       5	       5	       7	       6	       7
      14	482	  3	    0.19	          3	            0	           37	      12	       7	       6	       6	       6	       8	      11	       9	      10
      15	486	 14	    0.25	          4	            0	           42	       5	       6	       4	       6	       7	       8	       5	       3	       4
      16	461	 42	    0.11	          4	            0	           24	       7	       4	       4	       6	       6	       5	       4	       4	       6
      17	478	  4	    0.03	          1	            0	           19	       9	       6	       6	       5	       6	       7	       8	       9	       8
      18	477	  3	    0.28	          7	            0	           34	       5	       4	       4	       3	       4	       6	       5	       5	       3
      19	465	 44	    0.26	          8	            0	           39	       5	       5	       4	       4	       3	       5	       4	       5	       5
      20	479	  0	    0.05	         15	            0	           15	      10	       8	       6	       8	       8	      12	      11	       6	       5
      21	466	  5	    0.28	          1	            0	           11	       7	       5	       5	       5	       6	       6	       5	       4	       7
      22	499	  0	    0.04	          7	            0	           22	       6	       6	       5	       4	       5	       6	       6	       6	       7
      23	491	  2	    0.02	          9	            0	           61	      13	       8	       6	      10	      14	      11	       9	       8	       9
      24	475	 13	     0.1	         16	            0	           45	      10	       8	       7	       9	      10	       8	       6	       8	       9
      25	  0	  0	     0.2	          7	            0	           40	      13	       7	       7	       8	      14	      13	       9	       8	      10
COST_MATRIX 
	  0	  1	  2	  3	  4	  5	  6	  7	  8	  9	 10	 11	 12	 13	 14	 15	 16	 17	 18	 19	 20	 21	 22	 23	 24	 25
  0
  1	 10
  2	 10	  2
  3	 12	  3	  2
  4	 11	  2	  2	  3
  5	 11	  3	  1	  1	  2
  6	  9	  1	  3	  4	  3	  3
  7	  7	  4	  4	  6	  6	  5	  4
  8	 10	  2	  1	  3	  3	  2	  3	  3
  9	 12	  4	  3	  1	  3	  2	  5	  6	  3
 10	 10	  1	  2	  3	  2	  2	  2	  5	  2	  3
 11	 10	  3	  2	  3	  4	  2	  3	  4	  1	  3	  3
 12	  9	  1	  3	  4	  2	  3	  1	  5	  3	  4	  2	  4
 13	 41	 45	 46	 47	 45	 47	 44	 45	 46	 48	 45	 47	 44
 14	 42	 45	 47	 48	 46	 47	 45	 46	 47	 48	 46	 47	 45	  2
 15	 41	 45	 46	 47	 45	 47	 44	 45	 46	 48	 45	 47	 44	  1	  2
 16	 37	 41	 42	 44	 41	 43	 40	 42	 42	 44	 42	 43	 40	  4	  5	  4
 17	 41	 45	 46	 48	 45	 47	 44	 46	 46	 48	 46	 47	 44	  2	  1	  2	  5
 18	 41	 45	 47	 48	 46	 47	 44	 46	 46	 48	 46	 47	 44	  2	  1	  2	  5	  1
 19	 37	 41	 42	 44	 42	 43	 40	 42	 42	 44	 42	 43	 40	  4	  5	  4	  1	  5	  5
 20	 42	 45	 47	 48	 46	 47	 45	 46	 47	 48	 46	 47	 45	  2	  1	  2	  5	  1	  1	  5
 21	 41	 44	 46	 47	 45	 46	 43	 45	 46	 47	 45	 46	 44	  3	  2	  3	  4	  2	  2	  4	  2
 22	 42	 47	 48	 49	 47	 49	 46	 47	 48	 49	 47	 49	 46	  2	  2	  2	  6	  3	  3	  6	  3	  4
 23	 42	 46	 47	 49	 46	 48	 45	 47	 47	 49	 47	 48	 45	  2	  1	  2	  6	  2	  2	  5	  2	  3	  1
 24	 40	 44	 46	 47	 45	 46	 43	 45	 45	 47	 45	 46	 43	  2	  2	  2	  4	  1	  2	  4	  2	  2	  3	  2
 25	 50	 44	 45	 44	 43	 44	 44	 47	 45	 44	 44	 46	 44	 49	 49	 49	 47	 48	 48	 47	 48	 47	 50	 50	 48
