nVehicles:  48
nDepots:     1
nCustomers: 50
nPeriods:    9
VEHICLE_TYPE	FLEET_SIZE	CAPACITY
           1	        48	       8	
DEPOT   	X  	Y  	INV_COST	INITIAL_INV 	MIN_LEVEL_INV 	MAX_LEVEL_INV	PRODUCTION_0	PRODUCTION_1	PRODUCTION_2	PRODUCTION_3	PRODUCTION_4	PRODUCTION_5	PRODUCTION_6	PRODUCTION_7	PRODUCTION_8
       0	481	322	       0	        578	            0	         3232	         360	         360	         360	         360	         360	         360	         360	         360	         360	
CUSTOMER	X  	Y  	INV_COST	INITIAL_INV	MIN_LEVEL_INV 	MAX_LEVEL_INV	DEMAND_0	DEMAND_1	DEMAND_2	DEMAND_3	DEMAND_4	DEMAND_5	DEMAND_6	DEMAND_7	DEMAND_8
       1	266	144	    0.15	          1	            0	           46	       7	       6	       4	       4	       4	       7	       6	       5	       5
       2	303	133	     0.3	         14	            0	           29	       8	       6	       6	       6	       6	       7	       9	       8	       7
       3	306	141	    0.06	         11	            0	           34	      11	       9	       5	       4	       6	       7	       8	      12	      10
       4	298	138	    0.14	          2	            0	           38	       6	       3	       1	       4	       6	       7	       8	       6	       5
       5	311	135	    0.14	          8	            0	           21	       6	       5	       4	       3	       3	       5	       6	       4	       4
       6	296	144	       0	         10	            0	           60	       7	       8	       5	       9	      11	       8	       7	       6	       7
       7	298	146	    0.02	          7	            0	           11	       5	       4	       3	       5	       5	       4	       4	       4	       5
       8	309	141	     0.1	         10	            0	           25	       6	       6	       4	       4	       5	       5	       7	       6	       7
       9	312	138	    0.12	         19	            0	           39	      11	      10	       8	       9	      13	      13	      10	       6	       8
      10	326	 98	    0.15	         14	            0	           49	       8	       9	       7	       6	       8	       8	      10	      12	       9
      11	316	141	    0.16	          2	            0	           23	       5	       5	       4	       4	       4	       4	       5	       7	       6
      12	282	155	    0.14	         17	            0	           61	      11	       8	       7	       6	       8	      10	      11	      14	      10
      13	314	132	    0.15	         13	            0	           28	       9	       8	       7	       7	       8	       9	      12	      13	      10
      14	318	199	    0.01	         16	            0	           30	       8	       9	       7	       8	       8	      12	      10	       8	       6
      15	308	145	    0.27	         20	            0	           29	      13	       9	       7	       7	      11	      13	      11	      10	       7
      16	301	144	    0.12	         12	            0	           42	       7	       7	       4	       5	       6	       8	       9	       6	       6
      17	242	455	       0	          6	            0	           16	       8	       5	       5	       6	       7	       9	       6	       5	       5
      18	217	441	    0.19	          4	            0	           19	      10	       7	       5	       7	       9	      10	       6	       6	       8
      19	230	410	    0.22	         18	            0	           36	       9	       9	       7	       6	       7	       8	      11	      12	       8
      20	221	442	    0.22	          6	            0	           43	       7	       6	       6	       6	       6	       8	       8	       7	       6
      21	218	475	    0.04	          6	            0	           35	       5	       4	       3	       4	       5	       6	       4	       3	       4
      22	216	441	    0.25	          7	            0	           36	       8	       8	       5	       5	       6	       7	      11	      10	       6
      23	189	479	    0.27	          8	            0	           43	       8	       5	       4	       5	       6	       8	       7	       5	       5
      24	156	493	    0.14	          1	            0	           41	       8	       5	       3	       5	       7	       7	       5	       5	       6
      25	244	452	    0.29	          1	            0	           81	       0	       0	       0	       1	       5	       3	       4	       4	      11
      26	219	446	     0.1	          9	            0	           32	      10	       7	       6	       4	       4	       7	       9	      11	       8
      27	223	432	    0.26	          2	            0	           28	       8	       6	       5	       5	       8	      10	       7	       6	       5
      28	203	422	    0.17	         17	            0	           26	      11	       8	       7	       5	      11	      13	      10	       9	       6
      29	231	498	    0.11	          3	            0	           40	       7	       7	       5	       6	       5	       7	       9	       7	       7
      30	220	449	    0.29	         10	            0	           57	       9	       9	       5	       7	       9	      12	       7	       7	       7
      31	213	492	    0.09	         11	            0	           33	       8	       5	       4	       7	       7	       7	       6	       6	       8
      32	214	430	    0.14	         14	            0	           68	      10	       6	       6	       7	      10	      10	       7	       5	       7
      33	139	 25	    0.24	          1	            0	           71	       1	       1	       0	       2	       4	       5	       7	       5	       5
      34	139	 29	    0.25	          1	            0	           49	       7	       7	       5	       5	       6	       5	      10	       9	       9
      35	147	 65	    0.03	          2	            0	           25	       9	       8	       5	       7	       9	       9	       7	       6	       7
      36	115	 71	    0.02	         11	            0	           22	       9	       8	       3	       5	       6	       9	       8	       8	       7
      37	144	 22	    0.09	          6	            0	           16	       7	       5	       3	       5	       7	       6	       6	       4	       5
      38	140	 27	    0.21	          9	            0	           43	       6	       5	       4	       5	       7	       6	       5	       4	       6
      39	137	 44	    0.29	         14	            0	           17	       8	       3	       3	       2	       6	       5	       8	       5	       5
      40	141	 26	    0.13	          7	            0	           38	       5	       4	       3	       5	       6	       6	       4	       3	       4
      41	135	 27	    0.16	          7	            0	           24	       6	       5	       3	       4	       4	       5	       6	       6	       4
      42	126	 37	    0.03	          3	            0	           52	       5	       3	       2	       3	       7	       7	       5	       4	       5
      43	119	 32	    0.06	          1	            0	           26	       0	       0	       0	       0	       1	       3	       8	       5	       8
      44	148	 16	    0.08	          4	            0	           17	       5	       4	       3	       4	       5	       5	       4	       3	       3
      45	142	 24	    0.26	          6	            0	           40	       7	       7	       5	       5	       7	       7	       8	       9	       6
      46	137	 68	    0.18	          7	            0	           47	       5	       3	       1	       3	       5	       7	       7	       7	       6
      47	135	 39	    0.28	          2	            0	           29	       5	       5	       3	       3	       5	       6	       5	       5	       3
      48	160	 20	    0.18	         10	            0	           24	       6	       4	       3	       4	       6	       4	       4	       3	       6
      49	  0	  0	    0.12	          2	            0	           36	       8	       6	       4	       5	       6	       6	       6	       5	       4
      50	  0	  0	    0.24	         18	            0	           78	       8	       3	       2	       4	       5	       9	       6	       6	       6
COST_MATRIX 
	  0	  1	  2	  3	  4	  5	  6	  7	  8	  9	 10	 11	 12	 13	 14	 15	 16	 17	 18	 19	 20	 21	 22	 23	 24	 25	 26	 27	 28	 29	 30	 31	 32	 33	 34	 35	 36	 37	 38	 39	 40	 41	 42	 43	 44	 45	 46	 47	 48	 49	 50
  0
  1	 28
  2	 26	  4
  3	 26	  5	  1
  4	 26	  4	  1	  1
  5	 26	  5	  1	  1	  2
  6	 26	  4	  2	  2	  1	  2
  7	 26	  4	  2	  1	  1	  2	  1
  8	 25	  5	  2	  1	  2	  1	  2	  2
  9	 25	  5	  2	  1	  2	  1	  2	  2	  1
 10	 28	  8	  5	  5	  5	  4	  6	  6	  5	  5
 11	 25	  6	  2	  2	  2	  1	  3	  2	  1	  1	  5
 12	 26	  2	  4	  3	  3	  4	  2	  2	  4	  4	  8	  4
 13	 26	  5	  2	  2	  2	  1	  3	  3	  2	  1	  4	  1	  4
 14	 21	  8	  7	  6	  7	  7	  6	  6	  6	  7	 11	  6	  6	  7
 15	 25	  5	  2	  1	  2	  2	  2	  2	  1	  1	  6	  1	  3	  2	  6
 16	 26	  4	  2	  1	  1	  2	  1	  1	  1	  2	  6	  2	  3	  2	  6	  1
 17	 28	 32	 33	 33	 33	 33	 32	 32	 33	 33	 37	 33	 31	 34	 27	 32	 32
 18	 29	 31	 32	 32	 32	 33	 31	 31	 32	 32	 36	 32	 30	 33	 27	 31	 31	  3
 19	 27	 27	 29	 28	 29	 29	 28	 28	 29	 29	 33	 29	 27	 30	 23	 28	 28	  5	  4
 20	 29	 31	 32	 32	 32	 32	 31	 31	 32	 32	 36	 32	 30	 33	 27	 31	 31	  3	  1	  4
 21	 31	 34	 36	 35	 35	 36	 35	 34	 35	 35	 40	 35	 33	 36	 30	 35	 35	  4	  4	  7	  4
 22	 30	 31	 33	 32	 32	 33	 31	 31	 32	 32	 37	 32	 30	 33	 27	 31	 31	  3	  1	  4	  1	  4
 23	 34	 35	 37	 36	 36	 37	 36	 36	 36	 37	 41	 37	 34	 37	 31	 36	 36	  6	  5	  9	  5	  3	  5
 24	 37	 37	 39	 39	 39	 40	 38	 38	 39	 39	 44	 39	 37	 40	 34	 38	 38	 10	  9	 12	  9	  7	  8	  4
 25	 28	 31	 33	 32	 32	 33	 32	 32	 32	 33	 37	 32	 30	 33	 27	 32	 32	  1	  3	  5	  3	  4	  4	  7	 10
 26	 29	 31	 33	 32	 32	 33	 32	 32	 32	 33	 37	 33	 30	 33	 27	 32	 32	  3	  1	  4	  1	  3	  1	  5	  8	  3
 27	 29	 30	 31	 31	 31	 31	 30	 30	 31	 31	 35	 31	 29	 32	 26	 30	 30	  3	  2	  3	  2	  5	  2	  6	 10	  3	  2
 28	 30	 29	 31	 30	 30	 31	 30	 30	 31	 31	 35	 31	 28	 32	 26	 30	 30	  6	  3	  3	  3	  6	  3	  6	  9	  6	  3	  3
 29	 31	 36	 38	 37	 37	 38	 36	 36	 37	 37	 42	 37	 35	 38	 32	 37	 37	  5	  6	  9	  6	  3	  6	  5	  8	  5	  6	  7	  9
 30	 30	 31	 33	 32	 33	 33	 32	 32	 33	 33	 37	 33	 31	 34	 27	 32	 32	  3	  1	  5	  1	  3	  1	  5	  8	  3	  1	  2	  4	  6
 31	 32	 36	 38	 37	 37	 38	 36	 36	 37	 37	 41	 37	 35	 38	 32	 36	 36	  5	  6	  9	  6	  2	  6	  3	  6	  6	  5	  7	  8	  2	  5
 32	 29	 30	 32	 31	 31	 32	 30	 30	 31	 31	 36	 31	 29	 32	 26	 31	 30	  4	  2	  3	  2	  5	  2	  6	  9	  4	  2	  1	  2	  8	  2	  7
 33	 46	 18	 20	 21	 20	 21	 20	 20	 21	 21	 21	 22	 20	 21	 25	 21	 21	 45	 43	 40	 43	 46	 43	 46	 47	 44	 43	 42	 41	 49	 44	 48	 42
 34	 46	 18	 20	 21	 20	 21	 20	 20	 21	 21	 20	 21	 20	 21	 25	 21	 20	 44	 42	 40	 43	 46	 42	 46	 47	 44	 43	 42	 40	 48	 43	 47	 41	  1
 35	 43	 15	 18	 18	 17	 18	 17	 18	 18	 19	 19	 19	 17	 18	 22	 18	 18	 41	 39	 36	 39	 42	 39	 42	 43	 40	 39	 38	 37	 45	 40	 44	 38	  5	  4
 36	 45	 17	 20	 21	 20	 21	 20	 20	 21	 21	 22	 22	 19	 21	 24	 21	 20	 41	 39	 36	 39	 42	 39	 42	 43	 41	 39	 38	 37	 45	 40	 44	 38	  6	  5	  4
 37	 46	 18	 20	 21	 20	 21	 20	 20	 21	 21	 20	 21	 20	 21	 25	 21	 20	 45	 43	 40	 43	 46	 43	 46	 48	 45	 44	 42	 41	 49	 44	 48	 42	  1	  1	  5	  6
 38	 46	 18	 20	 21	 20	 21	 20	 20	 21	 21	 20	 21	 20	 21	 25	 21	 20	 44	 43	 40	 43	 46	 43	 46	 47	 44	 43	 42	 40	 48	 43	 48	 41	  1	  1	  4	  6	  1
 39	 45	 17	 19	 20	 19	 20	 19	 20	 20	 20	 20	 21	 19	 20	 24	 20	 20	 43	 41	 38	 41	 44	 41	 44	 45	 43	 42	 40	 39	 47	 42	 46	 40	  2	  2	  3	  4	  3	  2
 40	 46	 18	 20	 21	 20	 21	 20	 20	 21	 21	 20	 21	 20	 21	 25	 21	 20	 45	 43	 40	 43	 46	 43	 46	 47	 44	 43	 42	 41	 49	 44	 48	 42	  1	  1	  4	  6	  1	  1	  2
 41	 46	 18	 20	 21	 20	 21	 20	 21	 21	 21	 21	 22	 20	 21	 26	 21	 21	 45	 43	 40	 43	 46	 43	 46	 47	 44	 43	 42	 41	 49	 44	 48	 42	  1	  1	  4	  5	  2	  1	  2	  1
 42	 46	 18	 21	 21	 20	 21	 21	 21	 22	 22	 21	 22	 20	 22	 26	 22	 21	 44	 42	 39	 42	 45	 42	 45	 46	 44	 42	 41	 40	 48	 43	 47	 41	  2	  2	  4	  4	  3	  2	  2	  2	  2
 43	 47	 19	 21	 22	 21	 22	 21	 22	 22	 23	 22	 23	 21	 22	 26	 23	 22	 45	 43	 40	 43	 46	 43	 46	 47	 44	 43	 42	 40	 48	 43	 47	 41	  3	  3	  5	  4	  3	  3	  3	  3	  2	  1
 44	 46	 18	 20	 21	 20	 21	 20	 20	 21	 21	 20	 21	 20	 21	 25	 21	 20	 45	 44	 41	 44	 47	 44	 47	 48	 45	 44	 43	 41	 49	 44	 49	 42	  2	  2	  5	  7	  1	  2	  4	  2	  2	  4	  4
 45	 46	 18	 20	 21	 20	 21	 20	 20	 21	 21	 20	 21	 20	 21	 25	 21	 20	 45	 43	 40	 43	 46	 43	 46	 47	 44	 43	 42	 41	 49	 44	 48	 42	  1	  1	  5	  6	  1	  1	  3	  1	  1	  3	  3	  2
 46	 43	 15	 18	 19	 18	 19	 18	 18	 19	 19	 20	 20	 17	 19	 23	 19	 19	 41	 39	 36	 39	 42	 39	 42	 43	 40	 39	 38	 37	 45	 39	 44	 38	  5	  4	  2	  3	  5	  5	  3	  5	  5	  4	  5	  6	  5
 47	 45	 17	 20	 20	 20	 21	 20	 20	 21	 21	 20	 21	 19	 21	 25	 21	 20	 43	 42	 39	 42	 45	 42	 45	 46	 43	 42	 41	 39	 47	 42	 46	 40	  2	  2	  3	  4	  2	  2	  1	  2	  2	  1	  2	  3	  2	  3
 48	 45	 17	 19	 19	 19	 19	 19	 19	 20	 20	 19	 20	 19	 20	 24	 20	 19	 45	 43	 40	 43	 46	 43	 46	 48	 45	 44	 42	 41	 49	 44	 48	 42	  3	  3	  5	  7	  2	  3	  4	  2	  3	  4	  5	  2	  2	  6	  4
 49	 58	 31	 34	 34	 33	 34	 33	 34	 34	 35	 35	 35	 33	 35	 38	 35	 34	 52	 50	 48	 50	 53	 50	 52	 52	 52	 50	 49	 47	 55	 51	 54	 49	 15	 15	 17	 14	 15	 15	 15	 15	 14	 14	 13	 15	 15	 16	 15	 17
 50	 58	 31	 34	 34	 33	 34	 33	 34	 34	 35	 35	 35	 33	 35	 38	 35	 34	 52	 50	 48	 50	 53	 50	 52	 52	 52	 50	 49	 47	 55	 51	 54	 49	 15	 15	 17	 14	 15	 15	 15	 15	 14	 14	 13	 15	 15	 16	 15	 17	  1
