nVehicles:  28
nDepots:     1
nCustomers: 50
nPeriods:   12
VEHICLE_TYPE	FLEET_SIZE	CAPACITY
           2	        28	      18	
DEPOT   	X  	Y  	INV_COST	INITIAL_INV 	MIN_LEVEL_INV 	MAX_LEVEL_INV	PRODUCTION_0	PRODUCTION_1	PRODUCTION_2	PRODUCTION_3	PRODUCTION_4	PRODUCTION_5	PRODUCTION_6	PRODUCTION_7	PRODUCTION_8	PRODUCTION_9	PRODUCTION_10	PRODUCTION_11
       0	429	 82	       0	        284	            0	         4182	         350	         350	         350	         350	         350	         350	         350	         350	         350	         350	          350	          350	
CUSTOMER	X  	Y  	INV_COST	INITIAL_INV	MIN_LEVEL_INV 	MAX_LEVEL_INV	DEMAND_0	DEMAND_1	DEMAND_2	DEMAND_3	DEMAND_4	DEMAND_5	DEMAND_6	DEMAND_7	DEMAND_8	DEMAND_9	DEMAND_10	DEMAND_11
       1	210	 89	    0.29	          3	            0	           78	      10	      13	       9	       7	       8	       9	      13	      11	       6	       8	       10	       14
       2	177	 89	    0.21	          8	            0	           57	       6	       8	       9	       6	       5	       6	       8	       9	       7	       6	        4	        4
       3	215	 84	    0.28	          1	            0	           29	       6	       9	       7	       7	       5	       5	       7	       8	       7	       7	        5	        5
       4	217	 82	    0.27	         11	            0	           13	       5	       6	       5	       4	       3	       5	       5	       5	       5	       4	        4	        4
       5	191	 84	    0.06	         13	            0	           40	       7	       8	       9	       7	       5	       4	       5	       6	       8	       7	        6	        7
       6	215	 41	    0.29	         13	            0	           42	       8	       8	       9	       5	       6	       5	       6	       9	       7	       6	        4	        5
       7	203	 80	    0.01	          2	            0	           17	       4	       5	       5	       4	       3	       4	       5	       6	       5	       4	        4	        4
       8	169	 91	    0.11	          9	            0	           42	       7	       7	       5	       4	       4	       6	       8	       5	       4	       5	        6	        6
       9	215	 83	    0.28	          6	            0	           33	       9	       9	      10	       8	       6	       5	       8	       8	       9	      10	        7	        5
      10	218	 74	    0.25	          3	            0	           15	       4	       6	       5	       4	       3	       4	       4	       5	       6	       4	        3	        4
      11	193	 87	    0.24	          9	            0	           45	       4	       6	       4	       4	       3	       4	       6	       6	       5	       3	        4	        5
      12	148	 86	    0.19	          8	            0	           95	       9	      11	      10	       8	       7	       6	       8	      10	      11	      11	        7	        6
      13	210	 78	    0.29	          6	            0	           57	       9	      11	       9	       6	       6	       6	       8	      10	       9	       8	        6	        5
      14	164	 58	     0.2	          2	            0	           32	      10	       8	      10	       7	       5	       7	      11	       8	       8	       6	        6	       10
      15	206	 64	    0.02	          9	            0	           85	      11	       9	      11	       8	       6	       7	      12	      10	       9	       5	        6	       10
      16	213	 84	    0.24	          3	            0	           30	       4	       5	       4	       4	       3	       5	       7	       4	       3	       3	        5	        5
      17	258	 48	    0.15	          2	            0	           37	       5	       5	       5	       4	       4	       4	       4	       6	       5	       6	        5	        4
      18	257	 32	    0.16	         14	            0	           40	       6	       8	       6	       4	       6	       8	       7	       5	       4	       6	        7	        6
      19	279	 15	    0.08	          7	            0	           54	       8	      11	       9	       7	       6	       6	       6	       7	       9	       9	       10	        8
      20	232	 39	    0.13	         13	            0	           49	       8	      11	       8	       7	       6	       5	       6	       8	       9	       8	        8	        5
      21	257	 29	    0.28	         10	            0	           27	       4	       6	       4	       3	       3	       5	       6	       5	       3	       3	        5	        5
      22	248	 32	    0.29	          9	            0	           25	       5	       6	       6	       5	       3	       3	       3	       4	       5	       5	        6	        5
      23	255	 34	    0.08	         17	            0	           31	      12	      10	       9	       6	       9	      12	      10	       9	       7	       9	       13	       13
      24	252	 37	    0.01	          2	            0	           27	       7	       9	       8	       7	       5	       5	       8	       9	       8	       5	        5	        6
      25	251	 42	    0.18	          5	            0	          110	      10	      11	       9	       8	       9	      10	      10	       9	       7	       8	       13	       11
      26	218	 61	    0.01	         14	            0	           54	       6	       8	       6	       5	       4	       7	      10	       7	       5	       6	        7	        8
      27	252	 51	    0.08	          6	            0	           25	       7	       7	       7	       7	       4	       5	       5	       9	       7	       7	        5	        6
      28	253	 25	    0.01	         18	            0	           79	       8	      10	       8	       6	       5	       7	       8	       9	       7	       5	        5	        6
      29	262	 69	    0.25	          3	            0	           23	       6	       8	       8	       6	       5	       4	       5	       8	       6	       5	        5	        4
      30	301	 65	    0.27	          6	            0	           46	       8	      11	       7	       5	       7	       8	      10	       8	       6	       6	        9	       10
      31	256	 32	     0.2	          5	            0	           42	       8	       9	       8	       7	       5	       4	       5	       6	       8	       7	        8	        6
      32	225	 29	    0.28	          6	            0	           38	      12	      11	      13	       9	      10	       7	       6	       6	      10	      12	       12	       13
      33	216	382	    0.11	          5	            0	          100	      10	      11	      11	       9	       6	       7	       8	      10	       9	       9	        7	        6
      34	179	392	    0.19	          2	            0	           26	       5	       5	       4	       4	       4	       5	       5	       4	       3	       4	        5	        6
      35	188	353	    0.07	         15	            0	           50	       8	       8	       8	       5	       4	       8	       9	       7	       5	       4	        5	        8
      36	221	350	    0.24	          5	            0	           65	       5	       7	       6	       5	       5	       5	       4	       6	       7	       6	        6	        6
      37	199	394	    0.24	          7	            0	           51	       5	       7	       5	       4	       4	       3	       5	       6	       4	       4	        3	        3
      38	225	384	    0.01	         12	            0	           63	       9	      11	       7	       6	       7	      10	       9	       7	       5	       6	        8	        7
      39	224	391	    0.27	          5	            0	           66	       9	      10	       8	       6	       7	       9	       8	       7	       5	       9	       11	        7
      40	206	389	    0.27	          5	            0	           22	       9	      12	      10	       8	       8	       6	       6	       8	      11	      11	        9	        9
      41	203	387	    0.05	          2	            0	           68	      12	      12	      11	       9	       6	      11	      11	      11	       7	       6	       10	       11
      42	203	397	    0.29	         14	            0	           59	       8	       9	       7	       5	       5	       5	       6	       7	       9	       5	        5	        6
      43	188	415	       0	         10	            0	           77	      12	      13	       9	       7	       7	       9	      13	      10	       9	       7	        9	        9
      44	136	359	    0.19	          2	            0	           81	      10	      12	      11	       8	       6	       6	       7	      10	      14	      12	       10	        8
      45	192	390	    0.09	          5	            0	           61	       5	       7	       7	       4	       4	       4	       6	       7	       7	       6	        5	        4
      46	234	374	    0.26	          1	            0	           28	       6	       6	       5	       5	       3	       4	       4	       5	       5	       5	        4	        3
      47	203	386	    0.08	         11	            0	           35	      11	      10	      12	       8	       6	       6	       6	       9	      11	      12	        8	        6
      48	174	362	    0.13	         10	            0	           57	       5	       8	       5	       4	       5	       5	       6	       7	       5	       4	        4	        6
      49	  0	  0	    0.16	          6	            0	           85	      10	      12	      12	       9	       7	       7	      10	      10	      11	      10	        9	        7
      50	  0	  0	    0.03	         14	            0	           40	      11	      14	      11	       7	       7	       7	      11	      10	      11	       9	        6	        8
COST_MATRIX 
	  0	  1	  2	  3	  4	  5	  6	  7	  8	  9	 10	 11	 12	 13	 14	 15	 16	 17	 18	 19	 20	 21	 22	 23	 24	 25	 26	 27	 28	 29	 30	 31	 32	 33	 34	 35	 36	 37	 38	 39	 40	 41	 42	 43	 44	 45	 46	 47	 48	 49	 50
  0
  1	 22
  2	 26	  4
  3	 22	  1	  4
  4	 22	  1	  5	  1
  5	 24	  2	  2	  3	  3
  6	 22	  5	  7	  5	  5	  5
  7	 23	  2	  3	  2	  2	  2	  5
  8	 27	  5	  1	  5	  5	  3	  7	  4
  9	 22	  1	  4	  1	  1	  3	  5	  2	  5
 10	 22	  2	  5	  2	  1	  3	  4	  2	  6	  1
 11	 24	  2	  2	  3	  3	  1	  6	  2	  3	  3	  3
 12	 29	  7	  3	  7	  7	  5	  9	  6	  3	  7	  8	  5
 13	 22	  2	  4	  1	  1	  2	  4	  1	  5	  1	  1	  2	  7
 14	 27	  6	  4	  6	  6	  4	  6	  5	  4	  6	  6	  5	  4	  6
 15	 23	  3	  4	  3	  3	  3	  3	  2	  5	  3	  2	  3	  7	  2	  5
 16	 22	  1	  4	  1	  1	  3	  5	  2	  5	  1	  2	  3	  7	  1	  6	  3
 17	 18	  7	 10	  6	  6	  8	  5	  7	 10	  6	  5	  8	 12	  6	 10	  6	  6
 18	 18	  8	 10	  7	  7	  9	  5	  8	 11	  7	  6	  9	 13	  7	 10	  7	  7	  2
 19	 17	 11	 13	 10	 10	 12	  7	 11	 14	 10	  9	 12	 15	 10	 13	  9	 10	  4	  3
 20	 21	  6	  8	  5	  5	  7	  2	  6	  9	  5	  4	  7	 10	  5	  8	  4	  5	  3	  3	  6
 21	 18	  8	 11	  7	  7	  9	  5	  8	 11	  7	  6	  9	 13	  7	 10	  7	  8	  2	  1	  3	  3
 22	 19	  7	 10	  7	  6	  8	  4	  7	 10	  7	  6	  8	 12	  6	  9	  6	  7	  2	  1	  4	  2	  1
 23	 19	  8	 10	  7	  7	  9	  5	  7	 11	  7	  6	  9	 12	  7	 10	  6	  7	  2	  1	  4	  3	  1	  1
 24	 19	  7	 10	  6	  6	  8	  4	  7	 10	  6	  6	  8	 12	  6	 10	  6	  7	  2	  1	  4	  3	  1	  1	  1
 25	 19	  7	  9	  6	  6	  8	  4	  7	 10	  6	  5	  8	 12	  6	  9	  6	  6	  1	  2	  4	  2	  2	  2	  1	  1
 26	 22	  3	  5	  3	  3	  4	  3	  3	  6	  3	  2	  4	  8	  2	  6	  2	  3	  5	  5	  8	  3	  6	  5	  5	  5	  4
 27	 18	  6	  9	  5	  5	  7	  4	  6	 10	  5	  5	  7	 11	  5	  9	  5	  6	  1	  2	  5	  3	  3	  2	  2	  2	  1	  4
 28	 19	  8	 10	  8	  7	  9	  5	  8	 11	  7	  7	  9	 13	  7	 10	  7	  8	  3	  1	  3	  3	  1	  1	  1	  2	  2	  6	  3
 29	 17	  6	  9	  5	  5	  8	  6	  7	 10	  5	  5	  8	 12	  6	 10	  6	  6	  3	  4	  6	  5	  5	  4	  4	  4	  3	  5	  3	  5
 30	 13	 10	 13	  9	  9	 12	  9	 10	 14	  9	  9	 12	 16	 10	 14	 10	 10	  5	  6	  6	  8	  6	  7	  6	  6	  6	  9	  6	  7	  4
 31	 19	  8	 10	  7	  7	  9	  5	  8	 11	  7	  6	  9	 13	  7	 10	  6	  7	  2	  1	  3	  3	  1	  1	  1	  1	  2	  5	  2	  1	  4	  6
 32	 22	  7	  8	  6	  6	  7	  2	  6	  9	  6	  5	  7	 10	  6	  7	  4	  6	  4	  4	  6	  2	  4	  3	  4	  3	  3	  4	  4	  3	  6	  9	  4
 33	 37	 30	 30	 30	 31	 30	 35	 31	 30	 30	 31	 30	 31	 31	 33	 32	 30	 34	 36	 38	 35	 36	 36	 36	 35	 35	 33	 34	 36	 32	 33	 36	 36
 34	 40	 31	 31	 32	 32	 31	 36	 32	 31	 32	 33	 31	 31	 32	 34	 33	 31	 36	 37	 40	 36	 38	 37	 37	 37	 36	 34	 35	 38	 34	 35	 37	 37	  4
 35	 37	 27	 27	 28	 28	 27	 32	 28	 27	 28	 29	 27	 27	 28	 30	 29	 28	 32	 33	 36	 32	 34	 33	 33	 33	 32	 30	 31	 34	 30	 31	 33	 33	  5	  5
 36	 34	 27	 27	 27	 27	 27	 31	 28	 27	 27	 28	 27	 28	 28	 30	 29	 27	 31	 33	 34	 32	 33	 32	 32	 32	 31	 29	 31	 33	 29	 30	 32	 33	  4	  6	  4
 37	 39	 31	 31	 32	 32	 32	 36	 32	 31	 32	 33	 31	 32	 32	 34	 34	 32	 36	 37	 39	 36	 37	 37	 37	 37	 36	 34	 35	 38	 34	 35	 37	 37	  3	  3	  5	  5
 38	 37	 30	 30	 31	 31	 31	 35	 31	 30	 31	 32	 30	 31	 31	 34	 33	 31	 34	 36	 38	 35	 36	 36	 36	 35	 35	 33	 34	 37	 32	 33	 36	 36	  1	  5	  5	  4	  3
 39	 38	 31	 31	 31	 31	 31	 36	 32	 31	 31	 32	 31	 32	 32	 34	 33	 31	 35	 37	 39	 36	 37	 36	 36	 36	 36	 34	 35	 37	 33	 34	 37	 37	  2	  5	  6	  5	  3	  1
 40	 38	 31	 31	 31	 31	 31	 35	 31	 31	 31	 32	 31	 31	 32	 34	 33	 31	 35	 37	 39	 36	 37	 36	 36	 36	 35	 33	 35	 37	 33	 34	 37	 37	  2	  3	  5	  5	  1	  2	  2
 41	 38	 30	 30	 31	 31	 31	 35	 31	 30	 31	 32	 31	 31	 31	 34	 33	 31	 35	 36	 38	 35	 37	 36	 36	 36	 35	 33	 34	 37	 33	 34	 36	 36	  2	  3	  4	  5	  1	  3	  3	  1
 42	 39	 31	 31	 32	 32	 32	 36	 32	 31	 32	 33	 32	 32	 32	 35	 34	 32	 36	 37	 39	 36	 38	 37	 37	 37	 36	 34	 35	 38	 34	 35	 37	 37	  2	  3	  5	  6	  1	  3	  3	  1	  2
 43	 42	 33	 33	 34	 34	 34	 38	 34	 33	 34	 35	 33	 34	 34	 36	 36	 34	 38	 39	 42	 38	 40	 39	 39	 39	 38	 36	 37	 40	 36	 37	 39	 39	  5	  3	  7	  8	  3	  5	  5	  4	  4	  3
 44	 41	 28	 28	 29	 29	 29	 33	 29	 28	 29	 30	 28	 28	 30	 31	 31	 29	 34	 35	 38	 34	 36	 35	 35	 35	 34	 31	 33	 36	 32	 34	 35	 35	  9	  6	  6	  9	  8	 10	 10	  8	  8	  8	  8
 45	 39	 31	 31	 31	 31	 31	 35	 32	 30	 31	 32	 31	 31	 32	 34	 33	 31	 35	 37	 39	 36	 37	 37	 37	 36	 36	 34	 35	 38	 33	 35	 37	 37	  3	  2	  4	  5	  1	  4	  4	  2	  2	  2	  3	  7
 46	 36	 29	 30	 30	 30	 30	 34	 30	 30	 30	 31	 29	 31	 30	 33	 32	 30	 33	 35	 37	 34	 35	 35	 35	 34	 34	 32	 33	 35	 31	 32	 35	 35	  2	  6	  6	  3	  5	  2	  2	  4	  4	  4	  7	 10	  5
 47	 38	 30	 30	 31	 31	 31	 35	 31	 30	 31	 32	 30	 31	 31	 34	 33	 31	 35	 36	 38	 35	 37	 36	 36	 36	 35	 33	 34	 37	 33	 34	 36	 36	  2	  3	  4	  5	  1	  3	  3	  1	  1	  2	  4	  8	  2	  4
 48	 38	 28	 28	 29	 29	 28	 33	 29	 28	 29	 30	 28	 28	 29	 31	 30	 29	 33	 35	 37	 33	 35	 34	 34	 34	 33	 31	 33	 35	 31	 33	 35	 34	  5	  4	  2	  5	  5	  6	  6	  5	  4	  5	  6	  4	  4	  7	  4
 49	 44	 23	 20	 24	 24	 21	 22	 22	 20	 24	 24	 22	 18	 23	 18	 22	 23	 27	 26	 28	 24	 26	 26	 26	 26	 26	 23	 26	 26	 28	 31	 26	 23	 44	 44	 40	 42	 45	 45	 46	 45	 44	 45	 46	 39	 44	 45	 44	 41
 50	 44	 23	 20	 24	 24	 21	 22	 22	 20	 24	 24	 22	 18	 23	 18	 22	 23	 27	 26	 28	 24	 26	 26	 26	 26	 26	 23	 26	 26	 28	 31	 26	 23	 44	 44	 40	 42	 45	 45	 46	 45	 44	 45	 46	 39	 44	 45	 44	 41	  1
