nVehicles:   51
nDepots:      1
nCustomers: 100
nPeriods:    12
VEHICLE_TYPE	FLEET_SIZE	CAPACITY
           2	        51	      18	
DEPOT   	X  	Y  	INV_COST	INITIAL_INV 	MIN_LEVEL_INV 	MAX_LEVEL_INV	PRODUCTION_0	PRODUCTION_1	PRODUCTION_2	PRODUCTION_3	PRODUCTION_4	PRODUCTION_5	PRODUCTION_6	PRODUCTION_7	PRODUCTION_8	PRODUCTION_9	PRODUCTION_10	PRODUCTION_11
       0	421	141	       0	        953	            0	         8070	         674	         674	         674	         674	         674	         674	         674	         674	         674	         674	          674	          674	
CUSTOMER	X  	Y  	INV_COST	INITIAL_INV	MIN_LEVEL_INV 	MAX_LEVEL_INV	DEMAND_0	DEMAND_1	DEMAND_2	DEMAND_3	DEMAND_4	DEMAND_5	DEMAND_6	DEMAND_7	DEMAND_8	DEMAND_9	DEMAND_10	DEMAND_11
       1	204	199	    0.25	          1	            0	           22	       6	       5	       5	       6	       9	       7	       7	       5	       5	       7	        7	        8
       2	174	203	    0.19	          8	            0	           37	       8	       5	       6	      11	       9	       8	       6	       9	      10	      11	        8	        5
       3	191	203	    0.02	          1	            0	           49	      11	       7	       6	       9	       8	      14	      12	      10	       7	       6	        8	       10
       4	178	211	    0.26	          1	            0	           91	       8	       6	       6	       8	       9	      13	      10	       6	       7	       8	       10	       12
       5	205	182	    0.22	          8	            0	           47	       7	       4	       4	       4	       6	       5	       6	       7	       5	       4	        4	        5
       6	182	199	    0.21	         14	            0	           26	       8	       7	       7	       9	       9	      12	       9	       6	       7	      10	       10	       10
       7	167	215	    0.03	         10	            0	           54	       8	       5	       5	       7	      10	       7	       6	       4	       6	       7	        9	        6
       8	186	204	    0.05	          9	            0	           57	       8	       6	       6	       7	       9	       8	       6	       7	       8	       9	        7	        5
       9	188	214	    0.26	         10	            0	           28	       5	       5	       4	       5	       7	       7	       4	       4	       5	       6	        7	        4
      10	232	234	    0.05	         14	            0	           92	      10	       7	       6	       9	      10	      10	       8	       7	       6	      10	       10	        9
      11	185	203	    0.11	          6	            0	           32	       9	       6	       7	       7	      10	      12	      11	       8	       7	       6	        7	        9
      12	176	220	    0.06	          9	            0	           60	       7	       5	       3	       5	       5	       8	       7	       6	       4	       4	        5	        5
      13	184	195	    0.12	          7	            0	           21	       6	       6	       4	       6	       7	       7	       5	       4	       6	       7	        9	        8
      14	171	162	    0.17	          2	            0	           22	       6	       4	       4	       5	       7	       8	       7	       5	       4	       4	        6	        5
      15	177	205	    0.03	          8	            0	           82	      10	       8	       6	       8	       9	      11	      13	      12	      10	       9	        6	        8
      16	175	192	    0.18	          3	            0	           49	       6	       6	       5	       7	       8	       7	       6	       5	       6	       9	        9	        5
      17	 84	446	    0.21	          2	            0	           21	       5	       4	       3	       4	       4	       5	       6	       5	       5	       4	        3	        3
      18	 93	446	    0.14	          4	            0	           63	       8	       8	       7	       6	       9	      10	      10	       8	       8	       5	        6	       11
      19	 80	439	     0.2	          4	            0	           31	       4	       4	       4	       4	       6	       4	       4	       4	       6	       5	        4	        4
      20	126	422	    0.13	          7	            0	           16	       4	       3	       4	       4	       5	       5	       4	       3	       4	       6	        5	        3
      21	 82	449	    0.28	          5	            0	           75	       8	       6	       5	       7	       8	       9	       8	       9	       9	       6	        6	        5
      22	 87	460	    0.22	          6	            0	           52	      10	       7	       9	      12	      13	       8	       8	       9	      11	      10	        9	        6
      23	 90	422	    0.07	          2	            0	           34	       4	       3	       3	       5	       5	       5	       4	       4	       5	       6	        4	        4
      24	 69	419	    0.17	          6	            0	           56	       6	       5	       4	       4	       6	       7	       8	       7	       6	       4	        4	        5
      25	 65	472	    0.09	          1	            0	           44	       7	       4	       5	       6	       7	       9	       7	       6	       5	       5	        7	        8
      26	 82	443	    0.23	          5	            0	           32	       4	       3	       3	       6	       5	       4	       3	       4	       5	       6	        5	        3
      27	 84	444	    0.12	          4	            0	           11	       5	       4	       3	       3	       5	       6	       5	       6	       3	       3	        4	        4
      28	 82	444	     0.1	          5	            0	           57	      12	       7	       6	       7	      12	      10	      14	       8	       8	       8	        8	       10
      29	 92	458	    0.15	          1	            0	           89	      12	       8	       6	      10	      13	      13	       9	       8	       7	      11	       10	       14
      30	 82	424	    0.06	          6	            0	           32	       9	       7	       6	       8	      10	       7	       5	       5	       9	      10	        8	        7
      31	 70	430	    0.01	          2	            0	           48	       7	       5	       4	       5	       5	       7	       6	       5	       5	       4	        6	        5
      32	 80	446	    0.13	          1	            0	           34	      11	       6	       8	      13	      13	       9	       6	       8	      10	      13	        7	        8
      33	 35	 25	    0.18	          3	            0	           22	       5	       4	       4	       4	       6	       4	       4	       4	       6	       6	        4	        3
      34	 46	 37	    0.24	          9	            0	           21	       5	       4	       4	       7	       6	       5	       4	       4	       6	       7	        5	        3
      35	 35	 27	    0.13	          3	            0	           25	       8	       7	       7	      10	      12	       9	       7	       8	       9	      11	       10	        6
      36	 39	 42	    0.01	         11	            0	           52	       7	       7	       5	       5	       7	       8	       9	       9	       9	       8	        7	        6
      37	 37	 46	    0.03	         11	            0	           94	       9	       6	       7	       8	      11	       9	       8	       7	       7	       9	        9	        9
      38	 18	 34	    0.01	          1	            0	           72	       6	       6	       4	       4	       7	       8	       9	       8	       6	       5	        4	        6
      39	 28	 45	    0.18	          2	            0	           79	       8	       6	       5	       7	       7	      10	       9	       9	       6	       5	        6	        8
      40	 58	 10	    0.02	         14	            0	           95	       9	       8	       6	       6	      10	      12	      13	       9	       8	       7	        9	        8
      41	  3	 29	     0.2	          1	            0	           30	       4	       4	       3	       4	       6	       4	       4	       3	       4	       6	        6	        3
      42	 40	 38	    0.19	          4	            0	           89	      12	       6	       8	      12	      11	       9	       7	       9	      12	      14	        9	        6
      43	 23	 26	    0.01	         10	            0	           56	       5	       5	       4	       6	       6	       7	       7	       4	       4	       4	        6	        8
      44	 40	 41	    0.12	          7	            0	           79	       6	       5	       5	       8	       7	       7	       5	       6	       8	       9	        7	        6
      45	 33	 34	    0.22	          7	            0	           22	       6	       4	       4	       4	       5	       7	       8	       7	       5	       4	        4	        5
      46	 49	 46	    0.08	          1	            0	           19	       9	       7	       6	       6	       8	      10	      10	       9	       8	       8	        6	        6
      47	 24	 51	    0.16	          7	            0	           75	       8	       7	       5	       8	       9	       9	       7	       7	       6	       8	        9	        9
      48	 25	 32	     0.1	         13	            0	           91	       9	       7	       7	       8	      11	      14	      10	       7	       6	       9	       10	       13
      49	492	305	    0.04	          4	            0	           51	       8	       7	       5	       5	       7	      10	       8	      11	       8	       6	        5	        5
      50	496	300	    0.06	         10	            0	           29	       8	       7	       5	       8	       7	       9	      10	      11	       7	       6	        7	        7
      51	473	271	    0.23	          8	            0	           18	       7	       6	       5	       6	       7	       8	       7	       9	       6	       6	        5	        6
      52	470	301	    0.11	          2	            0	           16	       6	       5	       4	       7	       8	       7	       8	       5	       5	       7	        7	        9
      53	499	302	    0.24	         14	            0	           43	      10	       9	       7	       9	      10	      11	      10	      11	       8	       6	        9	       12
      54	491	314	    0.03	          2	            0	           21	       5	       4	       4	       4	       7	       7	       7	       6	       5	       5	        6	        7
      55	466	228	    0.13	          6	            0	           22	      11	       5	       7	      11	       9	       7	       7	       9	      13	       9	        7	        7
      56	482	299	    0.06	          5	            0	           52	       7	       4	       5	       5	       6	       6	       4	       4	       6	       6	        7	        5
      57	496	301	    0.13	          4	            0	           22	       5	       3	       4	       5	       5	       5	       3	       4	       6	       6	        5	        4
      58	473	296	     0.3	          5	            0	           30	       7	       6	       5	       7	       8	       5	       5	       5	       9	       6	        5	        6
      59	497	301	    0.26	         14	            0	           69	       9	       6	       5	       6	       7	       9	       9	       7	       6	       5	        7	        8
      60	493	273	    0.17	          7	            0	           61	       7	       5	       5	       6	       8	       8	       9	       6	       6	       4	        6	        7
      61	495	301	     0.3	          2	            0	           23	       6	       3	       3	       3	       4	       6	       5	       5	       3	       4	        4	        4
      62	447	276	    0.25	          6	            0	           48	       5	       4	       3	       5	       6	       5	       3	       5	       6	       5	        4	        4
      63	494	299	    0.05	          7	            0	           59	      10	       9	       7	      11	      13	      10	       8	       7	       9	      12	       11	        8
      64	485	277	    0.13	          1	            0	           51	       9	       6	       5	      10	      10	       8	       7	       5	       9	      10	        7	        7
      65	161	272	    0.27	          3	            0	           53	       6	       5	       5	       6	       9	       8	       5	       4	       7	       9	        9	        5
      66	185	258	    0.07	          5	            0	           95	       8	       6	       7	       9	      12	       9	       8	       6	       8	      10	       12	        7
      67	211	322	    0.12	          3	            0	           51	       7	       6	       5	       4	       7	       7	       9	       7	       9	       5	        5	        4
      68	187	296	    0.03	         13	            0	           93	      10	       7	       6	       8	      10	      12	      11	      11	       8	       7	        7	        9
      69	169	283	    0.06	          8	            0	           68	       7	       6	       4	       7	       9	       7	       6	       5	       5	       7	        7	        7
      70	169	282	    0.23	          8	            0	           65	       6	       4	       5	       6	       7	       6	       5	       4	       6	       8	        7	        5
      71	196	306	    0.23	          3	            0	           16	       5	       4	       3	       4	       4	       5	       5	       5	       5	       3	        3	        4
      72	155	296	    0.02	          2	            0	           14	       6	       5	       4	       6	       7	       6	       6	       3	       4	       7	        7	        6
      73	164	273	    0.13	          4	            0	           74	       9	       7	       7	       6	      11	      11	       8	       8	       6	       8	        9	       10
      74	168	301	    0.09	          7	            0	           11	       5	       3	       4	       5	       6	       5	       4	       4	       5	       6	        4	        3
      75	155	275	    0.01	          2	            0	           23	       5	       4	       3	       5	       5	       4	       4	       3	       4	       5	        5	        4
      76	178	301	     0.2	          2	            0	           43	       4	       4	       3	       5	       5	       5	       4	       3	       3	       5	        6	        5
      77	172	264	    0.14	          3	            0	           53	       7	       6	       5	       7	      11	       7	       6	       5	       6	       9	        8	        7
      78	154	299	    0.25	          1	            0	           56	       6	       6	       5	       5	       7	       9	       7	       7	       6	       5	        5	        5
      79	165	284	    0.29	          9	            0	           61	       6	       4	       5	       5	       8	       5	       4	       5	       6	       7	        5	        4
      80	142	286	    0.27	          6	            0	           27	       5	       4	       3	       4	       4	       5	       5	       3	       3	       4	        5	        6
      81	365	290	    0.12	         19	            0	           77	      11	       8	       6	       7	       9	      10	      10	      13	      10	       9	        8	        7
      82	403	343	    0.07	         10	            0	           37	      11	       6	       5	       7	       9	      11	       9	       8	       6	       8	        8	       11
      83	373	304	    0.04	          5	            0	           62	       8	       6	       5	       5	       6	       9	       8	       6	       5	       5	        5	        6
      84	366	295	    0.24	          3	            0	           35	       4	       4	       3	       3	       3	       6	       5	       6	       6	       4	        3	        3
      85	373	290	    0.18	         14	            0	           30	      12	       8	       6	       8	       9	      12	      11	      13	      11	       7	        8	        8
      86	372	278	    0.09	         12	            0	           40	       7	       6	       5	       7	       9	      10	       7	       5	       6	       8	        8	       10
      87	374	292	    0.29	          5	            0	          108	      11	       8	       9	       9	      10	      11	       8	       9	      13	      13	        7	        7
      88	339	333	       0	         11	            0	           30	       6	       6	       6	       7	       9	       7	       5	       6	       9	       7	        5	        4
      89	368	250	    0.09	          4	            0	           65	       8	       7	       6	       5	       9	       8	       9	       9	       6	       6	        7	        7
      90	365	285	    0.02	          2	            0	           43	       8	       6	       7	       8	       9	      10	       8	       6	       7	      12	        9	        9
      91	371	289	    0.06	          9	            0	           20	       8	       6	       6	       6	       8	      10	      11	       7	       5	       5	        7	        8
      92	365	313	    0.12	          5	            0	           24	       5	       5	       4	       6	       6	       8	       5	       5	       4	       6	        8	        7
      93	367	291	    0.25	          6	            0	           92	       9	       8	       7	      11	      14	      11	       7	       7	       7	      12	       13	       10
      94	337	268	    0.12	          7	            0	           40	       4	       4	       3	       4	       4	       6	       5	       5	       4	       4	        5	        5
      95	360	287	    0.06	         10	            0	           59	       8	       7	       6	       8	       8	       8	       5	       5	       6	       9	        8	        7
      96	369	289	    0.26	         10	            0	           45	       8	       5	       5	       7	       7	       8	       8	       4	       4	       7	        9	        7
      97	  0	  0	    0.05	          7	            0	           81	       7	       5	       6	       5	       8	       8	       9	       8	       7	       6	        7	        9
      98	  0	  0	    0.13	          2	            0	           37	       5	       4	       3	       4	       5	       6	       5	       3	       4	       5	        6	        4
      99	  0	  0	    0.07	         15	            0	           48	       9	       9	       7	       7	       7	      10	      11	      11	      11	       8	        6	        7
     100	  0	  0	    0.15	          1	            0	           45	       5	       4	       4	       5	       5	       5	       4	       3	       4	       5	        5	        5
COST_MATRIX 
	  0	  1	  2	  3	  4	  5	  6	  7	  8	  9	 10	 11	 12	 13	 14	 15	 16	 17	 18	 19	 20	 21	 22	 23	 24	 25	 26	 27	 28	 29	 30	 31	 32	 33	 34	 35	 36	 37	 38	 39	 40	 41	 42	 43	 44	 45	 46	 47	 48	 49	 50	 51	 52	 53	 54	 55	 56	 57	 58	 59	 60	 61	 62	 63	 64	 65	 66	 67	 68	 69	 70	 71	 72	 73	 74	 75	 76	 77	 78	 79	 80	 81	 82	 83	 84	 85	 86	 87	 88	 89	 90	 91	 92	 93	 94	 95	 96	 97	 98	 99	100
  0
  1	 23
  2	 26	  4
  3	 24	  2	  2
  4	 26	  3	  1	  2
  5	 22	  2	  4	  3	  4
  6	 25	  3	  1	  1	  2	  3
  7	 27	  5	  2	  3	  2	  6	  3
  8	 25	  2	  2	  1	  2	  3	  1	  3
  9	 25	  3	  2	  2	  2	  4	  2	  3	  2
 10	 22	  5	  7	  6	  6	  6	  7	  7	  6	  5
 11	 25	  2	  2	  1	  2	  3	  1	  3	  1	  2	  6
 12	 26	  4	  2	  3	  1	  5	  3	  2	  2	  2	  6	  2
 13	 25	  3	  2	  2	  2	  3	  1	  3	  1	  2	  7	  1	  3
 14	 26	  5	  5	  5	  5	  4	  4	  6	  5	  6	 10	  5	  6	  4
 15	 26	  3	  1	  2	  1	  4	  1	  2	  1	  2	  7	  1	  2	  2	  5
 16	 26	  3	  2	  2	  2	  4	  1	  3	  2	  3	  8	  2	  3	  1	  4	  2
 17	 46	 28	 26	 27	 26	 30	 27	 25	 27	 26	 26	 27	 25	 28	 30	 26	 27
 18	 45	 28	 26	 27	 25	 29	 27	 25	 26	 26	 26	 26	 25	 27	 30	 26	 27	  1
 19	 46	 28	 26	 27	 25	 29	 27	 25	 26	 25	 26	 26	 24	 27	 30	 26	 27	  1	  2
 20	 41	 24	 23	 23	 22	 26	 23	 22	 23	 22	 22	 23	 21	 24	 27	 23	 24	  5	  5	  5
 21	 46	 28	 27	 27	 26	 30	 27	 25	 27	 26	 27	 27	 25	 28	 31	 27	 28	  1	  2	  2	  6
 22	 47	 29	 28	 28	 27	 31	 28	 26	 28	 27	 27	 28	 26	 29	 31	 28	 29	  2	  2	  3	  6	  2
 23	 44	 26	 24	 25	 23	 27	 25	 23	 24	 23	 24	 24	 22	 25	 28	 24	 25	  3	  3	  2	  4	  3	  4
 24	 45	 26	 25	 25	 24	 28	 25	 23	 25	 24	 25	 25	 23	 26	 28	 24	 26	  4	  4	  3	  6	  4	  5	  3
 25	 49	 31	 30	 30	 29	 33	 30	 28	 30	 29	 30	 30	 28	 31	 33	 29	 31	  4	  4	  4	  8	  3	  3	  6	  6
 26	 46	 28	 26	 27	 26	 29	 27	 25	 27	 26	 26	 27	 25	 27	 30	 26	 27	  1	  2	  1	  5	  1	  2	  3	  3	  4
 27	 46	 28	 26	 27	 26	 29	 27	 25	 27	 26	 26	 27	 25	 27	 30	 26	 27	  1	  1	  1	  5	  1	  2	  3	  3	  4	  1
 28	 46	 28	 26	 27	 26	 29	 27	 25	 27	 26	 26	 27	 25	 27	 30	 26	 27	  1	  2	  1	  5	  1	  2	  3	  3	  4	  1	  1
 29	 46	 29	 27	 28	 27	 30	 28	 26	 28	 27	 27	 28	 26	 28	 31	 27	 28	  2	  2	  3	  5	  2	  1	  4	  5	  4	  2	  2	  2
 30	 45	 26	 24	 25	 24	 28	 25	 23	 25	 24	 25	 25	 23	 26	 28	 24	 25	  3	  3	  2	  5	  3	  4	  1	  2	  6	  2	  3	  3	  4
 31	 46	 27	 25	 26	 25	 29	 26	 24	 26	 25	 26	 26	 24	 27	 29	 25	 27	  3	  3	  2	  6	  3	  4	  3	  2	  5	  2	  2	  2	  4	  2
 32	 46	 28	 27	 27	 26	 30	 27	 25	 27	 26	 27	 27	 25	 28	 30	 26	 28	  1	  2	  1	  6	  1	  2	  3	  3	  4	  1	  1	  1	  2	  3	  2
 33	 41	 25	 23	 24	 24	 24	 23	 24	 24	 25	 29	 24	 25	 23	 20	 23	 22	 43	 43	 42	 41	 43	 44	 41	 40	 45	 43	 43	 43	 44	 41	 41	 43
 34	 39	 23	 21	 23	 22	 22	 22	 22	 22	 23	 28	 22	 23	 21	 18	 22	 21	 42	 42	 41	 40	 42	 43	 39	 39	 44	 41	 41	 41	 43	 39	 40	 42	  2
 35	 41	 25	 23	 24	 24	 24	 23	 23	 24	 25	 29	 24	 24	 23	 20	 23	 22	 43	 43	 42	 41	 43	 44	 40	 40	 45	 42	 42	 42	 44	 40	 41	 43	  1	  2
 36	 40	 23	 22	 23	 22	 22	 22	 22	 22	 23	 28	 22	 23	 22	 18	 22	 21	 41	 41	 40	 39	 41	 43	 39	 38	 44	 41	 41	 41	 42	 39	 39	 41	  2	  1	  2
 37	 40	 23	 21	 22	 22	 22	 22	 22	 22	 23	 28	 22	 23	 21	 18	 22	 21	 41	 41	 40	 39	 41	 42	 38	 38	 43	 40	 41	 41	 42	 39	 39	 41	  3	  2	  2	  1
 38	 42	 25	 23	 25	 24	 24	 24	 24	 24	 25	 30	 24	 25	 24	 20	 24	 23	 42	 42	 41	 41	 42	 44	 40	 39	 45	 42	 42	 42	 44	 40	 40	 42	  2	  3	  2	  3	  3
 39	 41	 24	 22	 23	 23	 23	 22	 22	 23	 24	 28	 23	 23	 22	 19	 22	 21	 41	 41	 40	 39	 41	 42	 39	 38	 43	 41	 41	 41	 42	 39	 39	 41	  3	  2	  2	  2	  1	  2
 40	 39	 24	 23	 24	 24	 23	 23	 24	 24	 25	 29	 24	 25	 23	 19	 23	 22	 44	 44	 43	 42	 44	 46	 42	 41	 47	 44	 44	 44	 45	 42	 43	 44	  3	  3	  3	  4	  5	  5	  5
 41	 44	 27	 25	 26	 26	 26	 25	 25	 26	 27	 31	 26	 26	 25	 22	 25	 24	 43	 43	 42	 42	 43	 44	 41	 40	 45	 43	 43	 43	 44	 41	 41	 43	  4	  5	  4	  4	  4	  2	  3	  6
 42	 40	 23	 22	 23	 23	 22	 22	 22	 23	 23	 28	 22	 23	 22	 19	 22	 21	 42	 42	 41	 40	 42	 43	 39	 39	 44	 41	 41	 41	 43	 39	 40	 41	  2	  1	  2	  1	  1	  3	  2	  4	  4
 43	 42	 26	 24	 25	 25	 24	 24	 24	 25	 26	 30	 24	 25	 24	 21	 24	 23	 43	 43	 42	 41	 43	 44	 41	 40	 45	 43	 43	 43	 44	 41	 41	 43	  2	  3	  2	  3	  3	  1	  2	  4	  3	  3
 44	 40	 23	 22	 23	 22	 22	 22	 22	 22	 23	 28	 22	 23	 22	 18	 22	 21	 41	 41	 41	 40	 42	 43	 39	 38	 44	 41	 41	 41	 43	 39	 40	 41	  2	  1	  2	  1	  1	  3	  2	  4	  4	  1	  3
 45	 41	 24	 23	 24	 23	 23	 23	 23	 23	 24	 29	 23	 24	 23	 19	 23	 22	 42	 42	 41	 40	 42	 43	 40	 39	 44	 42	 42	 42	 43	 40	 40	 42	  1	  2	  1	  2	  2	  2	  2	  4	  4	  1	  2	  1
 46	 39	 22	 21	 22	 21	 21	 21	 21	 21	 22	 27	 21	 22	 21	 17	 21	 20	 41	 41	 40	 39	 41	 42	 38	 38	 43	 40	 40	 40	 42	 38	 39	 41	  3	  1	  3	  2	  2	  4	  3	  4	  5	  2	  4	  2	  3
 47	 41	 24	 22	 23	 23	 23	 22	 22	 23	 24	 28	 23	 23	 22	 19	 22	 21	 40	 41	 40	 39	 41	 42	 38	 38	 43	 40	 40	 40	 42	 38	 39	 40	  3	  3	  3	  2	  2	  2	  1	  6	  4	  3	  3	  2	  2	  3
 48	 42	 25	 23	 24	 24	 24	 23	 24	 24	 25	 29	 24	 25	 23	 20	 24	 22	 42	 42	 42	 41	 43	 44	 40	 39	 45	 42	 42	 42	 44	 40	 41	 42	  2	  3	  2	  2	  2	  1	  2	  4	  3	  2	  1	  2	  1	  3	  2
 49	 18	 31	 34	 32	 33	 32	 33	 34	 33	 32	 27	 33	 33	 33	 36	 34	 34	 44	 43	 44	 39	 44	 44	 42	 44	 46	 44	 44	 44	 43	 43	 45	 44	 54	 53	 54	 53	 53	 55	 54	 53	 57	 53	 55	 53	 54	 52	 54	 55
 50	 18	 31	 34	 33	 34	 32	 33	 34	 33	 32	 28	 33	 33	 33	 36	 34	 34	 44	 43	 44	 39	 44	 44	 43	 45	 47	 44	 44	 44	 44	 44	 45	 45	 54	 53	 54	 53	 53	 55	 54	 53	 57	 53	 55	 53	 54	 52	 54	 55	  1
 51	 15	 28	 31	 30	 31	 29	 30	 32	 30	 30	 25	 30	 31	 30	 33	 31	 31	 43	 42	 43	 38	 43	 43	 42	 44	 46	 43	 43	 43	 43	 42	 44	 44	 51	 49	 51	 50	 50	 52	 50	 50	 53	 50	 52	 50	 50	 49	 51	 51	  4	  4
 52	 17	 29	 32	 30	 31	 30	 31	 32	 31	 30	 25	 31	 31	 31	 33	 31	 32	 42	 41	 42	 37	 42	 42	 40	 42	 44	 42	 42	 42	 41	 41	 43	 42	 52	 50	 52	 51	 51	 53	 52	 51	 55	 51	 53	 51	 52	 50	 52	 52	  3	  3	  4
 53	 18	 32	 34	 33	 34	 32	 34	 35	 33	 33	 28	 33	 34	 34	 36	 34	 35	 44	 44	 45	 40	 45	 45	 43	 45	 47	 45	 44	 45	 44	 44	 45	 45	 55	 53	 54	 53	 53	 56	 54	 53	 57	 53	 56	 53	 54	 52	 54	 55	  1	  1	  5	  3
 54	 19	 31	 34	 32	 33	 32	 33	 34	 33	 32	 28	 33	 33	 33	 36	 34	 34	 43	 42	 43	 39	 44	 43	 42	 44	 46	 43	 43	 43	 43	 43	 44	 44	 54	 53	 54	 53	 53	 55	 54	 53	 57	 53	 55	 53	 54	 52	 54	 55	  1	  2	  5	  3	  2
 55	 10	 27	 30	 28	 29	 27	 29	 30	 29	 28	 24	 29	 30	 29	 31	 29	 30	 44	 44	 44	 40	 45	 45	 43	 45	 47	 45	 44	 45	 44	 44	 45	 45	 48	 47	 48	 47	 47	 49	 48	 47	 51	 47	 49	 47	 48	 46	 48	 49	  9	  8	  5	  8	  9	  9
 56	 17	 30	 33	 31	 32	 31	 32	 33	 32	 31	 26	 32	 32	 32	 34	 32	 33	 43	 42	 43	 38	 43	 43	 42	 44	 46	 43	 43	 43	 43	 42	 44	 43	 53	 51	 53	 52	 52	 54	 53	 52	 55	 52	 54	 52	 53	 51	 53	 53	  2	  2	  3	  2	  2	  2	  8
 57	 18	 31	 34	 33	 34	 32	 34	 35	 33	 33	 28	 33	 34	 33	 36	 34	 34	 44	 43	 44	 39	 44	 44	 43	 45	 47	 44	 44	 44	 44	 44	 45	 45	 54	 53	 54	 53	 53	 55	 54	 53	 57	 53	 55	 53	 54	 52	 54	 55	  1	  1	  4	  3	  1	  2	  8	  2
 58	 17	 29	 32	 30	 31	 30	 31	 32	 31	 30	 25	 31	 31	 31	 34	 31	 32	 42	 41	 42	 37	 42	 42	 41	 43	 45	 42	 42	 42	 42	 42	 43	 43	 52	 50	 52	 51	 51	 53	 52	 51	 55	 51	 53	 51	 52	 50	 52	 53	  3	  3	  3	  1	  3	  3	  7	  1	  3
 59	 18	 32	 34	 33	 34	 32	 34	 35	 33	 33	 28	 33	 34	 34	 36	 34	 34	 44	 43	 44	 40	 45	 44	 43	 45	 47	 44	 44	 44	 44	 44	 45	 45	 54	 53	 54	 53	 53	 55	 54	 53	 57	 53	 55	 53	 54	 52	 54	 55	  1	  1	  4	  3	  1	  2	  8	  2	  1	  3
 60	 16	 30	 33	 32	 33	 31	 32	 34	 32	 32	 27	 32	 33	 32	 35	 33	 33	 45	 44	 45	 40	 45	 45	 43	 45	 48	 45	 45	 45	 45	 44	 46	 45	 53	 51	 52	 51	 51	 54	 52	 51	 55	 52	 54	 51	 52	 50	 52	 53	  4	  3	  3	  4	  3	  5	  6	  3	  3	  4	  3
 61	 18	 31	 34	 32	 33	 32	 33	 34	 33	 32	 28	 33	 33	 33	 36	 34	 34	 44	 43	 44	 39	 44	 44	 43	 45	 47	 44	 44	 44	 44	 44	 45	 44	 54	 53	 54	 53	 53	 55	 54	 53	 57	 53	 55	 53	 54	 52	 54	 55	  1	  1	  4	  3	  1	  2	  8	  2	  1	  3	  1	  3
 62	 14	 26	 29	 27	 28	 26	 28	 29	 28	 27	 22	 28	 28	 28	 30	 28	 29	 41	 40	 41	 36	 41	 41	 39	 41	 43	 41	 40	 41	 40	 40	 41	 41	 49	 47	 49	 48	 48	 50	 48	 48	 51	 48	 50	 47	 48	 46	 48	 49	  6	  6	  3	  4	  6	  6	  6	  5	  6	  4	  6	  5	  6
 63	 18	 31	 34	 32	 33	 32	 33	 34	 33	 32	 27	 33	 33	 33	 36	 34	 34	 44	 43	 44	 39	 44	 44	 43	 45	 47	 44	 44	 44	 44	 44	 45	 44	 54	 52	 54	 53	 53	 55	 54	 53	 57	 53	 55	 53	 54	 52	 54	 54	  1	  1	  4	  3	  1	  2	  8	  2	  1	  3	  1	  3	  1	  6
 64	 16	 30	 32	 31	 32	 30	 32	 33	 31	 31	 26	 31	 32	 32	 34	 32	 33	 44	 43	 44	 39	 44	 44	 43	 44	 47	 44	 44	 44	 44	 43	 45	 44	 52	 51	 52	 51	 51	 53	 52	 51	 55	 51	 53	 51	 52	 50	 52	 53	  3	  3	  2	  3	  3	  4	  6	  3	  3	  3	  3	  1	  3	  4	  3
 65	 30	  9	  8	  8	  7	 11	  8	  6	  8	  7	  9	  8	  6	  9	 12	  7	  9	 20	 19	 19	 16	 20	 21	 17	 18	 23	 19	 19	 19	 20	 18	 19	 20	 28	 27	 28	 27	 26	 28	 27	 29	 29	 27	 29	 27	 28	 26	 27	 28	 34	 34	 32	 32	 34	 34	 31	 33	 34	 32	 34	 34	 34	 29	 34	 33
 66	 27	  7	  6	  6	  5	  8	  6	  5	  6	  5	  6	  6	  4	  7	 10	  6	  7	 22	 21	 21	 18	 22	 23	 19	 20	 25	 22	 22	 22	 23	 20	 21	 22	 28	 27	 28	 27	 26	 28	 27	 28	 30	 27	 29	 27	 28	 26	 27	 28	 32	 32	 29	 29	 32	 32	 29	 30	 32	 30	 32	 31	 32	 27	 32	 31	  3
 67	 28	 13	 13	 13	 12	 15	 13	 12	 13	 12	 10	 13	 11	 13	 17	 13	 14	 18	 18	 18	 14	 19	 19	 16	 18	 21	 18	 18	 18	 19	 17	 18	 19	 35	 33	 35	 33	 33	 35	 34	 35	 36	 34	 36	 33	 34	 33	 33	 35	 29	 29	 27	 26	 29	 29	 28	 28	 29	 27	 29	 29	 29	 25	 29	 28	  8	  7
 68	 29	 10	 10	 10	  9	 12	 10	  9	 10	  9	  8	 10	  8	 11	 14	 10	 11	 19	 18	 18	 14	 19	 20	 16	 18	 22	 19	 19	 19	 19	 17	 18	 19	 32	 30	 31	 30	 30	 32	 30	 32	 33	 30	 32	 30	 31	 29	 30	 31	 31	 31	 29	 29	 32	 31	 29	 30	 31	 29	 32	 31	 31	 27	 31	 30	  4	  4	  4
 69	 29	 10	  9	  9	  8	 11	  9	  7	  9	  8	  8	  9	  7	  9	 13	  8	 10	 19	 18	 18	 15	 19	 20	 16	 17	 22	 19	 19	 19	 20	 17	 18	 19	 30	 28	 29	 28	 28	 30	 28	 30	 31	 28	 30	 28	 29	 27	 28	 29	 33	 33	 31	 31	 34	 33	 31	 32	 33	 31	 33	 33	 33	 28	 33	 32	  2	  3	  6	  3
 70	 29	 10	  8	  9	  8	 11	  9	  7	  8	  8	  8	  9	  7	  9	 13	  8	 10	 19	 19	 19	 15	 19	 20	 17	 17	 22	 19	 19	 19	 20	 17	 18	 19	 29	 28	 29	 28	 28	 30	 28	 30	 31	 28	 30	 28	 29	 27	 28	 29	 33	 33	 31	 31	 34	 33	 31	 32	 33	 31	 33	 33	 33	 28	 33	 32	  2	  3	  6	  3	  1
 71	 28	 11	 11	 11	 10	 13	 11	 10	 11	 10	  9	 11	  9	 12	 15	 11	 12	 18	 18	 18	 14	 19	 19	 16	 17	 22	 18	 18	 18	 19	 17	 18	 19	 33	 31	 33	 31	 31	 33	 32	 33	 34	 32	 33	 31	 32	 30	 31	 33	 30	 31	 28	 28	 31	 30	 29	 29	 31	 28	 31	 30	 30	 26	 30	 30	  5	  5	  3	  2	  4	  4
 72	 31	 11	 10	 10	  9	 13	 11	  9	 10	  9	 10	 10	  8	 11	 14	 10	 11	 17	 17	 17	 13	 17	 18	 15	 16	 20	 17	 17	 17	 18	 15	 16	 17	 30	 29	 30	 28	 28	 30	 29	 31	 31	 29	 31	 28	 29	 28	 28	 30	 34	 35	 32	 32	 35	 34	 32	 33	 35	 32	 35	 34	 35	 30	 34	 34	  3	  5	  7	  4	  2	  2	  5
 73	 29	  9	  8	  8	  7	 10	  8	  6	  8	  7	  8	  8	  6	  9	 12	  7	  9	 20	 19	 19	 16	 20	 21	 17	 18	 23	 19	 19	 19	 20	 18	 19	 20	 28	 27	 28	 27	 27	 29	 27	 29	 30	 27	 29	 27	 28	 26	 27	 28	 33	 34	 31	 31	 34	 33	 31	 32	 34	 31	 34	 33	 34	 29	 34	 33	  1	  3	  7	  4	  2	  2	  5	  3
 74	 30	 11	 10	 11	 10	 13	 11	  9	 10	  9	 10	 10	  9	 11	 14	 10	 11	 17	 17	 17	 13	 18	 18	 15	 16	 20	 17	 17	 17	 18	 16	 17	 17	 31	 30	 31	 29	 29	 31	 30	 32	 32	 30	 32	 29	 30	 29	 29	 31	 33	 33	 31	 31	 34	 33	 31	 32	 33	 31	 33	 33	 33	 29	 33	 32	  3	  5	  5	  2	  2	  2	  3	  2	  3
 75	 30	 10	  8	  9	  7	 11	  9	  7	  8	  7	  9	  8	  6	  9	 12	  8	  9	 19	 19	 19	 15	 19	 20	 17	 17	 22	 19	 19	 19	 20	 17	 18	 19	 28	 27	 28	 27	 26	 28	 27	 29	 29	 27	 29	 27	 28	 26	 26	 28	 34	 35	 32	 32	 35	 34	 32	 33	 35	 32	 35	 34	 35	 30	 34	 34	  1	  4	  8	  4	  2	  2	  6	  3	  1	  3
 76	 30	 11	 10	 10	 10	 13	 11	  9	 10	  9	  9	 10	  9	 11	 14	 10	 11	 18	 17	 17	 14	 18	 19	 15	 17	 21	 18	 18	 18	 18	 16	 17	 18	 32	 30	 31	 30	 30	 32	 30	 32	 33	 30	 32	 30	 31	 29	 30	 31	 32	 32	 30	 30	 33	 32	 30	 31	 32	 30	 32	 32	 32	 28	 32	 31	  4	  5	  4	  2	  3	  3	  2	  3	  4	  2	  4
 77	 28	  8	  7	  7	  6	  9	  7	  5	  7	  6	  7	  7	  5	  8	 11	  6	  8	 21	 20	 20	 17	 21	 22	 18	 19	 24	 21	 21	 21	 21	 19	 20	 21	 28	 26	 28	 26	 26	 28	 27	 28	 29	 27	 29	 26	 27	 26	 26	 28	 33	 33	 31	 31	 33	 33	 30	 32	 33	 31	 33	 33	 33	 28	 33	 32	  2	  2	  7	  4	  2	  2	  5	  4	  2	  4	  3	  4
 78	 32	 12	 10	 11	 10	 13	 11	  9	 11	 10	 11	 11	  9	 11	 14	 10	 11	 17	 16	 16	 13	 17	 18	 14	 15	 20	 17	 17	 17	 18	 15	 16	 17	 30	 29	 30	 29	 28	 30	 29	 31	 31	 29	 31	 29	 30	 28	 29	 30	 34	 35	 33	 32	 35	 34	 32	 33	 35	 32	 35	 34	 35	 30	 35	 34	  3	  6	  7	  4	  3	  3	  5	  1	  3	  2	  3	  3	  4
 79	 30	 10	  9	  9	  8	 11	  9	  7	  9	  8	  9	  9	  7	 10	 13	  8	 10	 19	 18	 18	 15	 19	 20	 16	 17	 22	 18	 18	 19	 19	 17	 18	 19	 29	 28	 29	 28	 28	 30	 28	 30	 31	 28	 30	 28	 29	 27	 28	 29	 33	 34	 31	 31	 34	 33	 31	 32	 34	 31	 34	 33	 34	 29	 33	 33	  2	  4	  6	  3	  1	  1	  4	  2	  2	  2	  2	  3	  3	  2
 80	 32	 11	  9	 10	  9	 13	 10	  8	 10	  9	 11	 10	  8	 11	 13	  9	 10	 18	 17	 17	 14	 18	 19	 15	 16	 21	 17	 17	 17	 18	 16	 17	 18	 29	 27	 29	 27	 27	 29	 27	 29	 30	 27	 29	 27	 28	 26	 27	 28	 36	 36	 34	 33	 36	 36	 33	 35	 36	 34	 36	 36	 36	 31	 36	 35	  3	  6	  8	  5	  3	  3	  6	  2	  3	  4	  2	  4	  4	  2	  3
 81	 16	 19	 21	 20	 21	 20	 21	 22	 20	 20	 15	 20	 21	 21	 24	 21	 22	 33	 32	 33	 28	 33	 33	 31	 33	 36	 33	 33	 33	 33	 32	 33	 33	 43	 41	 43	 41	 41	 44	 42	 42	 45	 42	 44	 41	 42	 40	 42	 43	 13	 14	 11	 11	 14	 13	 12	 12	 14	 11	 14	 13	 14	  9	 13	 13	 21	 19	 16	 18	 20	 20	 17	 22	 21	 20	 22	 19	 20	 22	 21	 23
 82	 21	 25	 27	 26	 27	 26	 27	 27	 26	 26	 21	 26	 26	 27	 30	 27	 28	 34	 33	 34	 29	 34	 34	 33	 35	 37	 34	 34	 34	 34	 34	 35	 34	 49	 48	 49	 48	 48	 50	 48	 48	 51	 48	 50	 48	 49	 47	 48	 49	 10	 11	 11	  8	 11	 10	 14	 10	 11	  9	 11	 12	 11	  9	 11	 11	 26	 24	 20	 23	 25	 25	 22	 26	 25	 24	 26	 23	 25	 26	 25	 27	  7
 83	 17	 20	 23	 21	 22	 21	 22	 23	 22	 21	 16	 22	 22	 22	 25	 22	 23	 33	 32	 33	 28	 33	 33	 31	 33	 36	 33	 33	 33	 33	 32	 33	 33	 44	 43	 44	 43	 43	 45	 44	 44	 47	 43	 45	 43	 44	 42	 44	 45	 12	 13	 11	 10	 13	 12	 13	 11	 13	 11	 13	 13	 13	  8	 13	 12	 22	 20	 17	 19	 21	 21	 18	 22	 22	 21	 22	 20	 21	 22	 21	 24	  2	  5
 84	 17	 19	 22	 20	 21	 20	 21	 22	 21	 20	 15	 21	 21	 21	 24	 21	 22	 32	 32	 33	 28	 33	 33	 31	 33	 35	 33	 32	 33	 32	 32	 33	 33	 43	 42	 43	 42	 42	 44	 43	 42	 46	 42	 44	 42	 43	 41	 43	 44	 13	 14	 11	 11	 14	 13	 13	 12	 14	 11	 14	 13	 13	  9	 13	 13	 21	 19	 16	 18	 20	 20	 18	 22	 21	 20	 22	 19	 20	 22	 21	 23	  1	  7	  2
 85	 16	 20	 22	 21	 22	 20	 22	 22	 21	 21	 16	 21	 21	 22	 24	 22	 23	 33	 33	 33	 29	 34	 34	 32	 34	 36	 33	 33	 33	 33	 33	 34	 34	 43	 42	 43	 42	 42	 44	 43	 43	 46	 42	 44	 42	 43	 41	 43	 44	 12	 13	 11	 10	 13	 13	 12	 11	 13	 11	 13	 13	 13	  8	 13	 12	 22	 20	 17	 19	 21	 21	 18	 22	 21	 21	 22	 20	 21	 22	 21	 24	  1	  7	  2	  1
 86	 15	 19	 22	 20	 21	 20	 21	 22	 21	 20	 15	 21	 21	 21	 24	 21	 22	 34	 33	 34	 29	 34	 34	 32	 34	 37	 34	 34	 34	 34	 33	 34	 34	 43	 41	 43	 41	 41	 43	 42	 42	 45	 41	 44	 41	 42	 40	 42	 43	 13	 13	 11	 11	 13	 13	 11	 12	 13	 11	 13	 13	 13	  8	 13	 12	 22	 19	 17	 19	 21	 21	 18	 22	 21	 21	 22	 20	 21	 22	 21	 24	  2	  8	  3	  2	  2
 87	 16	 20	 22	 21	 22	 21	 22	 23	 21	 21	 16	 21	 22	 22	 25	 22	 23	 33	 33	 33	 29	 34	 34	 32	 34	 36	 33	 33	 33	 33	 33	 34	 34	 44	 42	 44	 42	 42	 44	 43	 43	 46	 42	 45	 42	 43	 41	 43	 44	 12	 13	 11	 10	 13	 12	 12	 11	 13	 10	 13	 13	 13	  8	 13	 12	 22	 20	 17	 19	 21	 21	 18	 22	 22	 21	 22	 20	 21	 23	 21	 24	  1	  6	  2	  1	  1	  2
 88	 21	 20	 22	 20	 21	 21	 21	 21	 21	 20	 15	 21	 20	 21	 24	 21	 22	 28	 28	 28	 24	 29	 29	 27	 29	 31	 28	 28	 28	 28	 28	 29	 29	 44	 42	 44	 42	 42	 44	 43	 43	 46	 43	 45	 42	 43	 41	 43	 44	 16	 17	 15	 14	 17	 16	 17	 15	 17	 14	 17	 17	 16	 13	 16	 16	 19	 18	 13	 16	 18	 18	 15	 19	 19	 18	 20	 17	 19	 19	 19	 21	  6	  7	  5	  5	  6	  7	  6
 89	 13	 18	 20	 19	 20	 18	 20	 21	 19	 19	 14	 19	 20	 20	 22	 20	 21	 35	 34	 35	 30	 35	 36	 33	 35	 38	 35	 35	 35	 35	 34	 35	 35	 41	 39	 41	 39	 39	 42	 40	 40	 43	 40	 42	 39	 40	 38	 40	 41	 14	 14	 11	 12	 15	 14	 11	 13	 14	 12	 14	 13	 14	  9	 14	 13	 21	 19	 18	 19	 21	 21	 19	 22	 21	 21	 22	 20	 20	 22	 21	 23	  5	 10	  6	  5	  5	  3	  5	  9
 90	 16	 19	 21	 20	 21	 20	 21	 22	 20	 20	 15	 20	 20	 21	 23	 21	 22	 33	 32	 33	 28	 33	 33	 31	 33	 36	 33	 33	 33	 33	 32	 33	 33	 43	 41	 42	 41	 41	 43	 42	 42	 45	 41	 43	 41	 42	 40	 42	 43	 13	 14	 11	 11	 14	 13	 12	 12	 14	 11	 14	 13	 14	  9	 13	 13	 21	 19	 16	 18	 20	 20	 18	 22	 21	 20	 22	 19	 20	 22	 21	 23	  1	  7	  3	  2	  1	  1	  2	  6	  4
 91	 16	 19	 22	 20	 21	 20	 21	 22	 21	 20	 15	 21	 21	 21	 24	 22	 22	 33	 32	 33	 28	 34	 34	 32	 33	 36	 33	 33	 33	 33	 32	 34	 34	 43	 42	 43	 42	 42	 44	 43	 42	 46	 42	 44	 42	 43	 41	 43	 44	 13	 13	 11	 10	 13	 13	 12	 12	 13	 11	 13	 13	 13	  8	 13	 12	 22	 19	 17	 19	 21	 21	 18	 22	 21	 21	 22	 20	 21	 22	 21	 23	  1	  7	  2	  1	  1	  2	  1	  6	  4	  1
 92	 19	 20	 23	 21	 22	 21	 22	 23	 21	 21	 16	 22	 22	 22	 25	 22	 23	 32	 31	 32	 27	 32	 32	 30	 32	 34	 32	 32	 32	 31	 31	 32	 32	 44	 43	 44	 43	 43	 45	 44	 44	 47	 43	 45	 43	 44	 42	 44	 45	 13	 14	 12	 11	 14	 13	 14	 12	 14	 11	 14	 14	 14	  9	 13	 13	 21	 19	 16	 18	 20	 20	 17	 22	 21	 20	 22	 19	 20	 22	 21	 23	  3	  5	  2	  2	  3	  4	  3	  4	  7	  3	  3
 93	 16	 19	 22	 20	 21	 20	 21	 22	 21	 20	 15	 21	 21	 21	 24	 21	 22	 33	 32	 33	 28	 33	 33	 31	 33	 36	 33	 33	 33	 33	 32	 33	 33	 43	 41	 43	 42	 42	 44	 42	 42	 45	 42	 44	 42	 43	 41	 42	 43	 13	 13	 11	 11	 14	 13	 12	 12	 13	 11	 14	 13	 13	  9	 13	 12	 21	 19	 16	 19	 20	 20	 18	 22	 21	 20	 22	 19	 20	 22	 21	 23	  1	  7	  2	  1	  1	  2	  1	  6	  5	  1	  1	  3
 94	 16	 15	 18	 16	 17	 16	 17	 18	 17	 16	 12	 17	 17	 17	 20	 18	 18	 31	 31	 31	 27	 32	 32	 30	 31	 35	 31	 31	 31	 32	 30	 32	 32	 39	 38	 39	 38	 38	 40	 39	 39	 42	 38	 40	 38	 39	 37	 39	 40	 16	 17	 14	 14	 17	 17	 14	 15	 17	 14	 17	 16	 17	 12	 17	 15	 18	 16	 14	 16	 17	 17	 15	 19	 18	 18	 19	 17	 17	 19	 18	 20	  4	 10	  6	  4	  5	  4	  5	  7	  4	  4	  4	  6	  4
 95	 16	 18	 21	 19	 20	 19	 20	 21	 20	 19	 14	 20	 20	 20	 23	 21	 21	 32	 32	 32	 28	 33	 33	 31	 32	 35	 32	 32	 32	 32	 31	 33	 33	 42	 41	 42	 41	 41	 43	 42	 41	 45	 41	 43	 41	 42	 40	 42	 43	 14	 14	 12	 12	 14	 14	 13	 13	 14	 12	 14	 14	 14	  9	 14	 13	 20	 18	 16	 18	 20	 20	 17	 21	 20	 20	 21	 19	 19	 21	 20	 22	  1	  8	  3	  2	  2	  2	  2	  6	  4	  1	  2	  3	  1	  3
 96	 16	 19	 22	 20	 21	 20	 21	 22	 21	 20	 15	 21	 21	 21	 24	 21	 22	 33	 32	 33	 28	 33	 33	 31	 33	 36	 33	 33	 33	 33	 32	 34	 33	 43	 41	 43	 42	 42	 44	 42	 42	 45	 42	 44	 42	 43	 41	 42	 43	 13	 13	 11	 11	 14	 13	 12	 12	 13	 11	 13	 13	 13	  8	 13	 12	 21	 19	 17	 19	 21	 21	 18	 22	 21	 21	 22	 20	 20	 22	 21	 23	  1	  7	  2	  1	  1	  2	  1	  6	  4	  1	  1	  3	  1	  4	  1
 97	 45	 29	 27	 28	 28	 28	 27	 28	 28	 29	 33	 28	 29	 27	 24	 28	 26	 46	 46	 45	 45	 46	 47	 44	 43	 48	 46	 46	 46	 47	 44	 44	 46	  5	  6	  5	  6	  6	  4	  6	  6	  3	  6	  4	  6	  5	  7	  6	  5	 58	 58	 55	 56	 59	 59	 52	 57	 59	 56	 59	 57	 58	 53	 58	 56	 32	 32	 39	 36	 33	 33	 37	 34	 32	 35	 32	 35	 32	 34	 33	 32	 47	 53	 49	 48	 48	 47	 48	 48	 45	 47	 48	 49	 47	 44	 47	 47
 98	 45	 29	 27	 28	 28	 28	 27	 28	 28	 29	 33	 28	 29	 27	 24	 28	 26	 46	 46	 45	 45	 46	 47	 44	 43	 48	 46	 46	 46	 47	 44	 44	 46	  5	  6	  5	  6	  6	  4	  6	  6	  3	  6	  4	  6	  5	  7	  6	  5	 58	 58	 55	 56	 59	 59	 52	 57	 59	 56	 59	 57	 58	 53	 58	 56	 32	 32	 39	 36	 33	 33	 37	 34	 32	 35	 32	 35	 32	 34	 33	 32	 47	 53	 49	 48	 48	 47	 48	 48	 45	 47	 48	 49	 47	 44	 47	 47	  1
 99	 45	 29	 27	 28	 28	 28	 27	 28	 28	 29	 33	 28	 29	 27	 24	 28	 26	 46	 46	 45	 45	 46	 47	 44	 43	 48	 46	 46	 46	 47	 44	 44	 46	  5	  6	  5	  6	  6	  4	  6	  6	  3	  6	  4	  6	  5	  7	  6	  5	 58	 58	 55	 56	 59	 59	 52	 57	 59	 56	 59	 57	 58	 53	 58	 56	 32	 32	 39	 36	 33	 33	 37	 34	 32	 35	 32	 35	 32	 34	 33	 32	 47	 53	 49	 48	 48	 47	 48	 48	 45	 47	 48	 49	 47	 44	 47	 47	  1	  1
100	 45	 29	 27	 28	 28	 28	 27	 28	 28	 29	 33	 28	 29	 27	 24	 28	 26	 46	 46	 45	 45	 46	 47	 44	 43	 48	 46	 46	 46	 47	 44	 44	 46	  5	  6	  5	  6	  6	  4	  6	  6	  3	  6	  4	  6	  5	  7	  6	  5	 58	 58	 55	 56	 59	 59	 52	 57	 59	 56	 59	 57	 58	 53	 58	 56	 32	 32	 39	 36	 33	 33	 37	 34	 32	 35	 32	 35	 32	 34	 33	 32	 47	 53	 49	 48	 48	 47	 48	 48	 45	 47	 48	 49	 47	 44	 47	 47	  1	  1	  1
