nVehicles:  25
nDepots:     1
nCustomers: 25
nPeriods:    9
VEHICLE_TYPE	FLEET_SIZE	CAPACITY
           1	        25	       8	
DEPOT   	X  	Y  	INV_COST	INITIAL_INV 	MIN_LEVEL_INV 	MAX_LEVEL_INV	PRODUCTION_0	PRODUCTION_1	PRODUCTION_2	PRODUCTION_3	PRODUCTION_4	PRODUCTION_5	PRODUCTION_6	PRODUCTION_7	PRODUCTION_8
       0	 34	128	       0	        268	            0	         1585	         177	         177	         177	         177	         177	         177	         177	         177	         177	
CUSTOMER	X  	Y  	INV_COST	INITIAL_INV	MIN_LEVEL_INV 	MAX_LEVEL_INV	DEMAND_0	DEMAND_1	DEMAND_2	DEMAND_3	DEMAND_4	DEMAND_5	DEMAND_6	DEMAND_7	DEMAND_8
       1	 14	487	    0.14	          5	            0	           37	       5	       4	       5	       6	       6	       9	       7	       7	       5
       2	 15	496	    0.28	          4	            0	           54	       3	       0	       0	       2	       5	       4	       6	       8	       6
       3	 11	495	    0.27	          4	            0	           51	       8	       6	       7	       7	      12	       9	       8	       6	       6
       4	 24	466	    0.25	          8	            0	           30	       4	       4	       4	       6	       5	       5	       3	       3	       4
       5	  2	476	    0.15	         10	            0	           16	       6	       4	       5	       6	       6	       5	       5	       6	       6
       6	 14	497	    0.02	          5	            0	           28	       4	       3	       4	       4	       6	       6	       5	       4	       3
       7	  0	481	    0.17	          8	            0	           35	       7	       6	       6	      10	      11	       7	       5	       6	       8
       8	 11	496	    0.02	         12	            0	           68	       9	       6	       6	      12	       9	      11	       8	       6	       9
       9	 47	497	     0.1	          2	            0	           17	       6	       5	       6	       8	      11	      10	       7	       5	       5
      10	  8	487	    0.11	          1	            0	           58	       6	       4	       3	       4	       6	       8	       8	       9	       8
      11	 15	481	    0.15	          3	            0	           29	       4	       4	       4	       6	       8	       7	       7	       6	       4
      12	 12	495	    0.27	         11	            0	           50	       7	       5	       7	       8	      10	       9	       5	       6	       8
      13	403	184	    0.09	          6	            0	           48	       6	       6	       6	       9	       9	       8	       8	       6	       6
      14	399	198	    0.23	          2	            0	           20	       4	       3	       3	       5	       5	       8	       6	       7	       5
      15	427	199	    0.03	         11	            0	           61	       8	       7	       8	      10	      11	       6	       5	      11	      12
      16	394	184	    0.29	          7	            0	           28	       5	       2	       5	       8	       8	       6	       5	       6	       9
      17	403	191	    0.07	          3	            0	           37	       6	       4	       4	       5	       6	       7	       8	       6	       4
      18	413	166	    0.16	          9	            0	           11	       6	       5	       5	       7	       9	       7	       5	       4	       5
      19	399	199	    0.21	          2	            0	           46	       5	       3	       5	       6	       9	       6	       5	       7	       9
      20	411	129	     0.2	          9	            0	           13	       5	       4	       5	       5	       6	       7	       5	       4	       4
      21	365	230	     0.3	          9	            0	           58	       2	       0	       0	       1	       6	       5	       3	       4	       9
      22	390	195	    0.14	          5	            0	           17	       4	       3	       3	       5	       6	       6	       5	       5	       4
      23	435	180	    0.13	          7	            0	           58	       5	       4	       4	       4	       8	       7	       7	       6	       6
      24	400	194	    0.06	          5	            0	           56	       4	       4	       5	       7	       9	       8	       7	       5	       5
      25	  0	  0	    0.21	          3	            0	           65	       3	       2	       3	       5	       6	       7	       6	       7	       7
COST_MATRIX 
	  0	  1	  2	  3	  4	  5	  6	  7	  8	  9	 10	 11	 12	 13	 14	 15	 16	 17	 18	 19	 20	 21	 22	 23	 24	 25
  0
  1	 36
  2	 37	  1
  3	 37	  1	  1
  4	 34	  3	  4	  4
  5	 35	  2	  3	  3	  3
  6	 37	  2	  1	  1	  4	  3
  7	 36	  2	  3	  2	  3	  1	  3
  8	 37	  1	  1	  1	  4	  3	  1	  2
  9	 37	  4	  4	  4	  4	  5	  4	  5	  4
 10	 36	  1	  2	  1	  3	  2	  2	  2	  1	  5
 11	 36	  1	  2	  2	  2	  2	  2	  2	  2	  4	  1
 12	 37	  1	  1	  1	  4	  3	  1	  2	  1	  4	  1	  2
 13	 38	 50	 50	 51	 48	 50	 50	 51	 51	 48	 50	 49	 50
 14	 38	 49	 49	 49	 47	 49	 49	 49	 49	 47	 49	 48	 49	  2
 15	 40	 51	 51	 52	 49	 51	 51	 52	 52	 49	 51	 50	 51	  3	  3
 16	 37	 49	 50	 50	 47	 49	 50	 50	 50	 47	 50	 49	 50	  1	  2	  4
 17	 38	 49	 50	 50	 47	 50	 50	 50	 50	 47	 50	 49	 50	  1	  1	  3	  2
 18	 39	 52	 52	 52	 50	 52	 52	 52	 53	 50	 52	 51	 52	  3	  4	  4	  3	  3
 19	 38	 49	 49	 49	 47	 49	 49	 49	 49	 47	 49	 48	 49	  2	  1	  3	  2	  1	  4
 20	 38	 54	 54	 55	 52	 54	 55	 55	 55	 52	 54	 53	 55	  6	  8	  8	  6	  7	  4	  8
 21	 35	 44	 44	 45	 42	 44	 45	 45	 45	 42	 44	 44	 45	  6	  5	  7	  6	  6	  9	  5	 12
 22	 37	 48	 49	 49	 46	 48	 49	 49	 49	 46	 49	 48	 49	  2	  1	  4	  2	  2	  4	  1	  7	  5
 23	 41	 53	 53	 53	 51	 53	 53	 53	 53	 51	 53	 52	 53	  4	  5	  3	  5	  4	  3	  5	  6	  9	  5
 24	 38	 49	 49	 50	 47	 49	 50	 50	 50	 47	 49	 49	 50	  2	  1	  3	  2	  1	  4	  1	  7	  6	  2	  4
 25	 14	 49	 50	 50	 47	 48	 50	 49	 50	 50	 49	 49	 50	 45	 45	 48	 44	 45	 45	 45	 44	 44	 44	 48	 45
