nVehicles:  10
nDepots:     1
nCustomers: 50
nPeriods:    9
VEHICLE_TYPE	FLEET_SIZE	CAPACITY
           4	        10	      38	
DEPOT   	X  	Y  	INV_COST	INITIAL_INV 	MIN_LEVEL_INV 	MAX_LEVEL_INV	PRODUCTION_0	PRODUCTION_1	PRODUCTION_2	PRODUCTION_3	PRODUCTION_4	PRODUCTION_5	PRODUCTION_6	PRODUCTION_7	PRODUCTION_8
       0	387	488	       0	        334	            0	         3076	         346	         346	         346	         346	         346	         346	         346	         346	         346	
CUSTOMER	X  	Y  	INV_COST	INITIAL_INV	MIN_LEVEL_INV 	MAX_LEVEL_INV	DEMAND_0	DEMAND_1	DEMAND_2	DEMAND_3	DEMAND_4	DEMAND_5	DEMAND_6	DEMAND_7	DEMAND_8
       1	 64	355	    0.06	          4	            0	           44	       5	       8	      10	      10	       6	       5	       7	       8	      10
       2	 89	336	    0.28	          6	            0	           14	       4	       5	       6	       4	       3	       3	       6	       6	       4
       3	 78	338	    0.09	          5	            0	           76	       7	       8	      11	      12	      10	       8	       6	       9	       9
       4	 83	343	    0.24	          1	            0	           25	       6	       8	       9	       8	       5	       4	       7	       8	       6
       5	 77	338	    0.14	          7	            0	           25	       4	       5	       6	       5	       5	       4	       7	       7	       5
       6	 80	340	    0.08	          3	            0	           46	       4	       6	       6	       6	       7	       5	       4	       4	       5
       7	 88	333	    0.15	         11	            0	           47	       5	       7	       8	       7	       7	       8	       6	       5	       5
       8	 81	342	    0.11	         16	            0	           66	       7	       9	      11	       9	       9	       8	      10	      11	       9
       9	 80	339	    0.24	          8	            0	           77	       7	      10	      12	      13	       8	       8	       8	      11	      11
      10	 92	324	    0.14	         10	            0	           48	       5	       6	       9	       8	       7	       7	       5	       6	       5
      11	100	345	    0.28	          8	            0	           23	       4	       4	       6	       6	       4	       3	       5	       5	       5
      12	 30	317	    0.13	         12	            0	           32	       6	       8	      11	      11	       7	       6	      10	      13	       8
      13	105	363	    0.03	          2	            0	           71	       5	       7	      11	      12	       9	       8	       7	       7	       7
      14	 95	296	    0.25	         10	            0	           46	       7	      10	      12	      11	       6	       6	       9	       9	       8
      15	116	314	    0.26	          6	            0	           57	       6	       7	       7	       6	       6	       6	       7	       8	       5
      16	 84	339	    0.08	          6	            0	           57	       5	       7	       7	      10	       9	      10	       7	       5	       5
      17	 26	373	    0.02	          6	            0	           28	       3	       4	       5	       6	       5	       3	       3	       4	       7
      18	 23	375	    0.06	         16	            0	           33	       6	      10	      11	      10	       6	       7	      10	      13	      10
      19	 21	370	    0.07	         11	            0	           24	       4	       7	       8	       9	       8	       6	       5	       5	       5
      20	 57	330	    0.24	          2	            0	           46	       3	       5	       6	       7	       5	       4	       4	       6	       6
      21	 22	330	    0.01	          1	            0	           49	       5	       7	       9	       8	       6	       5	       6	       6	       7
      22	 20	370	    0.05	          7	            0	           26	       6	       8	      12	      11	      10	       9	       7	       7	       6
      23	 15	368	    0.16	          9	            0	           40	       4	       8	       7	       7	       7	       5	       5	       8	       8
      24	 19	370	    0.07	         12	            0	           36	       5	       7	      10	       9	       9	       7	       5	       6	       8
      25	  1	364	    0.29	         11	            0	           24	       5	       7	       9	       8	       9	       9	       8	       6	       6
      26	 17	370	    0.15	          7	            0	           17	       3	       4	       6	       4	       3	       4	       5	       6	       4
      27	 18	372	    0.13	          1	            0	           42	       5	       5	       7	       8	       5	       5	       4	       4	       4
      28	 14	367	       0	          4	            0	           17	       4	       4	       4	       7	       5	       6	       4	       3	       3
      29	  5	372	    0.08	          2	            0	            9	       3	       5	       6	       6	       4	       3	       5	       5	       6
      30	 15	351	     0.2	         19	            0	           40	       8	      11	      13	      13	      10	       9	       7	       7	       9
      31	 21	369	    0.25	         10	            0	           27	       4	       7	       8	       7	       9	       6	       5	       5	       6
      32	 11	380	    0.21	          4	            0	           22	       4	       5	       6	       6	       5	       4	       4	       8	       8
      33	462	498	       0	         12	            0	           34	       5	       7	       8	       7	       8	       7	       5	       6	       5
      34	478	489	    0.01	          8	            0	           26	       4	       4	       5	       5	       4	       3	       3	       5	       6
      35	475	484	    0.15	          4	            0	           27	       7	      10	      12	      14	      10	       8	       9	       9	      14
      36	476	474	    0.16	          4	            0	           33	       7	       9	       9	       9	       6	       7	      11	       9	       6
      37	497	489	    0.22	         15	            0	           57	       8	      11	      14	       9	       7	       7	       8	      11	      13
      38	491	500	    0.19	          2	            0	           26	       6	      10	      11	      10	       5	       7	       9	      12	       9
      39	474	467	    0.29	          9	            0	           43	       6	       6	       7	       7	       8	       6	       4	       5	       7
      40	462	476	    0.28	         10	            0	           44	       6	       7	       8	       8	      10	       9	       7	       5	       5
      41	475	489	    0.17	         12	            0	           46	       6	       7	      10	       7	       5	       5	       8	       7	       6
      42	475	490	    0.28	          9	            0	           39	       4	       6	       7	       8	       7	       7	       4	       4	       7
      43	479	476	    0.12	         12	            0	           51	       6	       8	       9	      10	       8	       6	       5	       8	       9
      44	471	486	    0.24	          3	            0	           34	       4	       6	       6	       8	       6	       5	       3	       5	       6
      45	463	493	    0.22	          8	            0	           55	       6	       6	       7	       9	       7	       7	       5	       5	       6
      46	480	486	    0.29	          6	            0	           24	       4	       4	       6	       5	       3	       4	       5	       6	       6
      47	472	487	    0.03	          3	            0	           41	       5	       6	       9	       9	       9	       6	       5	       7	       7
      48	470	479	     0.2	          1	            0	           31	       7	       9	      10	      10	      11	       8	       6	       8	      12
      49	  0	  0	    0.19	          2	            0	           24	       3	       5	       6	       4	       3	       4	       5	       6	       5
      50	  0	  0	    0.22	         16	            0	           20	       7	      10	      13	      11	       8	       8	       9	      12	      14
COST_MATRIX 
	  0	  1	  2	  3	  4	  5	  6	  7	  8	  9	 10	 11	 12	 13	 14	 15	 16	 17	 18	 19	 20	 21	 22	 23	 24	 25	 26	 27	 28	 29	 30	 31	 32	 33	 34	 35	 36	 37	 38	 39	 40	 41	 42	 43	 44	 45	 46	 47	 48	 49	 50
  0
  1	 35
  2	 34	  4
  3	 35	  3	  2
  4	 34	  3	  1	  1
  5	 35	  3	  2	  1	  1
  6	 35	  3	  1	  1	  1	  1
  7	 34	  4	  1	  2	  2	  2	  2
  8	 34	  3	  2	  1	  1	  1	  1	  2
  9	 35	  3	  1	  1	  1	  1	  1	  2	  1
 10	 34	  5	  2	  2	  3	  3	  3	  1	  3	  2
 11	 33	  4	  2	  3	  2	  3	  3	  2	  2	  3	  3
 12	 40	  6	  7	  6	  6	  6	  6	  7	  6	  6	  7	  8
 13	 31	  5	  4	  4	  3	  4	  4	  4	  4	  4	  5	  2	  9
 14	 35	  7	  5	  5	  5	  5	  5	  4	  5	  5	  3	  5	  7	  7
 15	 33	  7	  4	  5	  5	  5	  5	  4	  5	  5	  3	  4	  9	  6	  3
 16	 34	  3	  1	  1	  1	  1	  1	  1	  1	  1	  2	  2	  6	  4	  5	  5
 17	 38	  5	  8	  7	  7	  7	  7	  8	  7	  7	  9	  8	  6	  8	 11	 11	  7
 18	 39	  5	  8	  7	  7	  7	  7	  8	  7	  7	  9	  9	  6	  9	 11	 12	  8	  1
 19	 39	  5	  8	  7	  7	  7	  7	  8	  7	  7	  9	  9	  6	  9	 11	 12	  8	  1	  1
 20	 37	  3	  4	  3	  3	  3	  3	  4	  3	  3	  4	  5	  3	  6	  6	  7	  3	  6	  6	  6
 21	 40	  5	  7	  6	  7	  6	  6	  7	  7	  6	  8	  8	  2	  9	  9	 10	  7	  5	  5	  5	  4
 22	 39	  5	  8	  7	  7	  7	  7	  8	  7	  7	  9	  9	  6	  9	 11	 12	  8	  1	  1	  1	  6	  5
 23	 40	  6	  9	  7	  8	  7	  8	  9	  8	  8	  9	  9	  6	 10	 11	 12	  8	  2	  2	  1	  6	  4	  1
 24	 39	  5	  8	  7	  7	  7	  7	  8	  7	  7	  9	  9	  6	  9	 11	 12	  8	  1	  1	  1	  6	  5	  1	  1
 25	 41	  7	 10	  9	  9	  9	  9	 10	  9	  9	 10	 11	  6	 11	 12	 13	  9	  3	  3	  3	  7	  4	  2	  2	  2
 26	 39	  5	  8	  7	  8	  7	  7	  9	  7	  8	  9	  9	  6	  9	 11	 12	  8	  1	  1	  1	  6	  5	  1	  1	  1	  2
 27	 39	  5	  8	  7	  8	  7	  7	  9	  7	  8	  9	  9	  6	  9	 11	 12	  8	  1	  1	  1	  6	  5	  1	  1	  1	  2	  1
 28	 40	  6	  9	  8	  8	  7	  8	  9	  8	  8	  9	  9	  6	 10	 11	 12	  8	  2	  2	  1	  6	  4	  1	  1	  1	  2	  1	  1
 29	 40	  7	 10	  9	  9	  8	  9	 10	  9	  9	 10	 10	  7	 11	 12	 13	  9	  3	  2	  2	  7	  5	  2	  2	  2	  1	  2	  2	  2
 30	 40	  5	  8	  7	  7	  7	  7	  8	  7	  7	  9	  9	  4	 10	 10	 11	  8	  3	  3	  2	  5	  3	  2	  2	  2	  2	  2	  3	  2	  3
 31	 39	  5	  8	  7	  7	  7	  7	  8	  7	  7	  9	  9	  6	  9	 11	 11	  7	  1	  1	  1	  6	  4	  1	  1	  1	  3	  1	  1	  1	  2	  2
 32	 40	  6	  9	  8	  9	  8	  8	 10	  8	  9	 10	 10	  7	 10	 12	 13	  9	  2	  2	  2	  7	  6	  2	  2	  2	  2	  2	  2	  2	  2	  3	  2
 33	  8	 43	 41	 42	 41	 42	 42	 41	 42	 42	 41	 40	 47	 39	 42	 40	 42	 46	 46	 46	 44	 48	 47	 47	 47	 49	 47	 47	 47	 48	 48	 46	 47
 34	 10	 44	 42	 43	 43	 43	 43	 43	 43	 43	 42	 41	 48	 40	 43	 41	 43	 47	 47	 48	 46	 49	 48	 48	 48	 50	 48	 48	 48	 49	 49	 48	 48	  2
 35	  9	 44	 42	 43	 42	 43	 43	 42	 42	 43	 42	 40	 48	 39	 43	 40	 42	 47	 47	 47	 45	 48	 47	 48	 48	 49	 48	 48	 48	 49	 48	 47	 48	  2	  1
 36	 10	 43	 42	 43	 42	 43	 42	 42	 42	 42	 42	 40	 48	 39	 43	 40	 42	 47	 47	 47	 45	 48	 47	 48	 47	 49	 48	 47	 48	 49	 48	 47	 48	  3	  2	  2
 37	 12	 46	 44	 45	 44	 45	 45	 44	 45	 45	 44	 43	 50	 42	 45	 42	 44	 49	 49	 50	 47	 51	 50	 50	 50	 52	 50	 50	 50	 51	 51	 50	 50	  4	  2	  3	  3
 38	 11	 46	 44	 45	 44	 45	 45	 44	 44	 45	 44	 43	 50	 41	 45	 42	 44	 49	 49	 49	 47	 50	 49	 50	 49	 51	 50	 50	 50	 51	 50	 49	 50	  3	  2	  3	  4	  2
 39	  9	 43	 41	 42	 42	 42	 42	 41	 42	 42	 41	 40	 47	 39	 42	 39	 42	 46	 47	 47	 44	 48	 47	 47	 47	 49	 47	 47	 48	 48	 48	 47	 48	  4	  3	  2	  1	  4	  4
 40	  8	 42	 40	 41	 41	 41	 41	 41	 41	 41	 41	 39	 47	 38	 41	 39	 41	 45	 46	 46	 44	 47	 46	 46	 46	 48	 46	 46	 47	 47	 47	 46	 47	  3	  3	  2	  2	  4	  4	  2
 41	  9	 44	 42	 43	 42	 43	 43	 42	 43	 43	 42	 41	 48	 40	 43	 40	 42	 47	 47	 47	 45	 49	 48	 48	 48	 50	 48	 48	 48	 49	 49	 47	 48	  2	  1	  1	  2	  3	  2	  3	  2
 42	  9	 44	 42	 43	 42	 43	 43	 42	 43	 43	 42	 41	 48	 40	 43	 40	 42	 47	 47	 47	 45	 49	 48	 48	 48	 50	 48	 48	 48	 49	 49	 47	 48	  2	  1	  1	  2	  3	  2	  3	  2	  1
 43	 10	 44	 42	 43	 42	 43	 43	 42	 42	 43	 42	 41	 48	 40	 43	 40	 42	 47	 47	 48	 45	 48	 48	 48	 48	 50	 48	 48	 48	 49	 49	 48	 48	  3	  2	  1	  1	  3	  3	  2	  2	  2	  2
 44	  9	 43	 42	 42	 42	 43	 42	 42	 42	 42	 42	 40	 48	 39	 43	 40	 42	 46	 47	 47	 45	 48	 47	 48	 47	 49	 47	 47	 48	 48	 48	 47	 48	  2	  1	  1	  2	  3	  3	  2	  2	  1	  1	  2
 45	  8	 43	 41	 42	 41	 42	 42	 41	 42	 42	 41	 40	 47	 39	 42	 40	 41	 46	 46	 46	 44	 48	 46	 47	 47	 48	 47	 47	 47	 48	 47	 46	 47	  1	  2	  2	  3	  4	  3	  3	  2	  2	  2	  3	  2
 46	 10	 44	 42	 43	 43	 43	 43	 43	 43	 43	 43	 41	 49	 40	 43	 41	 43	 47	 48	 48	 46	 49	 48	 48	 48	 50	 48	 48	 49	 49	 49	 48	 49	  3	  1	  1	  2	  2	  2	  2	  3	  1	  1	  2	  1	  2
 47	  9	 43	 42	 43	 42	 43	 42	 42	 42	 42	 42	 40	 48	 39	 43	 40	 42	 47	 47	 47	 45	 48	 47	 48	 47	 49	 47	 47	 48	 49	 48	 47	 48	  2	  1	  1	  2	  3	  3	  3	  2	  1	  1	  2	  1	  2	  1
 48	  9	 43	 41	 42	 42	 42	 42	 41	 42	 42	 41	 40	 47	 39	 42	 40	 42	 46	 46	 47	 44	 48	 47	 47	 47	 49	 47	 47	 47	 48	 48	 47	 47	  3	  2	  1	  1	  3	  3	  2	  1	  2	  2	  1	  1	  2	  2	  1
 49	 63	 37	 35	 35	 36	 35	 35	 35	 36	 35	 34	 36	 32	 38	 32	 34	 35	 38	 38	 38	 34	 34	 38	 37	 38	 37	 38	 38	 37	 38	 36	 37	 39	 68	 69	 68	 68	 70	 71	 67	 67	 69	 69	 68	 68	 68	 69	 68	 68
 50	 63	 37	 35	 35	 36	 35	 35	 35	 36	 35	 34	 36	 32	 38	 32	 34	 35	 38	 38	 38	 34	 34	 38	 37	 38	 37	 38	 38	 37	 38	 36	 37	 39	 68	 69	 68	 68	 70	 71	 67	 67	 69	 69	 68	 68	 68	 69	 68	 68	  1
