nVehicles:   9
nDepots:     1
nCustomers: 50
nPeriods:    6
VEHICLE_TYPE	FLEET_SIZE	CAPACITY
           4	         9	      38	
DEPOT   	X  	Y  	INV_COST	INITIAL_INV 	MIN_LEVEL_INV 	MAX_LEVEL_INV	PRODUCTION_0	PRODUCTION_1	PRODUCTION_2	PRODUCTION_3	PRODUCTION_4	PRODUCTION_5
       0	 24	245	       0	        312	            0	         1984	         337	         337	         337	         337	         337	         337	
CUSTOMER	X  	Y  	INV_COST	INITIAL_INV	MIN_LEVEL_INV 	MAX_LEVEL_INV	DEMAND_0	DEMAND_1	DEMAND_2	DEMAND_3	DEMAND_4	DEMAND_5
       1	481	 80	    0.14	         13	            0	           38	       9	       7	       7	       8	      10	      13
       2	462	 35	    0.18	          1	            0	           17	       8	       6	       8	       9	      13	       7
       3	472	 73	    0.16	          9	            0	           30	       5	       4	       4	       6	       8	       7
       4	495	 34	    0.28	          9	            0	           30	       7	       4	       5	       6	       7	       8
       5	486	 57	    0.06	          6	            0	            9	       5	       3	       3	       5	       5	       6
       6	490	 37	    0.18	          2	            0	           27	       8	       5	       6	       8	      10	       7
       7	464	 82	     0.1	          7	            0	           13	       5	       3	       4	       6	       5	       5
       8	479	 73	     0.2	          4	            0	           14	       4	       3	       4	       4	       5	       6
       9	461	 74	    0.13	          7	            0	           12	       6	       4	       5	       6	       7	       5
      10	488	 56	    0.02	          6	            0	           21	       6	       5	       5	       9	       9	       8
      11	485	 24	    0.25	          7	            0	           14	       9	       7	       8	       8	       9	      11
      12	484	 58	    0.25	          7	            0	           11	       4	       4	       3	       3	       5	       5
      13	488	 54	    0.21	          4	            0	           16	       5	       3	       4	       5	       6	       5
      14	483	 55	    0.29	          3	            0	           29	       8	       7	       7	       9	      14	      10
      15	451	  7	    0.24	          2	            0	           20	       6	       4	       4	       4	       5	       7
      16	465	103	    0.02	         10	            0	           29	       7	       5	       6	       9	       8	       6
      17	173	157	     0.1	          7	            0	           28	       5	       4	       4	       7	       6	       6
      18	191	177	    0.07	          2	            0	           25	       6	       4	       7	       9	       7	       5
      19	174	189	    0.19	          2	            0	           16	       7	       4	       6	       7	       9	       6
      20	209	231	    0.12	          9	            0	           34	       9	       7	       7	      11	      11	       6
      21	179	165	    0.13	         11	            0	           20	       6	       6	       5	       5	       8	       7
      22	180	171	    0.24	          8	            0	           27	       8	       8	       6	       8	      10	       9
      23	184	196	     0.3	          3	            0	           10	       6	       4	       6	       6	       9	       8
      24	242	221	    0.16	         11	            0	           35	       8	       7	       7	      12	      10	      11
      25	172	175	    0.14	          8	            0	           12	       6	       5	       6	       7	       7	       7
      26	190	190	    0.24	         13	            0	           50	      11	       6	       8	      10	      12	      13
      27	181	186	     0.2	         11	            0	           15	       6	       5	       4	       5	       7	       7
      28	146	194	     0.3	         10	            0	           10	       8	       5	       6	       7	       9	       8
      29	180	188	    0.18	          8	            0	           18	       7	       6	       5	       5	       8	       7
      30	176	211	    0.05	          4	            0	           17	       4	       3	       3	       5	       6	       6
      31	181	188	    0.12	          1	            0	           16	       9	       6	       8	      12	      10	       7
      32	184	188	    0.16	          7	            0	           49	       9	       7	       6	       8	      12	      10
      33	385	108	    0.27	          1	            0	           10	       6	       4	       3	       5	       6	       7
      34	383	110	    0.08	          1	            0	           30	       8	       7	       7	       9	      11	       7
      35	412	 90	    0.26	          2	            0	           21	       4	       3	       3	       4	       4	       6
      36	375	 78	    0.24	          5	            0	           25	       5	       4	       5	       7	       6	       4
      37	380	 77	    0.22	          9	            0	           25	       7	       5	       6	       7	       8	       5
      38	384	109	    0.02	         11	            0	           40	       8	       7	       6	       7	      11	      11
      39	371	 83	    0.08	          3	            0	           11	       7	       6	       8	      10	       8	       8
      40	398	 71	    0.02	          5	            0	            7	       5	       4	       4	       6	       6	       5
      41	378	 79	    0.28	          5	            0	           19	       7	       6	       7	       9	       9	       7
      42	333	108	    0.13	          4	            0	           32	       5	       4	       4	       7	       8	       7
      43	373	 90	    0.23	          5	            0	           31	       9	       6	       8	      10	      11	       9
      44	390	 89	    0.25	          7	            0	           19	       7	       5	       5	       6	       8	       8
      45	283	 87	    0.05	         15	            0	           21	       9	       8	       6	       8	      12	      12
      46	393	 95	    0.09	          8	            0	           36	       8	       6	       6	      12	      11	       7
      47	356	 76	    0.24	         13	            0	           52	       9	       6	       7	      10	      11	      14
      48	353	 93	    0.05	          3	            0	           26	       6	       5	       6	       8	       7	       8
      49	  0	  0	    0.13	          9	            0	           15	       6	       4	       4	       5	       6	       7
      50	  0	  0	    0.01	          7	            0	           14	       4	       3	       4	       4	       5	       6
COST_MATRIX 
	  0	  1	  2	  3	  4	  5	  6	  7	  8	  9	 10	 11	 12	 13	 14	 15	 16	 17	 18	 19	 20	 21	 22	 23	 24	 25	 26	 27	 28	 29	 30	 31	 32	 33	 34	 35	 36	 37	 38	 39	 40	 41	 42	 43	 44	 45	 46	 47	 48	 49	 50
  0
  1	 49
  2	 49	  5
  3	 48	  2	  4
  4	 52	  5	  4	  5
  5	 50	  3	  4	  3	  3
  6	 52	  5	  3	  5	  1	  3
  7	 47	  2	  5	  2	  6	  4	  6
  8	 49	  1	  5	  1	  5	  2	  4	  2
  9	 47	  3	  4	  2	  6	  4	  5	  1	  2
 10	 51	  3	  4	  3	  3	  1	  2	  4	  2	  4
 11	 52	  6	  3	  6	  2	  4	  2	  7	  5	  6	  4
 12	 50	  3	  4	  2	  3	  1	  3	  4	  2	  3	  1	  4
 13	 51	  3	  4	  3	  3	  1	  2	  4	  3	  4	  1	  4	  1
 14	 50	  3	  3	  3	  3	  1	  2	  4	  2	  3	  1	  4	  1	  1
 15	 49	  8	  4	  7	  6	  7	  5	  8	  8	  7	  7	  4	  7	  6	  6
 16	 47	  3	  7	  4	  8	  6	  8	  3	  4	  3	  6	  9	  5	  6	  6	 10
 17	 18	 32	 32	 32	 35	 33	 34	 31	 32	 30	 34	 34	 33	 34	 33	 32	 30
 18	 19	 31	 31	 30	 34	 32	 34	 29	 31	 29	 33	 34	 32	 33	 32	 32	 29	  3
 19	 17	 33	 33	 32	 36	 34	 36	 31	 33	 31	 35	 36	 34	 35	 34	 34	 31	  4	  3
 20	 19	 32	 33	 31	 35	 33	 35	 30	 32	 30	 33	 35	 33	 34	 33	 33	 29	  9	  6	  6
 21	 18	 32	 32	 31	 35	 33	 34	 30	 32	 30	 33	 34	 33	 33	 33	 32	 30	  2	  2	  3	  8
 22	 18	 32	 32	 31	 35	 33	 34	 30	 32	 30	 33	 34	 33	 33	 33	 32	 30	  2	  2	  2	  7	  1
 23	 17	 32	 33	 32	 36	 34	 35	 31	 32	 31	 34	 35	 34	 34	 34	 33	 30	  5	  3	  2	  5	  4	  3
 24	 22	 28	 29	 28	 32	 30	 31	 27	 28	 27	 30	 32	 30	 30	 30	 30	 26	 10	  7	  8	  4	  9	  8	  7
 25	 17	 33	 33	 32	 36	 34	 35	 31	 33	 31	 34	 35	 34	 34	 34	 33	 31	  2	  2	  2	  7	  2	  1	  3	  9
 26	 18	 32	 32	 31	 35	 33	 34	 30	 32	 30	 33	 34	 33	 33	 33	 32	 29	  4	  2	  2	  5	  3	  3	  1	  7	  3
 27	 17	 32	 32	 32	 35	 34	 35	 31	 32	 31	 34	 35	 33	 34	 33	 33	 30	  4	  2	  1	  6	  3	  2	  2	  8	  2	  1
 28	 14	 36	 36	 35	 39	 37	 38	 34	 36	 34	 37	 38	 37	 37	 37	 36	 34	  5	  5	  3	  8	  5	  5	  4	 10	  4	  5	  4
 29	 17	 32	 33	 32	 36	 34	 35	 31	 33	 31	 34	 35	 34	 34	 34	 33	 30	  4	  2	  1	  6	  3	  2	  1	  8	  2	  2	  1	  4
 30	 16	 34	 34	 33	 37	 35	 36	 32	 34	 32	 35	 37	 35	 35	 35	 35	 31	  6	  4	  3	  4	  5	  5	  2	  7	  4	  3	  3	  4	  3
 31	 17	 32	 32	 32	 35	 34	 35	 31	 32	 31	 34	 35	 33	 34	 33	 33	 30	  4	  2	  1	  6	  3	  2	  1	  7	  2	  1	  1	  4	  1	  3
 32	 17	 32	 32	 32	 35	 33	 35	 30	 32	 30	 34	 35	 33	 34	 33	 33	 30	  4	  2	  2	  5	  3	  2	  1	  7	  2	  1	  1	  4	  1	  3	  1
 33	 39	 11	 11	 10	 14	 12	 13	  9	 11	  9	 12	 14	 12	 12	 12	 13	  9	 22	 21	 23	 22	 22	 22	 22	 19	 23	 22	 22	 26	 23	 24	 22	 22
 34	 39	 11	 11	 10	 14	 12	 13	  9	 11	  9	 12	 14	 12	 12	 12	 13	  9	 22	 21	 23	 22	 22	 22	 22	 18	 23	 21	 22	 26	 22	 24	 22	 22	  1
 35	 42	  7	  8	  7	 11	  9	 10	  6	  7	  6	  9	 10	  8	  9	  8	 10	  6	 25	 24	 26	 25	 25	 25	 26	 22	 26	 25	 26	 29	 26	 27	 26	 25	  4	  4
 36	 39	 11	 10	 10	 13	 12	 13	  9	 11	  9	 12	 13	 12	 12	 12	 11	 10	 22	 21	 23	 23	 22	 22	 23	 20	 23	 22	 23	 26	 23	 24	 23	 23	  4	  4	  4
 37	 40	 11	 10	 10	 13	 11	 12	  9	 10	  9	 12	 12	 11	 12	 11	 10	  9	 23	 22	 24	 24	 22	 23	 23	 20	 23	 23	 23	 27	 23	 25	 23	 23	  4	  4	  4	  1
 38	 39	 11	 11	 10	 14	 12	 13	  9	 11	  9	 12	 14	 12	 12	 12	 13	  9	 22	 21	 23	 22	 22	 22	 22	 19	 23	 22	 22	 26	 22	 24	 22	 22	  1	  1	  4	  4	  4
 39	 39	 12	 11	 11	 14	 12	 13	 10	 11	 10	 13	 13	 12	 13	 12	 12	 10	 22	 21	 23	 22	 21	 22	 22	 19	 22	 22	 22	 26	 22	 24	 22	 22	  3	  3	  5	  1	  2	  3
 40	 42	  9	  8	  8	 11	  9	 10	  7	  9	  7	 10	 10	  9	 10	  9	  9	  8	 25	 24	 26	 25	 24	 24	 25	 22	 25	 24	 25	 29	 25	 27	 25	 25	  4	  5	  3	  3	  2	  5	  3
 41	 40	 11	 10	 10	 13	 12	 12	  9	 11	  9	 12	 13	 11	 12	 11	 11	 10	 22	 22	 24	 23	 22	 22	 23	 20	 23	 22	 23	 26	 23	 25	 23	 23	  3	  4	  4	  1	  1	  4	  1	  3
 42	 34	 16	 15	 15	 18	 17	 18	 14	 16	 14	 17	 18	 16	 17	 16	 16	 14	 17	 16	 18	 18	 17	 17	 18	 15	 18	 17	 18	 21	 18	 19	 18	 17	  6	  6	  9	  6	  6	  6	  5	  8	  6
 43	 39	 11	 11	 11	 14	 12	 13	 10	 11	  9	 12	 14	 12	 13	 12	 12	 10	 22	 21	 23	 22	 21	 21	 22	 19	 22	 21	 22	 25	 22	 24	 22	 22	  3	  3	  4	  2	  2	  3	  1	  4	  2	  5
 44	 40	 10	 10	  9	 12	 11	 12	  8	 10	  8	 11	 12	 10	 11	 10	 11	  8	 23	 22	 24	 24	 23	 23	 24	 20	 24	 23	 24	 27	 24	 25	 24	 23	  2	  3	  3	  2	  2	  3	  2	  2	  2	  7	  2
 45	 31	 20	 19	 19	 22	 21	 22	 19	 20	 18	 21	 22	 21	 21	 21	 19	 19	 14	 13	 15	 17	 14	 14	 15	 15	 15	 14	 15	 18	 15	 17	 15	 15	 11	 11	 13	 10	 10	 11	  9	 12	 10	  6	 10	 11
 46	 40	  9	 10	  9	 12	 11	 12	  8	  9	  8	 11	 12	 10	 11	 10	 11	  8	 23	 22	 24	 23	 23	 23	 24	 20	 24	 23	 24	 27	 24	 25	 24	 23	  2	  2	  2	  3	  3	  2	  3	  3	  3	  7	  3	  1	 12
 47	 38	 13	 12	 12	 15	 14	 14	 11	 13	 11	 14	 14	 13	 14	 13	 12	 12	 21	 20	 22	 22	 20	 21	 21	 19	 21	 21	 21	 25	 21	 23	 21	 21	  5	  5	  6	  2	  3	  5	  2	  5	  3	  4	  3	  4	  8	  5
 48	 37	 13	 13	 13	 16	 14	 15	 12	 13	 11	 14	 15	 14	 15	 14	 14	 12	 20	 19	 21	 20	 19	 19	 20	 17	 20	 19	 20	 24	 20	 22	 20	 20	  4	  4	  6	  3	  4	  4	  3	  6	  3	  3	  3	  4	  8	  5	  2
 49	 25	 49	 47	 48	 50	 49	 50	 48	 49	 47	 50	 49	 49	 50	 49	 46	 48	 24	 27	 26	 32	 25	 25	 27	 33	 25	 27	 26	 25	 27	 28	 27	 27	 40	 40	 43	 39	 39	 40	 39	 41	 39	 36	 39	 41	 30	 41	 37	 37
 50	 25	 49	 47	 48	 50	 49	 50	 48	 49	 47	 50	 49	 49	 50	 49	 46	 48	 24	 27	 26	 32	 25	 25	 27	 33	 25	 27	 26	 25	 27	 28	 27	 27	 40	 40	 43	 39	 39	 40	 39	 41	 39	 36	 39	 41	 30	 41	 37	 37	  1
