nVehicles:   49
nDepots:      1
nCustomers: 100
nPeriods:     6
VEHICLE_TYPE	FLEET_SIZE	CAPACITY
           2	        49	      18	
DEPOT   	X  	Y  	INV_COST	INITIAL_INV 	MIN_LEVEL_INV 	MAX_LEVEL_INV	PRODUCTION_0	PRODUCTION_1	PRODUCTION_2	PRODUCTION_3	PRODUCTION_4	PRODUCTION_5
       0	 43	296	       0	        555	            0	         4218	         706	         706	         706	         706	         706	         706	
CUSTOMER	X  	Y  	INV_COST	INITIAL_INV	MIN_LEVEL_INV 	MAX_LEVEL_INV	DEMAND_0	DEMAND_1	DEMAND_2	DEMAND_3	DEMAND_4	DEMAND_5
       1	276	352	    0.02	          3	            0	           28	       4	       4	       6	       6	       6	       5
       2	238	351	    0.01	          6	            0	           22	       6	       7	       8	       7	       8	       6
       3	370	347	    0.27	          9	            0	           14	       8	      12	      14	      10	       8	       7
       4	262	  1	    0.18	          7	            0	           25	       4	       4	       6	       5	       6	       5
       5	 61	 91	    0.11	          7	            0	           29	       6	       7	      11	      12	       9	       7
       6	 38	162	    0.05	          8	            0	           16	       5	       6	       6	       7	       7	       5
       7	391	320	    0.19	         10	            0	           23	       5	       8	       8	       8	       8	       6
       8	317	 34	    0.15	          1	            0	           38	       6	       9	       9	      10	       7	       5
       9	 36	452	    0.17	          2	            0	           18	       6	       7	       9	       8	       6	       5
      10	407	283	    0.12	          5	            0	           20	       4	       6	       6	       7	       6	       4
      11	166	349	    0.13	          2	            0	           32	       5	       7	      11	       7	       6	       6
      12	274	 87	    0.05	          4	            0	           38	       6	       8	      10	      11	      11	       8
      13	144	452	    0.08	         16	            0	           37	       8	      12	      10	      13	       8	       6
      14	189	  4	    0.16	          8	            0	           30	       6	       7	       8	       6	       5	       5
      15	270	184	    0.05	          3	            0	           38	       8	      10	      11	       9	       7	       7
      16	144	174	    0.08	          3	            0	           33	       5	       6	       8	       8	       7	       6
      17	293	352	    0.22	          6	            0	           30	       4	       5	       6	       7	       6	       4
      18	107	268	    0.23	          1	            0	           17	       4	       5	       5	       4	       3	       4
      19	325	318	    0.06	          2	            0	           15	       6	      10	      11	      11	       7	       6
      20	124	110	    0.02	         18	            0	           29	       7	      12	      14	      14	       9	       7
      21	128	 86	    0.16	         12	            0	           25	       5	       7	       7	       7	       6	       5
      22	 42	486	    0.27	          4	            0	           17	       6	       9	       8	       8	       5	       7
      23	484	376	    0.15	          1	            0	           13	       6	       9	      13	      11	      10	       6
      24	234	 69	     0.1	          2	            0	           26	       5	       6	       8	       6	       4	       4
      25	419	324	    0.06	         11	            0	           51	       6	       8	      12	      12	      12	       7
      26	249	 91	    0.12	          9	            0	           15	       6	      11	      10	      10	       6	       6
      27	400	414	    0.23	          2	            0	            9	       4	       5	       5	       4	       4	       3
      28	399	111	    0.24	         12	            0	           47	       7	       8	      10	       9	       7	       6
      29	 18	259	    0.16	          1	            0	           29	       4	       4	       5	       6	       5	       5
      30	 91	467	    0.14	          8	            0	           30	       5	       6	       8	       7	       7	       7
      31	 91	310	    0.04	          6	            0	           21	       3	       4	       6	       5	       5	       4
      32	465	170	    0.19	          8	            0	           11	       4	       8	       9	       7	       4	       5
      33	345	352	    0.24	          2	            0	           10	       6	      10	      10	       8	       6	       7
      34	412	120	    0.15	         18	            0	           27	       9	      11	      14	      11	       7	       7
      35	120	489	     0.1	         15	            0	           44	       7	       9	      12	      11	      10	       7
      36	435	345	    0.06	          7	            0	            7	       4	       6	       7	       6	       4	       4
      37	325	425	    0.02	          4	            0	            6	       3	       5	       6	       5	       4	       3
      38	181	414	    0.19	         13	            0	           35	       5	       8	       8	       6	       6	       7
      39	410	422	    0.26	          6	            0	            7	       3	       4	       5	       5	       5	       5
      40	 38	 48	    0.01	         10	            0	           29	       5	       6	       6	       5	       4	       5
      41	486	 24	    0.21	          9	            0	           53	       7	       9	      13	      13	      10	      11
      42	225	496	    0.04	          8	            0	           18	       5	       5	       7	       6	       4	       4
      43	 92	 56	    0.18	         14	            0	           50	       8	       7	      11	      11	       9	       7
      44	430	  5	    0.18	         10	            0	           33	       6	       7	       7	       6	       5	       4
      45	247	334	    0.27	          3	            0	           24	       7	      10	      12	       9	       7	       6
      46	495	270	    0.01	          5	            0	           33	       6	       8	       9	      12	       9	       5
      47	358	279	    0.26	          2	            0	           32	       5	       6	       8	       7	       6	       6
      48	184	254	    0.01	         12	            0	           33	       6	       8	      11	       9	       9	       7
      49	103	187	    0.26	         13	            0	           32	       6	       9	       9	       8	       9	       7
      50	 41	318	    0.23	          3	            0	           17	       3	       5	       5	       5	       4	       4
      51	264	362	    0.16	         17	            0	           17	       9	       8	      12	      13	      13	      11
      52	 93	 80	    0.08	          9	            0	           11	       4	       5	       6	       6	       5	       4
      53	 56	172	    0.03	          2	            0	           23	       4	       4	       7	       6	       5	       4
      54	177	155	    0.04	         16	            0	           52	       7	       9	      12	      10	       8	       8
      55	314	138	    0.04	          9	            0	           37	       6	       8	      11	      12	       9	       7
      56	352	249	    0.21	          3	            0	           32	       6	       7	       9	      10	       7	       7
      57	  3	252	    0.02	          4	            0	           33	       8	      11	      10	      10	       6	       6
      58	172	117	    0.05	          1	            0	           12	       4	       4	       6	       5	       5	       4
      59	116	281	    0.03	         11	            0	           32	       6	       8	      11	       8	       5	       6
      60	421	187	    0.14	         15	            0	           49	       8	      11	      14	      10	       9	       6
      61	437	423	    0.24	          7	            0	           18	       3	       5	       6	       5	       5	       4
      62	240	 61	       0	          8	            0	           33	       4	       7	       6	       6	       6	       5
      63	195	140	    0.14	          8	            0	           14	       5	       5	       7	       9	       7	       6
      64	442	414	    0.05	         13	            0	           24	       6	       8	       9	       8	       5	       4
      65	 97	244	    0.05	          5	            0	           50	       7	       9	      11	       9	       8	       8
      66	142	 98	    0.29	          2	            0	           14	       5	       7	       9	       7	       7	       5
      67	451	163	    0.13	          8	            0	           12	       5	       5	       6	       6	       5	       4
      68	205	455	    0.05	          1	            0	           23	       6	       7	      10	       7	       6	       8
      69	 97	320	    0.05	          1	            0	           15	       6	       9	      14	      11	       9	       6
      70	141	483	    0.05	          1	            0	           41	       5	      10	       8	       7	       4	       7
      71	 20	169	    0.24	          7	            0	           30	       6	       8	       8	       9	       6	       6
      72	 91	295	    0.07	         12	            0	           28	       6	       9	       8	      10	       7	       6
      73	135	  1	    0.18	          3	            0	            8	       3	       4	       5	       5	       4	       4
      74	 60	 45	     0.3	         13	            0	           32	       6	       7	       9	       9	       8	       6
      75	407	199	     0.1	          5	            0	           43	       6	      12	      12	       9	       9	       8
      76	134	430	    0.29	          8	            0	           19	       5	       6	       7	       8	       9	       8
      77	306	 82	    0.01	          7	            0	           24	       5	       6	       7	       8	       6	       6
      78	141	448	    0.22	          3	            0	           38	       6	      10	      11	       9	       7	       5
      79	187	 66	    0.24	          6	            0	           38	       5	       8	       9	       6	       5	       5
      80	335	 50	    0.22	          7	            0	           43	       7	       7	      10	       9	       9	       9
      81	116	375	    0.21	          7	            0	           20	       7	       9	      14	      13	       9	       6
      82	273	377	    0.22	          3	            0	           20	       4	       5	       7	       5	       3	       4
      83	287	 78	     0.1	          2	            0	           31	       5	       8	       7	       7	       5	       5
      84	232	256	    0.02	          8	            0	           28	       4	       5	       7	       6	       5	       5
      85	 52	152	    0.08	          8	            0	           20	       4	       5	       7	       8	       6	       4
      86	 10	475	    0.06	         11	            0	           42	       7	       9	       9	      10	       8	       5
      87	442	344	    0.22	          4	            0	           29	       4	       5	       5	       6	       5	       5
      88	240	470	    0.03	          8	            0	           15	       4	       5	       6	       8	       6	       5
      89	213	352	    0.25	          8	            0	           21	       4	       5	       6	       6	       5	       4
      90	448	186	    0.28	          2	            0	           24	       8	       9	      12	      11	       7	       7
      91	284	147	    0.24	          9	            0	           22	       5	       9	       8	      10	       7	       7
      92	487	187	    0.16	          1	            0	           21	       8	      11	      13	      12	      11	       7
      93	304	426	    0.23	         10	            0	           29	       5	       7	       8	       8	       6	       5
      94	371	390	    0.22	          8	            0	            8	       5	       7	       8	       7	       5	       4
      95	 26	 53	    0.02	          2	            0	           39	       4	       7	       7	       7	       9	       7
      96	282	282	    0.17	          9	            0	           40	       8	      12	      11	      10	      10	       8
      97	 54	 95	    0.05	          1	            0	           29	       5	       5	       7	       7	       6	       4
      98	345	225	    0.15	          1	            0	           16	       5	       8	      10	       7	       5	       4
      99	302	115	    0.13	         14	            0	           42	       7	      11	      12	       9	       7	       7
     100	144	 98	    0.16	          1	            0	           31	       4	       6	       7	       6	       6	       5
COST_MATRIX 
	  0	  1	  2	  3	  4	  5	  6	  7	  8	  9	 10	 11	 12	 13	 14	 15	 16	 17	 18	 19	 20	 21	 22	 23	 24	 25	 26	 27	 28	 29	 30	 31	 32	 33	 34	 35	 36	 37	 38	 39	 40	 41	 42	 43	 44	 45	 46	 47	 48	 49	 50	 51	 52	 53	 54	 55	 56	 57	 58	 59	 60	 61	 62	 63	 64	 65	 66	 67	 68	 69	 70	 71	 72	 73	 74	 75	 76	 77	 78	 79	 80	 81	 82	 83	 84	 85	 86	 87	 88	 89	 90	 91	 92	 93	 94	 95	 96	 97	 98	 99	100
  0
  1	 24
  2	 21	  4
  3	 34	 10	 14
  4	 37	 36	 36	 37
  5	 21	 34	 32	 41	 23
  6	 14	 31	 28	 39	 28	  8
  7	 35	 12	 16	  4	 35	 41	 39
  8	 38	 33	 33	 32	  7	 27	 31	 30
  9	 16	 27	 23	 36	 51	 37	 30	 38	 51
 10	 37	 15	 19	  8	 32	 40	 39	  5	 27	 41
 11	 14	 12	  8	 21	 37	 28	 23	 23	 35	 17	 25
 12	 32	 27	 27	 28	  9	 22	 25	 27	  7	 44	 24	 29
 13	 19	 17	 14	 25	 47	 38	 31	 29	 46	 11	 32	 11	 39
 14	 33	 36	 36	 39	  8	 16	 22	 38	 14	 48	 36	 35	 12	 46
 15	 26	 17	 18	 20	 19	 23	 24	 19	 16	 36	 17	 20	 10	 30	 20
 16	 16	 23	 21	 29	 21	 12	 11	 29	 23	 30	 29	 18	 16	 28	 18	 13
 17	 26	  2	  6	  8	 36	 35	 32	 11	 32	 28	 14	 13	 27	 18	 37	 17	 24
 18	  7	 19	 16	 28	 31	 19	 13	 29	 32	 20	 31	 11	 25	 19	 28	 19	 11	 21
 19	 29	  6	 10	  6	 33	 35	 33	  7	 29	 32	  9	 17	 24	 23	 35	 15	 24	  5	 23
 20	 21	 29	 27	 35	 18	  7	 11	 34	 21	 36	 34	 25	 16	 35	 13	 17	  7	 30	 16	 29
 21	 23	 31	 29	 36	 16	  7	 12	 36	 20	 38	 35	 27	 15	 37	 11	 18	  9	 32	 19	 31	  3
 22	 20	 27	 24	 36	 54	 40	 33	 39	 53	  4	 42	 19	 47	 11	 51	 38	 33	 29	 23	 33	 39	 41
 23	 45	 21	 25	 12	 44	 52	 50	 11	 39	 46	 13	 32	 36	 35	 48	 29	 40	 20	 40	 17	 45	 46	 46
 24	 30	 29	 29	 31	  8	 18	 22	 30	 10	 44	 28	 29	  5	 40	  8	 13	 14	 29	 24	 27	 12	 11	 46	 40
 25	 38	 15	 19	  6	 36	 43	 42	  3	 31	 41	  5	 26	 28	 31	 40	 21	 32	 13	 32	 10	 37	 38	 42	  9	 32
 26	 30	 27	 27	 29	 10	 19	 23	 27	  9	 42	 25	 28	  3	 38	 11	 10	 14	 27	 23	 24	 13	 13	 45	 37	  3	 29
 27	 38	 14	 18	  8	 44	 47	 45	 10	 39	 37	 14	 25	 36	 26	 47	 27	 36	 13	 33	 13	 42	 43	 37	 10	 39	 10	 36
 28	 41	 28	 29	 24	 18	 34	 37	 21	 12	 50	 18	 34	 13	 43	 24	 15	 27	 27	 34	 22	 28	 28	 52	 28	 18	 22	 16	 31
 29	  5	 28	 24	 37	 36	 18	 10	 38	 38	 20	 39	 18	 31	 24	 31	 27	 16	 30	  9	 32	 19	 21	 23	 49	 29	 41	 29	 42	 41
 30	 18	 22	 19	 31	 50	 38	 31	 34	 49	  6	 37	 14	 43	  6	 48	 34	 30	 24	 20	 28	 36	 39	  6	 41	 43	 36	 41	 32	 48	 23
 31	  6	 19	 16	 29	 36	 23	 16	 31	 36	 16	 32	  9	 29	 16	 33	 22	 15	 21	  5	 24	 21	 23	 19	 40	 29	 33	 28	 33	 37	  9	 16
 32	 45	 27	 30	 21	 27	 42	 43	 17	 21	 52	 13	 35	 21	 43	 33	 20	 33	 26	 38	 21	 35	 35	 53	 21	 26	 17	 23	 26	  9	 46	 48	 40
 33	 31	  7	 11	  3	 37	 39	 37	  6	 32	 33	 10	 18	 28	 23	 39	 19	 27	  6	 26	  4	 33	 35	 34	 15	 31	  8	 28	  9	 25	 34	 28	 26	 22
 34	 41	 27	 29	 24	 20	 36	 38	 21	 13	 51	 17	 34	 15	 43	 26	 16	 28	 27	 34	 22	 29	 29	 53	 27	 19	 21	 17	 30	  2	 42	 48	 38	  8	 25
 35	 21	 21	 19	 29	 51	 41	 34	 32	 50	 10	 36	 15	 44	  5	 49	 34	 32	 23	 23	 27	 38	 41	  8	 39	 44	 35	 42	 29	 47	 26	  4	 19	 47	 27	 48
 36	 40	 16	 20	  7	 39	 46	 44	  6	 34	 42	  7	 27	 31	 32	 43	 24	 34	 15	 34	 12	 39	 41	 42	  6	 35	  3	 32	  8	 24	 43	 37	 35	 18	 10	 23	 35
 37	 32	  9	 12	 10	 43	 43	 39	 13	 40	 30	 17	 18	 35	 19	 45	 25	 31	  8	 27	 11	 38	 40	 29	 17	 37	 14	 35	  8	 33	 35	 24	 27	 30	  8	 32	 22	 14
 38	 19	 12	  9	 21	 43	 35	 29	 24	 41	 15	 27	  7	 34	  6	 42	 25	 25	 13	 17	 18	 31	 34	 16	 31	 35	 26	 34	 22	 38	 23	 11	 14	 38	 18	 38	 10	 27	 15
 39	 39	 16	 19	  9	 45	 49	 46	 11	 40	 38	 14	 26	 37	 27	 48	 28	 37	 14	 34	 14	 43	 44	 38	  9	 40	 10	 37	  2	 32	 43	 33	 34	 26	 10	 31	 30	  9	  9	 23
 40	 25	 39	 37	 45	 23	  5	 12	 45	 28	 41	 44	 33	 24	 42	 16	 27	 17	 40	 24	 40	 11	 10	 44	 56	 20	 48	 22	 52	 37	 22	 43	 27	 45	 44	 39	 45	 50	 48	 40	 53
 41	 52	 39	 42	 35	 23	 44	 47	 32	 17	 63	 28	 46	 23	 55	 30	 27	 38	 39	 46	 34	 38	 37	 65	 36	 26	 31	 25	 40	 13	 53	 60	 49	 15	 36	 13	 60	 33	 44	 50	 41	 45
 42	 28	 16	 15	 21	 50	 44	 39	 25	 48	 20	 29	 16	 42	 10	 50	 32	 34	 16	 26	 21	 40	 43	 19	 29	 43	 26	 41	 20	 43	 32	 14	 23	 41	 19	 42	 11	 26	 13	 10	 20	 49	 54
 43	 25	 35	 33	 41	 18	  5	 12	 40	 23	 40	 39	 31	 19	 40	 12	 22	 13	 36	 22	 36	  7	  5	 44	 51	 15	 43	 17	 48	 32	 22	 42	 26	 40	 39	 33	 44	 45	 44	 37	 49	  6	 40	 46
 44	 49	 38	 40	 35	 17	 38	 43	 32	 12	 60	 28	 44	 18	 54	 25	 25	 34	 38	 42	 34	 33	 32	 62	 38	 21	 32	 21	 42	 12	 49	 58	 46	 17	 36	 12	 58	 35	 44	 48	 42	 40	  6	 54	 35
 45	 21	  4	  2	 13	 34	 31	 28	 15	 31	 25	 17	  9	 25	 16	 34	 16	 20	  5	 16	  8	 26	 28	 26	 25	 27	 18	 25	 18	 27	 25	 21	 16	 28	 10	 28	 21	 19	 12	 11	 19	 36	 40	 17	 32	 38
 46	 46	 24	 27	 15	 36	 47	 47	 12	 30	 50	  9	 34	 29	 40	 41	 25	 37	 22	 39	 18	 41	 42	 51	 11	 33	 10	 31	 18	 19	 48	 45	 41	 11	 18	 18	 44	 10	 24	 35	 18	 51	 25	 36	 46	 28	 26
 47	 32	 11	 14	  7	 30	 36	 35	  6	 25	 37	  5	 21	 21	 28	 33	 13	 24	 10	 26	  6	 29	 31	 38	 16	 25	  8	 22	 15	 18	 35	 33	 27	 16	  8	 17	 32	 11	 15	 23	 16	 40	 29	 26	 35	 29	 13	 14
 48	 15	 14	 12	 21	 27	 21	 18	 22	 26	 25	 23	 10	 19	 21	 26	 12	  9	 15	  8	 16	 16	 18	 28	 33	 20	 25	 18	 27	 26	 17	 24	 11	 30	 19	 27	 25	 27	 23	 17	 29	 26	 38	 25	 22	 36	 11	 32	 18
 49	 13	 24	 22	 32	 25	 11	  7	 32	 27	 28	 32	 18	 20	 27	 21	 17	  5	 26	  9	 26	  8	 11	 31	 43	 18	 35	 18	 38	 31	 12	 29	 13	 37	 30	 32	 31	 37	 33	 25	 39	 16	 42	 34	 14	 38	 21	 41	 28	 11
 50	  3	 24	 20	 34	 39	 23	 16	 36	 40	 14	 37	 13	 33	 17	 35	 27	 18	 26	  9	 29	 23	 25	 17	 45	 32	 38	 31	 38	 42	  7	 16	  6	 45	 31	 43	 19	 40	 31	 17	 39	 28	 54	 26	 27	 50	 21	 46	 32	 16	 15
 51	 24	  2	  3	 11	 37	 34	 31	 14	 34	 25	 17	 10	 28	 16	 37	 18	 23	  4	 19	  8	 29	 31	 26	 23	 30	 16	 28	 15	 29	 27	 21	 19	 28	  9	 29	 20	 18	  9	 10	 16	 39	 41	 14	 36	 40	  4	 25	 13	 14	 24	 23
 52	 23	 33	 31	 39	 19	  4	 10	 39	 23	 38	 38	 28	 19	 38	 13	 21	 11	 34	 19	 34	  5	  4	 41	 50	 15	 41	 16	 46	 31	 20	 39	 24	 39	 38	 33	 41	 44	 42	 35	 47	  7	 40	 44	  3	 35	 30	 45	 34	 20	 11	 25	 33
 53	 13	 29	 26	 36	 27	  9	  3	 37	 30	 29	 37	 21	 24	 30	 22	 22	  9	 30	 11	 31	 10	 12	 32	 48	 21	 40	 21	 43	 35	 10	 30	 15	 41	 35	 36	 33	 42	 37	 28	 44	 13	 46	 37	 13	 41	 26	 45	 33	 16	  5	 15	 29	 10
 54	 20	 23	 21	 28	 18	 14	 14	 28	 19	 33	 27	 20	 12	 30	 16	 10	  4	 23	 14	 23	  7	  9	 36	 38	 11	 30	 10	 35	 23	 19	 33	 18	 29	 26	 24	 34	 33	 31	 26	 36	 18	 34	 35	 14	 30	 20	 34	 22	 10	  9	 22	 23	 12	 13
 55	 32	 22	 23	 22	 15	 26	 28	 20	 11	 42	 18	 26	  7	 36	 19	  7	 18	 22	 25	 19	 20	 20	 45	 30	 11	 22	  9	 29	  9	 32	 40	 29	 16	 22	 10	 41	 24	 29	 31	 30	 30	 21	 37	 24	 18	 21	 23	 15	 18	 22	 33	 23	 23	 27	 14
 56	 32	 13	 16	 10	 27	 34	 33	  9	 22	 38	  7	 22	 18	 30	 30	 11	 23	 12	 25	  8	 27	 28	 40	 19	 22	 11	 19	 18	 15	 34	 35	 27	 14	 11	 15	 34	 13	 18	 24	 19	 38	 27	 28	 33	 26	 14	 15	  4	 17	 26	 32	 15	 31	 31	 20	 12
 57	  6	 30	 26	 38	 37	 18	 10	 40	 39	 21	 41	 19	 32	 25	 32	 28	 17	 31	 11	 33	 19	 21	 24	 50	 30	 43	 30	 43	 43	  2	 24	 11	 47	 36	 43	 27	 45	 37	 25	 45	 21	 54	 33	 22	 50	 26	 50	 36	 19	 12	  8	 29	 20	 10	 20	 34	 35
 58	 23	 26	 25	 31	 15	 12	 15	 30	 17	 37	 29	 24	 11	 34	 12	 12	  7	 27	 17	 26	  5	  6	 40	 41	  8	 33	  9	 38	 23	 21	 36	 21	 30	 30	 25	 38	 35	 35	 30	 39	 16	 33	 39	 11	 29	 23	 36	 25	 14	 10	 24	 27	  9	 13	  4	 15	 23	 22
 59	  8	 18	 15	 27	 32	 20	 15	 28	 32	 19	 30	  9	 26	 18	 29	 19	 12	 20	  2	 22	 18	 20	 22	 39	 25	 31	 24	 32	 34	 11	 19	  4	 37	 24	 34	 21	 33	 26	 15	 33	 25	 46	 25	 23	 42	 15	 38	 25	  8	 10	  9	 17	 21	 13	 14	 25	 24	 12	 18
 60	 40	 22	 25	 17	 25	 38	 39	 14	 19	 47	 10	 31	 18	 39	 30	 16	 28	 21	 33	 17	 31	 31	 49	 20	 23	 14	 20	 23	  8	 41	 44	 36	  5	 19	  7	 43	 16	 26	 34	 24	 41	 18	 37	 36	 19	 23	 12	 12	 25	 32	 41	 24	 35	 37	 25	 12	 10	 43	 26	 32
 61	 42	 18	 22	 11	 46	 51	 48	 12	 41	 41	 15	 29	 38	 30	 49	 30	 39	 17	 37	 16	 45	 46	 40	  7	 41	 11	 39	  4	 32	 45	 35	 37	 26	 12	 31	 33	  8	 12	 26	  3	 55	 41	 23	 51	 42	 21	 17	 17	 31	 41	 41	 19	 49	 46	 38	 32	 20	 47	 41	 36	 24
 62	 31	 30	 30	 32	  7	 19	 23	 30	  9	 45	 28	 30	  5	 41	  8	 13	 15	 30	 25	 28	 13	 12	 47	 40	  2	 32	  4	 39	 17	 30	 44	 30	 26	 31	 19	 45	 35	 38	 36	 40	 21	 25	 44	 15	 20	 28	 33	 25	 21	 19	 33	 31	 15	 22	 12	 11	 22	 31	  9	 26	 23	 42
 63	 22	 23	 22	 28	 16	 15	 16	 27	 17	 36	 26	 22	 10	 32	 14	  9	  7	 24	 16	 23	  8	  9	 38	 38	  9	 29	  8	 35	 21	 22	 35	 20	 28	 26	 22	 36	 32	 32	 28	 36	 19	 32	 36	 14	 28	 21	 33	 22	 12	 11	 24	 24	 12	 15	  3	 12	 20	 23	  4	 17	 24	 38	 10
 64	 42	 18	 22	 10	 46	 50	 48	 11	 41	 41	 14	 29	 37	 31	 49	 29	 39	 17	 37	 16	 44	 46	 41	  6	 41	 10	 38	  5	 31	 46	 36	 37	 25	 12	 30	 34	  7	 12	 27	  4	 55	 40	 24	 51	 41	 22	 16	 16	 31	 41	 42	 19	 49	 46	 38	 31	 19	 47	 41	 36	 23	  2	 41	 37
 65	  8	 21	 18	 30	 30	 16	 11	 31	 31	 22	 32	 13	 24	 22	 26	 19	  9	 23	  3	 24	 14	 17	 25	 41	 23	 34	 22	 35	 33	  9	 23	  7	 38	 28	 34	 25	 36	 30	 19	 37	 21	 45	 29	 19	 41	 18	 40	 27	  9	  6	 10	 21	 17	  9	 12	 25	 26	 10	 15	  5	 33	 39	 24	 15	 39
 66	 23	 29	 28	 34	 16	  9	 13	 34	 19	 37	 33	 26	 14	 36	 11	 16	  8	 30	 18	 29	  3	  2	 41	 45	 10	 36	 11	 41	 26	 21	 38	 22	 34	 33	 28	 40	 39	 38	 32	 43	 12	 36	 41	  7	 31	 26	 40	 29	 17	 10	 25	 30	  6	 12	  7	 18	 26	 21	  4	 19	 30	 44	 11	  7	 44	 16
 67	 43	 26	 29	 21	 25	 40	 42	 17	 19	 51	 13	 35	 20	 43	 31	 19	 31	 25	 36	 20	 34	 34	 53	 22	 24	 17	 22	 26	  8	 45	 48	 39	  2	 22	  6	 47	 19	 30	 37	 27	 43	 15	 41	 38	 16	 27	 12	 15	 29	 35	 44	 28	 37	 40	 28	 14	 14	 46	 29	 36	  4	 27	 24	 26	 26	 37	 32
 68	 23	 13	 11	 20	 46	 40	 34	 23	 44	 17	 27	 12	 38	  7	 46	 28	 29	 14	 22	 19	 36	 38	 17	 29	 39	 26	 37	 20	 40	 28	 12	 19	 39	 18	 40	 10	 26	 13	  5	 21	 44	 52	  5	 42	 51	 13	 35	 24	 21	 29	 22	 12	 40	 32	 31	 34	 26	 29	 34	 20	 35	 24	 40	 32	 25	 24	 37	 39
 69	  6	 19	 15	 28	 36	 24	 17	 30	 37	 15	 32	  8	 30	 15	 33	 23	 16	 20	  6	 23	 22	 24	 18	 40	 29	 33	 28	 32	 37	 10	 15	  2	 40	 26	 38	 18	 34	 26	 13	 33	 28	 49	 22	 27	 46	 16	 41	 27	 11	 14	  6	 18	 25	 16	 19	 29	 27	 12	 22	  5	 36	 36	 30	 21	 36	  8	 23	 39	 18
 70	 22	 19	 17	 27	 50	 41	 34	 30	 49	 11	 34	 14	 42	  4	 49	 33	 31	 21	 22	 25	 38	 40	 10	 36	 43	 33	 41	 27	 46	 26	  6	 19	 46	 25	 46	  3	 33	 20	  8	 28	 45	 58	  9	 43	 56	 19	 42	 30	 24	 30	 20	 18	 41	 33	 33	 39	 32	 27	 37	 21	 41	 31	 44	 35	 31	 25	 39	 45	  7	 17
 71	 13	 32	 29	 40	 30	  9	  2	 41	 33	 29	 41	 24	 27	 31	 24	 26	 13	 33	 14	 34	 12	 14	 32	 51	 24	 43	 25	 46	 39	 10	 31	 16	 45	 38	 40	 34	 46	 40	 30	 47	 13	 49	 39	 14	 45	 29	 49	 36	 19	  9	 16	 32	 12	  4	 16	 30	 35	  9	 17	 15	 41	 49	 25	 18	 49	 11	 15	 44	 35	 17	 34
 72	  5	 20	 16	 29	 35	 21	 15	 31	 35	 17	 32	 10	 28	 17	 31	 22	 14	 21	  4	 24	 19	 22	 20	 41	 27	 33	 26	 34	 36	  9	 18	  2	 40	 27	 37	 20	 35	 27	 15	 35	 26	 48	 25	 24	 45	 17	 41	 27	 11	 11	  6	 19	 22	 13	 17	 28	 27	 10	 20	  3	 35	 37	 28	 19	 38	  6	 21	 39	 20	  3	 20	 15
 73	 31	 38	 37	 42	 13	 12	 19	 41	 19	 47	 40	 35	 17	 46	  6	 23	 18	 39	 27	 37	 11	  9	 50	 52	 13	 44	 15	 50	 29	 29	 47	 32	 38	 41	 31	 49	 46	 47	 42	 51	 11	 36	 51	  7	 30	 36	 45	 36	 26	 19	 34	 39	  9	 19	 16	 23	 33	 29	 13	 29	 35	 52	 13	 16	 52	 25	 10	 36	 46	 33	 49	 21	 30
 74	 26	 38	 36	 44	 21	  5	 12	 44	 26	 41	 43	 33	 22	 42	 14	 26	 16	 39	 23	 39	 10	  8	 45	 54	 18	 46	 20	 51	 35	 22	 43	 27	 43	 42	 36	 45	 49	 47	 39	 52	  3	 43	 49	  4	 38	 35	 49	 38	 25	 15	 28	 38	  5	 13	 17	 28	 36	 22	 14	 25	 39	 54	 19	 17	 54	 21	 10	 41	 44	 28	 45	 14	 26	  9
 75	 38	 21	 23	 16	 25	 37	 38	 13	 19	 45	  9	 29	 18	 37	 30	 14	 27	 20	 31	 15	 30	 31	 47	 20	 22	 13	 20	 22	  9	 40	 42	 34	  7	 17	  8	 41	 15	 25	 32	 23	 40	 20	 35	 35	 20	 21	 12	 10	 23	 31	 39	 22	 34	 36	 24	 12	  8	 41	 25	 31	  2	 23	 22	 23	 22	 32	 29	  6	 33	 34	 39	 39	 34	 34	 38
 76	 17	 17	 14	 26	 45	 35	 29	 28	 44	 11	 32	  9	 38	  3	 43	 29	 26	 18	 17	 23	 33	 35	 11	 36	 38	 31	 36	 27	 42	 21	  6	 13	 43	 23	 42	  7	 32	 20	  5	 28	 40	 54	 12	 38	 52	 15	 40	 28	 19	 25	 15	 15	 36	 27	 28	 35	 29	 23	 32	 16	 38	 31	 39	 30	 31	 19	 34	 42	  8	 12	  6	 29	 15	 43	 40	 36
 77	 34	 28	 28	 28	 10	 25	 28	 26	  5	 46	 23	 31	  4	 41	 15	 11	 19	 28	 28	 24	 19	 18	 49	 35	  8	 27	  6	 35	 10	 34	 45	 32	 19	 28	 12	 45	 30	 35	 36	 36	 28	 19	 43	 22	 15	 26	 27	 21	 22	 23	 36	 29	 22	 27	 15	  6	 18	 35	 14	 28	 16	 37	  7	 13	 36	 27	 17	 17	 39	 32	 44	 30	 31	 19	 25	 16	 39
 78	 19	 17	 14	 26	 47	 37	 31	 29	 45	 11	 32	 11	 39	  1	 45	 30	 28	 18	 19	 23	 34	 37	 11	 36	 40	 31	 38	 27	 43	 23	  6	 15	 43	 23	 43	  5	 32	 19	  6	 28	 42	 55	 10	 40	 53	 16	 40	 28	 20	 27	 17	 16	 38	 29	 30	 36	 30	 24	 34	 17	 39	 30	 40	 32	 31	 21	 36	 43	  7	 14	  4	 31	 17	 45	 42	 37	  2	 41
 79	 28	 30	 29	 34	 10	 13	 18	 33	 14	 42	 31	 29	  9	 39	  7	 15	 12	 31	 22	 29	  8	  7	 45	 43	  5	 35	  7	 41	 22	 26	 42	 27	 30	 33	 24	 43	 38	 39	 35	 43	 16	 31	 44	 10	 26	 28	 37	 28	 19	 15	 30	 31	 10	 17	  9	 15	 25	 27	  6	 23	 27	 44	  6	  8	 44	 20	  6	 29	 39	 27	 42	 20	 25	  9	 13	 26	 37	 13	 39
 80	 39	 31	 32	 30	  9	 28	 32	 28	  3	 51	 25	 35	  8	 45	 16	 15	 23	 31	 32	 27	 22	 22	 53	 36	 11	 29	 10	 37	  9	 38	 49	 36	 18	 31	 11	 49	 32	 38	 40	 38	 30	 16	 46	 25	 11	 30	 28	 24	 26	 27	 40	 32	 25	 31	 19	 10	 20	 39	 18	 32	 17	 39	 10	 17	 38	 31	 20	 17	 43	 36	 48	 34	 35	 21	 28	 17	 43	  5	 45	 15
 81	 11	 17	 13	 26	 41	 29	 23	 29	 40	 12	 31	  6	 33	  9	 38	 25	 21	 18	 11	 22	 27	 29	 14	 37	 33	 31	 32	 29	 39	 16	 10	  7	 41	 24	 40	 12	 33	 22	  8	 30	 34	 52	 17	 32	 49	 14	 40	 27	 14	 19	 10	 15	 30	 22	 23	 31	 27	 17	 27	 10	 36	 33	 34	 25	 33	 14	 28	 40	 12	  6	 12	 23	  9	 38	 34	 35	  6	 35	  8	 32	 40
 82	 25	  3	  5	 11	 38	 36	 32	 14	 35	 25	 17	 12	 30	 15	 39	 20	 25	  4	 20	  8	 31	 33	 26	 22	 32	 16	 29	 14	 30	 29	 21	 20	 29	  8	 30	 19	 17	  8	 10	 15	 41	 42	 13	 37	 41	  6	 25	 13	 16	 26	 24	  2	 35	 30	 25	 25	 16	 30	 28	 19	 25	 18	 32	 25	 18	 23	 31	 28	 11	 19	 17	 33	 20	 41	 40	 23	 15	 30	 15	 33	 34	 16
 83	 33	 28	 28	 29	  9	 23	 27	 27	  6	 46	 24	 30	  2	 41	 13	 11	 18	 28	 27	 25	 17	 16	 48	 36	  6	 28	  5	 36	 12	 33	 44	 31	 21	 29	 14	 45	 31	 35	 36	 37	 26	 21	 43	 20	 17	 26	 29	 22	 21	 22	 35	 29	 20	 25	 14	  7	 19	 34	 13	 27	 18	 38	  5	 12	 38	 26	 15	 19	 39	 31	 44	 29	 30	 18	 23	 18	 39	  2	 40	 11	  6	 35	 30
 84	 20	 11	 10	 17	 26	 24	 22	 18	 24	 28	 18	 12	 18	 22	 26	  9	 13	 12	 13	 12	 19	 20	 30	 28	 19	 20	 17	 24	 23	 22	 26	 16	 25	 15	 23	 26	 23	 20	 17	 25	 29	 35	 25	 25	 32	  8	 27	 13	  5	 15	 21	 12	 23	 20	 12	 15	 13	 23	 16	 12	 21	 27	 20	 13	 27	 14	 19	 24	 21	 15	 25	 23	 15	 28	 28	 19	 20	 19	 22	 20	 24	 17	 13	 19
 85	 15	 31	 28	 38	 26	  7	  2	 38	 30	 31	 38	 23	 24	 32	 21	 23	 10	 32	 13	 32	  9	 11	 34	 49	 21	 41	 21	 44	 35	 12	 32	 17	 42	 36	 37	 35	 43	 39	 30	 45	 11	 46	 39	 11	 41	 27	 46	 34	 17	  7	 17	 30	  9	  3	 13	 27	 32	 12	 13	 15	 38	 48	 21	 15	 47	 11	 11	 40	 34	 18	 35	  4	 15	 18	 11	 36	 29	 27	 31	 17	 31	 24	 32	 25	 21
 86	 19	 30	 26	 39	 54	 39	 32	 42	 54	  4	 45	 21	 47	 14	 51	 40	 33	 31	 23	 36	 39	 41	  4	 49	 47	 44	 46	 40	 54	 22	  9	 19	 55	 36	 54	 12	 45	 32	 19	 41	 43	 66	 22	 43	 64	 28	 53	 40	 29	 31	 17	 28	 41	 31	 37	 46	 41	 23	 40	 23	 51	 44	 48	 39	 44	 25	 40	 55	 20	 18	 14	 31	 20	 50	 44	 49	 14	 50	 14	 45	 54	 15	 29	 49	 32	 33
 87	 41	 17	 21	  8	 39	 46	 45	  6	 34	 43	  8	 28	 31	 32	 43	 24	 35	 15	 35	 12	 40	 41	 43	  6	 35	  4	 32	  9	 24	 44	 38	 36	 18	 10	 23	 36	  1	 15	 28	  9	 51	 33	 27	 46	 34	 20	 10	 11	 28	 38	 41	 18	 44	 43	 33	 25	 14	 45	 36	 34	 16	  8	 35	 33	  8	 36	 39	 19	 27	 35	 34	 46	 36	 47	 49	 15	 32	 30	 32	 38	 32	 33	 18	 31	 23	 44	 46
 88	 27	 13	 12	 18	 47	 42	 37	 22	 45	 21	 26	 15	 39	 10	 47	 29	 32	 13	 25	 18	 38	 41	 20	 27	 41	 24	 38	 17	 40	 31	 15	 22	 38	 16	 39	 13	 24	 10	  9	 18	 47	 51	  4	 44	 51	 14	 33	 23	 23	 32	 26	 12	 42	 36	 33	 35	 25	 33	 36	 23	 34	 21	 41	 34	 21	 27	 39	 38	  4	 21	 10	 38	 23	 49	 47	 32	 12	 40	 11	 41	 44	 16	 10	 40	 22	 37	 24	 24
 89	 18	  7	  3	 16	 36	 31	 26	 19	 34	 21	 21	  5	 28	 13	 35	 18	 20	  9	 14	 12	 26	 28	 22	 28	 29	 21	 27	 20	 31	 22	 17	 13	 32	 14	 31	 17	 23	 14	  7	 21	 36	 43	 15	 32	 41	  4	 30	 17	 11	 20	 18	  6	 30	 24	 21	 24	 18	 24	 24	 13	 27	 24	 30	 22	 24	 16	 27	 31	 11	 13	 15	 27	 14	 36	 35	 25	 12	 29	 13	 29	 33	 10	  7	 29	 10	 26	 24	 23	 13
 90	 42	 24	 27	 18	 27	 40	 42	 15	 21	 50	 11	 33	 21	 41	 32	 18	 31	 23	 36	 19	 34	 34	 51	 20	 25	 15	 23	 24	  9	 44	 46	 38	  3	 20	  8	 45	 16	 27	 36	 24	 44	 17	 39	 38	 19	 25	 10	 13	 28	 35	 43	 26	 38	 40	 28	 15	 12	 45	 29	 35	  3	 24	 25	 26	 23	 36	 32	  3	 37	 38	 43	 43	 38	 37	 42	  5	 40	 18	 41	 29	 18	 39	 26	 20	 23	 40	 53	 16	 36	 29
 91	 29	 21	 21	 22	 15	 23	 25	 21	 12	 40	 19	 24	  7	 34	 18	  4	 15	 21	 22	 18	 17	 17	 42	 31	 10	 23	  7	 30	 13	 29	 38	 26	 19	 22	 14	 38	 25	 29	 29	 31	 27	 24	 36	 22	 21	 20	 25	 16	 15	 19	 30	 22	 21	 23	 11	  4	 13	 30	 12	 22	 15	 32	 10	  9	 32	 22	 16	 17	 32	 26	 37	 27	 25	 21	 25	 14	 33	  7	 34	 13	 11	 29	 24	  7	 13	 24	 43	 26	 33	 22	 17
 92	 46	 27	 30	 20	 30	 44	 45	 17	 23	 53	 13	 36	 24	 44	 35	 22	 35	 26	 39	 21	 38	 38	 54	 19	 28	 16	 26	 25	 12	 48	 49	 42	  3	 22	 11	 48	 17	 29	 39	 25	 48	 17	 41	 42	 20	 29	  9	 16	 32	 39	 47	 29	 41	 44	 32	 18	 15	 49	 33	 39	  7	 25	 28	 30	 24	 40	 36	  5	 39	 42	 46	 47	 42	 40	 45	  9	 43	 21	 44	 33	 21	 42	 29	 23	 27	 44	 56	 17	 38	 32	  4	 21
 93	 30	  8	 10	 11	 43	 42	 38	 14	 40	 27	 18	 16	 35	 17	 44	 25	 30	  8	 26	 12	 37	 39	 27	 19	 37	 16	 34	 10	 33	 34	 22	 25	 31	  9	 33	 20	 16	  3	 13	 11	 47	 45	 11	 43	 44	 11	 25	 16	 21	 32	 29	  8	 41	 36	 30	 29	 19	 35	 34	 24	 27	 14	 38	 31	 14	 28	 37	 31	 11	 24	 18	 39	 26	 46	 46	 25	 18	 35	 17	 38	 38	 20	  6	 35	 19	 38	 30	 17	  8	 12	 28	 28	 31
 94	 35	 11	 14	  5	 41	 44	 41	  8	 37	 35	 12	 21	 32	 24	 43	 23	 32	  9	 30	  9	 38	 39	 35	 12	 35	  9	 33	  4	 29	 38	 30	 30	 24	  5	 28	 27	  8	  6	 20	  6	 48	 39	 19	 44	 39	 14	 18	 12	 24	 34	 34	 12	 42	 39	 31	 26	 15	 40	 34	 28	 21	  8	 36	 31	  8	 32	 38	 25	 18	 29	 25	 42	 30	 46	 47	 20	 25	 32	 24	 38	 35	 26	 10	 33	 20	 40	 38	  9	 16	 17	 22	 26	 24	  8
 95	 25	 39	 37	 46	 25	  6	 11	 46	 30	 40	 45	 33	 26	 42	 18	 28	 17	 41	 23	 40	 12	 11	 44	 57	 21	 48	 23	 52	 38	 21	 42	 27	 46	 44	 40	 45	 51	 48	 40	 54	  2	 47	 49	  7	 41	 36	 52	 41	 26	 16	 27	 40	  8	 13	 19	 31	 39	 21	 16	 25	 42	 56	 22	 20	 56	 21	 13	 44	 45	 28	 45	 12	 26	 13	  4	 41	 40	 29	 42	 17	 31	 34	 41	 27	 29	 11	 43	 51	 47	 36	 45	 28	 49	 47	 49
 96	 24	  8	  9	 11	 29	 30	 28	 12	 26	 30	 13	 14	 20	 22	 30	 10	 18	  8	 18	  6	 24	 25	 32	 23	 22	 15	 20	 18	 21	 27	 27	 20	 22	 10	 21	 27	 17	 15	 17	 19	 34	 33	 23	 30	 32	  7	 22	  8	 11	 21	 25	  9	 28	 26	 17	 15	  8	 29	 20	 17	 17	 21	 23	 17	 21	 19	 24	 21	 19	 19	 25	 29	 20	 32	 33	 16	 21	 21	 22	 24	 24	 20	 10	 21	  6	 27	 34	 18	 20	 10	 20	 14	 23	 15	 14	 35
 97	 21	 34	 32	 41	 23	  1	  7	 41	 27	 36	 40	 28	 23	 37	 17	 24	 12	 36	 19	 36	  8	  8	 40	 52	 19	 44	 20	 48	 35	 17	 38	 22	 42	 39	 36	 40	 46	 43	 35	 49	  5	 44	 44	  6	 39	 31	 48	 36	 21	 11	 23	 34	  5	  8	 14	 27	 34	 17	 13	 20	 38	 51	 19	 15	 51	 16	  9	 41	 40	 23	 40	  9	 21	 13	  6	 37	 35	 26	 37	 14	 29	 29	 36	 24	 25	  6	 39	 47	 42	 31	 41	 24	 45	 42	 44	  6	 30
 98	 32	 15	 17	 13	 24	 32	 32	 11	 20	 39	  9	 22	 16	 31	 28	  9	 21	 14	 25	 10	 25	 26	 40	 21	 20	 13	 17	 20	 13	 33	 36	 27	 14	 13	 13	 35	 16	 21	 26	 21	 36	 25	 30	 31	 24	 15	 16	  6	 17	 25	 32	 16	 30	 30	 19	 10	  3	 35	 21	 24	  9	 22	 20	 18	 22	 25	 24	 13	 27	 27	 33	 33	 27	 31	 34	  7	 30	 15	 31	 23	 18	 28	 17	 16	 12	 31	 42	 16	 27	 19	 12	 10	 15	 21	 17	 37	  9	 32
 99	 32	 24	 25	 25	 13	 25	 27	 23	  9	 43	 20	 28	  4	 38	 16	  8	 17	 24	 25	 21	 18	 18	 46	 32	  9	 24	  6	 32	 10	 32	 42	 29	 18	 25	 12	 42	 27	 32	 33	 33	 28	 21	 39	 22	 17	 23	 25	 18	 19	 22	 34	 25	 22	 26	 14	  3	 15	 33	 14	 25	 14	 34	  9	 11	 34	 25	 17	 16	 36	 29	 41	 29	 28	 21	 26	 14	 36	  4	 37	 13	  8	 32	 27	  4	 16	 26	 47	 27	 37	 26	 17	  4	 20	 32	 29	 29	 17	 25	 12
100	 23	 29	 27	 34	 16	  9	 13	 34	 19	 38	 33	 26	 14	 36	 11	 16	  8	 30	 18	 29	  3	  3	 41	 44	 10	 36	 11	 41	 26	 21	 38	 22	 33	 33	 27	 40	 39	 38	 32	 42	 12	 35	 41	  7	 31	 26	 40	 29	 17	 10	 25	 29	  6	 12	  7	 18	 26	 21	  4	 19	 30	 44	 11	  7	 44	 16	  1	 32	 37	 23	 39	 15	 21	 10	 10	 29	 34	 17	 36	  6	 20	 28	 31	 15	 19	 11	 41	 39	 39	 27	 32	 15	 36	 37	 37	 13	 24	 10	 24	 16
