nVehicles:  46
nDepots:     1
nCustomers: 50
nPeriods:    9
VEHICLE_TYPE	FLEET_SIZE	CAPACITY
           1	        46	       8	
DEPOT   	X  	Y  	INV_COST	INITIAL_INV 	MIN_LEVEL_INV 	MAX_LEVEL_INV	PRODUCTION_0	PRODUCTION_1	PRODUCTION_2	PRODUCTION_3	PRODUCTION_4	PRODUCTION_5	PRODUCTION_6	PRODUCTION_7	PRODUCTION_8
       0	173	428	       0	        411	            0	         3070	         342	         342	         342	         342	         342	         342	         342	         342	         342	
CUSTOMER	X  	Y  	INV_COST	INITIAL_INV	MIN_LEVEL_INV 	MAX_LEVEL_INV	DEMAND_0	DEMAND_1	DEMAND_2	DEMAND_3	DEMAND_4	DEMAND_5	DEMAND_6	DEMAND_7	DEMAND_8
       1	354	499	    0.28	          4	            0	           46	       5	       6	       7	      11	       7	       7	       6	       6	       9
       2	 40	105	    0.04	          6	            0	           20	       4	       1	       5	       8	       6	       6	       3	       4	       9
       3	203	256	    0.21	         12	            0	           82	       7	       7	      11	      11	      12	       8	       7	       7	      13
       4	380	255	    0.15	          1	            0	           30	       5	       6	       5	       6	       8	      11	       9	       8	       6
       5	 43	246	    0.29	          3	            0	           40	       3	       4	       5	       7	       4	       4	       4	       6	       6
       6	341	 82	    0.23	          6	            0	           26	       3	       3	       4	       5	       4	       4	       3	       5	       6
       7	 28	315	    0.17	          2	            0	           17	       5	       5	       9	      11	      10	       6	       5	       8	       9
       8	469	136	    0.05	          6	            0	           22	       5	       5	       6	       6	       8	       7	       8	       6	       5
       9	327	316	    0.12	          6	            0	           25	       2	       1	       4	       8	       8	       6	       4	       7	      12
      10	265	349	     0.2	         10	            0	           19	       6	       6	       6	       9	      10	      11	       8	       6	       5
      11	469	140	    0.07	          5	            0	           12	       5	       3	       6	       7	       6	       7	       4	       4	       5
      12	 60	201	    0.17	          1	            0	           50	       5	       5	       7	       9	      11	       7	       5	       5	       8
      13	  2	235	    0.24	          2	            0	           13	       5	       5	       5	       7	       7	       9	       9	       6	       5
      14	  3	101	    0.09	          9	            0	           42	       5	       5	       7	      10	       8	       6	       4	       8	       8
      15	279	255	    0.17	          1	            0	           26	       6	       5	       7	       9	       7	       6	       5	       6	       7
      16	 80	152	    0.28	          3	            0	           37	       5	       4	       5	       5	       6	       7	       6	       4	       4
      17	359	 82	    0.02	          2	            0	           49	       6	       7	       6	      11	      10	       8	       8	       7	       7
      18	284	248	    0.05	         14	            0	           15	       7	       7	       7	      10	      12	       9	       8	       7	       6
      19	496	 22	    0.15	          6	            0	           29	       8	       6	       8	       9	       9	       7	       7	       7	      10
      20	478	419	     0.3	          7	            0	           19	       4	       3	       5	       5	       7	       4	       4	       3	       3
      21	275	160	    0.12	         15	            0	           64	       9	       6	       8	      10	      12	      10	       7	       7	       8
      22	337	 52	     0.2	          3	            0	           27	       3	       3	       4	       5	       6	       5	       4	       3	       3
      23	452	434	    0.02	          7	            0	           21	       4	       3	       4	       5	       6	       4	       4	       3	       5
      24	383	243	    0.05	          2	            0	           15	       4	       5	       5	       8	       5	       4	       5	       6	       7
      25	382	406	       0	          6	            0	           36	       4	       3	       5	       6	       8	       5	       5	       5	       4
      26	437	219	    0.22	         10	            0	           37	       7	       4	       6	       9	       9	       7	       4	       6	      10
      27	205	 36	    0.24	          1	            0	           33	       5	       3	       5	       7	       8	       5	       5	       3	       5
      28	408	387	    0.26	         15	            0	           18	       4	       1	       5	       6	       9	       6	       5	       5	       7
      29	159	423	    0.24	          9	            0	           32	       4	       4	       6	       8	       9	       7	       8	       7	       7
      30	149	352	    0.15	          6	            0	           28	       5	       4	       5	       6	       7	       4	       4	       7	       6
      31	 96	226	     0.1	          2	            0	           12	       3	       3	       3	       5	       5	       5	       6	       4	       4
      32	 79	201	    0.03	          9	            0	           25	       6	       4	       6	       8	       5	       5	       6	       9	       9
      33	301	 32	    0.18	          3	            0	           64	       5	       4	       6	       9	       7	       6	       4	       7	       9
      34	403	 38	    0.12	         10	            0	           18	       6	       6	       9	       8	      10	       5	       6	       8	      10
      35	172	161	    0.05	          7	            0	           44	       3	       3	       3	       7	       6	       7	       6	       6	       6
      36	114	352	    0.22	          3	            0	           51	       6	       5	       7	       8	      10	       6	       6	       6	       8
      37	201	248	    0.11	          2	            0	           33	       5	       6	       8	       8	       7	       5	       6	       9	       9
      38	345	305	    0.16	          9	            0	           36	       4	       5	       6	       9	       6	       6	       4	       6	       9
      39	299	108	    0.24	          1	            0	           18	       5	       5	       7	       8	       7	       6	       5	       8	      11
      40	 72	222	    0.25	         10	            0	           15	       0	       1	       4	       5	       5	       4	       2	       7	       8
      41	254	 95	    0.16	          3	            0	           21	       5	       4	       4	       6	       7	       6	       6	       7	       5
      42	132	354	     0.1	          4	            0	           46	       0	       0	       1	       2	       5	       6	       5	       4	       5
      43	448	286	    0.16	          7	            0	           25	       0	       0	       0	       1	       3	       1	       2	       7	      10
      44	102	171	    0.09	          7	            0	           69	       3	       2	       7	       8	       7	       5	       5	       8	      11
      45	377	130	     0.2	         10	            0	           39	       6	       5	       5	       7	       8	       6	       5	       6	       8
      46	418	279	    0.23	          5	            0	           27	       4	       4	       4	       7	       6	       6	       4	       4	       6
      47	240	213	     0.3	          7	            0	           21	       2	       3	       4	       5	       8	       7	       4	       5	       7
      48	 49	206	    0.24	          3	            0	           41	       0	       0	       0	       1	       0	       0	       2	       8	      10
      49	188	475	    0.18	          2	            0	           31	       5	       4	       5	       5	       6	       6	       6	       5	       4
      50	294	457	    0.05	          2	            0	           26	       5	       5	       7	       8	       8	       5	       5	       5	       6
COST_MATRIX 
	  0	  1	  2	  3	  4	  5	  6	  7	  8	  9	 10	 11	 12	 13	 14	 15	 16	 17	 18	 19	 20	 21	 22	 23	 24	 25	 26	 27	 28	 29	 30	 31	 32	 33	 34	 35	 36	 37	 38	 39	 40	 41	 42	 43	 44	 45	 46	 47	 48	 49	 50
  0
  1	 20
  2	 35	 51
  3	 18	 29	 23
  4	 27	 25	 38	 18
  5	 23	 41	 15	 17	 34
  6	 39	 42	 31	 23	 18	 35
  7	 19	 38	 22	 19	 36	  8	 40
  8	 42	 39	 44	 30	 15	 44	 14	 48
  9	 20	 19	 36	 14	  9	 30	 24	 30	 23
 10	 13	 18	 34	 12	 15	 25	 28	 24	 30	  8
 11	 42	 38	 44	 30	 15	 44	 15	 48	  1	 23	 30
 12	 26	 42	 10	 16	 33	  5	 31	 12	 42	 30	 26	 42
 13	 26	 45	 14	 21	 38	  5	 38	  9	 48	 34	 29	 48	  7
 14	 37	 54	  4	 26	 41	 16	 34	 22	 47	 39	 37	 47	 12	 14
 15	 21	 26	 29	  8	 11	 24	 19	 26	 23	  8	 10	 23	 23	 28	 32
 16	 30	 45	  7	 17	 32	 11	 28	 18	 39	 30	 28	 39	  6	 12	 10	 23
 17	 40	 42	 32	 24	 18	 36	  2	 41	 13	 24	 29	 13	 33	 39	 36	 20	 29
 18	 22	 27	 29	  9	 10	 25	 18	 27	 22	  9	 11	 22	 23	 29	 32	  1	 23	 19
 19	 52	 50	 47	 38	 27	 51	 17	 56	 12	 34	 41	 13	 48	 54	 50	 32	 44	 15	 31
 20	 31	 15	 54	 32	 20	 47	 37	 47	 29	 19	 23	 28	 48	 52	 58	 26	 48	 36	 26	 40
 21	 29	 35	 25	 13	 15	 25	 11	 30	 20	 17	 19	 20	 22	 29	 28	 10	 20	 12	  9	 27	 33
 22	 42	 45	 31	 25	 21	 36	  4	 41	 16	 27	 31	 16	 32	 39	 34	 22	 28	  4	 21	 17	 40	 13
 23	 28	 12	 53	 31	 20	 46	 37	 45	 30	 18	 21	 30	 46	 50	 56	 25	 47	 37	 26	 42	  4	 33	 40
 24	 28	 26	 37	 19	  2	 35	 17	 37	 14	 10	 16	 14	 33	 39	 41	 11	 32	 17	 10	 25	 21	 14	 20	 21
 25	 22	 10	 46	 24	 16	 38	 33	 37	 29	 11	 14	 28	 39	 42	 49	 19	 40	 33	 19	 41	 10	 27	 36	  8	 17
 26	 34	 30	 42	 24	  7	 40	 17	 43	  9	 15	 22	  9	 38	 44	 45	 17	 37	 16	 16	 21	 21	 18	 20	 22	  6	 20
 27	 40	 49	 18	 23	 29	 27	 15	 34	 29	 31	 32	 29	 22	 29	 22	 24	 18	 17	 23	 30	 48	 15	 14	 47	 28	 42	 30
 28	 24	 13	 47	 25	 14	 40	 32	 39	 26	 11	 15	 26	 40	 44	 50	 19	 41	 31	 19	 38	  8	 27	 35	  7	 15	  4	 18	 41
 29	  2	 21	 34	 18	 28	 22	 39	 17	 43	 20	 13	 42	 25	 25	 36	 21	 29	 40	 22	 53	 32	 29	 42	 30	 29	 23	 35	 39	 26
 30	  8	 26	 27	 12	 26	 15	 34	 13	 39	 19	 12	 39	 18	 19	 30	 17	 22	 35	 18	 48	 34	 23	 36	 32	 26	 24	 32	 33	 27	  8
 31	 22	 38	 14	 12	 29	  6	 29	 12	 39	 25	 21	 39	  5	 10	 16	 19	  8	 30	 19	 45	 43	 20	 30	 42	 29	 34	 35	 22	 36	 21	 14
 32	 25	 41	 11	 14	 31	  6	 29	 13	 40	 28	 24	 40	  2	  9	 13	 21	  5	 31	 22	 46	 46	 21	 30	 44	 31	 37	 36	 21	 38	 24	 17	  4
 33	 42	 47	 28	 25	 24	 34	  7	 40	 20	 29	 32	 20	 30	 37	 31	 23	 26	  8	 22	 20	 43	 14	  5	 43	 23	 39	 24	 10	 38	 42	 36	 29	 28
 34	 46	 47	 37	 30	 22	 42	  8	 47	 12	 29	 35	 13	 38	 45	 41	 25	 35	  7	 25	 10	 39	 18	  7	 40	 21	 37	 19	 20	 35	 46	 41	 36	 37	 11
 35	 27	 39	 15	 10	 23	 16	 19	 22	 30	 22	 21	 30	 12	 19	 18	 15	 10	 21	 15	 36	 41	 11	 20	 40	 23	 33	 28	 13	 33	 27	 20	 11	 11	 19	 27
 36	 10	 29	 26	 14	 29	 13	 36	 10	 42	 22	 16	 42	 17	 17	 28	 20	 21	 37	 20	 51	 38	 26	 38	 35	 30	 28	 35	 33	 30	  9	  4	 13	 16	 38	 43	 20
 37	 19	 30	 22	  1	 18	 16	 22	 19	 30	 15	 12	 29	 15	 20	 25	  8	 16	 23	  9	 38	 33	 12	 24	 32	 19	 25	 24	 22	 25	 18	 12	 11	 14	 24	 30	 10	 14
 38	 22	 20	 37	 16	  7	 31	 23	 32	 21	  3	 10	 21	 31	 36	 40	  9	 31	 23	  9	 33	 18	 17	 26	 17	  8	 11	 13	 31	 11	 23	 21	 27	 29	 28	 28	 23	 24	 16
 39	 35	 40	 26	 18	 17	 30	  5	 35	 18	 21	 25	 18	 26	 33	 30	 15	 23	  7	 15	 22	 36	  6	  7	 37	 16	 31	 18	 12	 30	 35	 29	 24	 24	  8	 13	 14	 31	 18	 21
 40	 23	 40	 13	 14	 31	  4	 31	 11	 41	 28	 24	 41	  3	  8	 14	 21	  8	 32	 22	 47	 46	 22	 32	 44	 32	 37	 37	 23	 38	 22	 16	  3	  3	 30	 38	 12	 14	 14	 29	 26
 41	 35	 42	 22	 17	 21	 26	  9	 32	 22	 24	 26	 22	 23	 29	 26	 17	 19	 11	 16	 26	 40	  7	 10	 40	 20	 34	 23	  8	 34	 35	 28	 21	 21	  8	 16	 11	 30	 17	 23	  5	 23
 42	  9	 27	 27	 13	 27	 14	 35	 12	 41	 20	 14	 40	 17	 18	 29	 18	 21	 36	 19	 50	 36	 25	 37	 33	 28	 26	 34	 33	 28	  8	  2	 14	 17	 37	 42	 20	  2	 13	 22	 30	 15	 29
 43	 31	 24	 45	 25	  8	 41	 24	 43	 16	 13	 20	 15	 40	 45	 49	 18	 40	 23	 17	 27	 14	 22	 26	 15	  8	 14	  7	 35	 11	 32	 31	 36	 38	 30	 26	 31	 35	 25	 11	 24	 39	 28	 33
 44	 27	 42	 10	 14	 30	 10	 26	 17	 37	 27	 25	 37	  6	 12	 13	 20	  3	 28	 20	 43	 46	 18	 27	 44	 30	 37	 34	 17	 38	 26	 19	  6	  4	 25	 33	  8	 19	 13	 28	 21	  6	 17	 19	 37
 45	 37	 37	 34	 22	 13	 36	  7	 40	 10	 20	 25	 10	 33	 39	 38	 16	 30	  6	 16	 17	 31	 11	  9	 32	 12	 28	 11	 20	 26	 37	 32	 30	 31	 13	 10	 21	 35	 22	 18	  9	 32	 13	 34	 18	 28
 46	 29	 23	 42	 22	  5	 38	 22	 40	 16	 10	 17	 15	 37	 42	 46	 15	 37	 21	 14	 27	 16	 19	 25	 16	  6	 14	  7	 33	 11	 30	 28	 33	 35	 28	 25	 28	 32	 22	  8	 21	 36	 25	 30	  4	 34	 16
 47	 23	 31	 23	  6	 15	 20	 17	 24	 25	 14	 14	 25	 19	 24	 27	  6	 18	 18	  6	 32	 32	  7	 19	 31	 15	 24	 20	 19	 25	 23	 17	 15	 17	 20	 24	  9	 19	  6	 14	 13	 17	 12	 18	 23	 15	 17	 19
 48	 26	 43	 11	 17	 34	  5	 32	 12	 43	 30	 26	 43	  2	  6	 12	 24	  7	 34	 24	 49	 48	 24	 33	 47	 34	 39	 39	 24	 41	 25	 18	  6	  4	 31	 40	 14	 16	 16	 32	 27	  3	 24	 17	 41	  7	 34	 38	 20
 49	  5	 17	 40	 22	 30	 28	 43	 23	 45	 22	 15	 44	 31	 31	 42	 24	 35	 43	 25	 55	 30	 33	 45	 27	 31	 21	 36	 44	 24	  6	 13	 27	 30	 46	 49	 32	 15	 23	 24	 39	 28	 39	 14	 33	 32	 40	 31	 27	 31
 50	 13	  8	 44	 23	 22	 33	 38	 31	 37	 15	 12	 37	 35	 37	 46	 21	 38	 39	 21	 48	 19	 30	 41	 16	 24	 11	 28	 44	 14	 14	 18	 31	 34	 43	 44	 33	 21	 23	 17	 35	 33	 37	 20	 24	 35	 34	 22	 25	 36	 11
