nVehicles:  21
nDepots:     1
nCustomers: 50
nPeriods:   12
VEHICLE_TYPE	FLEET_SIZE	CAPACITY
           2	        21	      18	
DEPOT   	X  	Y  	INV_COST	INITIAL_INV 	MIN_LEVEL_INV 	MAX_LEVEL_INV	PRODUCTION_0	PRODUCTION_1	PRODUCTION_2	PRODUCTION_3	PRODUCTION_4	PRODUCTION_5	PRODUCTION_6	PRODUCTION_7	PRODUCTION_8	PRODUCTION_9	PRODUCTION_10	PRODUCTION_11
       0	113	170	       0	        473	            0	         4158	         348	         348	         348	         348	         348	         348	         348	         348	         348	         348	          348	          348	
CUSTOMER	X  	Y  	INV_COST	INITIAL_INV	MIN_LEVEL_INV 	MAX_LEVEL_INV	DEMAND_0	DEMAND_1	DEMAND_2	DEMAND_3	DEMAND_4	DEMAND_5	DEMAND_6	DEMAND_7	DEMAND_8	DEMAND_9	DEMAND_10	DEMAND_11
       1	342	341	    0.24	          4	            0	           41	       8	       6	       6	       8	       9	       9	      10	      10	       6	       6	        7	       10
       2	136	376	    0.26	          2	            0	           83	       7	       6	       7	       8	      11	       9	      11	       8	       9	       5	        6	        6
       3	251	263	    0.12	          3	            0	           88	       8	       7	       7	       7	      11	       9	      11	       6	       7	       6	        7	       10
       4	220	 99	    0.19	          7	            0	           50	       4	       4	       4	       6	       5	       4	       4	       4	       6	       6	        4	        4
       5	463	324	    0.14	          9	            0	           52	       6	       4	       7	       9	       8	       4	       5	       8	       8	       7	        5	        7
       6	274	127	    0.05	          4	            0	          103	       7	       7	       8	      11	      11	      11	       8	       7	      12	      14	       10	        8
       7	357	327	    0.02	          9	            0	           29	       5	       5	       6	       8	      10	      11	      10	       7	       5	       5	        8	        9
       8	285	153	    0.22	          1	            0	           52	       7	       6	       7	       9	      11	       9	       9	       6	       7	       8	       11	       11
       9	243	424	    0.07	          5	            0	           29	       5	       4	       5	       7	       8	       5	       4	       4	       5	       8	        7	        5
      10	183	348	     0.2	         14	            0	           71	       8	       6	      11	      12	      11	       9	       7	       9	      12	      14	       10	        7
      11	478	429	    0.22	          5	            0	           25	       8	       7	      10	      12	      13	      10	       8	       8	      12	      12	        9	        8
      12	114	367	    0.08	         14	            0	           79	       9	       7	       8	      10	      11	      12	       8	       7	       9	       9	       12	       12
      13	479	377	    0.08	          7	            0	           38	       4	       4	       4	       6	       7	       7	       6	       4	       5	       6	        6	        5
      14	175	484	    0.03	          2	            0	           32	       4	       3	       4	       5	       5	       6	       5	       3	       3	       4	        6	        6
      15	154	430	    0.02	          3	            0	           48	       7	       5	      10	      11	       8	       7	       7	      11	      12	       8	        6	        8
      16	459	478	    0.29	         11	            0	           50	       5	       6	       7	       9	      10	       5	       6	       9	       9	       8	        7	        7
      17	 96	 61	    0.12	          3	            0	           40	       6	       5	       7	       8	       9	       7	       5	       5	       6	       8	        8	        7
      18	500	403	     0.3	          4	            0	           19	       5	       4	       6	       8	       5	       4	       5	       6	       7	       5	        3	        5
      19	327	 61	    0.11	          8	            0	           13	       4	       4	       5	       8	       6	       4	       4	       4	       7	       6	        5	        4
      20	145	189	    0.12	          2	            0	           52	       5	       3	       4	       7	       8	       7	       6	       4	       4	       4	        7	        7
      21	103	 94	    0.05	          4	            0	           50	       5	       6	       7	      10	       8	       5	       6	       8	       9	       6	        5	        7
      22	174	294	    0.02	          7	            0	           78	       8	       5	       6	       9	       8	      13	      12	       7	       5	       7	        8	       10
      23	108	370	    0.12	          9	            0	           19	       6	       5	       6	       9	       9	       6	       5	       6	       9	       7	        8	        4
      24	381	302	    0.26	          3	            0	           22	       5	       5	       5	       8	       9	       7	       6	       4	       6	       8	        9	        9
      25	114	276	    0.17	          9	            0	           32	       5	       4	       6	       8	       8	       5	       4	       5	       6	       8	        5	        4
      26	 78	334	    0.21	         11	            0	           50	       7	       6	       7	       9	      11	       7	       5	       7	       9	      10	        8	        4
      27	176	204	    0.06	          6	            0	           33	       7	       6	       7	       8	       9	       9	       6	       5	       6	       8	        8	       10
      28	123	244	    0.12	          5	            0	           51	       4	       4	       5	       7	       7	       7	       5	       4	       4	       7	        8	        6
      29	438	  4	    0.15	          8	            0	           17	       6	       5	       6	       6	       9	       9	       6	       6	       5	       6	        6	        6
      30	161	455	    0.05	          8	            0	          114	       9	       8	       9	      10	      13	      11	       8	       8	       8	       8	       10	       13
      31	360	352	    0.08	         10	            0	           31	       6	       6	       7	       8	       8	       8	       5	       7	       8	       9	        8	        5
      32	 27	296	    0.16	          1	            0	           53	       5	       6	       6	       8	       8	       9	       8	       8	       6	       6	        6	        7
      33	425	266	    0.16	          6	            0	           35	       7	       7	       8	      11	      11	      13	      11	       7	       7	       6	       10	       11
      34	347	 94	    0.27	          9	            0	           59	       6	       5	       7	       7	       9	       6	       5	       5	       6	       8	       10	        8
      35	131	132	    0.12	          2	            0	           68	       6	       5	       6	       7	       7	       7	       7	       6	       5	       5	        6	        7
      36	339	443	    0.08	          8	            0	           64	       6	       4	       7	       8	       9	       6	       5	       4	       7	       9	        9	        6
      37	271	427	    0.19	          5	            0	           47	       3	       3	       5	       6	       5	       4	       3	       4	       5	       5	        5	        4
      38	389	431	    0.28	          1	            0	           68	       5	       5	       8	      11	      10	       7	       6	       6	       7	      10	        7	        7
      39	473	200	    0.18	          7	            0	           59	       6	       5	       5	       7	       8	       9	      11	       8	       7	       5	        6	        6
      40	269	164	    0.11	          2	            0	           40	       8	       7	      11	      10	      12	       7	       7	      11	      12	       9	        8	        9
      41	450	299	    0.26	          7	            0	           57	       4	       4	       5	       5	       6	       7	       5	       4	       3	       4	        6	        7
      42	 88	 17	    0.14	          7	            0	           67	       5	       5	       7	       8	       8	      10	      10	       6	       5	       5	        7	        7
      43	 45	322	    0.19	          8	            0	           51	       4	       4	       5	       7	       6	       4	       3	       6	       6	       7	        5	        4
      44	217	226	    0.17	          1	            0	           67	       8	       8	      11	      13	       9	       8	       7	      10	      13	       9	        8	        7
      45	127	137	    0.22	          7	            0	           55	       4	       3	       4	       6	       5	       6	       4	       4	       3	       5	        7	        5
      46	323	 85	    0.03	         11	            0	           75	       6	       5	       6	       8	       8	       6	       5	       8	       9	       8	        5	        5
      47	 68	334	    0.09	         12	            0	           72	       7	       8	      10	      13	      12	       7	       7	       9	      10	      10	       10	        8
      48	  4	181	     0.1	          6	            0	           27	       4	       3	       3	       4	       5	       6	       5	       4	       4	       4	        3	        4
      49	399	452	    0.13	          4	            0	           42	       3	       3	       4	       6	       6	       5	       4	       3	       5	       7	        4	        4
      50	117	 93	     0.1	         11	            0	           65	       6	       7	       6	       9	       9	      10	      12	       9	       6	       7	        7	        7
COST_MATRIX 
	  0	  1	  2	  3	  4	  5	  6	  7	  8	  9	 10	 11	 12	 13	 14	 15	 16	 17	 18	 19	 20	 21	 22	 23	 24	 25	 26	 27	 28	 29	 30	 31	 32	 33	 34	 35	 36	 37	 38	 39	 40	 41	 42	 43	 44	 45	 46	 47	 48	 49	 50
  0
  1	 29
  2	 21	 21
  3	 17	 12	 17
  4	 13	 28	 29	 17
  5	 39	 13	 34	 23	 34
  6	 17	 23	 29	 14	  7	 28
  7	 30	  3	 23	 13	 27	 11	 22
  8	 18	 20	 27	 12	  9	 25	  3	 19
  9	 29	 13	 12	 17	 33	 25	 30	 15	 28
 10	 20	 16	  6	 11	 26	 29	 24	 18	 23	 10
 11	 45	 17	 35	 29	 42	 11	 37	 16	 34	 24	 31
 12	 20	 23	  3	 18	 29	 36	 29	 25	 28	 15	  8	 37
 13	 43	 15	 35	 26	 38	  6	 33	 14	 30	 25	 30	  6	 37
 14	 33	 22	 12	 24	 39	 33	 38	 25	 35	 10	 14	 31	 14	 33
 15	 27	 21	  6	 20	 34	 33	 33	 23	 31	  9	  9	 33	  8	 33	  6
 16	 47	 19	 34	 30	 45	 16	 40	 19	 37	 23	 31	  6	 37	 11	 29	 31
 17	 12	 38	 32	 26	 13	 46	 19	 38	 22	 40	 30	 54	 31	 50	 44	 38	 56
 18	 46	 17	 37	 29	 42	  9	 36	 17	 33	 26	 33	  4	 39	  4	 34	 35	  9	 53
 19	 25	 29	 37	 22	 12	 30	  9	 27	 11	 38	 33	 40	 38	 36	 45	 41	 44	 24	 39
 20	  4	 25	 19	 13	 12	 35	 15	 26	 15	 26	 17	 42	 19	 39	 30	 25	 43	 14	 42	 23
 21	  8	 35	 29	 23	 12	 43	 18	 35	 20	 36	 27	 51	 28	 48	 40	 34	 53	  4	 51	 23	 11
 22	 14	 18	 10	  9	 21	 30	 20	 19	 18	 15	  6	 34	 10	 32	 20	 14	 34	 25	 35	 28	 11	 22
 23	 21	 24	  3	 18	 30	 36	 30	 26	 29	 15	  8	 38	  1	 38	 14	  8	 37	 31	 40	 38	 19	 28	 11
 24	 30	  6	 26	 14	 26	  9	 21	  4	 18	 19	 21	 16	 28	 13	 28	 27	 20	 38	 16	 25	 27	 35	 21	 29
 25	 11	 24	 11	 14	 21	 36	 22	 25	 22	 20	 10	 40	 10	 38	 22	 16	 40	 22	 41	 31	 10	 19	  7	 10	 27
 26	 17	 27	  8	 19	 28	 39	 29	 28	 28	 19	 11	 42	  5	 41	 18	 13	 41	 28	 43	 37	 16	 25	 11	  5	 31	  7
 27	  8	 22	 18	 10	 12	 32	 13	 22	 13	 23	 15	 38	 18	 35	 29	 23	 40	 17	 39	 21	  4	 14	 10	 18	 23	 10	 17
 28	  8	 24	 14	 13	 18	 35	 20	 25	 19	 22	 13	 41	 13	 39	 25	 19	 41	 19	 41	 28	  6	 16	  8	 13	 27	  4	 11	  7
 29	 37	 36	 48	 32	 24	 33	 21	 34	 22	 47	 43	 43	 49	 38	 55	 52	 48	 35	 41	 13	 35	 35	 40	 50	 31	 43	 49	 33	 40
 30	 29	 22	  9	 22	 37	 33	 35	 24	 33	  9	 11	 32	 10	 33	  4	  3	 30	 40	 35	 43	 27	 37	 17	 11	 27	 19	 15	 26	 22	 53
 31	 31	  3	 23	 15	 29	 11	 25	  3	 22	 14	 18	 15	 25	 13	 23	 23	 17	 40	 15	 30	 27	 37	 20	 26	  6	 26	 29	 24	 27	 36	 23
 32	 16	 32	 14	 23	 28	 44	 30	 34	 30	 26	 17	 48	 12	 46	 24	 19	 47	 25	 49	 39	 16	 22	 15	 11	 36	  9	  7	 18	 11	 51	 21	 34
 33	 33	 12	 31	 18	 27	  7	 21	 10	 18	 25	 26	 18	 33	 13	 34	 32	 22	 39	 16	 23	 30	 37	 26	 34	  6	 32	 36	 26	 31	 27	 33	 11	 40
 34	 25	 25	 36	 20	 13	 26	  9	 24	  9	 35	 31	 36	 36	 32	 43	 39	 41	 26	 35	  4	 23	 25	 27	 37	 22	 30	 37	 21	 27	 13	 41	 26	 38	 19
 35	  5	 30	 25	 18	 10	 39	 15	 30	 16	 32	 23	 46	 24	 43	 36	 30	 48	  8	 46	 21	  6	  5	 17	 24	 31	 15	 21	  9	 12	 34	 33	 32	 20	 33	 22
 36	 36	 11	 22	 21	 37	 18	 33	 12	 30	 10	 19	 14	 24	 16	 17	 19	 13	 46	 17	 39	 32	 43	 23	 25	 15	 29	 29	 29	 30	 46	 18	 10	 35	 20	 35	 38
 37	 31	 12	 15	 17	 34	 22	 31	 14	 28	  3	 12	 21	 17	 22	 12	 12	 20	 41	 24	 38	 27	 38	 17	 18	 17	 22	 22	 25	 24	 46	 12	 12	 28	 23	 35	 33	  7
 38	 38	 11	 26	 22	 38	 14	 33	 11	 30	 15	 23	  9	 29	 11	 23	 24	  9	 48	 12	 38	 35	 45	 26	 29	 13	 32	 33	 32	 33	 43	 23	  9	 39	 17	 34	 40	  6	 12
 39	 37	 20	 39	 24	 28	 13	 22	 18	 20	 33	 33	 23	 40	 18	 42	 40	 28	 41	 21	 21	 33	 39	 32	 41	 14	 37	 42	 30	 36	 20	 41	 19	 46	  9	 17	 35	 28	 31	 25
 40	 16	 20	 26	 11	  9	 26	  4	 19	  2	 27	 21	 34	 26	 30	 34	 29	 37	 21	 34	 12	 13	 19	 17	 27	 18	 20	 26	 11	 17	 24	 32	 21	 28	 19	 11	 15	 29	 27	 30	 21
 41	 37	 12	 33	 21	 31	  3	 25	 10	 23	 25	 28	 14	 35	  9	 34	 33	 18	 43	 12	 27	 33	 41	 28	 35	  7	 34	 38	 30	 34	 30	 33	 11	 43	  5	 23	 37	 19	 23	 15	 11	 23
 42	 16	 42	 37	 30	 16	 49	 22	 42	 24	 44	 35	 57	 36	 54	 48	 42	 60	  5	 57	 25	 19	  8	 30	 36	 41	 27	 32	 21	 23	 36	 45	 44	 29	 42	 28	 13	 50	 45	 52	 43	 24	 46
 43	 17	 30	 11	 22	 29	 42	 31	 32	 30	 23	 15	 45	  9	 44	 21	 16	 45	 27	 47	 39	 17	 24	 14	  8	 34	  9	  4	 18	 12	 51	 18	 32	  4	 39	 38	 21	 32	 25	 37	 45	 28	 41	 31
 44	 12	 17	 18	  6	 13	 27	 12	 18	 10	 20	 13	 34	 18	 31	 27	 22	 35	 21	 34	 20	  9	 18	  9	 19	 19	 12	 18	  5	 10	 32	 24	 20	 21	 22	 19	 13	 25	 21	 27	 26	  9	 25	 25	 20
 45	  4	 30	 24	 18	 11	 39	 15	 30	 16	 31	 22	 46	 24	 43	 36	 30	 48	  9	 46	 22	  6	  5	 17	 24	 31	 14	 21	  9	 11	 34	 32	 32	 19	 33	 23	  1	 38	 33	 40	 36	 15	 37	 13	 21	 13
 46	 23	 26	 35	 20	 11	 28	  7	 25	  8	 35	 30	 38	 36	 34	 43	 39	 42	 23	 37	  3	 21	 23	 26	 36	 23	 29	 35	 19	 26	 15	 41	 27	 37	 21	  3	 20	 36	 35	 36	 19	 10	 25	 25	 37	 18	 21
 47	 18	 28	  8	 20	 28	 40	 30	 29	 29	 20	 12	 43	  6	 42	 19	 13	 42	 28	 44	 38	 17	 25	 12	  6	 32	  8	  2	 17	 11	 50	 16	 30	  6	 37	 37	 22	 30	 23	 34	 43	 27	 39	 32	  3	 19	 21	 36
 48	 11	 38	 24	 27	 24	 49	 28	 39	 29	 35	 25	 54	 22	 52	 35	 30	 55	 16	 55	 35	 15	 14	 21	 22	 40	 15	 17	 18	 14	 47	 32	 40	 12	 43	 36	 14	 43	 37	 46	 47	 27	 47	 19	 15	 22	 14	 34	 17
 49	 41	 13	 28	 25	 40	 15	 35	 14	 32	 16	 24	  9	 30	 11	 23	 25	  7	 50	 12	 40	 37	 47	 28	 31	 16	 34	 35	 34	 35	 45	 24	 11	 41	 19	 37	 42	  7	 14	  3	 27	 32	 17	 54	 38	 30	 42	 38	 36	 48
 50	  8	 34	 29	 22	 11	 42	 17	 34	 18	 36	 27	 50	 28	 47	 40	 34	 52	  4	 50	 22	 11	  2	 21	 28	 34	 19	 25	 13	 16	 34	 37	 36	 23	 36	 24	  5	 42	 37	 44	 38	 17	 40	  9	 25	 17	  5	 21	 25	 15	 46
