nVehicles:  25
nDepots:     1
nCustomers: 25
nPeriods:    9
VEHICLE_TYPE	FLEET_SIZE	CAPACITY
           1	        25	       8	
DEPOT   	X  	Y  	INV_COST	INITIAL_INV 	MIN_LEVEL_INV 	MAX_LEVEL_INV	PRODUCTION_0	PRODUCTION_1	PRODUCTION_2	PRODUCTION_3	PRODUCTION_4	PRODUCTION_5	PRODUCTION_6	PRODUCTION_7	PRODUCTION_8
       0	388	  7	       0	        141	            0	         1567	         175	         175	         175	         175	         175	         175	         175	         175	         175	
CUSTOMER	X  	Y  	INV_COST	INITIAL_INV	MIN_LEVEL_INV 	MAX_LEVEL_INV	DEMAND_0	DEMAND_1	DEMAND_2	DEMAND_3	DEMAND_4	DEMAND_5	DEMAND_6	DEMAND_7	DEMAND_8
       1	121	213	       0	          9	            0	           31	       5	       6	       7	       5	       3	       5	       6	       7	       6
       2	404	218	    0.17	          6	            0	           15	       7	       8	       8	      10	       6	       5	       9	       8	       8
       3	 57	  8	    0.21	          1	            0	           37	       5	       5	       8	       6	       5	       4	       5	       6	       7
       4	 14	 15	    0.14	          4	            0	           48	       5	       8	       7	       7	       5	       6	       9	       8	       6
       5	296	158	    0.06	         14	            0	           35	       8	       9	      10	      11	       9	       9	       6	       6	       7
       6	183	357	    0.12	         12	            0	           27	       6	       8	      10	      11	       7	       5	       6	       5	       7
       7	 47	 49	    0.03	          6	            0	           16	       4	       5	       5	       4	       4	       4	       6	       6	       4
       8	341	128	    0.06	          5	            0	           10	       4	       5	       8	       7	       7	       5	       3	       4	       4
       9	184	467	    0.09	         13	            0	           51	       7	      11	      11	      12	       9	       6	       6	       9	      10
      10	 59	304	     0.3	         14	            0	           30	       6	       8	      10	       8	       6	       6	       8	      10	       8
      11	388	165	    0.15	          4	            0	           35	       1	       4	       5	       6	       7	       6	       6	       5	       6
      12	115	142	       0	          5	            0	           37	       4	       6	       6	       6	       4	       3	       4	       4	       6
      13	193	 15	     0.1	          4	            0	           70	       0	       0	       0	       0	       0	       0	       4	       6	      10
      14	  1	336	    0.27	          4	            0	           31	       3	       5	       7	       5	       4	       4	       3	       4	       6
      15	355	433	    0.03	         10	            0	           37	       3	       6	       9	       5	       3	       6	       8	       9	       6
      16	357	256	    0.04	          7	            0	           45	       5	       7	      10	       8	       6	       5	       6	       6	       8
      17	132	126	    0.27	         12	            0	           54	       5	       9	      11	       8	       8	       7	       7	       5	       5
      18	492	251	    0.09	          5	            0	           49	       5	       6	       7	       9	       6	       4	       4	       7	       9
      19	214	 22	    0.01	          9	            0	           15	       5	       7	       8	       8	       7	       7	       6	       6	       6
      20	130	197	    0.01	         14	            0	           49	       0	       0	       2	       3	       3	       2	       3	       4	       7
      21	298	 75	    0.19	          5	            0	           24	       4	       5	       6	       6	       4	       4	       4	       5	       6
      22	315	239	    0.18	          3	            0	           29	       5	       6	       7	       7	       5	       5	       5	       5	       6
      23	203	477	    0.02	          2	            0	           36	       0	       0	       0	       0	       0	       0	       1	       5	       8
      24	480	355	    0.29	          1	            0	           31	       4	       5	       6	       6	       5	       4	       5	       6	       6
      25	453	 75	    0.29	          3	            0	           40	       0	       3	       5	       6	       3	       2	       6	       7	       8
COST_MATRIX 
	  0	  1	  2	  3	  4	  5	  6	  7	  8	  9	 10	 11	 12	 13	 14	 15	 16	 17	 18	 19	 20	 21	 22	 23	 24	 25
  0
  1	 34
  2	 22	 29
  3	 34	 22	 41
  4	 38	 23	 44	  5
  5	 18	 19	 13	 29	 32
  6	 41	 16	 27	 38	 39	 23
  7	 35	 18	 40	  5	  5	 28	 34
  8	 13	 24	 11	 31	 35	  6	 28	 31
  9	 51	 27	 34	 48	 49	 33	 12	 44	 38
 10	 45	 12	 36	 30	 30	 28	 14	 26	 34	 21
 11	 16	 28	  6	 37	 41	 10	 29	 37	  6	 37	 36
 12	 31	  8	 30	 15	 17	 19	 23	 12	 23	 34	 18	 28
 13	 20	 22	 30	 14	 18	 18	 35	 15	 19	 46	 32	 25	 15
 14	 51	 18	 42	 34	 33	 35	 19	 30	 40	 23	  7	 43	 23	 38
 15	 43	 33	 23	 52	 54	 29	 19	 50	 31	 18	 33	 28	 38	 45	 37
 16	 26	 24	  7	 39	 42	 12	 21	 38	 13	 28	 31	 10	 27	 30	 37	 18
 17	 29	  9	 29	 14	 17	 17	 24	 12	 21	 35	 20	 26	  3	 13	 25	 38	 26
 18	 27	 38	 10	 50	 54	 22	 33	 49	 20	 38	 44	 14	 40	 39	 50	 23	 14	 39
 19	 18	 22	 28	 16	 21	 16	 34	 17	 17	 45	 33	 23	 16	  3	 38	 44	 28	 14	 37
 20	 33	  2	 28	 21	 22	 18	 17	 17	 23	 28	 13	 26	  6	 20	 19	 33	 24	  8	 37	 20
 21	 12	 23	 18	 26	 30	  9	 31	 26	  7	 41	 34	 13	 20	 13	 40	 37	 20	 18	 27	 10	 21
 22	 25	 20	 10	 35	 38	  9	 18	 33	 12	 27	 27	 11	 23	 26	 33	 20	  5	 22	 18	 24	 19	 17
 23	 51	 28	 33	 50	 50	 34	 13	 46	 38	  3	 23	 37	 35	 47	 25	 16	 27	 36	 37	 46	 29	 42	 27
 24	 36	 39	 16	 55	 58	 27	 30	 54	 27	 32	 43	 22	 43	 45	 48	 15	 16	 42	 11	 43	 39	 34	 21	 31
 25	 10	 36	 16	 41	 45	 18	 40	 41	 13	 48	 46	 12	 35	 27	 53	 38	 21	 33	 19	 25	 35	 16	 22	 48	 29
