nVehicles:   94
nDepots:      1
nCustomers: 100
nPeriods:     6
VEHICLE_TYPE	FLEET_SIZE	CAPACITY
           1	        94	       8	
DEPOT   	X  	Y  	INV_COST	INITIAL_INV 	MIN_LEVEL_INV 	MAX_LEVEL_INV	PRODUCTION_0	PRODUCTION_1	PRODUCTION_2	PRODUCTION_3	PRODUCTION_4	PRODUCTION_5
       0	231	146	       0	        925	            0	         4174	         697	         697	         697	         697	         697	         697	
CUSTOMER	X  	Y  	INV_COST	INITIAL_INV	MIN_LEVEL_INV 	MAX_LEVEL_INV	DEMAND_0	DEMAND_1	DEMAND_2	DEMAND_3	DEMAND_4	DEMAND_5
       1	344	233	    0.02	          8	            0	           21	       5	       6	       6	       7	       7	       8
       2	 65	239	    0.18	          2	            0	           12	       6	       6	       9	       9	       8	       6
       3	385	380	    0.28	          6	            0	           22	       4	       6	       7	       9	      10	       9
       4	427	487	    0.19	          8	            0	           47	       6	       7	      11	      11	       9	       7
       5	381	212	    0.21	         10	            0	           49	       6	      10	      12	      10	       8	       7
       6	302	283	    0.02	         12	            0	           18	       5	       7	      10	      10	      10	       9
       7	 64	 23	    0.15	         13	            0	           26	       5	       8	      10	      11	       8	       5
       8	295	151	    0.04	          2	            0	           13	       6	       6	      10	      10	       7	       5
       9	 26	373	    0.08	          4	            0	           25	       4	       5	       6	       7	       7	       7
      10	368	253	    0.18	         10	            0	           41	       6	       8	       9	      10	      10	      13
      11	252	121	    0.27	         13	            0	           26	       7	       6	       7	      11	      12	       8
      12	316	140	    0.28	          5	            0	           19	       6	       6	       8	      10	       8	       7
      13	322	499	    0.25	          5	            0	           36	       5	       6	       7	      11	       8	       8
      14	302	494	    0.25	          4	            0	           32	       4	       6	       8	       9	       6	       4
      15	487	347	    0.27	         14	            0	           14	       6	       7	       7	       9	       8	       7
      16	 94	305	    0.13	          5	            0	           25	       5	       5	       6	       7	      10	       7
      17	  1	242	    0.01	          1	            0	           42	       5	       6	       9	       9	       8	       5
      18	105	101	    0.04	          7	            0	           13	       4	       4	       6	       6	       6	       7
      19	452	218	    0.28	          8	            0	           34	       6	       6	       9	      10	      10	       9
      20	108	288	    0.13	          2	            0	           10	       3	       4	       6	       6	       4	       4
      21	 73	  1	    0.26	          7	            0	            7	       5	       5	       5	       7	       7	       6
      22	114	  8	    0.29	          4	            0	           27	       6	       6	      12	       9	       7	       7
      23	 89	246	    0.21	          3	            0	           32	       4	       5	       7	       9	       7	       6
      24	234	 60	    0.22	          9	            0	           50	       5	       6	       9	      13	      11	       9
      25	408	219	    0.04	          1	            0	           29	       3	       4	       5	       5	       7	       5
      26	372	203	    0.14	          3	            0	           44	       5	       6	       8	       7	      10	       7
      27	417	307	    0.07	          1	            0	           19	       3	       4	       5	       6	       5	       3
      28	144	173	    0.05	          2	            0	           40	       6	       5	       7	      11	       8	       6
      29	105	328	    0.22	          5	            0	            6	       3	       3	       5	       5	       6	       5
      30	 85	442	    0.05	          9	            0	           58	       6	       7	       7	       9	      12	      12
      31	316	343	    0.15	          2	            0	           30	       4	       5	       7	       8	       5	       4
      32	 67	210	    0.01	          4	            0	           26	       3	       4	       5	       5	       6	       5
      33	405	474	    0.13	          6	            0	           46	       6	       4	       8	       9	      10	       9
      34	 82	466	    0.12	          1	            0	           24	       3	       4	       6	       6	       4	       4
      35	180	 90	    0.24	          9	            0	           18	       5	       5	       8	       8	      10	       7
      36	247	115	    0.23	          8	            0	           16	       4	       6	       8	       8	       6	       5
      37	 47	483	    0.08	          6	            0	           30	       5	       6	       6	       9	       8	       5
      38	283	462	    0.24	          1	            0	           19	       5	       5	       8	      10	       7	       5
      39	 84	193	    0.25	          2	            0	           13	       4	       4	       6	       6	       6	       3
      40	397	460	    0.09	          1	            0	            8	       4	       3	       5	       6	       5	       5
      41	129	400	    0.24	          5	            0	           12	       5	       4	       6	       7	       9	       9
      42	138	 20	    0.23	          1	            0	           30	       1	       2	       3	       6	       6	       5
      43	308	461	    0.29	          6	            0	           39	       5	       5	       7	      11	      11	       8
      44	113	 21	    0.12	          4	            0	            8	       4	       5	       8	       7	       5	       5
      45	 26	407	    0.03	          9	            0	           44	       6	       8	      10	       9	      11	       8
      46	 54	498	    0.01	          5	            0	           26	       5	       6	       8	       7	      10	       7
      47	398	 23	    0.28	          7	            0	           32	       4	       5	       8	       9	       6	       5
      48	 18	  7	    0.11	          5	            0	           46	       6	       6	       7	      11	      10	       8
      49	204	391	    0.07	          4	            0	           29	       4	       6	       7	      10	       9	       8
      50	404	157	    0.22	          9	            0	           26	       6	       8	      12	      12	       9	       6
      51	118	 84	    0.11	          1	            0	           35	       6	       6	      11	       8	       6	       6
      52	 50	 57	     0.2	          3	            0	           13	       5	       8	      10	       9	       5	       5
      53	 94	327	    0.21	          5	            0	           31	       4	       4	       8	       7	       4	       4
      54	401	131	    0.24	          5	            0	           13	       4	       5	       7	       6	       6	       4
      55	122	270	    0.02	          1	            0	           28	       3	       5	       6	       6	       7	       6
      56	179	 77	    0.14	          2	            0	           20	       4	       4	       5	       6	       5	       5
      57	172	488	    0.18	          1	            0	           13	       3	       4	       4	       6	       5	       4
      58	437	334	    0.03	          3	            0	           10	       3	       4	       5	       5	       5	       4
      59	172	477	    0.22	         11	            0	           42	       5	       7	       7	       9	       7	       7
      60	484	115	    0.12	          2	            0	           18	       3	       4	       6	      10	       5	       5
      61	200	385	    0.24	          9	            0	           13	       5	       5	       7	      10	       9	       9
      62	246	316	    0.22	         10	            0	           19	       5	       7	       9	      10	       9	       7
      63	 10	 44	    0.03	         11	            0	           20	       7	       7	       9	      10	      13	       9
      64	379	395	    0.04	         11	            0	           59	       6	       7	       8	      12	      10	      11
      65	428	 92	    0.03	         11	            0	           15	       7	       6	      11	       9	       7	       5
      66	457	214	    0.27	          2	            0	           13	       3	       4	       5	       4	       6	       5
      67	306	 44	    0.17	          4	            0	           11	       5	       7	       7	       9	      10	       7
      68	350	453	    0.06	         10	            0	           20	       7	       6	       8	      10	      11	       8
      69	139	387	    0.14	          1	            0	           11	       3	       4	       5	       5	       5	       3
      70	341	 33	     0.3	          5	            0	           13	       4	       5	       7	       7	       8	       7
      71	344	  2	    0.23	          2	            0	           22	       4	       5	       5	       7	       7	       5
      72	320	155	    0.16	          7	            0	           42	       8	       8	      11	      10	       8	       7
      73	113	 45	    0.25	          5	            0	           24	       4	       3	       4	       5	       6	       4
      74	 64	440	    0.13	          9	            0	           20	       5	       4	       5	       9	      10	       8
      75	158	326	    0.07	         11	            0	           32	       5	       6	       7	       7	       7	       6
      76	152	 15	     0.1	          4	            0	            6	       3	       5	       6	       6	       3	       3
      77	269	363	    0.17	         14	            0	           47	       4	       6	       6	      10	      12	      11
      78	375	 80	    0.23	          8	            0	           40	       4	       4	       5	       8	       8	       8
      79	396	 12	    0.28	          1	            0	           13	       4	       6	       7	       9	       6	       6
      80	 44	 46	    0.21	          1	            0	           29	       5	       5	       8	       8	       7	       4
      81	294	286	    0.07	          7	            0	           12	       4	       4	       5	       5	       5	       5
      82	294	493	    0.07	          5	            0	           19	       4	       4	       5	       6	       4	       3
      83	105	267	    0.25	          9	            0	           34	       5	       6	       7	       7	       6	       6
      84	276	 33	    0.23	          1	            0	           60	       3	       2	       5	       7	      10	       8
      85	467	286	    0.28	          2	            0	           25	       2	       2	       6	       6	       8	       5
      86	 32	200	    0.11	          5	            0	           45	       1	       2	       3	       8	       9	       7
      87	134	 10	    0.13	          5	            0	           41	       4	       4	       4	       6	       7	       8
      88	144	446	    0.15	          3	            0	           28	       3	       4	       5	       6	       5	       6
      89	222	444	    0.15	          9	            0	           20	       3	       3	       6	       6	       8	       6
      90	425	162	    0.16	          3	            0	           14	       1	       3	       5	       6	       6	       8
      91	 40	159	    0.08	          9	            0	           27	       4	       5	       6	       6	       5	       4
      92	263	255	    0.06	          9	            0	           13	       4	       3	       6	       5	       7	       8
      93	 99	496	     0.1	          2	            0	           18	       4	       3	       6	       5	       4	       3
      94	 22	 83	    0.06	          7	            0	            8	       4	       4	       6	       8	       7	       6
      95	375	107	    0.22	          1	            0	           38	       5	       5	       7	       9	       7	       8
      96	 62	 76	    0.03	          7	            0	           43	       4	       5	       5	       8	       8	       8
      97	405	 37	    0.15	         11	            0	           23	       2	       4	       5	       7	       9	       8
      98	226	218	    0.22	          3	            0	           25	       3	       4	       5	       7	       5	       5
      99	332	244	    0.06	          2	            0	           32	       2	       3	       6	       7	       8	       5
     100	220	496	    0.02	          4	            0	           11	       5	       4	       6	       7	       7	       5
COST_MATRIX 
	  0	  1	  2	  3	  4	  5	  6	  7	  8	  9	 10	 11	 12	 13	 14	 15	 16	 17	 18	 19	 20	 21	 22	 23	 24	 25	 26	 27	 28	 29	 30	 31	 32	 33	 34	 35	 36	 37	 38	 39	 40	 41	 42	 43	 44	 45	 46	 47	 48	 49	 50	 51	 52	 53	 54	 55	 56	 57	 58	 59	 60	 61	 62	 63	 64	 65	 66	 67	 68	 69	 70	 71	 72	 73	 74	 75	 76	 77	 78	 79	 80	 81	 82	 83	 84	 85	 86	 87	 88	 89	 90	 91	 92	 93	 94	 95	 96	 97	 98	 99	100
  0
  1	 15
  2	 20	 28
  3	 29	 16	 35
  4	 40	 27	 44	 12
  5	 17	  5	 32	 17	 28
  6	 16	  7	 25	 13	 24	 11
  7	 21	 36	 22	 49	 59	 37	 36
  8	  7	 10	 25	 25	 37	 11	 14	 27
  9	 31	 35	 14	 36	 42	 39	 30	 36	 35
 10	 18	  4	 31	 13	 25	  5	  8	 39	 13	 37
 11	  4	 15	 23	 30	 41	 16	 17	 22	  6	 34	 18
 12	  9	 10	 27	 25	 37	 10	 15	 28	  3	 38	 13	  7
 13	 37	 27	 37	 14	 11	 30	 22	 55	 35	 33	 26	 39	 36
 14	 36	 27	 35	 15	 13	 30	 22	 53	 35	 31	 25	 38	 36	  3
 15	 33	 19	 44	 11	 16	 18	 20	 54	 28	 47	 16	 33	 27	 23	 24
 16	 21	 27	  8	 31	 38	 31	 21	 29	 26	 10	 28	 25	 28	 30	 29	 40
 17	 25	 35	  7	 41	 50	 39	 31	 23	 31	 14	 37	 28	 34	 42	 40	 50	 12
 18	 14	 28	 15	 40	 51	 30	 27	  9	 20	 29	 31	 15	 22	 46	 44	 46	 21	 18
 19	 24	 11	 39	 18	 28	  8	 17	 44	 18	 46	 10	 23	 16	 31	 32	 14	 37	 46	 37
 20	 19	 25	  7	 30	 38	 29	 20	 27	 24	 12	 27	 23	 26	 31	 29	 39	  3	 12	 19	 36
 21	 22	 36	 24	 50	 61	 38	 37	  3	 27	 38	 39	 22	 28	 56	 55	 54	 31	 26	 11	 44	 29
 22	 19	 33	 24	 47	 58	 34	 34	  6	 24	 38	 36	 18	 25	 54	 53	 51	 30	 26	 10	 40	 29	  5
 23	 18	 26	  3	 33	 42	 30	 22	 23	 23	 15	 28	 21	 26	 35	 33	 42	  6	  9	 15	 37	  5	 25	 24
 24	  9	 21	 25	 36	 47	 22	 24	 18	 11	 38	 24	  7	 12	 45	 44	 39	 29	 30	 14	 27	 27	 18	 14	 24
 25	 20	  7	 35	 17	 27	  3	 13	 40	 14	 42	  6	 19	 13	 30	 30	 16	 33	 41	 33	  5	 31	 40	 37	 33	 24
 26	 16	  5	 31	 18	 29	  2	 11	 36	 10	 39	  6	 15	  9	 31	 30	 19	 30	 38	 29	  9	 28	 37	 33	 29	 20	  4
 27	 25	 11	 36	  8	 19	 11	 12	 46	 20	 40	  8	 25	 20	 22	 22	  9	 33	 43	 38	 10	 31	 47	 43	 34	 31	  9	 12
 28	 10	 21	 11	 32	 43	 25	 20	 18	 16	 24	 24	 12	 18	 38	 36	 39	 15	 16	  9	 32	 13	 19	 17	 10	 15	 27	 23	 31
 29	 23	 26	 10	 29	 36	 30	 21	 31	 26	 10	 28	 26	 29	 28	 26	 39	  3	 14	 23	 37	  5	 33	 33	  9	 30	 33	 30	 32	 16
 30	 34	 34	 21	 31	 35	 38	 27	 42	 36	 10	 35	 37	 39	 25	 23	 42	 14	 22	 35	 43	 16	 45	 44	 20	 42	 40	 38	 36	 28	 12
 31	 22	 12	 28	  8	 19	 15	  7	 41	 20	 30	 11	 24	 21	 16	 16	 18	 23	 34	 33	 19	 22	 42	 40	 25	 30	 16	 16	 11	 25	 22	 26
 32	 18	 28	  3	 37	 46	 32	 25	 19	 24	 17	 31	 21	 26	 39	 37	 45	 10	  8	 12	 39	  9	 21	 21	  5	 23	 35	 31	 37	  9	 13	 24	 29
 33	 38	 25	 42	 10	  3	 27	 22	 57	 35	 40	 23	 39	 35	  9	 11	 16	 36	 47	 48	 27	 36	 58	 55	 39	 45	 26	 28	 17	 40	 34	 33	 16	 43
 34	 36	 36	 23	 32	 35	 40	 29	 45	 39	 11	 36	 39	 41	 25	 23	 43	 17	 24	 37	 45	 18	 47	 46	 23	 44	 41	 40	 38	 30	 14	  3	 27	 26	 33
 35	  8	 22	 19	 36	 47	 24	 23	 14	 14	 33	 25	  8	 15	 44	 43	 41	 24	 24	  8	 31	 22	 14	 11	 19	  7	 27	 23	 33	 10	 25	 37	 29	 17	 45	 39
 36	  4	 16	 23	 30	 42	 17	 18	 21	  7	 34	 19	  1	  8	 40	 39	 34	 25	 28	 15	 23	 23	 21	 18	 21	  6	 20	 16	 26	 12	 26	 37	 24	 21	 40	 39	  8
 37	 39	 39	 25	 36	 39	 44	 33	 47	 42	 12	 40	 42	 44	 28	 26	 47	 19	 25	 39	 49	 21	 49	 48	 25	 47	 45	 43	 41	 33	 17	  6	 31	 28	 36	  4	 42	 42
 38	 33	 24	 32	 14	 15	 27	 19	 50	 32	 28	 23	 35	 33	  6	  4	 24	 25	 36	 41	 30	 25	 51	 49	 30	 41	 28	 28	 21	 33	 23	 20	 13	 34	 13	 21	 39	 35	 24
 39	 16	 27	  5	 36	 46	 30	 24	 18	 22	 19	 30	 19	 24	 39	 38	 44	 12	 10	 10	 37	 10	 20	 19	  6	 21	 33	 29	 36	  7	 14	 25	 28	  3	 43	 28	 15	 19	 30	 34
 40	 36	 24	 40	  9	  5	 25	 21	 55	 33	 39	 21	 37	 34	  9	 11	 15	 35	 46	 47	 25	 34	 57	 54	 38	 44	 25	 26	 16	 39	 33	 32	 15	 42	  2	 32	 43	 38	 36	 12	 42
 41	 28	 28	 18	 26	 32	 32	 21	 39	 30	 11	 29	 31	 33	 22	 20	 37	 11	 21	 30	 38	 12	 41	 40	 16	 36	 34	 32	 31	 23	  8	  7	 20	 20	 29	  9	 32	 31	 12	 17	 22	 28
 42	 16	 30	 24	 44	 55	 31	 31	  8	 21	 38	 33	 16	 22	 52	 51	 48	 29	 27	  9	 38	 27	  7	  3	 24	 11	 34	 30	 41	 16	 31	 43	 37	 21	 53	 45	  9	 15	 48	 47	 19	 52	 39
 43	 33	 24	 33	 12	 13	 26	 18	 51	 32	 30	 22	 35	 33	  5	  4	 22	 27	 38	 42	 29	 27	 52	 50	 31	 41	 27	 27	 19	 34	 25	 23	 12	 35	 10	 23	 40	 36	 27	  3	 35	  9	 19	 48
 44	 18	 32	 23	 46	 57	 33	 33	  5	 23	 37	 35	 18	 24	 53	 51	 50	 29	 25	  9	 40	 27	  5	  2	 23	 13	 36	 32	 42	 16	 31	 43	 39	 20	 54	 45	 10	 17	 47	 48	 18	 53	 38	  3	 49
 45	 34	 37	 18	 37	 41	 41	 31	 39	 38	  4	 38	 37	 40	 31	 29	 47	 13	 17	 32	 47	 15	 41	 41	 18	 41	 43	 41	 41	 27	 12	  7	 30	 21	 39	  9	 36	 37	  8	 27	 23	 38	 11	 41	 29	 40
 46	 40	 40	 26	 36	 38	 44	 33	 48	 43	 13	 40	 43	 45	 27	 25	 46	 20	 27	 41	 49	 22	 50	 50	 26	 48	 46	 44	 42	 34	 18	  7	 31	 29	 36	  5	 43	 43	  2	 24	 31	 35	 13	 49	 26	 49	 10
 47	 21	 22	 40	 36	 47	 19	 28	 34	 17	 52	 24	 18	 15	 49	 49	 34	 42	 46	 31	 21	 40	 33	 29	 39	 17	 20	 19	 29	 30	 43	 53	 34	 39	 46	 55	 23	 18	 58	 46	 36	 44	 47	 27	 45	 29	 54	 59
 48	 26	 40	 24	 53	 64	 42	 40	  5	 32	 37	 43	 27	 33	 58	 57	 58	 31	 24	 13	 49	 30	  6	 10	 25	 23	 45	 41	 50	 21	 34	 45	 45	 21	 61	 47	 19	 26	 48	 53	 20	 60	 41	 13	 54	 10	 41	 50	 39
 49	 25	 22	 21	 19	 25	 26	 15	 40	 26	 18	 22	 28	 28	 16	 15	 29	 14	 26	 31	 31	 15	 42	 40	 19	 34	 27	 26	 23	 23	 12	 13	 13	 23	 22	 15	 31	 28	 19	 11	 24	 21	  8	 38	 13	 39	 18	 19	 42	 43
 50	 18	 10	 35	 23	 34	  6	 17	 37	 11	 44	 11	 16	  9	 36	 36	 21	 35	 42	 31	  8	 33	 37	 33	 33	 20	  7	  6	 16	 27	 35	 43	 21	 35	 32	 45	 24	 17	 49	 33	 33	 31	 37	 30	 32	 33	 46	 49	 14	 42	 31
 51	 13	 28	 17	 40	 51	 30	 28	  9	 19	 31	 31	 14	 21	 47	 45	 46	 23	 20	  3	 36	 21	 10	  8	 17	 12	 32	 29	 38	 10	 25	 36	 33	 14	 49	 39	  7	 14	 41	 42	 12	 47	 32	  7	 43	  7	 34	 42	 29	 13	 32	 30
 52	 21	 35	 19	 47	 58	 37	 34	  4	 27	 32	 38	 22	 28	 52	 51	 53	 26	 20	  8	 44	 24	  7	  9	 20	 19	 40	 36	 45	 15	 28	 39	 40	 16	 55	 42	 14	 21	 43	 47	 15	 54	 36	 10	 48	  8	 36	 45	 35	  6	 37	 37	  8
 53	 23	 27	 10	 30	 37	 31	 22	 31	 27	  9	 29	 26	 30	 29	 27	 40	  3	 13	 23	 38	  5	 33	 32	  9	 31	 34	 31	 33	 17	  2	 12	 23	 13	 35	 14	 26	 27	 17	 24	 14	 34	  9	 32	 26	 31	 11	 18	 43	 33	 13	 36	 25	 28
 54	 18	 12	 36	 25	 36	  9	 19	 36	 11	 45	 13	 15	  9	 38	 38	 24	 36	 42	 30	 11	 34	 36	 32	 34	 19	  9	  8	 18	 27	 36	 45	 23	 35	 35	 47	 23	 16	 50	 36	 33	 33	 39	 29	 35	 31	 47	 51	 11	 41	 33	  3	 29	 36	 37
 55	 17	 23	  7	 29	 38	 27	 19	 26	 21	 15	 25	 20	 24	 31	 29	 38	  5	 13	 17	 34	  3	 28	 27	  5	 24	 30	 26	 30	 10	  7	 18	 21	  9	 35	 21	 19	 20	 23	 26	  9	 34	 14	 26	 27	 25	 17	 24	 38	 29	 15	 31	 19	 23	  7	 32
 56	  9	 23	 20	 37	 48	 25	 24	 13	 14	 34	 26	  9	 16	 45	 44	 41	 25	 25	  8	 31	 23	 14	 10	 20	  6	 27	 24	 34	 11	 27	 38	 30	 18	 46	 41	  2	  8	 43	 40	 15	 45	 33	  8	 41	  9	 37	 44	 23	 18	 32	 24	  7	 14	 27	 23	 21
 57	 35	 31	 28	 24	 26	 35	 25	 48	 36	 19	 31	 38	 38	 16	 14	 35	 20	 30	 40	 39	 21	 50	 49	 26	 44	 36	 35	 31	 32	 18	 10	 21	 30	 24	 10	 40	 39	 13	 12	 31	 23	 10	 47	 14	 48	 17	 12	 52	 51	 11	 41	 41	 45	 18	 43	 23	 42
 58	 28	 14	 39	  7	 16	 14	 15	 49	 24	 42	 11	 29	 23	 21	 21	  6	 35	 45	 41	 12	 34	 50	 46	 36	 35	 12	 15	  4	 34	 34	 37	 13	 40	 15	 38	 36	 29	 42	 21	 39	 14	 32	 44	 19	 46	 42	 42	 32	 54	 24	 19	 41	 48	 35	 21	 33	 37	 31
 59	 34	 30	 27	 24	 26	 34	 24	 47	 35	 18	 30	 37	 37	 16	 14	 35	 19	 30	 39	 39	 20	 49	 48	 25	 43	 35	 34	 30	 31	 17	 10	 20	 29	 24	 10	 39	 37	 13	 12	 30	 23	  9	 46	 14	 46	 17	 12	 51	 50	 10	 40	 40	 44	 17	 42	 22	 41	  2	 31
 60	 26	 19	 44	 29	 38	 15	 25	 43	 20	 53	 19	 24	 17	 42	 43	 24	 44	 50	 38	 11	 42	 43	 39	 42	 26	 13	 15	 21	 35	 44	 52	 29	 43	 37	 54	 31	 24	 58	 41	 41	 36	 46	 36	 39	 39	 55	 58	 13	 48	 40	 10	 37	 44	 45	  9	 40	 31	 49	 23	 48
 61	 25	 21	 20	 19	 25	 26	 15	 39	 26	 18	 22	 27	 28	 17	 15	 29	 14	 25	 30	 31	 14	 41	 39	 18	 33	 27	 26	 24	 22	 12	 13	 13	 22	 23	 15	 30	 28	 19	 12	 23	 22	  8	 38	 14	 38	 18	 19	 42	 42	  1	 31	 32	 37	 13	 33	 14	 31	 11	 25	 10	 40
 62	 18	 13	 20	 16	 25	 18	  7	 35	 18	 23	 14	 20	 19	 20	 19	 25	 16	 26	 26	 23	 15	 36	 34	 18	 26	 19	 17	 18	 18	 15	 21	  8	 21	 23	 23	 24	 21	 26	 16	 21	 21	 15	 32	 16	 33	 24	 27	 34	 39	  9	 23	 27	 33	 16	 25	 14	 25	 19	 20	 18	 32	  9
 63	 25	 39	 21	 51	 61	 41	 38	  6	 31	 33	 42	 26	 33	 56	 54	 57	 28	 20	 12	 48	 27	  8	 12	 22	 23	 44	 40	 49	 19	 30	 41	 43	 18	 59	 43	 18	 25	 45	 50	 17	 57	 38	 14	 52	 11	 37	 46	 39	  4	 40	 41	 12	  5	 30	 41	 26	 18	 48	 52	 47	 48	 40	 37
 64	 29	 17	 36	  2	 11	 19	 14	 49	 26	 36	 15	 31	 27	 12	 13	 12	 30	 41	 41	 20	 30	 50	 47	 33	 37	 18	 20	 10	 33	 29	 30	  9	 37	  9	 31	 37	 31	 35	 12	 36	  7	 26	 45	 10	 46	 36	 35	 38	 53	 18	 24	 41	 48	 30	 27	 29	 38	 23	  9	 23	 30	 18	 16	 51
 65	 21	 17	 40	 30	 40	 13	 23	 38	 15	 50	 18	 18	 13	 43	 43	 27	 40	 46	 33	 13	 38	 37	 33	 38	 20	 13	 13	 22	 30	 41	 50	 28	 38	 39	 51	 25	 19	 55	 40	 36	 37	 43	 30	 39	 33	 52	 56	  8	 42	 38	  7	 32	 38	 41	  5	 36	 25	 48	 25	 47	  7	 38	 29	 43	 31
 66	 24	 12	 40	 19	 28	  8	 17	 44	 18	 46	 10	 23	 16	 32	 33	 14	 38	 46	 37	  1	 36	 44	 41	 37	 28	  5	  9	 11	 32	 38	 44	 20	 40	 27	 46	 31	 24	 50	 31	 38	 26	 38	 38	 29	 40	 48	 50	 20	 49	 31	  8	 37	 44	 39	 11	 34	 31	 40	 13	 39	 11	 31	 24	 48	 20	 13
 67	 13	 20	 32	 35	 46	 19	 24	 25	 11	 44	 22	 10	 10	 46	 46	 36	 34	 37	 21	 23	 32	 24	 20	 30	  8	 21	 18	 29	 21	 35	 46	 30	 30	 45	 48	 14	 10	 51	 42	 27	 43	 40	 17	 42	 20	 46	 52	 10	 30	 37	 15	 20	 26	 36	 13	 30	 14	 47	 32	 46	 20	 36	 28	 30	 36	 14	 23
 68	 33	 23	 36	  9	  9	 25	 18	 52	 31	 34	 21	 35	 32	  6	  7	 18	 30	 41	 43	 26	 30	 54	 51	 34	 41	 25	 26	 17	 35	 28	 27	 12	 38	  6	 27	 41	 36	 31	  7	 38	  5	 23	 49	  5	 50	 33	 30	 44	 56	 16	 31	 44	 50	 29	 33	 30	 42	 19	 15	 18	 37	 17	 18	 54	  7	 37	 27	 42
 69	 26	 26	 17	 25	 31	 30	 20	 38	 29	 12	 27	 29	 31	 22	 20	 36	 10	 21	 29	 36	 11	 40	 38	 15	 35	 32	 30	 29	 22	  7	  8	 19	 20	 28	 10	 30	 30	 14	 17	 21	 27	  2	 37	 19	 37	 12	 14	 45	 40	  7	 36	 31	 35	  8	 37	 12	 32	 11	 31	 10	 44	  7	 13	 37	 25	 42	 37	 39	 23
 70	 16	 21	 35	 35	 47	 19	 26	 28	 13	 47	 23	 13	 11	 47	 47	 35	 37	 40	 25	 22	 35	 27	 23	 33	 12	 20	 18	 29	 25	 38	 49	 32	 33	 45	 51	 18	 13	 54	 44	 31	 44	 43	 21	 43	 23	 49	 55	  6	 33	 39	 14	 23	 30	 39	 12	 33	 17	 49	 32	 48	 17	 38	 30	 34	 37	 11	 22	  4	 43	 41
 71	 19	 24	 37	 39	 50	 22	 29	 29	 16	 49	 26	 16	 15	 50	 50	 38	 40	 42	 26	 25	 38	 28	 24	 36	 13	 23	 21	 32	 27	 41	 52	 35	 35	 48	 54	 19	 15	 57	 47	 33	 47	 46	 21	 47	 24	 52	 58	  6	 33	 42	 17	 25	 30	 42	 15	 35	 19	 52	 35	 51	 18	 41	 33	 34	 40	 13	 25	  6	 46	 44	  4
 72	  9	  9	 27	 24	 35	  9	 13	 29	  3	 37	 11	  8	  2	 35	 34	 26	 28	 34	 23	 15	 26	 30	 26	 25	 13	 11	  8	 19	 18	 28	 38	 19	 26	 34	 40	 16	  9	 43	 31	 24	 32	 32	 23	 31	 25	 39	 44	 16	 34	 27	  9	 22	 29	 29	  9	 23	 17	 37	 22	 36	 17	 26	 18	 33	 25	 13	 15	 12	 30	 30	 13	 16
 73	 16	 30	 20	 44	 55	 32	 31	  6	 22	 34	 33	 16	 23	 50	 49	 49	 27	 23	  6	 39	 25	  6	  4	 21	 13	 35	 31	 41	 14	 29	 40	 37	 18	 52	 43	  9	 16	 45	 46	 16	 51	 36	  4	 46	  3	 38	 46	 29	 11	 36	 32	  4	  7	 29	 31	 23	  8	 45	 44	 44	 38	 36	 31	 11	 44	 32	 39	 20	 48	 35	 23	 24	 24
 74	 34	 35	 21	 33	 37	 40	 29	 42	 37	  8	 36	 38	 40	 27	 25	 44	 14	 21	 35	 45	 16	 44	 44	 20	 42	 41	 39	 38	 28	 12	  3	 28	 24	 35	  4	 37	 38	  5	 23	 25	 34	  8	 43	 25	 43	  6	  6	 54	 44	 15	 45	 37	 39	 12	 46	 18	 39	 12	 39	 12	 54	 15	 23	 40	 32	 51	 46	 47	 29	 10	 50	 52	 39	 40
 75	 20	 21	 13	 24	 32	 26	 16	 32	 23	 15	 23	 23	 25	 24	 23	 33	  7	 18	 24	 32	  7	 34	 33	 11	 28	 28	 25	 26	 16	  6	 14	 16	 15	 29	 16	 24	 23	 20	 19	 16	 28	  8	 31	 21	 31	 16	 21	 39	 35	  8	 30	 25	 29	  7	 32	  7	 25	 17	 28	 16	 39	  8	  9	 32	 24	 36	 32	 32	 24	  7	 35	 38	 24	 29	 15
 76	 16	 30	 25	 44	 55	 31	 31	  9	 20	 38	 33	 15	 21	 52	 51	 48	 30	 28	 10	 37	 28	  9	  4	 24	 10	 33	 29	 40	 16	 32	 44	 37	 22	 53	 46	  9	 14	 48	 47	 20	 51	 39	  2	 48	  4	 42	 50	 25	 14	 38	 29	  8	 12	 32	 28	 26	  7	 48	 43	 47	 35	 38	 32	 15	 45	 29	 37	 16	 49	 38	 19	 20	 22	  5	 44	 32
 77	 23	 16	 24	 12	 21	 19	  9	 40	 22	 25	 15	 25	 23	 15	 14	 22	 19	 30	 31	 24	 18	 42	 39	 22	 31	 21	 20	 16	 23	 17	 21	  6	 26	 18	 22	 29	 25	 26	 10	 26	 17	 15	 37	 11	 38	 25	 26	 37	 44	  8	 25	 32	 38	 18	 27	 18	 30	 16	 18	 15	 33	  8	  6	 42	 12	 32	 24	 33	 13	 14	 34	 37	 22	 36	 22	 12	 37
 78	 16	 16	 35	 31	 42	 14	 22	 32	 11	 46	 18	 13	  9	 43	 43	 29	 36	 41	 28	 16	 34	 32	 28	 34	 15	 15	 13	 24	 25	 37	 47	 27	 34	 40	 49	 20	 14	 52	 40	 32	 39	 41	 25	 39	 27	 48	 53	  7	 37	 36	  9	 26	 33	 38	  6	 32	 20	 46	 27	 45	 12	 36	 27	 37	 32	  6	 16	  8	 38	 39	  6	  9	 10	 27	 48	 33	 24	 31
 79	 22	 23	 41	 37	 48	 21	 29	 34	 18	 52	 25	 19	 16	 50	 50	 35	 43	 46	 31	 22	 40	 33	 29	 39	 17	 21	 20	 30	 30	 43	 54	 35	 39	 47	 56	 23	 19	 59	 47	 37	 45	 48	 26	 46	 29	 55	 60	  2	 38	 43	 15	 29	 35	 44	 12	 38	 23	 53	 33	 52	 14	 43	 34	 39	 39	  9	 22	 10	 45	 46	  6	  6	 17	 29	 55	 40	 25	 38	  8
 80	 22	 36	 20	 48	 59	 38	 36	  4	 28	 33	 39	 23	 29	 54	 52	 54	 27	 21	  9	 45	 26	  6	  8	 21	 20	 41	 37	 46	 17	 29	 40	 41	 17	 56	 43	 15	 22	 44	 48	 16	 55	 37	 10	 50	  8	 37	 46	 36	  5	 39	 38	  9	  2	 29	 37	 24	 14	 47	 49	 45	 45	 38	 34	  4	 49	 39	 45	 27	 51	 36	 30	 31	 30	  7	 40	 31	 12	 39	 34	 36
 81	 16	  8	 24	 14	 25	 12	  1	 35	 14	 29	  9	 18	 15	 22	 21	 21	 21	 30	 27	 18	 19	 37	 34	 21	 24	 14	 12	 13	 19	 20	 27	  7	 24	 22	 28	 23	 18	 32	 18	 23	 21	 21	 31	 18	 33	 30	 33	 29	 40	 14	 17	 27	 34	 21	 19	 18	 24	 24	 16	 23	 26	 14	  6	 38	 14	 24	 18	 25	 18	 19	 26	 29	 14	 31	 28	 15	 31	  9	 23	 30	 35
 82	 36	 27	 35	 15	 14	 30	 22	 53	 35	 30	 26	 38	 36	  3	  1	 25	 28	 39	 44	 32	 28	 54	 52	 33	 44	 30	 31	 23	 36	 26	 22	 16	 37	 12	 22	 42	 39	 25	  4	 37	 11	 19	 50	  4	 51	 29	 25	 49	 56	 14	 36	 45	 50	 26	 38	 29	 44	 13	 22	 13	 43	 15	 19	 54	 13	 43	 33	 45	  7	 19	 47	 50	 34	 49	 24	 22	 50	 14	 43	 50	 52	 21
 83	 18	 25	  5	 31	 39	 29	 20	 25	 23	 14	 27	 21	 25	 32	 31	 40	  4	 11	 17	 36	  3	 27	 26	  3	 25	 31	 28	 32	 11	  7	 18	 23	  7	 37	 21	 20	 21	 23	 27	  8	 36	 14	 25	 29	 25	 17	 24	 39	 28	 16	 32	 19	 22	  7	 33	  2	 21	 24	 34	 23	 41	 16	 15	 25	 31	 37	 36	 31	 31	 13	 34	 36	 25	 23	 18	  8	 26	 20	 33	 39	 23	 19	 30
 84	 13	 22	 30	 37	 48	 21	 26	 22	 12	 43	 24	 10	 12	 47	 47	 38	 33	 35	 19	 26	 31	 21	 17	 29	  5	 23	 20	 31	 20	 35	 46	 32	 28	 46	 48	 12	  9	 51	 43	 25	 45	 40	 14	 43	 17	 45	 52	 13	 26	 37	 18	 17	 23	 35	 16	 29	 11	 47	 35	 46	 23	 37	 29	 27	 38	 17	 26	  4	 43	 38	  7	  8	 13	 17	 46	 32	 13	 34	 11	 13	 24	 26	 47	 29
 85	 28	 14	 41	 13	 21	 12	 17	 49	 22	 45	 11	 28	 22	 26	 27	  7	 38	 47	 41	  7	 36	 49	 45	 39	 33	  9	 13	  6	 35	 37	 42	 17	 41	 20	 43	 35	 28	 47	 26	 40	 19	 36	 43	 24	 45	 46	 47	 28	 53	 29	 15	 41	 48	 38	 17	 35	 36	 36	  6	 36	 18	 29	 23	 52	 15	 20	  8	 30	 21	 35	 29	 31	 20	 43	 44	 32	 42	 22	 23	 29	 49	 18	 27	 37	 32
 86	 21	 32	  6	 40	 49	 35	 29	 18	 27	 18	 35	 24	 30	 42	 40	 48	 13	  6	 13	 43	 12	 21	 21	  8	 25	 38	 35	 40	 12	 15	 25	 32	  4	 47	 28	 19	 24	 29	 37	  6	 45	 23	 21	 38	 20	 21	 30	 41	 20	 26	 38	 15	 15	 15	 38	 12	 20	 33	 43	 32	 46	 25	 25	 16	 40	 42	 43	 32	 41	 22	 36	 37	 30	 18	 25	 18	 23	 29	 37	 41	 16	 28	 40	 10	 30	 45
 87	 17	 31	 24	 45	 56	 32	 33	  8	 22	 38	 34	 17	 23	 53	 52	 49	 30	 27	 10	 38	 28	  7	  3	 25	 12	 35	 31	 42	 17	 32	 44	 38	 22	 54	 46	 10	 16	 49	 48	 19	 53	 40	  2	 49	  3	 42	 50	 27	 12	 39	 31	  8	 10	 32	 30	 27	  9	 48	 45	 47	 37	 39	 33	 13	 46	 31	 39	 18	 50	 38	 21	 22	 24	  5	 44	 32	  2	 38	 26	 27	 10	 32	 51	 26	 15	 44	 22
 88	 32	 30	 23	 25	 29	 34	 23	 44	 34	 14	 30	 35	 36	 19	 17	 36	 15	 25	 35	 39	 17	 46	 44	 21	 40	 35	 34	 31	 28	 13	  6	 21	 25	 27	  7	 36	 35	 11	 14	 27	 26	  5	 43	 17	 43	 13	 11	 50	 46	  9	 39	 37	 41	 13	 41	 18	 38	  6	 32	  5	 48	  9	 17	 43	 25	 46	 39	 44	 21	  6	 46	 49	 35	 41	  9	 13	 44	 16	 44	 51	 42	 22	 16	 19	 44	 37	 28	 44
 89	 30	 25	 26	 18	 21	 29	 18	 45	 31	 21	 25	 33	 32	 12	 10	 29	 19	 30	 37	 33	 20	 47	 45	 24	 39	 30	 29	 24	 29	 17	 14	 14	 29	 19	 15	 36	 33	 18	  7	 29	 18	 11	 44	  9	 44	 20	 18	 46	 49	  6	 34	 38	 43	 18	 37	 21	 37	  7	 25	  6	 43	  7	 14	 46	 17	 41	 33	 41	 13	 11	 43	 46	 31	 42	 16	 14	 44	 10	 40	 47	 44	 18	  9	 22	 42	 30	 31	 45	  8
 90	 20	 11	 37	 23	 33	  7	 18	 39	 14	 46	 11	 18	 12	 36	 36	 20	 37	 44	 33	  7	 35	 39	 35	 35	 22	  6	  7	 15	 29	 37	 45	 22	 37	 32	 46	 26	 19	 50	 34	 35	 30	 38	 33	 33	 35	 47	 51	 15	 44	 32	  3	 32	 39	 37	  4	 33	 27	 42	 18	 41	  8	 32	 24	 44	 24	  8	  7	 17	 31	 37	 16	 18	 11	 34	 46	 32	 32	 26	 10	 16	 40	 19	 36	 34	 20	 14	 40	 33	 40	 35
 91	 20	 32	  9	 41	 51	 35	 29	 14	 26	 22	 35	 22	 28	 45	 43	 49	 16	 10	  9	 42	 15	 17	 17	 10	 22	 38	 34	 41	 11	 19	 29	 34	  6	 49	 31	 16	 22	 33	 39	  6	 47	 26	 18	 41	 16	 25	 34	 39	 16	 29	 37	 11	 11	 18	 37	 14	 17	 36	 44	 35	 45	 28	 26	 12	 42	 40	 43	 29	 43	 25	 33	 35	 29	 14	 29	 21	 19	 31	 35	 39	 12	 29	 42	 13	 27	 45	  5	 18	 31	 34	 39
 92	 12	  9	 20	 18	 29	 13	  5	 31	 11	 27	 11	 14	 13	 26	 25	 25	 18	 27	 23	 20	 16	 32	 29	 18	 20	 15	 13	 17	 15	 18	 26	 11	 21	 27	 28	 19	 15	 32	 21	 19	 25	 20	 27	 22	 28	 29	 33	 27	 35	 15	 18	 23	 30	 19	 19	 15	 20	 26	 20	 24	 27	 15	  7	 33	 19	 24	 20	 22	 22	 19	 24	 27	 12	 26	 28	 13	 27	 11	 21	 28	 31	  5	 25	 16	 23	 21	 24	 28	 23	 20	 19	 25
 93	 38	 36	 26	 31	 33	 41	 30	 48	 40	 15	 37	 41	 42	 23	 21	 42	 20	 28	 40	 45	 21	 50	 49	 26	 46	 42	 41	 37	 33	 17	  6	 27	 29	 31	  4	 42	 41	  6	 19	 31	 31	 11	 48	 22	 48	 12	  5	 56	 50	 15	 46	 42	 45	 17	 48	 23	 43	  8	 38	  8	 55	 16	 24	 47	 30	 53	 46	 50	 26	 12	 53	 56	 41	 46	  7	 18	 49	 22	 50	 57	 46	 29	 20	 23	 50	 43	 31	 49	  7	 14	 47	 35	 30
 94	 22	 36	 17	 47	 58	 39	 35	  8	 29	 30	 39	 24	 30	 52	 50	 54	 24	 17	  9	 46	 23	 10	 12	 18	 22	 41	 38	 46	 16	 26	 37	 40	 14	 55	 39	 16	 23	 41	 47	 13	 54	 34	 14	 48	 12	 33	 42	 39	  8	 36	 39	 10	  4	 26	 39	 22	 16	 44	 49	 43	 47	 36	 33	  5	 48	 41	 46	 29	 50	 33	 33	 34	 31	 10	 36	 28	 15	 38	 36	 39	  5	 34	 50	 21	 26	 49	 12	 14	 39	 42	 42	  8	 30	 43
 95	 15	 13	 34	 28	 39	 11	 20	 33	 10	 44	 15	 13	  7	 40	 40	 27	 35	 40	 28	 14	 33	 33	 28	 32	 15	 12	 10	 21	 25	 35	 45	 25	 33	 37	 47	 20	 13	 50	 37	 31	 36	 39	 26	 37	 28	 47	 51	  9	 38	 34	  6	 26	 33	 36	  4	 31	 20	 44	 24	 43	 11	 33	 25	 38	 29	  6	 14	 10	 35	 37	  9	 11	  8	 27	 46	 31	 25	 28	  3	 10	 34	 20	 40	 32	 13	 21	 36	 26	 42	 38	  8	 34	 19	 48	 36
 96	 19	 33	 17	 45	 55	 35	 32	  6	 25	 30	 36	 20	 27	 50	 49	 51	 24	 18	  5	 42	 22	  8	  9	 18	 18	 38	 34	 43	 13	 26	 37	 37	 14	 53	 40	 12	 19	 41	 45	 12	 51	 34	 10	 46	  8	 34	 43	 35	  9	 35	 36	  6	  3	 26	 35	 21	 12	 43	 46	 42	 43	 34	 31	  7	 45	 37	 42	 25	 48	 33	 29	 30	 27	  6	 37	 27	 11	 36	 32	 35	  4	 32	 48	 20	 22	 46	 13	 10	 38	 41	 38	  9	 27	 43	  5	 32
 97	 21	 21	 40	 35	 46	 18	 27	 35	 16	 51	 22	 18	 14	 47	 47	 33	 42	 46	 31	 19	 39	 34	 30	 38	 18	 19	 17	 28	 30	 42	 52	 32	 38	 44	 54	 24	 18	 58	 45	 36	 43	 46	 27	 44	 30	 53	 58	  2	 39	 41	 13	 30	 36	 43	 10	 37	 23	 51	 30	 50	 12	 41	 33	 40	 36	  6	 19	 10	 42	 44	  7	  8	 15	 30	 53	 39	 26	 36	  6	  3	 37	 28	 47	 38	 13	 26	 41	 28	 49	 45	 13	 39	 27	 56	 39	  8	 35
 98	  8	 12	 17	 23	 34	 16	 11	 26	 10	 26	 15	 11	 12	 30	 29	 30	 16	 23	 17	 23	 14	 27	 24	 14	 16	 19	 15	 22	 10	 17	 27	 16	 16	 32	 29	 14	 11	 32	 26	 15	 30	 21	 22	 26	 23	 28	 33	 27	 30	 18	 19	 18	 24	 18	 20	 12	 15	 28	 25	 27	 28	 17	 11	 28	 24	 24	 24	 20	 27	 20	 22	 25	 12	 21	 28	 13	 22	 16	 21	 27	 26	 10	 29	 14	 20	 26	 20	 23	 25	 23	 21	 20	  6	 31	 25	 19	 22	 26
 99	 15	  2	 27	 15	 27	  6	  5	 35	 11	 34	  4	 15	 11	 26	 26	 19	 25	 34	 27	 13	 23	 36	 33	 25	 21	  9	  6	 11	 21	 25	 32	 11	 27	 25	 34	 22	 16	 38	 23	 26	 23	 26	 30	 22	 32	 35	 38	 24	 40	 20	 12	 27	 34	 26	 14	 22	 23	 30	 14	 29	 20	 20	 12	 38	 16	 18	 13	 21	 21	 25	 22	 25	  9	 30	 34	 20	 30	 14	 17	 25	 35	  6	 26	 23	 22	 15	 31	 31	 28	 23	 13	 31	  7	 35	 35	 15	 32	 22	 11
100	 36	 30	 31	 21	 21	 33	 23	 50	 36	 23	 29	 38	 37	 11	  9	 31	 23	 34	 42	 37	 24	 52	 50	 29	 44	 34	 34	 28	 34	 21	 15	 19	 33	 19	 15	 41	 39	 18	  8	 34	 19	 14	 49	 10	 49	 22	 17	 51	 53	 11	 39	 43	 48	 22	 41	 25	 43	  5	 28	  6	 47	 12	 19	 50	 19	 46	 37	 47	 14	 14	 48	 51	 36	 47	 17	 19	 49	 15	 45	 52	 49	 23	  8	 26	 47	 33	 36	 50	 10	  6	 40	 39	 25	 13	 46	 42	 45	 50	 28	 28
