nVehicles:   5
nDepots:     1
nCustomers: 25
nPeriods:   12
VEHICLE_TYPE	FLEET_SIZE	CAPACITY
           4	         5	      38	
DEPOT   	X  	Y  	INV_COST	INITIAL_INV 	MIN_LEVEL_INV 	MAX_LEVEL_INV	PRODUCTION_0	PRODUCTION_1	PRODUCTION_2	PRODUCTION_3	PRODUCTION_4	PRODUCTION_5	PRODUCTION_6	PRODUCTION_7	PRODUCTION_8	PRODUCTION_9	PRODUCTION_10	PRODUCTION_11
       0	468	189	       0	        150	            0	         1906	         162	         162	         162	         162	         162	         162	         162	         162	         162	         162	          162	          162	
CUSTOMER	X  	Y  	INV_COST	INITIAL_INV	MIN_LEVEL_INV 	MAX_LEVEL_INV	DEMAND_0	DEMAND_1	DEMAND_2	DEMAND_3	DEMAND_4	DEMAND_5	DEMAND_6	DEMAND_7	DEMAND_8	DEMAND_9	DEMAND_10	DEMAND_11
       1	214	234	    0.22	          1	            0	           26	       6	       6	       6	       9	      10	       9	       6	       7	       8	      10	       10	        7
       2	421	 84	    0.03	          6	            0	           38	       6	       5	       5	       5	       7	       9	       8	       9	       7	       6	        5	        5
       3	339	422	    0.15	         11	            0	           46	       6	       5	       5	       6	       6	       7	       6	       7	       4	       4	        4	        5
       4	  0	295	    0.08	          2	            0	           20	       7	       6	       5	       9	       8	      10	       7	       7	       5	       6	       10	       10
       5	477	313	    0.23	         10	            0	           42	       6	       4	       6	       6	       8	       9	       8	       7	       7	       4	        5	        5
       6	 55	400	    0.04	          3	            0	           16	       4	       3	       4	       4	       5	       5	       5	       4	       3	       3	        3	        4
       7	 14	271	    0.18	          4	            0	           33	       6	       5	       8	       9	      10	       6	       5	       7	       9	       8	        5	        6
       8	320	176	    0.22	          4	            0	           36	       6	       4	       5	       8	       8	       8	       6	       6	       5	       6	        8	        9
       9	338	356	       0	          6	            0	           50	       6	       5	       6	      10	      12	      12	       8	       6	       7	       9	       12	        9
      10	267	120	    0.05	         11	            0	           28	       7	       6	       6	       8	      10	       5	       6	       7	      11	       8	        5	        6
      11	 53	499	    0.05	          9	            0	           25	       6	       5	       6	       6	       8	       8	       8	       5	       5	       7	        8	        9
      12	329	151	    0.14	          4	            0	           25	       5	       3	       5	       5	       6	       5	       5	       4	       6	       6	        6	        6
      13	443	238	    0.25	          1	            0	           89	       6	       6	       7	       7	       9	      11	      10	       8	       5	       7	        8	        9
      14	420	316	    0.21	          9	            0	           48	       6	       4	       5	       6	       7	       8	       6	       5	       4	       5	        6	        8
      15	479	320	     0.1	          3	            0	           12	       4	       3	       4	       6	       5	       3	       3	       6	       5	       5	        4	        4
      16	  3	414	    0.25	          7	            0	           72	       7	       5	       8	       8	      11	       9	       6	       6	       7	      10	       10	        7
      17	422	113	    0.02	         12	            0	           62	       6	       6	       6	       8	       8	       8	       8	       7	       6	       5	        7	        9
      18	 86	466	    0.14	          1	            0	           44	       4	       3	       4	       6	       5	       4	       3	       4	       6	       6	        4	        4
      19	 26	258	    0.12	          7	            0	           23	       4	       4	       6	       8	       6	       5	       4	       5	       7	       6	        4	        4
      20	125	475	    0.24	         10	            0	           66	      10	       7	       8	      13	      12	       7	       8	      12	      12	      11	        8	        9
      21	421	486	     0.1	          4	            0	           86	       6	       5	       6	       8	       8	       9	      10	      10	       7	       5	        6	        6
      22	110	144	    0.17	          3	            0	           45	       4	       3	       4	       4	       5	       5	       4	       4	       4	       5	        5	        4
      23	 33	133	    0.24	          2	            0	           53	       3	       3	       4	       5	       5	       6	       4	       3	       4	       6	        7	        5
      24	 98	134	    0.14	          9	            0	           26	       6	       6	       8	       8	       9	       6	       5	       8	       8	       9	        6	        7
      25	127	335	    0.27	          1	            0	           83	       6	       7	       6	       9	      10	      10	       8	       6	       7	      10	       10	        9
COST_MATRIX 
	  0	  1	  2	  3	  4	  5	  6	  7	  8	  9	 10	 11	 12	 13	 14	 15	 16	 17	 18	 19	 20	 21	 22	 23	 24	 25
  0
  1	 26
  2	 12	 26
  3	 27	 23	 35
  4	 48	 23	 48	 37
  5	 13	 28	 24	 18	 48
  6	 47	 23	 49	 29	 12	 44
  7	 47	 21	 45	 36	  3	 47	 14
  8	 15	 13	 14	 25	 35	 21	 35	 33
  9	 22	 18	 29	  7	 35	 15	 29	 34	 19
 10	 22	 13	 16	 32	 32	 29	 36	 30	  8	 25
 11	 52	 32	 56	 30	 22	 47	 10	 24	 42	 32	 44
 12	 15	 15	 12	 28	 36	 22	 38	 34	  3	 21	  7	 45
 13	  6	 23	 16	 22	 45	  9	 43	 44	 14	 16	 22	 47	 15
 14	 14	 23	 24	 14	 43	  6	 38	 41	 18	 10	 25	 42	 19	  9
 15	 14	 28	 25	 18	 48	  1	 44	 47	 22	 15	 30	 47	 23	  9	  6
 16	 52	 28	 54	 34	 12	 49	  6	 15	 40	 34	 40	 10	 42	 48	 43	 49
 17	  9	 25	  3	 32	 46	 21	 47	 44	 12	 26	 16	 54	 11	 13	 21	 22	 52
 18	 48	 27	 51	 26	 20	 42	  8	 21	 38	 28	 40	  5	 40	 43	 37	 42	 10	 49
 19	 45	 19	 44	 36	  5	 46	 15	  2	 31	 33	 28	 25	 33	 42	 40	 46	 16	 43	 22
 20	 45	 26	 50	 23	 22	 39	 11	 24	 36	 25	 39	  8	 39	 40	 34	 39	 14	 47	  5	 24
 21	 31	 33	 41	 11	 47	 19	 38	 47	 33	 16	 40	 37	 35	 25	 18	 18	 43	 38	 34	 46	 30
 22	 37	 14	 32	 37	 19	 41	 27	 16	 22	 32	 16	 36	 22	 35	 36	 41	 30	 32	 33	 15	 34	 47
 23	 44	 21	 40	 43	 17	 48	 27	 14	 30	 38	 24	 37	 30	 43	 43	 49	 29	 39	 34	 13	 36	 53	  8
 24	 38	 16	 33	 38	 19	 42	 27	 17	 23	 33	 17	 37	 24	 37	 37	 43	 30	 33	 34	 15	 35	 48	  2	  7
 25	 38	 14	 39	 23	 14	 36	 10	 13	 26	 22	 26	 18	 28	 34	 30	 36	 15	 37	 14	 13	 15	 34	 20	 23	 21
