nVehicles:   9
nDepots:     1
nCustomers: 50
nPeriods:    9
VEHICLE_TYPE	FLEET_SIZE	CAPACITY
           4	         9	      38	
DEPOT   	X  	Y  	INV_COST	INITIAL_INV 	MIN_LEVEL_INV 	MAX_LEVEL_INV	PRODUCTION_0	PRODUCTION_1	PRODUCTION_2	PRODUCTION_3	PRODUCTION_4	PRODUCTION_5	PRODUCTION_6	PRODUCTION_7	PRODUCTION_8
       0	274	226	       0	        518	            0	         2914	         328	         328	         328	         328	         328	         328	         328	         328	         328	
CUSTOMER	X  	Y  	INV_COST	INITIAL_INV	MIN_LEVEL_INV 	MAX_LEVEL_INV	DEMAND_0	DEMAND_1	DEMAND_2	DEMAND_3	DEMAND_4	DEMAND_5	DEMAND_6	DEMAND_7	DEMAND_8
       1	326	355	    0.19	          3	            0	           44	       6	       6	       4	       4	       5	       6	       7	       6	       4
       2	321	328	    0.24	          4	            0	           39	       6	       4	       3	       5	       6	       6	       3	       4	       4
       3	271	274	    0.14	         15	            0	           22	       9	       8	       7	       6	      10	      12	       9	       8	       7
       4	 45	347	    0.16	          2	            0	           21	       6	       4	       3	       4	       6	       5	       4	       4	       5
       5	 40	328	    0.26	          4	            0	           43	       9	       6	       5	       8	      11	       8	       6	       6	       8
       6	170	  1	    0.11	          7	            0	           36	       8	       7	       5	       5	       7	       8	       7	       7	       5
       7	447	133	    0.13	          4	            0	           29	       7	       6	       4	       7	       8	       8	       5	       5	       7
       8	278	273	    0.29	          9	            0	           33	       9	       7	       6	       5	       7	      11	       8	       6	       6
       9	154	188	    0.23	         16	            0	           75	      12	       9	       7	       9	      13	      13	      10	       7	       6
      10	288	476	    0.11	          8	            0	           61	       8	       7	       6	       5	       6	       7	       8	       8	       6
      11	 90	424	    0.28	          5	            0	           19	       6	       4	       4	       3	       3	       5	       6	       5	       5
      12	303	472	    0.03	         17	            0	           73	       9	       9	       6	       6	       7	       7	       9	       9	      12
      13	377	278	    0.04	          4	            0	           19	       5	       4	       3	       3	       4	       5	       5	       4	       3
      14	220	382	    0.19	          1	            0	           23	       7	       4	       4	       6	       7	       5	       4	       4	       5
      15	106	160	    0.02	          1	            0	           59	       8	       7	       7	       6	       7	       6	       8	      10	       9
      16	274	227	     0.2	          3	            0	           30	       9	       8	       6	       5	       7	      10	      10	       8	       7
      17	396	 28	    0.14	          7	            0	           17	      10	      10	       8	       6	       7	       8	       8	      10	       9
      18	332	 96	    0.16	          8	            0	           28	       6	       4	       4	       5	       6	       6	       5	       4	       4
      19	197	410	    0.28	         11	            0	           56	       8	       6	       5	       8	      10	      10	       7	       5	       6
      20	447	127	    0.04	          4	            0	           63	      10	       7	       6	       7	       9	      11	       9	       6	       6
      21	216	212	    0.27	         17	            0	           20	      11	       8	       8	       6	       6	      10	       9	      11	      12
      22	 83	201	    0.01	          3	            0	           14	       6	       4	       4	       4	       4	       4	       4	       6	       5
      23	482	350	    0.09	         12	            0	           66	      11	       7	       6	       8	      10	      11	       9	       8	       5
      24	207	380	    0.17	          7	            0	           34	      10	       7	       6	       8	      12	      12	      10	       8	       7
      25	203	 15	    0.29	          6	            0	           38	       5	       4	       4	       4	       4	       5	       4	       4	       4
      26	368	332	    0.23	         11	            0	           31	       7	       6	       6	       5	       5	       8	       9	       7	       8
      27	 24	111	    0.13	         18	            0	           46	      11	       9	       6	       5	       5	       8	       9	      11	      10
      28	216	243	       0	         10	            0	           40	       6	       5	       4	       5	       5	       7	       7	       4	       4
      29	445	121	    0.22	         13	            0	           43	       8	       5	       5	       7	       8	       6	       6	       5	       7
      30	174	209	    0.01	         13	            0	           16	      10	       6	       5	       6	      11	      10	       6	       5	       8
      31	359	 57	    0.14	          3	            0	           17	       6	       4	       3	       5	       5	       5	       4	       3	       4
      32	373	 41	    0.01	         13	            0	           47	      11	       7	       5	       8	      12	      10	       8	       7	       7
      33	384	 73	    0.08	          8	            0	           20	       6	       4	       3	       3	       3	       5	       7	       6	       4
      34	 60	298	    0.11	          2	            0	           27	      12	       7	       7	       7	      11	      10	       9	       7	       6
      35	 22	 40	    0.29	          6	            0	           46	       9	       5	       5	       5	       6	       6	       8	       8	       6
      36	194	 87	    0.03	          7	            0	           16	       6	       4	       5	       4	       4	       6	       8	       8	       6
      37	 66	364	    0.27	         13	            0	           36	       8	       5	       5	       7	       8	       8	       6	       5	       8
      38	347	429	     0.1	          5	            0	           11	       6	       4	       3	       3	       5	       5	       6	       6	       5
      39	 93	284	    0.04	          9	            0	           37	       5	       5	       3	       5	       6	       6	       6	       6	       4
      40	364	410	    0.16	          7	            0	           68	      10	       9	       6	       6	       9	      11	       9	       8	       6
      41	454	430	    0.27	          7	            0	           39	       8	       5	       5	       4	       5	       6	       9	       7	       7
      42	357	468	    0.17	          6	            0	           55	      10	       7	       8	       8	      11	      13	       8	       8	       7
      43	293	493	    0.17	         17	            0	           51	      10	       7	       5	       7	       9	       7	       5	       7	       7
      44	488	 58	    0.21	          3	            0	           13	       6	       5	       4	       4	       3	       4	       6	       6	       4
      45	265	302	    0.21	         11	            0	           46	       9	       5	       6	       7	       8	      10	       6	       5	       7
      46	124	475	    0.18	          6	            0	           22	       6	       6	       4	       4	       4	       6	       6	       8	       6
      47	357	162	    0.29	          9	            0	           11	       6	       4	       3	       5	       7	       6	       4	       4	       5
      48	294	408	    0.27	         11	            0	           44	       7	       7	       4	       5	       5	       6	       8	       9	       9
      49	 26	343	    0.14	          5	            0	           38	       9	       7	       5	       5	       6	       8	       7	       7	       5
      50	412	440	    0.12	          9	            0	           24	       7	       5	       4	       8	      10	       6	       5	       4	       6
COST_MATRIX 
	  0	  1	  2	  3	  4	  5	  6	  7	  8	  9	 10	 11	 12	 13	 14	 15	 16	 17	 18	 19	 20	 21	 22	 23	 24	 25	 26	 27	 28	 29	 30	 31	 32	 33	 34	 35	 36	 37	 38	 39	 40	 41	 42	 43	 44	 45	 46	 47	 48	 49	 50
  0
  1	 14
  2	 12	  3
  3	  5	 10	  8
  4	 26	 29	 28	 24
  5	 26	 29	 29	 24	  2
  6	 25	 39	 37	 30	 37	 36
  7	 20	 26	 24	 23	 46	 46	 31
  8	  5	 10	  7	  1	 25	 25	 30	 22
  9	 13	 24	 22	 15	 20	 19	 19	 30	 16
 10	 26	 13	 16	 21	 28	 29	 49	 38	 21	 32
 11	 28	 25	 26	 24	  9	 11	 44	 47	 25	 25	 21
 12	 25	 12	 15	 21	 29	 30	 49	 37	 21	 33	  2	 22
 13	 12	 10	  8	 11	 34	 35	 35	 17	 10	 25	 22	 33	 21
 14	 17	 11	 12	 12	 18	 19	 39	 34	 13	 21	 12	 14	 13	 19
 15	 19	 30	 28	 21	 20	 19	 18	 35	 21	  6	 37	 27	 37	 30	 25
 16	  1	 14	 12	  5	 26	 26	 25	 20	  5	 13	 25	 27	 25	 12	 17	 19
 17	 24	 34	 31	 28	 48	 47	 23	 12	 28	 30	 47	 51	 46	 26	 40	 32	 24
 18	 15	 26	 24	 19	 39	 38	 19	 13	 19	 21	 39	 41	 38	 19	 31	 24	 15	 10
 19	 20	 15	 15	 16	 17	 18	 41	 38	 16	 23	 12	 11	 13	 23	  4	 27	 20	 44	 35
 20	 20	 26	 24	 23	 46	 46	 31	  1	 23	 30	 39	 47	 38	 17	 35	 35	 20	 12	 12	 38
 21	  6	 19	 16	  9	 22	 22	 22	 25	  9	  7	 28	 25	 28	 18	 18	 13	  6	 26	 17	 20	 25
 22	 20	 29	 27	 21	 16	 14	 22	 38	 21	  8	 35	 23	 35	 31	 23	  5	 20	 36	 28	 24	 38	 14
 23	 25	 16	 17	 23	 44	 45	 47	 22	 22	 37	 24	 40	 22	 13	 27	 43	 25	 34	 30	 30	 23	 30	 43
 24	 17	 13	 13	 13	 17	 18	 39	 35	 13	 20	 13	 13	 14	 20	  2	 25	 17	 40	 32	  4	 35	 17	 22	 28
 25	 23	 37	 34	 27	 37	 36	  4	 28	 27	 18	 47	 43	 47	 32	 37	 18	 23	 20	 16	 40	 27	 20	 23	 44	 37
 26	 15	  5	  5	 12	 33	 33	 39	 22	 11	 26	 17	 30	 16	  6	 16	 32	 15	 31	 24	 19	 22	 20	 32	 12	 17	 36
 27	 28	 39	 37	 30	 24	 22	 19	 43	 31	 16	 46	 32	 46	 40	 34	 10	 28	 39	 31	 35	 43	 22	 11	 52	 33	 21	 41
 28	  7	 16	 14	  7	 21	 20	 25	 26	  7	  9	 25	 23	 25	 17	 14	 14	  7	 29	 19	 17	 26	  4	 14	 29	 14	 23	 18	 24
 29	 21	 27	 25	 24	 46	 46	 31	  2	 23	 30	 39	 47	 38	 18	 35	 35	 21	 11	 12	 39	  1	 25	 38	 24	 36	 27	 23	 43	 26
 30	 11	 22	 19	 12	 19	 18	 21	 29	 13	  3	 30	 24	 30	 22	 18	  9	 11	 29	 20	 21	 29	  5	 10	 34	 18	 20	 23	 18	  6	 29
 31	 19	 30	 28	 24	 43	 42	 20	 12	 24	 25	 43	 46	 42	 23	 36	 28	 20	  5	  5	 39	 12	 22	 32	 32	 36	 17	 28	 34	 24	 11	 24
 32	 21	 32	 30	 26	 45	 44	 21	 12	 26	 27	 45	 48	 44	 24	 38	 30	 22	  3	  7	 41	 12	 24	 34	 33	 38	 18	 30	 36	 26	 11	 27	  3
 33	 19	 29	 27	 24	 44	 43	 23	  9	 23	 26	 42	 46	 41	 21	 35	 30	 19	  5	  6	 39	  9	 22	 33	 30	 36	 20	 26	 37	 24	  8	 26	  3	  4
 34	 23	 28	 27	 22	  6	  4	 32	 43	 22	 15	 29	 13	 30	 32	 19	 15	 23	 44	 34	 18	 43	 18	 10	 43	 17	 32	 31	 20	 17	 43	 15	 39	 41	 40
 35	 32	 44	 42	 35	 31	 29	 16	 44	 35	 20	 52	 39	 52	 43	 40	 15	 32	 38	 32	 41	 44	 26	 18	 56	 39	 19	 46	  8	 29	 44	 23	 34	 36	 37	 27
 36	 17	 30	 28	 21	 30	 29	  9	 26	 21	 11	 41	 36	 41	 27	 30	 12	 17	 22	 14	 33	 26	 13	 16	 40	 30	  8	 31	 18	 16	 26	 13	 17	 19	 20	 25	 18
 37	 25	 27	 26	 23	  3	  5	 38	 45	 24	 20	 25	  7	 27	 33	 16	 21	 25	 48	 38	 14	 45	 22	 17	 42	 15	 38	 31	 26	 20	 46	 19	 43	 45	 44	  7	 33	 31
 38	 22	  8	 11	 18	 32	 33	 47	 32	 18	 31	  8	 26	  7	 16	 14	 37	 22	 41	 34	 16	 32	 26	 35	 16	 15	 44	 10	 46	 23	 33	 28	 38	 39	 36	 32	 51	 38	 29
 39	 20	 25	 24	 18	  8	  7	 30	 39	 19	 12	 28	 15	 29	 29	 17	 13	 19	 40	 31	 17	 39	 15	  9	 40	 15	 30	 28	 19	 13	 39	 12	 35	 38	 36	  4	 26	 23	  9	 30
 40	 21	  7	 10	 17	 33	 34	 46	 29	 17	 31	 11	 28	  9	 14	 15	 36	 21	 39	 32	 17	 30	 25	 36	 14	 16	 43	  8	 46	 23	 31	 28	 36	 37	 34	 33	 51	 37	 31	  3	 30
 41	 28	 15	 17	 25	 42	 43	 52	 30	 24	 39	 18	 37	 16	 18	 24	 45	 28	 41	 36	 26	 31	 33	 44	  9	 26	 49	 14	 54	 31	 31	 36	 39	 40	 37	 42	 59	 44	 40	 11	 39	 10
 42	 26	 12	 15	 22	 34	 35	 51	 35	 22	 35	  7	 28	  6	 20	 17	 40	 26	 45	 38	 18	 36	 30	 39	 18	 18	 48	 14	 49	 27	 36	 32	 42	 43	 40	 35	 55	 42	 31	  5	 33	  6	 11
 43	 27	 15	 17	 23	 29	 31	 51	 40	 23	 34	  2	 22	  3	 24	 14	 39	 27	 48	 40	 13	 40	 30	 36	 24	 15	 49	 18	 47	 27	 41	 31	 45	 46	 43	 31	 53	 42	 27	  9	 29	 11	 18	  7
 44	 28	 34	 32	 31	 53	 53	 33	  9	 31	 36	 47	 55	 46	 25	 43	 40	 28	 10	 17	 46	  9	 32	 43	 30	 43	 29	 30	 47	 33	  8	 35	 13	 12	 11	 50	 47	 30	 53	 40	 46	 38	 38	 44	 48
 45	  8	  9	  7	  3	 23	 23	 32	 25	  4	 16	 18	 22	 18	 12	 10	 22	  8	 31	 22	 13	 26	 11	 21	 23	 10	 30	 11	 31	  8	 26	 14	 27	 29	 26	 21	 36	 23	 21	 16	 18	 15	 23	 19	 20	 34
 46	 30	 24	 25	 25	 16	 17	 48	 48	 26	 29	 17	  7	 18	 33	 14	 32	 29	 53	 44	 10	 48	 28	 28	 38	 13	 47	 29	 38	 25	 48	 28	 48	 51	 48	 19	 45	 40	 13	 23	 20	 25	 34	 24	 17	 56	 23
 47	 11	 20	 17	 15	 37	 36	 25	 10	 14	 21	 33	 38	 32	 12	 26	 26	 11	 14	  8	 30	 10	 15	 28	 23	 27	 22	 18	 34	 17	 10	 19	 11	 13	 10	 33	 36	 18	 36	 27	 30	 25	 29	 31	 34	 17	 17	 40
 48	 19	  7	  9	 14	 26	 27	 43	 32	 14	 27	  7	 21	  7	 16	  8	 32	 19	 40	 32	 10	 32	 22	 30	 20	 10	 41	 11	 41	 19	 33	 24	 36	 38	 35	 26	 46	 34	 24	  6	 24	  8	 17	  9	  9	 41	 11	 19	 26
 49	 28	 31	 30	 26	  2	  3	 38	 48	 27	 21	 30	 11	 31	 36	 20	 20	 28	 49	 40	 19	 48	 24	 16	 46	 19	 38	 35	 24	 22	 48	 20	 44	 47	 45	  6	 31	 31	  5	 34	  9	 35	 44	 36	 31	 55	 25	 17	 38	 28
 50	 26	 13	 15	 22	 38	 39	 51	 31	 22	 37	 13	 33	 12	 17	 21	 42	 26	 42	 36	 22	 32	 31	 41	 12	 22	 48	 12	 51	 28	 33	 34	 39	 41	 37	 38	 56	 42	 36	  7	 36	  6	  5	  7	 14	 39	 21	 30	 29	 13	 40
