nVehicles:  13
nDepots:     1
nCustomers: 25
nPeriods:    6
VEHICLE_TYPE	FLEET_SIZE	CAPACITY
           2	        13	      18	
DEPOT   	X  	Y  	INV_COST	INITIAL_INV 	MIN_LEVEL_INV 	MAX_LEVEL_INV	PRODUCTION_0	PRODUCTION_1	PRODUCTION_2	PRODUCTION_3	PRODUCTION_4	PRODUCTION_5
       0	 90	164	       0	        143	            0	         1086	         184	         184	         184	         184	         184	         184	
CUSTOMER	X  	Y  	INV_COST	INITIAL_INV	MIN_LEVEL_INV 	MAX_LEVEL_INV	DEMAND_0	DEMAND_1	DEMAND_2	DEMAND_3	DEMAND_4	DEMAND_5
       1	302	212	    0.22	          3	            0	           14	       8	      10	      13	      10	      13	       9
       2	155	479	    0.16	          2	            0	           30	       4	       6	       6	       8	       7	       9
       3	 25	425	    0.07	          9	            0	           11	       4	       5	       7	       7	       8	       6
       4	247	 99	    0.16	          9	            0	           43	       6	       8	       9	       9	       7	       7
       5	327	476	    0.07	          8	            0	           42	       4	       6	       8	       9	       9	       6
       6	188	214	     0.3	          9	            0	           25	       5	       7	       8	      10	       9	       6
       7	153	472	    0.01	          3	            0	            9	       4	       4	       7	       8	       6	       5
       8	303	109	    0.04	         12	            0	           41	       7	       9	      11	       9	       9	       5
       9	488	406	    0.09	          3	            0	           16	       5	       5	       7	       8	       5	       4
      10	427	489	       0	         13	            0	           42	       6	       8	      11	      13	      13	      10
      11	326	 71	    0.11	          1	            0	           46	       8	       8	       9	      10	      13	       9
      12	 39	254	    0.06	          2	            0	           12	       4	       5	       6	       8	       5	       4
      13	140	253	    0.17	          7	            0	           49	       7	       8	       9	      11	      13	      11
      14	366	 85	    0.09	          2	            0	            8	       4	       4	       6	       6	       6	       5
      15	428	398	    0.08	          3	            0	           23	       5	       6	       7	       9	      10	       7
      16	153	 12	    0.12	          1	            0	           10	       4	       4	       6	       6	       8	       6
      17	444	244	    0.28	         11	            0	           17	       7	      10	      13	      12	      10	       9
      18	275	435	    0.22	          8	            0	           34	       6	       5	       5	       8	       7	       9
      19	187	270	     0.2	          1	            0	            7	       3	       4	       5	       5	       5	       5
      20	  2	157	    0.11	         14	            0	           14	       7	      10	      10	      12	       7	       7
      21	  1	128	    0.19	         10	            0	           41	       5	       7	       6	       9	      10	       9
      22	437	 42	    0.18	          7	            0	           15	       4	       4	       5	       6	       8	       7
      23	144	325	    0.12	          1	            0	           28	       5	       6	       8	      12	      11	       9
      24	160	439	    0.06	         10	            0	           21	       6	       8	       9	      10	      12	       8
      25	326	130	    0.16	          3	            0	            7	       3	       3	       4	       5	       5	       5
COST_MATRIX 
	  0	  1	  2	  3	  4	  5	  6	  7	  8	  9	 10	 11	 12	 13	 14	 15	 16	 17	 18	 19	 20	 21	 22	 23	 24	 25
  0
  1	 22
  2	 33	 31
  3	 27	 35	 15
  4	 17	 13	 40	 40
  5	 40	 27	 18	 31	 39
  6	 12	 12	 27	 27	 13	 30
  7	 32	 30	  1	 14	 39	 18	 27
  8	 22	 11	 40	 43	  6	 37	 16	 40
  9	 47	 27	 35	 47	 40	 18	 36	 35	 35
 10	 47	 31	 28	 41	 43	 11	 37	 28	 40	 11
 11	 26	 15	 45	 47	  9	 41	 20	 44	  5	 38	 44
 12	 11	 27	 26	 18	 26	 37	 16	 25	 31	 48	 46	 35
 13	 11	 17	 23	 21	 19	 30	  7	 22	 22	 39	 38	 27	 11
 14	 29	 15	 45	 49	 12	 40	 22	 45	  7	 35	 41	  5	 37	 29
 15	 42	 23	 29	 41	 35	 13	 31	 29	 32	  7	 10	 35	 42	 33	 32
 16	 17	 25	 47	 44	 13	 50	 21	 47	 18	 52	 56	 19	 27	 25	 23	 48
 17	 37	 15	 38	 46	 25	 26	 26	 37	 20	 17	 25	 21	 41	 31	 18	 16	 38
 18	 33	 23	 13	 26	 34	  7	 24	 13	 33	 22	 17	 37	 30	 23	 37	 16	 45	 26
 19	 15	 13	 22	 23	 19	 25	  6	 21	 20	 34	 33	 25	 15	  5	 26	 28	 27	 26	 19
 20	  9	 31	 36	 27	 26	 46	 20	 35	 31	 55	 54	 34	 11	 17	 38	 49	 21	 46	 39	 22
 21	 10	 32	 39	 30	 25	 48	 21	 38	 31	 57	 56	 33	 14	 19	 37	 51	 20	 46	 42	 24	  3
 22	 37	 22	 53	 57	 20	 45	 31	 52	 15	 37	 45	 12	 46	 37	  9	 36	 29	 21	 43	 34	 45	 45
 23	 17	 20	 16	 16	 25	 24	 12	 15	 27	 36	 33	 32	 13	  8	 33	 30	 32	 32	 18	  7	 22	 25	 41
 24	 29	 27	  5	 14	 36	 18	 23	  4	 36	 33	 28	 41	 23	 19	 41	 28	 43	 35	 12	 18	 33	 35	 49	 12
 25	 24	  9	 39	 43	  9	 35	 17	 39	  4	 33	 38	  6	 32	 23	  7	 29	 21	 17	 31	 20	 33	 33	 15	 27	 36
