nVehicles:  47
nDepots:     1
nCustomers: 50
nPeriods:    6
VEHICLE_TYPE	FLEET_SIZE	CAPACITY
           1	        47	       8	
DEPOT   	X  	Y  	INV_COST	INITIAL_INV 	MIN_LEVEL_INV 	MAX_LEVEL_INV	PRODUCTION_0	PRODUCTION_1	PRODUCTION_2	PRODUCTION_3	PRODUCTION_4	PRODUCTION_5
       0	405	352	       0	        808	            0	         2104	         352	         352	         352	         352	         352	         352	
CUSTOMER	X  	Y  	INV_COST	INITIAL_INV	MIN_LEVEL_INV 	MAX_LEVEL_INV	DEMAND_0	DEMAND_1	DEMAND_2	DEMAND_3	DEMAND_4	DEMAND_5
       1	273	194	    0.03	          1	            0	           41	       8	       8	       6	       5	       6	       8
       2	102	215	    0.14	          5	            0	            6	       6	       5	       5	       4	       3	       4
       3	  3	307	    0.01	          7	            0	           11	       6	       6	       4	       3	       4	       5
       4	393	 12	    0.07	         11	            0	           32	       7	       7	       6	       4	       4	       4
       5	113	 88	    0.11	         14	            0	           21	       9	       9	       6	       4	       6	       9
       6	288	 25	    0.04	          4	            0	           48	       4	       8	       4	       4	       6	      10
       7	163	267	    0.19	         11	            0	           15	       8	       9	       6	       6	       5	       5
       8	270	 78	    0.23	          8	            0	           54	       6	       9	       6	       7	       5	       6
       9	 73	153	    0.29	          4	            0	           11	       7	       6	       6	       5	       4	       5
      10	203	453	    0.04	         12	            0	           12	       8	      10	       7	       5	       5	       8
      11	317	342	    0.19	          2	            0	           27	       7	       8	       6	       6	       4	       5
      12	417	404	    0.13	         19	            0	           34	       9	      11	       9	       5	       6	       9
      13	119	348	    0.05	          5	            0	           21	       5	       7	       4	       4	       5	       5
      14	 47	268	    0.08	         15	            0	           55	      11	      13	      11	      10	       6	       7
      15	382	100	    0.03	         13	            0	           34	      10	      10	       8	       6	       8	      10
      16	488	152	     0.2	         11	            0	           23	      10	      11	       7	       5	       6	       8
      17	 83	366	    0.29	         10	            0	           10	       6	       6	       4	       4	       3	       4
      18	490	144	    0.29	          9	            0	           12	      10	       8	       6	       6	       8	      10
      19	385	291	    0.06	          3	            0	           22	       6	       7	       6	       5	       4	       7
      20	338	 57	    0.17	          5	            0	           26	       8	       9	       6	       5	       6	       8
      21	458	391	    0.26	          3	            0	           46	       2	       3	       2	       2	       6	       9
      22	175	377	    0.21	          1	            0	           18	       6	       6	       8	       6	       4	       5
      23	116	489	    0.08	         15	            0	           16	       7	       8	       8	       7	       5	       4
      24	155	 46	    0.06	         10	            0	           34	       8	      13	      10	       9	       6	       7
      25	408	270	    0.23	          3	            0	            9	       7	       9	       8	       6	       5	       4
      26	370	498	    0.27	          7	            0	            8	       6	       5	       5	       3	       3	       4
      27	473	 57	    0.04	          8	            0	           36	       9	       9	       8	       6	       4	       6
      28	221	391	    0.24	         10	            0	           10	       5	       7	       5	       4	       3	       4
      29	120	114	    0.25	         12	            0	           26	       7	       9	       8	       7	       5	       6
      30	482	228	    0.11	          3	            0	           25	       0	       0	       1	       0	       6	       8
      31	278	159	    0.01	          6	            0	           22	      10	       9	       8	       8	       7	       6
      32	 52	464	    0.06	         14	            0	           19	      11	       9	       8	       6	       7	       9
      33	341	107	    0.15	          8	            0	           21	       7	       8	       6	       4	       6	       7
      34	151	440	     0.2	         17	            0	           43	       8	       9	       8	       7	       5	       6
      35	466	341	    0.15	          9	            0	           25	       6	       8	       5	       4	       5	       6
      36	305	287	    0.04	         19	            0	           24	       7	      12	       7	       6	       7	       9
      37	 93	290	     0.2	         13	            0	           30	       9	       7	       8	       6	       5	       7
      38	 11	217	    0.28	         11	            0	           20	       9	       8	       8	       5	       4	       5
      39	209	465	    0.06	          7	            0	           26	       9	       7	       8	       7	       6	       6
      40	370	 39	    0.29	          5	            0	           24	       5	       5	       5	       5	       4	       4
      41	318	 46	    0.05	         12	            0	           14	       7	       8	       8	       8	       6	       4
      42	 40	 33	    0.29	          7	            0	           33	       9	      11	      10	       7	       7	       5
      43	  6	310	    0.19	          4	            0	           37	       7	       9	       7	       7	       6	       5
      44	289	 73	    0.16	          7	            0	           31	       9	      11	      10	       7	       6	       5
      45	325	407	    0.28	          9	            0	            9	       8	       8	       6	       6	       6	       8
      46	380	404	    0.04	          8	            0	            8	       7	       7	       6	       4	       4	       6
      47	430	192	       0	          9	            0	           33	       7	       8	       7	       5	       6	       7
      48	163	 13	    0.05	          3	            0	           28	       7	       8	       7	       5	       4	       5
      49	 76	 22	    0.18	          7	            0	           54	       6	       7	       5	       4	       5	       9
      50	365	322	    0.08	          1	            0	           18	       6	       6	       4	       3	       4	       5
COST_MATRIX 
	  0	  1	  2	  3	  4	  5	  6	  7	  8	  9	 10	 11	 12	 13	 14	 15	 16	 17	 18	 19	 20	 21	 22	 23	 24	 25	 26	 27	 28	 29	 30	 31	 32	 33	 34	 35	 36	 37	 38	 39	 40	 41	 42	 43	 44	 45	 46	 47	 48	 49	 50
  0
  1	 21
  2	 34	 18
  3	 41	 30	 14
  4	 35	 22	 36	 49
  5	 40	 20	 13	 25	 30
  6	 35	 17	 27	 41	 11	 19
  7	 26	 14	  9	 17	 35	 19	 28
  8	 31	 12	 22	 36	 14	 16	  6	 22
  9	 39	 21	  7	 17	 35	  8	 26	 15	 22
 10	 23	 27	 26	 25	 49	 38	 44	 20	 39	 33
 11	  9	 16	 25	 32	 34	 33	 32	 18	 27	 31	 16
 12	  6	 26	 37	 43	 40	 44	 41	 29	 36	 43	 22	 12
 13	 29	 22	 14	 13	 44	 27	 37	 10	 31	 21	 14	 20	 31
 14	 37	 24	  8	  6	 44	 20	 35	 12	 30	 12	 25	 28	 40	 11
 15	 26	 15	 31	 44	  9	 27	 13	 28	 12	 32	 40	 26	 31	 37	 38
 16	 22	 22	 40	 51	 17	 39	 24	 35	 24	 42	 42	 26	 27	 42	 46	 12
 17	 33	 26	 16	 10	 48	 28	 40	 13	 35	 22	 15	 24	 34	  5	 11	 41	 46
 18	 23	 23	 40	 52	 17	 39	 24	 35	 23	 42	 43	 27	 28	 43	 47	 12	  1	 47
 19	  7	 15	 30	 39	 28	 34	 29	 23	 25	 35	 25	  9	 12	 28	 34	 20	 18	 32	 19
 20	 31	 16	 29	 42	  8	 23	  6	 28	  8	 29	 42	 29	 36	 37	 36	  7	 18	 41	 18	 24
 21	  7	 28	 40	 47	 39	 46	 41	 33	 37	 46	 27	 15	  5	 35	 43	 31	 25	 38	 25	 13	 36
 22	 24	 21	 18	 19	 43	 30	 37	 12	 32	 25	  9	 15	 25	  7	 17	 35	 39	 10	 40	 23	 36	 29
 23	 32	 34	 28	 22	 56	 41	 50	 23	 44	 34	 10	 25	 32	 15	 24	 48	 51	 13	 51	 34	 49	 36	 13
 24	 40	 19	 18	 31	 25	  6	 14	 23	 12	 14	 41	 34	 45	 31	 25	 24	 35	 33	 35	 34	 19	 46	 34	 45
 25	  9	 16	 32	 41	 26	 35	 28	 25	 24	 36	 28	 12	 14	 30	 37	 18	 15	 34	 16	  4	 23	 14	 26	 37	 34
 26	 16	 32	 39	 42	 49	 49	 49	 32	 44	 46	 18	 17	 11	 30	 40	 40	 37	 32	 38	 21	 45	 14	 23	 26	 51	 24
 27	 31	 25	 41	 54	 10	 37	 19	 38	 21	 42	 48	 33	 36	 46	 48	 11	 10	 50	  9	 26	 14	 34	 44	 57	 32	 23	 46
 28	 19	 21	 22	 24	 42	 33	 38	 14	 32	 29	  7	 11	 20	 12	 22	 34	 36	 15	 37	 20	 36	 24	  5	 15	 36	 23	 19	 42
 29	 38	 18	 11	 23	 30	  3	 20	 16	 16	  7	 35	 31	 42	 24	 18	 27	 37	 26	 38	 32	 23	 44	 27	 38	  8	 33	 46	 36	 30
 30	 15	 22	 39	 49	 24	 40	 29	 33	 26	 42	 36	 21	 19	 39	 44	 17	  8	 43	  9	 12	 23	 17	 35	 45	 38	  9	 30	 18	 31	 38
 31	 24	  4	 19	 32	 19	 18	 14	 16	  9	 21	 31	 19	 29	 25	 26	 12	 22	 29	 22	 17	 12	 30	 25	 37	 17	 18	 36	 23	 24	 17	 22
 32	 38	 35	 26	 17	 57	 39	 50	 23	 45	 32	 16	 30	 37	 14	 20	 50	 54	 11	 55	 38	 50	 42	 16	  7	 44	 41	 32	 59	 19	 36	 50	 38
 33	 26	 12	 27	 40	 11	 23	 10	 24	  8	 28	 38	 24	 31	 33	 34	  5	 16	 37	 16	 19	  6	 31	 32	 45	 20	 18	 40	 15	 31	 23	 19	  9	 46
 34	 27	 28	 24	 20	 50	 36	 44	 18	 39	 30	  6	 20	 27	 10	 21	 42	 45	 11	 46	 28	 43	 32	  7	  7	 40	 31	 23	 51	  9	 33	 40	 31	 11	 39
 35	  7	 25	 39	 47	 34	 44	 37	 32	 33	 44	 29	 15	  8	 35	 43	 26	 20	 39	 20	 10	 32	  6	 30	 39	 43	 10	 19	 29	 26	 42	 12	 27	 44	 27	 34
 36	 12	 10	 22	 31	 29	 28	 27	 15	 22	 27	 20	  6	 17	 20	 26	 21	 23	 24	 24	  9	 24	 19	 16	 28	 29	 11	 23	 29	 14	 26	 19	 14	 31	 19	 22	 17
 37	 32	 21	  8	 10	 41	 21	 33	  8	 28	 14	 20	 23	 35	  7	  6	 35	 42	  8	 43	 30	 34	 38	 12	 21	 26	 32	 35	 45	 17	 18	 40	 23	 18	 31	 17	 38	 22
 38	 42	 27	 10	 10	 44	 17	 34	 17	 30	  9	 31	 34	 45	 17	  7	 39	 49	 17	 49	 39	 37	 48	 23	 30	 23	 41	 46	 49	 28	 15	 48	 28	 26	 35	 27	 48	 31	 11
 39	 23	 28	 28	 26	 49	 39	 45	 21	 40	 35	  2	 17	 22	 15	 26	 41	 42	 17	 43	 25	 43	 26	 10	 10	 43	 28	 17	 49	  8	 37	 37	 32	 16	 39	  7	 29	 21	 21	 32
 40	 32	 19	 33	 46	  4	 27	  9	 31	 11	 32	 45	 31	 37	 40	 40	  7	 17	 44	 16	 26	  4	 37	 40	 52	 22	 24	 46	 11	 39	 27	 22	 16	 54	  8	 46	 32	 26	 38	 41	 46
 41	 32	 16	 28	 41	  9	 21	  4	 27	  6	 27	 43	 30	 38	 37	 36	  9	 21	 40	 20	 26	  3	 38	 37	 49	 17	 25	 46	 16	 36	 21	 25	 12	 50	  7	 43	 34	 25	 34	 36	 44	  6
 42	 49	 29	 20	 28	 36	 10	 25	 27	 24	 13	 46	 42	 53	 33	 24	 35	 47	 34	 47	 44	 30	 56	 37	 47	 12	 44	 58	 44	 41	 12	 49	 27	 44	 31	 43	 53	 37	 27	 19	 47	 34	 28
 43	 41	 30	 14	  1	 49	 25	 41	 17	 36	 18	 25	 32	 43	 12	  6	 44	 51	 10	 52	 38	 42	 46	 19	 22	 31	 41	 41	 54	 23	 23	 49	 32	 17	 40	 20	 47	 30	  9	 10	 26	 46	 41	 28
 44	 31	 13	 24	 37	 13	 18	  5	 24	  2	 24	 39	 28	 36	 33	 32	 10	 22	 36	 22	 24	  6	 37	 33	 46	 14	 24	 44	 19	 33	 18	 25	  9	 46	  7	 40	 33	 22	 30	 32	 41	  9	  4	 26	 37
 45	 10	 22	 30	 34	 41	 39	 39	 22	 34	 36	 14	  7	 10	 22	 32	 32	 31	 25	 32	 14	 36	 14	 16	 23	 40	 17	 11	 39	 11	 36	 24	 26	 28	 31	 18	 16	 13	 26	 37	 13	 38	 37	 48	 34	 34
 46	  6	 24	 34	 39	 40	 42	 40	 26	 35	 40	 19	  9	  4	 27	 36	 31	 28	 30	 29	 12	 35	  8	 21	 28	 43	 14	 10	 36	 16	 39	 21	 27	 34	 30	 24	 11	 14	 31	 42	 19	 37	 37	 51	 39	 35	  6
 47	 17	 16	 33	 45	 19	 34	 22	 28	 20	 36	 35	 19	 22	 35	 40	 11	  8	 39	  8	 11	 17	 21	 32	 44	 32	  9	 32	 15	 29	 32	  7	 16	 47	 13	 38	 16	 16	 36	 42	 36	 17	 19	 43	 45	 19	 24	 22
 48	 42	 22	 22	 34	 24	 10	 13	 26	 13	 17	 45	 37	 47	 34	 29	 24	 36	 37	 36	 36	 19	 48	 37	 48	  4	 36	 53	 32	 39	 11	 39	 19	 47	 21	 43	 45	 31	 29	 26	 46	 21	 16	 13	 34	 14	 43	 45	 33
 49	 47	 27	 20	 30	 32	  8	 22	 26	 21	 14	 45	 41	 52	 33	 25	 32	 44	 35	 44	 41	 27	 54	 37	 47	  9	 42	 56	 40	 40	 11	 46	 25	 45	 28	 43	 51	 36	 27	 21	 47	 30	 25	  4	 30	 22	 46	 49	 40	  9
 50	  6	 16	 29	 37	 32	 35	 31	 21	 27	 34	 21	  6	 10	 25	 33	 23	 21	 29	 22	  4	 27	 12	 20	 30	 35	  7	 18	 29	 16	 33	 16	 19	 35	 22	 25	 11	  7	 28	 37	 22	 29	 28	 44	 36	 27	 10	  9	 15	 37	 42
