nVehicles:  25
nDepots:     1
nCustomers: 25
nPeriods:   12
VEHICLE_TYPE	FLEET_SIZE	CAPACITY
           1	        25	       8	
DEPOT   	X  	Y  	INV_COST	INITIAL_INV 	MIN_LEVEL_INV 	MAX_LEVEL_INV	PRODUCTION_0	PRODUCTION_1	PRODUCTION_2	PRODUCTION_3	PRODUCTION_4	PRODUCTION_5	PRODUCTION_6	PRODUCTION_7	PRODUCTION_8	PRODUCTION_9	PRODUCTION_10	PRODUCTION_11
       0	366	240	       0	        281	            0	         2272	         190	         190	         190	         190	         190	         190	         190	         190	         190	         190	          190	          190	
CUSTOMER	X  	Y  	INV_COST	INITIAL_INV	MIN_LEVEL_INV 	MAX_LEVEL_INV	DEMAND_0	DEMAND_1	DEMAND_2	DEMAND_3	DEMAND_4	DEMAND_5	DEMAND_6	DEMAND_7	DEMAND_8	DEMAND_9	DEMAND_10	DEMAND_11
       1	119	272	    0.19	          5	            0	           26	       7	       7	       7	       6	       5	       5	       5	       5	       7	       7	        5	        5
       2	257	400	    0.29	          9	            0	           31	       5	       6	       6	       6	       3	       4	       5	       5	       8	       7	        4	        3
       3	427	 41	    0.12	          1	            0	           42	       6	       8	       6	       6	       4	       5	       6	       6	       5	       5	        4	        5
       4	271	380	     0.2	         15	            0	           76	       7	       9	       9	       8	       6	       5	       5	       7	       8	       9	        8	        6
       5	 17	274	    0.13	         10	            0	           72	       4	       5	       3	       1	       0	       6	       8	       5	       2	       6	        8	       12
       6	272	153	    0.22	         11	            0	           55	      10	       9	      11	       6	       6	       7	       8	      10	      11	       9	        7	        7
       7	485	383	    0.29	         14	            0	           95	       8	      10	       8	       6	       5	       9	       8	       9	       7	       6	        9	       10
       8	323	281	    0.25	         13	            0	           77	       9	       8	       8	       8	       7	       6	       6	       8	      10	       9	        9	        5
       9	267	 61	    0.05	         12	            0	           33	       8	       7	       9	       7	       4	       3	       3	       5	       8	      10	       10	        6
      10	429	 53	    0.03	         10	            0	           27	       0	       1	       1	       0	       0	       1	       3	       6	       3	       5	        4	        9
      11	180	237	    0.06	         15	            0	           48	       7	       9	       9	       6	       6	       9	       8	      10	       5	       6	        6	       10
      12	 25	275	    0.05	          7	            0	           60	       7	       7	       7	       5	       4	       6	       7	       7	       5	       4	        6	        8
      13	168	218	    0.21	          7	            0	          101	       0	       0	       0	       0	       0	       0	       0	       2	       3	       8	        5	        7
      14	319	 60	    0.12	         10	            0	           69	       3	       4	       1	       3	       1	       1	       3	       6	       7	       7	        7	        5
      15	 20	 90	    0.14	          6	            0	           54	       3	       6	       3	       3	       1	       1	       5	       6	       7	       5	        4	        6
      16	487	133	    0.28	          9	            0	           99	       4	       7	       5	       6	       4	       3	       3	       7	       8	       9	        5	        6
      17	152	 55	     0.1	         12	            0	          103	      10	       9	      10	       5	       6	      12	      12	       7	       6	       8	        9	       11
      18	227	260	    0.22	          3	            0	           45	       7	       9	       7	       6	       5	       7	       9	       8	       5	       6	        6	        9
      19	300	100	    0.21	          3	            0	           46	       6	       9	       9	       6	       5	       6	       5	       6	       7	       8	        8	        8
      20	351	 16	    0.08	         14	            0	          100	       7	      11	      10	       6	       5	       4	       4	       8	      10	       8	        9	        6
      21	469	 84	    0.06	         11	            0	           59	       5	       6	       8	       6	       5	       5	       4	       4	       5	       6	        6	        8
      22	112	348	    0.01	         19	            0	           46	       8	      12	      12	       8	       6	       6	       9	      10	       9	       9	        7	        6
      23	254	442	     0.3	          2	            0	           48	       5	       6	       5	       4	       4	       4	       6	       6	       5	       4	        4	        4
      24	487	109	    0.21	          8	            0	           23	       5	       6	       4	       3	       4	       4	       6	       4	       3	       4	        5	        6
      25	167	442	    0.29	         14	            0	           48	       6	       5	       8	       7	       6	       4	       5	       5	       8	       9	        8	        6
COST_MATRIX 
	  0	  1	  2	  3	  4	  5	  6	  7	  8	  9	 10	 11	 12	 13	 14	 15	 16	 17	 18	 19	 20	 21	 22	 23	 24	 25
  0
  1	 25
  2	 20	 19
  3	 21	 39	 40
  4	 17	 19	  3	 38
  5	 36	 11	 28	 48	 28
  6	 13	 20	 25	 20	 23	 29
  7	 19	 39	 23	 35	 22	 49	 32
  8	  6	 21	 14	 27	 12	 31	 14	 20
  9	 21	 26	 34	 17	 32	 33	 10	 39	 23
 10	 20	 38	 39	  2	 37	 47	 19	 34	 26	 17
 11	 19	  8	 19	 32	 17	 17	 13	 34	 15	 20	 31
 12	 35	 10	 27	 47	 27	  1	 28	 48	 30	 33	 47	 16
 13	 20	  8	 21	 32	 20	 17	 13	 36	 17	 19	 31	  3	 16
 14	 19	 30	 35	 11	 33	 38	 11	 37	 23	  6	 12	 23	 37	 22
 15	 38	 21	 40	 41	 39	 19	 26	 55	 36	 25	 42	 22	 19	 20	 31
 16	 17	 40	 36	 11	 33	 50	 22	 26	 23	 24	 10	 33	 49	 34	 19	 47
 17	 29	 22	 37	 28	 35	 26	 16	 47	 29	 12	 28	 19	 26	 17	 17	 14	 35
 18	 15	 11	 15	 30	 13	 22	 12	 29	 10	 21	 29	  6	 21	  8	 23	 27	 29	 22
 19	 16	 25	 31	 15	 29	 34	  6	 34	 19	  6	 14	 19	 33	 18	  5	 29	 19	 16	 18
 20	 23	 35	 40	  9	 38	 43	 16	 40	 27	 10	  9	 28	 42	 28	  6	 34	 18	 21	 28	 10
 21	 19	 40	 39	  7	 36	 50	 21	 30	 25	 21	  6	 33	 49	 33	 16	 45	  6	 32	 30	 17	 14
 22	 28	  8	 16	 44	 17	 13	 26	 38	 23	 33	 44	 14	 12	 15	 36	 28	 44	 30	 15	 32	 41	 45
 23	 24	 22	  5	 44	  7	 30	 29	 24	 18	 39	 43	 22	 29	 24	 39	 43	 39	 41	 19	 35	 44	 42	 18
 24	 18	 41	 38	 10	 35	 50	 22	 28	 24	 23	  9	 34	 50	 34	 18	 47	  3	 34	 31	 19	 17	  4	 45	 41
 25	 29	 18	 10	 48	 13	 23	 31	 33	 23	 40	 47	 21	 22	 23	 42	 39	 45	 39	 20	 37	 47	 47	 11	  9	 47
