nVehicles:  10
nDepots:     1
nCustomers: 25
nPeriods:    9
VEHICLE_TYPE	FLEET_SIZE	CAPACITY
           2	        10	      18	
DEPOT   	X  	Y  	INV_COST	INITIAL_INV 	MIN_LEVEL_INV 	MAX_LEVEL_INV	PRODUCTION_0	PRODUCTION_1	PRODUCTION_2	PRODUCTION_3	PRODUCTION_4	PRODUCTION_5	PRODUCTION_6	PRODUCTION_7	PRODUCTION_8
       0	324	128	       0	        222	            0	         1602	         180	         180	         180	         180	         180	         180	         180	         180	         180	
CUSTOMER	X  	Y  	INV_COST	INITIAL_INV	MIN_LEVEL_INV 	MAX_LEVEL_INV	DEMAND_0	DEMAND_1	DEMAND_2	DEMAND_3	DEMAND_4	DEMAND_5	DEMAND_6	DEMAND_7	DEMAND_8
       1	 68	316	    0.26	          7	            0	           56	       7	       7	       7	       9	       9	       9	       9	       7	       6
       2	489	 16	       0	          7	            0	           46	       6	       5	       6	       8	      11	       7	       5	       5	       7
       3	 64	176	    0.27	          9	            0	           28	       8	       5	       6	       8	      11	       9	       9	       9	       7
       4	141	417	    0.08	          4	            0	           69	       8	       7	       9	      12	      13	       8	       6	       9	      12
       5	262	268	    0.15	          9	            0	           59	       9	       7	       9	      11	      11	       6	       5	       7	      13
       6	  8	154	    0.23	          6	            0	           29	       6	       3	       5	       7	       6	       4	       4	       6	       6
       7	 12	417	    0.26	          6	            0	           16	       4	       4	       4	       4	       6	       7	       7	       6	       6
       8	461	158	    0.23	         10	            0	           61	       8	       6	       6	       7	      10	      11	      12	      11	       8
       9	144	295	    0.11	          4	            0	           14	       4	       3	       4	       4	       5	       5	       4	       3	       4
      10	105	444	    0.19	          7	            0	           26	       8	       6	       7	       8	      12	      12	       8	       7	       6
      11	456	116	     0.1	          7	            0	           67	       9	       7	       9	      12	      11	      11	       8	       6	       8
      12	 15	383	    0.11	         12	            0	           16	       8	       7	       7	       7	      11	      10	      11	       8	       7
      13	446	 17	    0.24	          8	            0	           45	       7	       6	       6	       9	       8	       7	       5	       6	       6
      14	403	470	    0.12	          9	            0	           33	       8	       7	       6	       7	       9	      11	      11	      10	       9
      15	 67	378	    0.17	          4	            0	           22	      10	       6	       6	       9	      13	      12	      10	       9	       6
      16	144	118	    0.12	          5	            0	           62	       7	       7	       7	       9	      13	      11	       9	       7	       6
      17	  3	248	    0.01	          9	            0	           23	       6	       4	       5	       7	       7	       6	       6	       5	       4
      18	 83	321	    0.01	          6	            0	           33	       5	       4	       4	       6	       5	       5	       4	       4	       5
      19	352	 56	    0.01	          3	            0	           61	       6	       5	       6	       5	       9	       8	      11	       9	       8
      20	 53	125	    0.08	          2	            0	           55	       8	       6	       7	       7	       8	      12	      10	       7	       7
      21	 58	436	    0.01	          2	            0	           29	       5	       4	       5	       5	       8	       6	       3	       5	       6
      22	140	236	    0.02	         12	            0	           65	       8	       6	       7	      12	      11	      11	       6	       7	      12
      23	498	277	    0.13	          6	            0	           24	       4	       4	       3	       5	       6	       6	       4	       4	       5
      24	 90	 46	    0.26	          6	            0	           18	       6	       6	       6	      10	      10	       8	       5	       7	      10
      25	262	 54	    0.07	          6	            0	           47	       5	       4	       5	       6	       8	       8	       6	       5	       5
COST_MATRIX 
	  0	  1	  2	  3	  4	  5	  6	  7	  8	  9	 10	 11	 12	 13	 14	 15	 16	 17	 18	 19	 20	 21	 22	 23	 24	 25
  0
  1	 32
  2	 20	 52
  3	 27	 15	 46
  4	 35	 13	 54	 26
  5	 16	 20	 34	 22	 20
  6	 32	 18	 51	  7	 30	 28
  7	 43	 12	 63	 25	 13	 30	 27
  8	 15	 43	 15	 40	 42	 23	 46	 52
  9	 25	  8	 45	 15	 13	 13	 20	 18	 35
 10	 39	 14	 58	 28	  5	 24	 31	 10	 46	 16
 11	 14	 44	 11	 40	 44	 25	 45	 54	  5	 36	 49
 12	 41	  9	 60	 22	 14	 28	 23	  4	 50	 16	 11	 52
 13	 17	 49	  5	 42	 51	 32	 46	 60	 15	 42	 55	 10	 57
 14	 36	 37	 47	 45	 27	 25	 51	 40	 32	 32	 30	 36	 40	 46
 15	 36	  7	 56	 21	  9	 23	 24	  7	 46	 12	  8	 47	  6	 53	 35
 16	 19	 22	 36	 10	 30	 20	 15	 33	 32	 18	 33	 32	 30	 32	 44	 28
 17	 35	 10	 54	 10	 22	 26	 10	 17	 47	 15	 23	 48	 14	 50	 46	 15	 20
 18	 31	  2	 51	 15	 12	 19	 19	 12	 42	  7	 13	 43	 10	 48	 36	  6	 22	 11
 19	  8	 39	 15	 32	 42	 24	 36	 50	 15	 32	 46	 13	 47	 11	 42	 44	 22	 40	 38
 20	 28	 20	 45	  6	 31	 26	  6	 30	 41	 20	 33	 41	 27	 41	 50	 26	 10	 14	 20	 31
 21	 41	 13	 61	 27	  9	 27	 29	  5	 49	 17	  5	 52	  7	 58	 35	  6	 33	 20	 12	 49	 32
 22	 22	 11	 42	 10	 19	 13	 16	 23	 34	  6	 22	 34	 20	 38	 36	 16	 12	 14	 11	 28	 15	 22
 23	 23	 44	 27	 45	 39	 24	 51	 51	 13	 36	 43	 17	 50	 27	 22	 45	 39	 50	 42	 27	 48	 47	 37
 24	 25	 28	 41	 14	 38	 29	 14	 38	 39	 26	 40	 38	 35	 36	 53	 34	 10	 22	 28	 27	  9	 40	 20	 47
 25	 10	 33	 24	 24	 39	 22	 28	 45	 23	 27	 43	 21	 42	 19	 44	 38	 14	 33	 33	 10	 23	 44	 22	 33	 18
