nVehicles:  100
nDepots:      1
nCustomers: 100
nPeriods:     9
VEHICLE_TYPE	FLEET_SIZE	CAPACITY
           1	       100	       8	
DEPOT   	X  	Y  	INV_COST	INITIAL_INV 	MIN_LEVEL_INV 	MAX_LEVEL_INV	PRODUCTION_0	PRODUCTION_1	PRODUCTION_2	PRODUCTION_3	PRODUCTION_4	PRODUCTION_5	PRODUCTION_6	PRODUCTION_7	PRODUCTION_8
       0	294	340	       0	         46	            0	         6634	         738	         738	         738	         738	         738	         738	         738	         738	         738	
CUSTOMER	X  	Y  	INV_COST	INITIAL_INV	MIN_LEVEL_INV 	MAX_LEVEL_INV	DEMAND_0	DEMAND_1	DEMAND_2	DEMAND_3	DEMAND_4	DEMAND_5	DEMAND_6	DEMAND_7	DEMAND_8
       1	230	105	    0.13	          8	            0	           26	       0	       0	       0	       0	       0	       0	       0	       0	       0
       2	 32	192	    0.16	         14	            0	           42	       6	       9	       8	       9	       5	       5	       8	       8	       8
       3	  0	208	    0.08	          4	            0	           32	       5	       6	       7	       7	       5	       5	       9	       8	       9
       4	171	316	    0.18	          9	            0	           54	       6	       9	       7	       7	       6	       5	       5	       6	       7
       5	296	 68	    0.22	         12	            0	           15	       4	       8	       9	       9	       6	       7	       6	       7	       8
       6	300	389	    0.23	          9	            0	           42	       2	       3	       3	       3	       2	       6	       6	       8	       6
       7	 22	375	    0.12	          6	            0	           21	       5	       6	       7	       5	       4	       5	       6	       8	       6
       8	174	179	    0.11	          7	            0	           31	       5	       8	       8	       6	       5	       5	       8	       9	       6
       9	 16	234	     0.3	          2	            0	           59	       6	       8	       8	       7	       6	       5	       7	       7	       8
      10	104	 10	    0.12	         19	            0	           72	       2	       5	       7	       8	       5	       5	       3	       6	       8
      11	128	325	    0.09	          3	            0	           41	       5	       6	       7	       5	       5	       5	       8	       7	       4
      12	251	206	    0.14	          7	            0	           18	       5	       7	       7	       6	       4	       6	       9	       8	       6
      13	110	140	    0.05	          3	            0	           79	       0	       0	       0	       0	       0	       0	       3	       9	       8
      14	435	 70	    0.14	         14	            0	           22	       7	       7	       7	       6	       4	       6	       8	       7	       6
      15	230	 50	    0.11	         11	            0	           30	       6	       8	       9	       7	       8	       5	       7	       7	       9
      16	142	 26	    0.17	         17	            0	           58	       8	      11	       7	       6	       5	       6	      12	      11	       7
      17	354	391	    0.25	         12	            0	           42	       5	       7	       8	       7	       7	       5	       5	       6	       7
      18	 86	132	    0.07	          9	            0	           50	       0	       0	       0	       0	       0	       0	       3	       6	      12
      19	449	161	    0.29	         18	            0	           37	       0	       5	       5	       1	       2	       5	       8	       7	       5
      20	173	399	    0.11	          6	            0	           45	       6	       6	       7	       7	       5	       4	       4	       6	       6
      21	238	113	    0.08	          9	            0	           38	       0	       0	       1	       3	       2	       3	       5	       6	      10
      22	226	215	     0.2	          7	            0	           12	       4	       6	       5	       6	       4	       4	       3	       3	       5
      23	298	  3	    0.05	          2	            0	           39	       4	       6	       6	       4	       3	       4	       6	       5	       4
      24	254	345	     0.3	         14	            0	           56	       0	       0	       1	       1	       0	       1	       5	       6	      10
      25	263	192	    0.21	          6	            0	           53	       0	       0	       0	       0	       0	       1	       7	       8	       5
      26	194	249	    0.11	          9	            0	           15	       6	       8	       9	       8	       5	       7	       8	      11	      10
      27	128	436	    0.16	          3	            0	           15	       6	       8	       6	       6	       5	       6	       7	       6	       6
      28	493	322	    0.25	          5	            0	           28	       4	       5	       6	       5	       3	       4	       4	       5	       4
      29	326	319	    0.03	          7	            0	           59	       0	       0	       0	       0	       0	       1	       0	       3	       8
      30	302	245	     0.2	          8	            0	           12	       5	       6	       7	       7	       7	       5	       5	       6	       5
      31	283	387	    0.27	          1	            0	           40	       0	       2	       2	       2	       2	       3	       6	      10	      10
      32	139	230	    0.22	          8	            0	           22	       6	       7	       9	       7	       5	       6	       8	       7	       5
      33	 61	240	    0.06	          6	            0	           34	       5	       8	       6	       5	       4	       5	       7	       8	       7
      34	267	214	     0.2	         11	            0	           68	       5	       7	       8	       8	       5	       5	       6	       8	      12
      35	142	 47	    0.29	          5	            0	           33	       4	       5	       5	       4	       3	       4	       5	       7	       5
      36	339	409	     0.2	         11	            0	           22	       0	       1	       0	       1	       0	       1	       8	       9	       6
      37	146	 35	    0.03	          8	            0	           31	       7	       8	       8	       7	       7	       6	       8	      10	       9
      38	402	367	     0.2	         10	            0	           18	       4	       6	       6	       5	       4	       4	       4	       4	       5
      39	428	237	    0.26	          6	            0	           17	       0	       0	       0	       0	       0	       0	       7	       7	       4
      40	416	401	    0.05	          4	            0	           44	       4	       7	       8	       6	       7	       5	       4	       6	       7
      41	430	421	     0.2	          9	            0	           63	       3	       3	       7	       4	       3	       5	       6	       9	      11
      42	316	198	    0.03	          8	            0	           70	       6	       8	       9	       8	       5	       7	      10	       9	       9
      43	418	274	     0.1	          8	            0	           44	       4	       5	       7	       5	       6	       6	       6	       8	       8
      44	347	478	    0.07	         10	            0	           49	       3	       3	       7	       5	       4	       5	       6	       7	       8
      45	244	315	    0.08	          3	            0	           40	       6	       7	       8	       5	       6	       7	       8	       8	       5
      46	 36	395	    0.02	         13	            0	           32	       6	      10	       9	       6	       4	       8	       7	       8	       5
      47	495	484	    0.26	          1	            0	           24	       0	       0	       0	       2	       1	       2	       4	       5	       8
      48	104	492	    0.19	         13	            0	           53	       7	       8	       9	       6	       5	       7	       8	       8	       7
      49	323	365	    0.13	         11	            0	           56	       7	       9	       8	       7	       6	       5	       5	       6	       8
      50	 82	473	    0.14	         13	            0	           28	       5	       8	       7	       8	       7	       6	       7	       8	      10
      51	440	361	     0.2	          5	            0	           60	       0	       2	       3	       2	       2	       4	       8	       8	      10
      52	416	323	    0.12	          5	            0	           50	       0	       0	       0	       0	       0	       2	       6	       5	       5
      53	353	261	    0.07	          8	            0	           54	       0	       0	       0	       0	       0	       1	       6	       7	       6
      54	294	392	    0.26	         12	            0	           82	       0	       0	       0	       0	       0	       0	       3	       8	      10
      55	165	281	    0.05	          1	            0	           48	       5	       7	       6	       6	       5	       4	       5	       6	       6
      56	145	441	    0.08	         18	            0	           34	       5	       5	       8	       8	       6	       4	       6	       7	       7
      57	146	373	    0.01	          8	            0	           81	       0	       0	       0	       0	       0	       0	       2	       4	       9
      58	205	 37	     0.2	          2	            0	           56	       0	       0	       3	       5	       3	       4	       4	       5	       6
      59	260	400	    0.16	          1	            0	           21	       4	       5	       6	       4	       4	       4	       4	       6	       6
      60	308	 61	    0.23	         19	            0	           80	       3	       7	       6	       6	       4	       4	       5	       6	       6
      61	407	130	    0.17	          6	            0	           23	       6	       6	       6	       7	       5	       3	       4	       6	       8
      62	 68	167	    0.07	          9	            0	           68	       3	       6	       5	       4	       3	       7	       8	       7	       6
      63	155	286	    0.22	         12	            0	           66	       7	       7	      10	      10	       7	       6	       5	       7	       9
      64	298	463	    0.17	          4	            0	           20	       0	       0	       0	       0	       0	       0	       3	       6	      10
      65	165	 84	    0.03	         16	            0	           31	       4	       8	       7	       3	       3	       6	      10	       9	       7
      66	404	 47	    0.25	          9	            0	           26	       6	       7	       7	       7	       7	       6	       6	       7	       8
      67	191	355	    0.05	         14	            0	           37	       6	       8	      10	       5	       5	       6	       7	      10	       8
      68	329	358	    0.06	         11	            0	           46	       6	       6	       6	       7	       5	       4	       4	       4	       5
      69	 23	388	    0.03	          7	            0	           50	       5	       6	       7	       5	       4	       5	       5	       6	       7
      70	 55	131	    0.21	          3	            0	           49	       0	       0	       1	       1	       1	       2	       4	       5	       8
      71	449	365	    0.04	         17	            0	           72	       6	       9	      10	       7	       7	       5	       5	       8	      11
      72	391	103	     0.1	          3	            0	           37	       5	       6	       6	       5	       4	       5	       7	       8	       7
      73	173	274	     0.2	          9	            0	           29	       5	       7	       6	       6	       4	       4	       7	       7	       6
      74	302	333	    0.11	         14	            0	           49	       0	       0	       1	       0	       1	       2	       3	       8	       9
      75	 50	393	    0.26	         12	            0	           25	       7	      11	       9	       6	       6	       7	       9	       8	       6
      76	179	327	    0.13	          4	            0	           45	       5	       7	       7	       6	       4	       4	       5	       7	       7
      77	 42	278	    0.14	          2	            0	           20	       5	       6	       6	       6	       4	       4	       5	       7	       7
      78	489	126	    0.19	          1	            0	           25	       0	       2	       2	       2	       3	       3	       6	       8	       8
      79	186	139	    0.28	          7	            0	           48	       5	       8	       7	       5	       4	       5	       6	       7	       4
      80	132	222	    0.22	          7	            0	           35	       6	       8	       7	       5	       4	       7	       8	       8	       5
      81	434	169	     0.1	         15	            0	           49	       4	       4	       6	       7	       6	       4	       6	       6	       8
      82	202	200	    0.08	          9	            0	           11	       4	       6	       6	       4	       3	       4	       6	       5	       4
      83	239	396	    0.15	         10	            0	           41	       5	       6	       7	       7	       5	       5	       5	       6	       8
      84	351	446	    0.08	          6	            0	           62	       7	       6	       7	       8	       8	       5	       5	       5	       7
      85	143	 97	    0.29	          1	            0	           40	       4	       7	       8	       7	       7	       4	       4	       7	       8
      86	220	400	    0.03	          7	            0	           37	       2	       4	       5	       5	       6	       6	       5	       6	       8
      87	121	419	    0.11	         11	            0	           66	       3	       7	       6	       6	       7	       6	       6	       6	       9
      88	  5	220	     0.3	         12	            0	           18	       5	       8	       7	       5	       3	       5	       6	       5	       4
      89	167	254	    0.08	          1	            0	           20	       3	       4	       7	       5	       5	       5	       7	       9	       9
      90	482	207	    0.14	          6	            0	           15	       4	       5	       5	       4	       4	       4	       6	       5	       4
      91	356	184	     0.2	          9	            0	           39	       6	       6	       8	       7	       7	       7	       6	       6	       8
      92	377	215	    0.29	         16	            0	           48	       7	       7	      12	       7	       6	       4	       5	       9	      11
      93	328	227	    0.27	          5	            0	           33	       4	       5	       6	       5	       5	       3	       3	       4	       4
      94	187	438	    0.24	         14	            0	           58	       1	       2	       3	       3	       1	       2	       6	       9	       8
      95	418	167	    0.14	          7	            0	           41	       4	       5	       6	       8	       6	       6	       5	       5	       7
      96	142	174	    0.19	          8	            0	           38	       5	       6	       8	       6	       5	       4	       4	       5	       6
      97	340	 50	    0.24	          6	            0	           39	       4	       6	       7	       5	       4	       5	       7	       6	       4
      98	338	 89	    0.15	          8	            0	           29	       5	       7	       7	       7	       5	       6	       7	       8	       6
      99	255	 69	    0.27	         15	            0	           72	       4	       5	       7	       8	       5	       5	       7	       6	      11
     100	279	480	    0.28	          9	            0	           31	       5	       8	       7	       4	       4	       6	       8	       7	       5
COST_MATRIX 
	  0	  1	  2	  3	  4	  5	  6	  7	  8	  9	 10	 11	 12	 13	 14	 15	 16	 17	 18	 19	 20	 21	 22	 23	 24	 25	 26	 27	 28	 29	 30	 31	 32	 33	 34	 35	 36	 37	 38	 39	 40	 41	 42	 43	 44	 45	 46	 47	 48	 49	 50	 51	 52	 53	 54	 55	 56	 57	 58	 59	 60	 61	 62	 63	 64	 65	 66	 67	 68	 69	 70	 71	 72	 73	 74	 75	 76	 77	 78	 79	 80	 81	 82	 83	 84	 85	 86	 87	 88	 89	 90	 91	 92	 93	 94	 95	 96	 97	 98	 99	100
  0
  1	 25
  2	 31	 22
  3	 33	 26	  4
  4	 13	 22	 19	 21
  5	 28	  8	 30	 33	 28
  6	  5	 30	 34	 36	 15	 33
  7	 28	 35	 19	 17	 17	 42	 28
  8	 21	 10	 15	 18	 14	 17	 25	 25
  9	 30	 25	  5	  4	 18	 33	 33	 15	 17
 10	 39	 16	 20	 23	 32	 21	 43	 38	 19	 25
 11	 17	 25	 17	 18	  5	 31	 19	 12	 16	 15	 32
 12	 15	 11	 22	 26	 14	 15	 19	 29	  9	 24	 25	 18
 13	 28	 13	 10	 13	 19	 20	 32	 26	  8	 14	 14	 19	 16
 14	 31	 21	 43	 46	 37	 14	 35	 52	 29	 45	 34	 40	 23	 34
 15	 30	  6	 25	 28	 28	  7	 35	 39	 15	 29	 14	 30	 16	 16	 21
 16	 35	 12	 20	 24	 30	 16	 40	 37	 16	 25	  5	 30	 22	 12	 30	 10
 17	  8	 32	 38	 40	 20	 33	  6	 34	 28	 38	 46	 24	 22	 36	 34	 37	 43
 18	 30	 15	  9	 12	 21	 22	 34	 26	 10	 13	 13	 20	 19	  3	 36	 17	 12	 38
 19	 24	 23	 42	 46	 32	 18	 28	 48	 28	 44	 38	 37	 21	 34	 10	 25	 34	 25	 37
 20	 14	 30	 26	 26	  9	 36	 13	 16	 23	 23	 40	  9	 21	 27	 43	 36	 38	 19	 29	 37
 21	 24	  2	 23	 26	 22	  8	 29	 34	 10	 26	 17	 24	 10	 14	 21	  7	 13	 31	 16	 22	 30
 22	 15	 12	 20	 23	 12	 17	 19	 26	  7	 22	 24	 15	  3	 14	 26	 17	 21	 22	 17	 23	 20	 11
 23	 34	 13	 33	 37	 34	  7	 39	 47	 22	 37	 20	 37	 21	 24	 16	  9	 16	 40	 25	 22	 42	 13	 23
 24	  5	 25	 27	 29	  9	 29	  7	 24	 19	 27	 37	 13	 14	 26	 33	 30	 34	 12	 28	 27	 10	 24	 14	 35
 25	 16	 10	 24	 27	 16	 13	 21	 31	  9	 26	 25	 19	  2	 17	 22	 15	 21	 22	 19	 19	 23	  9	  5	 20	 16
 26	 14	 15	 18	 20	  8	 21	 18	 22	  8	 18	 26	 11	  8	 14	 31	 21	 23	 22	 16	 27	 16	 15	  5	 27	 12	  9
 27	 20	 35	 27	 27	 13	 41	 18	 13	 27	 24	 43	 12	 27	 30	 48	 40	 42	 24	 31	 43	  6	 35	 25	 47	 16	 28	 20
 28	 20	 35	 48	 51	 33	 33	 21	 48	 35	 49	 50	 37	 27	 43	 26	 38	 46	 16	 45	 17	 33	 33	 29	 38	 25	 27	 31	 39
 29	  4	 24	 33	 35	 16	 26	  8	 31	 21	 33	 39	 20	 14	 29	 28	 29	 35	  8	 31	 21	 18	 23	 15	 32	  8	 15	 15	 23	 17
 30	 10	 16	 28	 31	 15	 18	 15	 31	 15	 29	 31	 20	  7	 22	 22	 21	 28	 16	 25	 17	 21	 15	  9	 25	 12	  7	 11	 26	 21	  8
 31	  5	 29	 32	 34	 14	 32	  2	 27	 24	 31	 42	 17	 19	 31	 36	 35	 39	  8	 33	 29	 12	 28	 19	 39	  6	 20	 17	 17	 22	  9	 15
 32	 20	 16	 12	 15	 10	 23	 23	 19	  7	 13	 23	 10	 12	 10	 34	 21	 21	 27	 12	 32	 18	 16	  9	 28	 17	 13	  6	 21	 37	 21	 17	 22
 33	 26	 22	  6	  7	 14	 30	 29	 15	 13	  5	 24	 11	 20	 12	 42	 26	 23	 33	 12	 40	 20	 22	 17	 34	 22	 21	 14	 21	 44	 28	 25	 27	  8
 34	 13	 12	 24	 27	 15	 15	 18	 30	 10	 26	 27	 18	  2	 18	 23	 17	 23	 20	 20	 19	 21	 11	  5	 22	 14	  3	  9	 27	 26	 13	  5	 18	 13	 21
 35	 34	 11	 19	 22	 28	 16	 38	 35	 14	 23	  6	 28	 20	 10	 30	  9	  3	 41	 11	 33	 36	 12	 19	 17	 32	 19	 21	 39	 45	 33	 26	 37	 19	 21	 21
 36	  9	 33	 38	 40	 20	 35	  5	 32	 29	 37	 47	 23	 23	 36	 36	 38	 44	  3	 38	 28	 17	 32	 23	 41	 11	 23	 22	 22	 18	 10	 17	  7	 27	 33	 21	 42
 37	 34	 11	 20	 23	 29	 16	 39	 37	 15	 24	  5	 30	 21	 12	 30	  9	  1	 42	 12	 33	 37	 13	 20	 16	 33	 20	 22	 41	 46	 34	 27	 38	 20	 23	 22	  2	 43
 38	 12	 32	 41	 44	 24	 32	 11	 39	 30	 41	 47	 28	 23	 37	 30	 37	 43	  6	 40	 22	 24	 31	 24	 38	 15	 23	 24	 29	 11	  9	 16	 13	 30	 37	 21	 42	  8	 42
 39	 17	 24	 40	 43	 27	 22	 20	 43	 27	 42	 40	 32	 18	 34	 17	 28	 36	 18	 36	  8	 31	 23	 21	 27	 21	 18	 24	 37	 11	 14	 13	 21	 29	 37	 17	 35	 20	 35	 14
 40	 14	 35	 44	 46	 26	 36	 12	 40	 33	 44	 51	 30	 26	 41	 34	 40	 47	  7	 43	 25	 25	 34	 27	 42	 18	 26	 27	 30	 12	 13	 20	 14	 33	 39	 24	 45	  8	 46	  4	 17
 41	 16	 38	 46	 48	 28	 38	 14	 42	 36	 46	 53	 32	 28	 43	 36	 43	 49	  9	 45	 27	 26	 37	 29	 44	 20	 29	 30	 31	 12	 15	 22	 16	 35	 42	 27	 48	 10	 48	  7	 19	  3
 42	 15	 13	 29	 32	 19	 14	 20	 35	 15	 31	 29	 23	  7	 22	 18	 18	 25	 20	 24	 14	 25	 12	 10	 20	 16	  6	 14	 31	 22	 13	  5	 20	 18	 26	  6	 24	 22	 24	 19	 12	 23	 26
 43	 15	 26	 40	 43	 26	 24	 17	 41	 27	 41	 42	 30	 19	 34	 21	 30	 38	 14	 37	 12	 28	 25	 21	 30	 18	 18	 23	 34	  9	 11	 12	 18	 29	 36	 17	 36	 16	 37	 10	  4	 13	 15	 13
 44	 15	 40	 43	 44	 24	 42	 11	 35	 35	 42	 53	 27	 29	 42	 42	 45	 50	  9	 44	 34	 20	 39	 29	 48	 17	 30	 28	 23	 22	 17	 24	 12	 33	 38	 28	 48	  7	 49	 13	 26	 11	 11	 29	 22
 45	  6	 22	 25	 27	  8	 26	 10	 23	 16	 25	 34	 12	 11	 23	 32	 27	 31	 14	 25	 26	 11	 21	 11	 32	  4	 13	  9	 17	 25	  9	 10	  9	 14	 20	 11	 29	 14	 30	 17	 20	 20	 22	 14	 18	 20
 46	 27	 35	 21	 20	 16	 42	 27	  3	 26	 17	 40	 12	 29	 27	 52	 40	 39	 32	 27	 48	 14	 35	 27	 48	 23	 31	 22	 11	 47	 30	 31	 25	 20	 16	 30	 37	 31	 38	 37	 43	 39	 40	 35	 41	 33	 23
 47	 25	 47	 55	 57	 37	 47	 22	 49	 45	 55	 62	 40	 37	 52	 42	 51	 58	 17	 54	 33	 34	 46	 39	 52	 28	 38	 39	 38	 17	 24	 31	 24	 44	 50	 36	 57	 18	 57	 15	 26	 12	 10	 34	 23	 15	 31	 47
 48	 25	 41	 31	 31	 19	 47	 23	 15	 33	 28	 49	 17	 33	 36	 54	 46	 47	 27	 37	 48	 12	 41	 31	 53	 22	 34	 26	  7	 43	 29	 32	 21	 27	 26	 33	 45	 25	 46	 33	 42	 33	 34	 37	 39	 25	 23	 12	 40
 49	  4	 28	 34	 36	 16	 30	  4	 31	 24	 34	 42	 20	 18	 31	 32	 33	 39	  5	 34	 24	 16	 27	 18	 37	  8	 19	 18	 21	 18	  5	 13	  5	 23	 30	 17	 37	  5	 38	  8	 17	 10	 13	 17	 14	 12	 10	 29	 21	 26
 50	 26	 40	 29	 28	 19	 46	 24	 12	 31	 25	 47	 16	 32	 34	 54	 45	 46	 29	 35	 49	 12	 40	 30	 52	 22	 34	 26	  6	 44	 29	 32	 22	 25	 24	 32	 44	 27	 45	 34	 42	 35	 36	 37	 40	 27	 23	 10	 42	  3	 27
 51	 15	 34	 45	 47	 28	 33	 15	 42	 33	 45	 49	 32	 25	 40	 30	 38	 45	 10	 43	 21	 27	 32	 26	 39	 19	 25	 28	 33	  7	 13	 19	 16	 33	 40	 23	 44	 12	 44	  4	 13	  5	  7	 21	  9	 15	 21	 41	 14	 37	 12	 38
 52	 13	 29	 41	 44	 25	 29	 14	 40	 29	 41	 45	 29	 21	 36	 26	 34	 41	 10	 39	 17	 26	 28	 22	 35	 17	 21	 24	 31	  8	 10	 14	 15	 30	 37	 19	 39	 12	 40	  5	  9	  8	 10	 17	  5	 17	 18	 39	 18	 36	 11	 37	  5
 53	 10	 20	 33	 36	 20	 21	 14	 36	 20	 34	 36	 24	 12	 28	 21	 25	 32	 14	 30	 14	 23	 19	 14	 27	 13	 12	 16	 29	 16	  7	  6	 15	 22	 30	 10	 31	 15	 31	 12	  8	 16	 18	  8	  7	 22	 13	 35	 27	 34	 11	 35	 14	  9
 54	  6	 30	 33	 35	 15	 33	  1	 28	 25	 32	 43	 18	 20	 32	 36	 35	 40	  7	 34	 28	 13	 29	 19	 39	  7	 21	 18	 18	 22	  8	 15	  2	 23	 28	 19	 38	  5	 39	 12	 21	 13	 14	 20	 18	 11	 10	 26	 23	 22	  4	 23	 15	 15	 15
 55	 15	 19	 17	 19	  4	 26	 18	 18	 11	 16	 28	  6	 12	 16	 35	 24	 26	 22	 17	 31	 12	 19	  9	 31	 11	 14	  5	 16	 34	 17	 15	 16	  6	 12	 13	 24	 22	 25	 26	 27	 28	 30	 18	 26	 27	  9	 18	 39	 22	 18	 21	 29	 26	 19	 18
 56	 19	 35	 28	 28	 13	 41	 17	 14	 27	 25	 44	 12	 26	 31	 48	 41	 42	 22	 32	 42	  6	 35	 25	 47	 15	 28	 20	  2	 37	 22	 26	 15	 22	 22	 26	 40	 20	 41	 27	 35	 28	 29	 30	 33	 21	 17	 12	 36	  7	 20	  8	 31	 30	 28	 16	 17
 57	 16	 29	 22	 23	  7	 34	 16	 13	 20	 20	 37	  6	 20	 24	 42	 34	 35	 21	 25	 37	  4	 28	 18	 41	 12	 22	 14	  7	 36	 19	 21	 14	 15	 16	 20	 33	 20	 34	 26	 32	 28	 29	 25	 29	 23	 12	 12	 37	 13	 18	 12	 30	 28	 24	 15	 10	  7
 58	 32	  8	 24	 27	 29	 10	 37	 39	 15	 28	 11	 30	 18	 15	 24	  3	  7	 39	 16	 28	 37	  9	 18	 10	 32	 17	 22	 41	 41	 31	 23	 36	 21	 25	 19	  7	 40	  6	 39	 30	 43	 45	 20	 32	 47	 29	 40	 54	 47	 35	 46	 41	 36	 27	 37	 25	 41	 35
 59	  7	 30	 31	 33	 13	 34	  5	 24	 24	 30	 43	 16	 20	 31	 38	 36	 40	 10	 32	 31	  9	 29	 19	 40	  6	 21	 17	 14	 25	 11	 17	  3	 21	 26	 19	 38	  8	 39	 15	 24	 16	 18	 21	 21	 12	  9	 23	 25	 19	  8	 20	 19	 18	 17	  4	 16	 13	 12	 37
 60	 28	  9	 31	 35	 29	  2	 33	 43	 18	 34	 22	 32	 16	 22	 13	  8	 17	 34	 24	 18	 37	  9	 18	  6	 29	 14	 22	 42	 32	 26	 19	 33	 24	 31	 16	 17	 35	 17	 33	 22	 36	 39	 14	 24	 42	 27	 44	 47	 48	 31	 47	 33	 29	 21	 34	 27	 42	 36	 11	 35
 61	 24	 18	 39	 42	 31	 13	 29	 46	 24	 41	 33	 35	 18	 30	  7	 20	 29	 27	 33	  6	 36	 17	 20	 17	 27	 16	 25	 42	 22	 21	 16	 29	 29	 37	 17	 28	 29	 28	 24	 11	 28	 30	 12	 15	 36	 25	 46	 37	 48	 25	 48	 24	 20	 15	 29	 29	 41	 36	 23	 31	 13
 62	 29	 18	  5	  8	 19	 25	 33	 22	 11	  9	 17	 17	 19	  5	 38	 20	 16	 37	  4	 39	 26	 18	 17	 29	 26	 20	 16	 28	 46	 30	 25	 31	 10	  8	 21	 15	 37	 16	 39	 37	 42	 45	 25	 37	 42	 23	 24	 54	 33	 33	 31	 42	 39	 31	 32	 15	 29	 23	 19	 31	 27	 35
 63	 15	 20	 16	 18	  4	 26	 18	 17	 11	 15	 29	  5	 13	 16	 36	 25	 27	 23	 17	 32	 12	 20	 11	 32	 12	 15	  6	 16	 34	 18	 16	 17	  6	 11	 14	 24	 23	 26	 26	 28	 29	 31	 19	 27	 28	 10	 17	 40	 22	 19	 21	 30	 27	 20	 18	  2	 16	  9	 26	 16	 28	 30	 15
 64	 13	 37	 38	 40	 20	 40	  8	 29	 31	 37	 50	 22	 27	 38	 42	 42	 47	 10	 40	 34	 15	 36	 26	 47	 13	 28	 24	 18	 25	 15	 22	  8	 29	 33	 26	 45	  7	 46	 15	 27	 14	 14	 27	 23	  6	 16	 28	 20	 20	 11	 22	 18	 19	 21	  8	 23	 16	 18	 44	  8	 41	 36	 38	 23
 65	 29	  7	 18	 21	 24	 14	 34	 33	 10	 22	 10	 25	 15	  8	 28	  8	  7	 37	 10	 30	 32	  8	 15	 16	 28	 15	 17	 36	 41	 29	 22	 33	 15	 19	 17	  5	 37	  6	 37	 31	 41	 43	 19	 32	 44	 25	 34	 52	 42	 33	 40	 40	 35	 26	 34	 20	 36	 29	  7	 33	 15	 25	 13	 21	 41
 66	 32	 19	 40	 44	 36	 12	 36	 51	 27	 44	 31	 40	 23	 31	  4	 18	 27	 35	 33	 13	 43	 18	 25	 12	 34	 21	 30	 48	 29	 29	 23	 37	 33	 40	 22	 27	 37	 26	 33	 20	 36	 38	 18	 23	 44	 32	 51	 45	 54	 33	 54	 32	 28	 22	 37	 34	 48	 42	 20	 39	 10	  9	 36	 35	 43	 25
 67	 11	 26	 23	 25	  5	 31	 12	 18	 18	 22	 36	  7	 17	 23	 38	 31	 34	 17	 25	 33	  5	 25	 15	 37	  7	 18	 11	 11	 31	 14	 16	 10	 14	 18	 17	 32	 16	 33	 22	 27	 23	 25	 21	 25	 20	  7	 17	 34	 17	 14	 17	 25	 23	 19	 11	  8	 10	  5	 32	  9	 32	 32	 23	  8	 16	 28	 38
 68	  4	 28	 35	 37	 17	 30	  5	 31	 24	 34	 42	 21	 18	 31	 31	 33	 39	  5	 34	 24	 17	 27	 18	 36	  8	 18	 18	 22	 17	  4	 12	  6	 23	 30	 16	 37	  6	 38	  8	 16	 10	 12	 17	 13	 13	 10	 30	 21	 27	  1	 28	 12	 10	 10	  5	 19	 21	 19	 35	  9	 30	 25	 33	 19	 11	 32	 32	 14
 69	 28	 36	 20	 19	 17	 43	 28	  2	 26	 16	 39	 13	 30	 27	 53	 40	 39	 34	 27	 49	 16	 35	 27	 48	 24	 31	 23	 12	 48	 32	 32	 27	 20	 16	 30	 37	 32	 38	 38	 44	 40	 41	 35	 42	 34	 24	  2	 49	 14	 31	 11	 42	 40	 36	 28	 18	 14	 13	 40	 24	 44	 47	 23	 17	 29	 34	 52	 18	 31
 70	 32	 18	  7	 10	 22	 25	 36	 25	 13	 12	 14	 21	 21	  6	 39	 20	 14	 40	  4	 40	 30	 19	 20	 28	 30	 22	 19	 32	 48	 33	 28	 35	 13	 11	 23	 13	 40	 14	 42	 39	 46	 48	 27	 40	 46	 27	 27	 57	 37	 36	 35	 45	 41	 33	 36	 19	 33	 26	 18	 34	 27	 36	  4	 19	 42	 12	 36	 27	 36	 26
 71	 16	 34	 46	 48	 29	 34	 16	 43	 34	 46	 50	 33	 26	 41	 30	 39	 46	 10	 44	 21	 28	 33	 27	 40	 20	 26	 29	 33	  7	 14	 19	 17	 34	 41	 24	 45	 12	 45	  5	 13	  5	  6	 22	 10	 16	 22	 42	 13	 37	 13	 39	  1	  6	 15	 16	 30	 32	 31	 41	 20	 34	 24	 43	 31	 19	 40	 33	 26	 13	 43	 46
 72	 26	 17	 37	 41	 31	 11	 31	 46	 23	 40	 31	 35	 18	 29	  6	 17	 27	 30	 31	  9	 37	 16	 20	 14	 28	 16	 25	 43	 25	 23	 17	 31	 29	 36	 17	 26	 32	 26	 27	 14	 30	 33	 13	 18	 38	 26	 46	 40	 49	 28	 49	 27	 23	 17	 31	 29	 42	 37	 20	 33	 10	  4	 33	 30	 38	 23	  6	 33	 27	 47	 34	 27
 73	 14	 18	 17	 19	  5	 24	 18	 19	 10	 17	 28	  7	 11	 15	 34	 24	 25	 22	 17	 30	 13	 18	  8	 30	 11	 13	  4	 17	 33	 16	 14	 16	  6	 12	 12	 23	 22	 25	 25	 26	 28	 30	 17	 25	 27	  9	 19	 39	 23	 18	 22	 29	 25	 19	 17	  2	 17	 11	 24	 16	 26	 28	 15	  3	 23	 20	 33	  9	 18	 19	 19	 30	 28
 74	  2	 24	 31	 33	 14	 27	  6	 29	 21	 31	 38	 18	 14	 28	 30	 30	 35	  8	 30	 23	 15	 23	 15	 34	  5	 15	 14	 21	 20	  3	  9	  6	 20	 26	 13	 33	  9	 34	 11	 16	 14	 16	 14	 14	 16	  7	 28	 25	 26	  4	 27	 15	 12	  9	  6	 15	 20	 17	 32	  8	 28	 23	 29	 16	 14	 29	 31	 12	  4	 29	 32	 16	 25	 15
 75	 25	 34	 21	 20	 15	 41	 26	  4	 25	 17	 39	 11	 28	 27	 51	 39	 38	 31	 27	 47	 13	 34	 26	 47	 21	 30	 21	  9	 45	 29	 30	 24	 19	 16	 29	 36	 29	 38	 36	 41	 37	 39	 33	 39	 31	 21	  2	 46	 12	 28	  9	 40	 38	 34	 25	 17	 11	 10	 39	 22	 43	 45	 23	 15	 26	 33	 50	 15	 29	  3	 27	 40	 45	 18	 26
 76	 12	 23	 20	 22	  2	 29	 14	 17	 15	 19	 33	  6	 15	 20	 37	 29	 31	 19	 22	 32	  8	 23	 13	 35	  8	 16	  8	 13	 32	 15	 15	 13	 11	 15	 15	 29	 18	 30	 23	 27	 25	 27	 19	 25	 23	  7	 16	 36	 19	 15	 18	 27	 24	 19	 14	  5	 12	  6	 30	 11	 30	 31	 20	  5	 19	 25	 36	  4	 16	 17	 24	 28	 31	  6	 13	 15
 77	 26	 26	  9	  9	 14	 33	 29	 10	 17	  6	 28	 10	 23	 16	 45	 30	 28	 34	 16	 43	 18	 26	 20	 38	 23	 24	 16	 18	 46	 29	 27	 27	 11	  5	 24	 26	 33	 27	 38	 39	 40	 42	 29	 38	 37	 21	 12	 50	 23	 30	 20	 41	 38	 32	 28	 13	 20	 15	 30	 25	 35	 40	 12	 12	 32	 23	 43	 17	 30	 12	 15	 42	 40	 14	 27	 12	 15
 78	 29	 26	 47	 50	 38	 21	 33	 53	 32	 49	 41	 42	 26	 38	  8	 27	 37	 30	 41	  6	 42	 26	 28	 23	 33	 24	 32	 48	 20	 26	 23	 34	 37	 45	 24	 36	 33	 36	 26	 13	 29	 31	 19	 17	 38	 31	 53	 36	 54	 30	 54	 25	 22	 20	 33	 36	 47	 43	 30	 36	 20	  9	 43	 38	 39	 33	 12	 38	 29	 54	 44	 25	 11	 35	 28	 52	 37	 48
 79	 23	  6	 17	 20	 18	 14	 28	 29	  5	 20	 16	 20	 10	  8	 26	 10	 13	 31	 11	 27	 27	  6	  9	 18	 22	 10	 12	 31	 36	 23	 16	 27	 11	 17	 12	 11	 32	 12	 32	 27	 35	 38	 15	 27	 38	 19	 30	 47	 37	 27	 35	 34	 30	 21	 28	 15	 31	 24	 11	 28	 15	 23	 13	 16	 35	  6	 24	 22	 27	 30	 14	 35	 21	 14	 23	 29	 19	 21	 31
 80	 21	 16	 11	 14	 11	 23	 24	 19	  7	 12	 22	 11	 13	  9	 34	 20	 20	 28	 11	 33	 19	 16	 10	 28	 18	 14	  7	 22	 38	 22	 18	 23	  2	  8	 14	 18	 28	 19	 31	 30	 34	 36	 19	 30	 34	 15	 20	 45	 28	 24	 26	 34	 31	 23	 24	  7	 22	 16	 20	 22	 24	 29	  9	  7	 30	 15	 33	 15	 24	 20	 12	 35	 29	  7	 21	 19	 12	 11	 37	 10
 81	 23	 22	 41	 44	 31	 18	 26	 47	 27	 43	 37	 35	 19	 33	 10	 24	 33	 24	 35	  2	 35	 21	 22	 22	 26	 18	 26	 41	 17	 19	 16	 27	 31	 38	 18	 32	 26	 32	 21	  7	 24	 26	 13	 11	 33	 24	 46	 33	 47	 23	 47	 20	 16	 13	 27	 30	 40	 36	 27	 29	 17	  5	 37	 31	 33	 29	 13	 31	 22	 47	 39	 20	  8	 29	 22	 45	 30	 41	  7	 25	 31
 82	 17	 10	 18	 21	 13	 17	 22	 26	  4	 19	 22	 15	  5	 11	 27	 16	 19	 25	 14	 26	 21	 10	  3	 22	 16	  7	  5	 25	 32	 18	 11	 21	  7	 15	  7	 17	 25	 18	 27	 23	 30	 32	 12	 23	 32	 13	 26	 41	 31	 21	 30	 29	 25	 17	 22	  9	 25	 19	 17	 21	 18	 22	 14	 10	 28	 13	 26	 16	 21	 26	 17	 30	 22	  8	 17	 25	 13	 18	 30	  7	  8	 24
 83	  8	 30	 30	 31	 11	 34	  7	 22	 23	 28	 41	 14	 20	 29	 39	 35	 39	 12	 31	 32	  7	 29	 19	 40	  6	 21	 16	 12	 27	 12	 17	  5	 20	 24	 19	 37	 11	 38	 17	 25	 18	 20	 22	 22	 14	  9	 21	 28	 17	  9	 18	 21	 20	 18	  6	 14	 11	 10	 37	  3	 35	 32	 29	 14	  9	 33	 39	  7	 10	 22	 33	 22	 34	 14	  9	 19	 10	 23	 37	 27	 21	 30	 20
 84	 13	 37	 41	 43	 23	 39	  8	 34	 33	 40	 51	 26	 27	 39	 39	 42	 47	  6	 42	 31	 19	 36	 27	 45	 15	 27	 26	 23	 19	 13	 21	 10	 31	 36	 25	 46	  4	 46	 10	 23	  8	  9	 26	 19	  4	 17	 32	 15	 26	  9	 28	 13	 14	 19	  8	 25	 21	 22	 44	 11	 39	 33	 40	 26	  6	 41	 41	 19	 10	 34	 44	 13	 35	 25	 13	 31	 21	 36	 35	 35	 32	 29	 29	 13
 85	 29	  9	 15	 19	 23	 16	 34	 31	  9	 19	 10	 23	 16	  6	 30	 10	  8	 37	  7	 32	 31	 10	 15	 19	 28	 16	 17	 34	 42	 29	 22	 33	 14	 17	 18	  6	 37	  7	 38	 32	 41	 44	 21	 33	 44	 25	 32	 53	 40	 33	 39	 40	 36	 27	 34	 19	 35	 28	  9	 33	 17	 27	 11	 19	 40	  3	 27	 27	 33	 32	 10	 41	 25	 18	 29	 32	 24	 21	 35	  7	 13	 30	 12	 32	 41
 86	 10	 30	 29	 30	 10	 35	  9	 20	 23	 27	 41	 12	 20	 29	 40	 36	 39	 14	 30	 34	  5	 29	 19	 41	  7	 22	 16	 10	 29	 14	 18	  7	 19	 23	 20	 37	 12	 38	 19	 27	 20	 22	 23	 24	 15	  9	 19	 29	 15	 11	 16	 23	 22	 20	  8	 14	  9	  8	 37	  5	 36	 33	 28	 14	 11	 33	 40	  6	 12	 20	 32	 24	 35	 14	 11	 18	  9	 22	 39	 27	 20	 32	 21	  2	 14	 32
 87	 20	 34	 25	 25	 12	 40	 19	 11	 25	 22	 41	 10	 25	 28	 47	 39	 40	 24	 29	 42	  6	 33	 23	 46	 16	 27	 19	  2	 39	 23	 26	 17	 19	 19	 26	 38	 22	 39	 29	 36	 30	 31	 30	 34	 24	 17	  9	 38	  8	 21	  7	 33	 32	 29	 18	 15	  4	  6	 40	 15	 41	 41	 26	 14	 19	 34	 47	 10	 22	 11	 30	 34	 42	 16	 21	  8	 11	 17	 48	 29	 20	 41	 24	 13	 24	 33	 11
 88	 32	 26	  4	  2	 20	 33	 34	 16	 18	  2	 24	 17	 25	 14	 46	 29	 24	 39	 12	 45	 25	 26	 23	 37	 28	 26	 20	 25	 50	 34	 30	 33	 14	  6	 27	 23	 39	 24	 43	 43	 45	 48	 32	 42	 43	 26	 18	 56	 29	 35	 27	 46	 43	 36	 34	 18	 27	 21	 28	 32	 35	 42	  9	 17	 39	 21	 44	 23	 36	 17	 11	 47	 41	 18	 32	 18	 21	  7	 50	 20	 13	 44	 20	 30	 42	 19	 29	 24
 89	 16	 17	 15	 18	  7	 23	 19	 19	  8	 16	 26	  9	 10	 13	 33	 22	 23	 24	 15	 30	 15	 16	  8	 29	 13	 12	  3	 19	 34	 18	 14	 18	  4	 11	 11	 21	 24	 23	 27	 27	 29	 32	 16	 26	 29	 10	 20	 41	 25	 20	 24	 30	 26	 19	 19	  3	 19	 13	 23	 18	 24	 28	 14	  4	 25	 18	 32	 11	 20	 20	 17	 31	 28	  3	 16	 19	  8	 13	 35	 12	  5	 29	  7	 16	 27	 16	 16	 18	 17
 90	 24	 28	 46	 49	 33	 24	 26	 49	 31	 47	 43	 38	 24	 38	 15	 30	 39	 23	 41	  6	 37	 27	 26	 28	 27	 22	 30	 43	 12	 20	 19	 27	 35	 43	 22	 38	 25	 38	 18	  7	 21	 23	 17	 10	 31	 27	 49	 28	 48	 23	 49	 16	 14	 14	 27	 33	 42	 38	 33	 30	 23	 11	 42	 34	 32	 35	 18	 33	 22	 50	 44	 17	 14	 32	 22	 48	 33	 45	  9	 31	 36	  7	 29	 31	 28	 36	 33	 42	 48	 32
 91	 17	 15	 33	 36	 23	 14	 22	 39	 19	 35	 31	 27	 11	 25	 14	 19	 27	 21	 28	 10	 29	 14	 14	 20	 20	 10	 18	 34	 20	 14	  9	 22	 23	 31	 10	 26	 23	 26	 19	  9	 23	 25	  5	 11	 30	 18	 39	 34	 40	 19	 40	 20	 16	  8	 22	 22	 34	 29	 22	 24	 14	  8	 29	 23	 29	 22	 15	 24	 18	 40	 31	 21	  9	 21	 16	 38	 23	 33	 15	 18	 23	  8	 16	 25	 27	 24	 26	 34	 36	 21	 13
 92	 16	 19	 35	 38	 23	 17	 20	 39	 21	 37	 35	 28	 13	 28	 16	 23	 31	 18	 31	 10	 28	 18	 16	 23	 18	 12	 19	 34	 16	 12	  9	 20	 24	 32	 12	 29	 20	 30	 16	  6	 20	 22	  7	  8	 27	 17	 39	 30	 39	 16	 40	 16	 12	  6	 20	 23	 33	 28	 25	 22	 17	 10	 32	 24	 27	 25	 18	 24	 16	 40	 34	 17	 12	 22	 14	 38	 23	 35	 15	 21	 25	  8	 18	 23	 24	 27	 25	 33	 38	 22	 11	  4
 93	 12	 16	 30	 33	 19	 17	 17	 34	 17	 32	 32	 23	  8	 24	 19	 21	 28	 17	 26	 14	 24	 15	 11	 23	 14	  8	 14	 29	 20	 10	  4	 17	 19	 27	  7	 26	 19	 27	 16	 11	 20	 22	  4	 11	 26	 13	 34	 31	 35	 14	 35	 18	 14	  5	 17	 18	 29	 24	 23	 19	 17	 13	 27	 19	 24	 22	 20	 19	 14	 35	 29	 19	 14	 17	 11	 33	 18	 30	 20	 17	 20	 13	 13	 20	 23	 23	 21	 29	 33	 17	 16	  6	  6
 94	 15	 34	 30	 30	 13	 39	 13	 18	 26	 27	 44	 13	 25	 31	 45	 40	 42	 18	 33	 39	  5	 33	 23	 45	 12	 26	 19	  6	 33	 19	 23	 11	 22	 24	 24	 40	 16	 41	 23	 32	 24	 25	 28	 29	 17	 14	 16	 32	 10	 16	 12	 27	 26	 25	 12	 16	  5	  8	 41	  9	 40	 38	 30	 16	 12	 36	 45	  9	 17	 18	 34	 28	 40	 17	 16	 15	 12	 22	 44	 30	 23	 37	 24	  7	 17	 35	  6	  7	 29	 19	 38	 31	 30	 26
 95	 22	 20	 39	 43	 29	 16	 26	 45	 25	 41	 36	 34	 18	 31	 10	 23	 31	 24	 34	  4	 34	 19	 20	 21	 25	 16	 24	 40	 18	 18	 14	 26	 29	 37	 16	 31	 26	 31	 21	  8	 24	 26	 11	 11	 32	 23	 45	 33	 46	 22	 46	 20	 16	 12	 26	 28	 39	 35	 25	 29	 16	  4	 36	 29	 32	 27	 13	 30	 22	 46	 37	 21	  7	 27	 21	 44	 29	 40	  9	 24	 30	  2	 22	 30	 29	 29	 31	 39	 42	 27	  8	  7	  7	 11	 36
 96	 23	 12	 12	 15	 15	 19	 27	 24	  4	 14	 17	 16	 12	  5	 32	 16	 15	 31	  8	 31	 23	 12	 10	 24	 21	 13	 10	 27	 39	 24	 18	 26	  6	 11	 14	 13	 31	 14	 33	 30	 36	 38	 18	 30	 37	 18	 25	 47	 33	 27	 31	 36	 32	 23	 27	 11	 27	 20	 16	 26	 21	 27	  8	 12	 33	 10	 30	 19	 27	 25	 10	 37	 26	 11	 23	 24	 16	 15	 36	  6	  5	 30	  7	 25	 35	  8	 24	 25	 15	  9	 35	 22	 24	 20	 27	 28
 97	 30	 13	 34	 38	 32	  5	 35	 46	 22	 38	 24	 35	 18	 25	 10	 12	 20	 35	 27	 16	 39	 12	 21	  7	 31	 17	 25	 45	 32	 27	 20	 35	 27	 34	 18	 20	 36	 20	 33	 21	 36	 39	 15	 24	 43	 29	 46	 47	 51	 32	 50	 33	 29	 22	 35	 29	 44	 38	 14	 36	  4	 11	 30	 30	 42	 18	  7	 34	 31	 47	 30	 34	  8	 28	 29	 45	 33	 38	 17	 18	 27	 16	 21	 37	 40	 21	 38	 43	 38	 27	 22	 14	 17	 18	 42	 15	 24
 98	 26	 11	 33	 36	 29	  5	 31	 43	 19	 36	 25	 32	 15	 24	 10	 12	 21	 31	 26	 14	 36	 11	 17	 10	 27	 13	 22	 41	 28	 24	 17	 31	 25	 32	 15	 21	 33	 20	 29	 18	 33	 35	 12	 21	 39	 25	 43	 43	 47	 28	 47	 30	 25	 18	 31	 26	 41	 35	 15	 33	  5	  9	 29	 27	 38	 18	  8	 31	 27	 44	 29	 30	  6	 25	 25	 42	 29	 36	 16	 17	 25	 13	 18	 33	 36	 20	 34	 40	 36	 24	 19	 10	 14	 14	 39	 12	 22	  4
 99	 28	  5	 26	 30	 27	  5	 33	 39	 14	 30	 17	 29	 14	 17	 19	  4	 13	 34	 19	 22	 35	  5	 15	  8	 28	 13	 20	 39	 35	 26	 19	 32	 20	 26	 15	 12	 36	 12	 34	 25	 37	 40	 15	 27	 42	 25	 40	 48	 45	 31	 44	 35	 31	 22	 33	 24	 39	 33	  6	 34	  6	 17	 22	 24	 40	 10	 16	 30	 30	 40	 21	 36	 15	 23	 27	 39	 27	 30	 25	 10	 20	 21	 15	 33	 39	 12	 34	 38	 30	 21	 27	 16	 20	 18	 38	 20	 16	  9	  9
100	 15	 38	 38	 39	 20	 42	 10	 28	 32	 37	 51	 22	 28	 38	 44	 44	 48	 12	 40	 37	 14	 37	 28	 48	 14	 29	 25	 16	 27	 17	 24	 10	 29	 33	 27	 46	 10	 47	 17	 29	 16	 17	 29	 25	  7	 17	 26	 22	 18	 13	 20	 21	 21	 24	  9	 23	 14	 18	 45	  9	 43	 38	 38	 24	  3	 42	 46	 16	 14	 28	 42	 21	 40	 24	 15	 25	 19	 32	 42	 36	 30	 35	 30	 10	  8	 41	 10	 17	 38	 26	 35	 31	 29	 26	 11	 35	 34	 44	 40	 42
