nVehicles:   97
nDepots:      1
nCustomers: 100
nPeriods:    12
VEHICLE_TYPE	FLEET_SIZE	CAPACITY
           1	        97	       8	
DEPOT   	X  	Y  	INV_COST	INITIAL_INV 	MIN_LEVEL_INV 	MAX_LEVEL_INV	PRODUCTION_0	PRODUCTION_1	PRODUCTION_2	PRODUCTION_3	PRODUCTION_4	PRODUCTION_5	PRODUCTION_6	PRODUCTION_7	PRODUCTION_8	PRODUCTION_9	PRODUCTION_10	PRODUCTION_11
       0	 54	296	       0	        514	            0	         8404	         701	         701	         701	         701	         701	         701	         701	         701	         701	         701	          701	          701	
CUSTOMER	X  	Y  	INV_COST	INITIAL_INV	MIN_LEVEL_INV 	MAX_LEVEL_INV	DEMAND_0	DEMAND_1	DEMAND_2	DEMAND_3	DEMAND_4	DEMAND_5	DEMAND_6	DEMAND_7	DEMAND_8	DEMAND_9	DEMAND_10	DEMAND_11
       1	164	147	    0.29	          1	            0	           80	       0	       2	       3	       3	       2	       1	       3	       4	       7	       6	        5	        7
       2	191	125	    0.13	          1	            0	           82	       5	       7	      10	       9	       5	       6	       6	      11	       7	       7	        6	        7
       3	437	259	    0.25	          2	            0	           58	       4	       4	       7	       6	       6	       6	       5	       4	       4	       5	        8	        7
       4	203	112	    0.08	         11	            0	          106	       0	       0	       2	       3	       0	       0	       0	       1	       3	       8	        9	       11
       5	128	292	     0.3	          9	            0	           53	       5	       7	       8	       9	       6	       7	       9	       8	       9	       5	        6	       10
       6	398	185	    0.02	          6	            0	           61	       6	       6	      10	      11	       8	       5	       6	       7	      10	       8	        7	        6
       7	409	268	    0.04	          5	            0	           32	       4	       6	       9	       9	       5	       5	       6	       8	       8	       6	        4	        5
       8	465	151	    0.08	          6	            0	           91	       6	       9	       9	      10	       9	       8	       5	       8	       9	      11	       10	        7
       9	348	 58	    0.15	          4	            0	           46	       5	       8	       9	       9	       7	       7	       6	       6	       9	       8	       10	        7
      10	325	178	    0.14	          5	            0	           27	       4	       7	       6	       7	       4	       4	       6	       6	       5	       4	        5	        7
      11	211	 32	    0.13	          6	            0	           37	       5	       5	       5	       6	       5	       4	       4	       6	       6	       7	        5	        5
      12	360	472	    0.06	          3	            0	           46	       5	       7	       7	       7	       7	       6	       4	       7	       7	       9	        8	        5
      13	366	244	    0.15	         13	            0	           48	       6	       7	      10	       9	       8	       7	       7	       8	       9	      10	       11	        8
      14	  8	134	     0.1	          6	            0	           26	       4	       5	       5	       6	       4	       4	       3	       5	       5	       7	        5	        4
      15	438	120	    0.19	          9	            0	           24	       5	       6	       8	       7	       5	       5	       8	       9	       8	       5	        5	        8
      16	492	327	    0.11	          5	            0	           49	       4	       6	       9	       8	       5	       5	       7	       9	       7	       4	        5	        9
      17	274	314	    0.25	         12	            0	           76	       5	      10	       9	      10	       5	       6	      11	      12	       9	       6	        9	       11
      18	122	135	    0.25	          5	            0	           17	       5	       6	       8	       9	       5	       5	       6	       7	       9	       7	        5	        4
      19	152	485	    0.24	          3	            0	           41	       3	       4	       7	       7	       8	       7	       6	       5	       3	       4	        6	        6
      20	  8	152	    0.25	          1	            0	           16	       4	       6	       7	       8	       8	       7	       6	       5	       4	       6	        7	        9
      21	287	448	    0.11	         10	            0	           41	       5	       6	       7	       5	       4	       4	       6	       7	       5	       4	        6	        6
      22	455	103	    0.29	          7	            0	           18	       4	       5	       6	       5	       4	       3	       3	       5	       5	       5	        5	        3
      23	286	111	    0.18	         11	            0	           48	       5	       7	       9	      11	      11	       8	       6	       5	       5	       7	        8	       10
      24	475	403	    0.09	         10	            0	           72	       5	       6	       9	      10	      10	       8	       7	       5	       6	      10	        8	        7
      25	425	313	    0.02	          5	            0	           71	       0	       0	       0	       0	       0	       0	       0	       0	       3	       6	        8	        9
      26	 56	206	    0.25	          1	            0	           60	       4	       7	       8	       7	       6	       5	       5	       9	       9	       6	        6	        5
      27	  9	 84	    0.03	          3	            0	           22	       4	       6	       8	       7	       4	       4	       6	       8	       6	       4	        4	        7
      28	470	 33	    0.23	          1	            0	           56	       0	       0	       0	       0	       0	       0	       1	       2	       1	       1	        5	        7
      29	216	287	    0.12	          2	            0	           46	       6	       7	       8	      11	       9	       8	       5	       5	       7	       7	        8	       11
      30	 34	180	    0.17	          7	            0	           92	       2	       4	       8	       8	       6	       5	       4	       5	       5	       8	       10	       10
      31	246	 53	     0.1	          3	            0	           29	       4	       5	       8	       7	       5	       4	       5	       6	       6	       5	        3	        5
      32	485	123	    0.04	          8	            0	           90	       0	       0	       3	       4	       5	       4	       2	       2	       3	       4	        8	        9
      33	 29	210	    0.29	          1	            0	           45	       5	       8	       9	       7	       4	       4	       8	       7	       7	       4	        5	        8
      34	164	207	    0.29	          4	            0	           45	       5	       6	       7	       7	       5	       5	       6	       8	       7	       7	        4	        5
      35	461	222	    0.18	          5	            0	           90	       0	       3	       2	       0	       1	       1	       4	       6	       5	       5	        7	        8
      36	355	 16	    0.17	          1	            0	           49	       3	       4	       4	       6	       6	       4	       4	       3	       3	       4	        6	        5
      37	 78	114	    0.12	         11	            0	           24	       0	       3	       5	       4	       2	       2	       3	       5	       8	       7	        6	        8
      38	 66	185	    0.11	          4	            0	           57	       4	       5	       6	       7	       5	       5	       4	       6	       6	       6	        7	        5
      39	357	254	    0.22	          8	            0	           54	       0	       4	       6	       4	       1	       1	       3	       8	       4	       4	        6	        9
      40	148	 84	    0.11	          6	            0	           55	       4	       6	       8	       5	       5	       5	       6	       6	       5	       3	        5	        8
      41	 16	355	    0.05	          3	            0	           13	       4	       5	       6	       6	       5	       4	       4	       5	       7	       7	        5	        4
      42	396	328	    0.27	         10	            0	           23	       4	       6	       6	       9	       7	       8	       7	       5	       5	       5	        6	        7
      43	400	189	       0	          2	            0	           32	       4	       7	       6	       9	       7	       6	       5	       4	       6	       7	        8	        7
      44	 93	166	    0.01	          6	            0	           83	       3	       4	       7	       8	       6	       5	       4	       1	       4	       6	        8	        9
      45	 91	236	    0.12	          2	            0	           62	       0	       0	       3	       2	       2	       0	       1	       2	       8	       6	        6	        7
      46	447	119	    0.21	          4	            0	           87	       4	       6	       8	      11	       8	       7	       7	       6	       7	       7	        9	        9
      47	497	 84	    0.22	          9	            0	           44	       5	       5	       7	       6	       6	       5	       4	       5	       6	       8	        7	        5
      48	 11	433	    0.08	          9	            0	           33	       5	       6	       9	       8	       7	       7	       5	       5	       8	       7	        9	        5
      49	136	374	    0.09	          4	            0	           82	       5	       5	       6	       9	       8	       7	       7	       6	       5	       6	        7	        8
      50	 35	378	    0.13	          6	            0	           29	       3	       5	       5	       6	       6	       3	       3	       4	       5	       6	        5	        4
      51	149	113	    0.09	          1	            0	           37	       3	       4	       7	       5	       4	       3	       5	       5	       5	       4	        3	        4
      52	 68	228	    0.23	          5	            0	           58	       4	       6	       7	       8	       7	       5	       3	       4	       5	       7	        8	        6
      53	205	317	     0.3	          1	            0	           25	       3	       4	       7	       5	       4	       4	       5	       6	       4	       4	        3	        5
      54	369	293	    0.21	          5	            0	           54	       0	       0	       1	       2	       0	       1	       2	       6	       8	       4	        4	        6
      55	154	 76	    0.26	          1	            0	           95	       0	       0	       0	       0	       0	       0	       0	       0	       5	       3	        4	        6
      56	 89	  8	    0.28	          6	            0	           45	       2	       4	       6	       7	       6	       7	       7	       5	       5	       6	        7	        9
      57	426	304	    0.21	          7	            0	          104	       1	       4	       7	       6	       2	       2	       3	       6	       8	       4	        4	        8
      58	306	431	     0.1	          4	            0	           60	       3	       6	       6	       6	       5	       4	       6	       6	       6	       3	        6	        7
      59	157	354	    0.16	          4	            0	           42	       1	       3	       6	       7	       5	       4	       5	       5	       7	       9	        9	        6
      60	 12	359	    0.14	          9	            0	           76	       5	       6	       7	       7	       8	       5	       5	       6	       6	       8	        7	        6
      61	 49	219	    0.03	          9	            0	           60	       4	       7	       8	       8	       7	       6	       5	       5	       6	       9	        9	        8
      62	159	128	     0.1	          5	            0	           47	       3	       4	       5	       5	       5	       4	       4	       5	       6	       5	        4	        4
      63	322	457	    0.21	          2	            0	           27	       4	       5	       6	       5	       3	       3	       5	       6	       5	       4	        3	        4
      64	419	201	    0.11	          2	            0	           29	       0	       0	       0	       0	       0	       0	       0	       0	       5	       6	        7	        9
      65	412	310	     0.2	         12	            0	           40	       0	       2	       1	       3	       4	       4	       3	       3	       4	       6	        8	        8
      66	321	 36	    0.07	          7	            0	           75	       5	       6	       9	       8	       6	       5	       6	       8	       9	       7	        5	        5
      67	396	222	    0.12	          8	            0	           24	       4	       5	       6	       6	       5	       3	       8	       7	       7	       5	        6	        8
      68	285	362	    0.12	          3	            0	           26	       0	       0	       0	       0	       0	       0	       0	       0	       0	       4	        9	        8
      69	320	155	    0.28	          5	            0	           20	       0	       0	       1	       1	       0	       0	       4	       8	       4	       2	        5	        8
      70	279	311	    0.11	          7	            0	           74	       4	       5	       6	       8	       7	       5	       4	       8	       8	       7	        5	        5
      71	343	447	    0.23	          2	            0	           13	       3	       4	       4	       6	       5	       5	       3	       4	       4	       5	        5	        5
      72	 19	193	    0.26	         10	            0	           77	       5	       8	       8	       7	       5	       5	       7	       8	       9	       5	        5	        7
      73	226	415	    0.15	         13	            0	           21	       6	       7	      10	       8	       8	       5	       7	      10	       8	       9	        6	        5
      74	112	 74	    0.15	         10	            0	           74	       0	       0	       2	       6	       2	       4	       2	       3	       4	       8	        8	        7
      75	313	257	    0.16	          1	            0	           38	       0	       0	       0	       0	       3	       1	       3	       1	       3	       8	       10	       11
      76	458	288	    0.27	          5	            0	           49	       0	       0	       0	       0	       0	       0	       0	       0	       4	       7	        6	        4
      77	480	211	    0.01	         13	            0	           87	       0	       0	       0	       1	       2	       1	       1	       3	       5	       7	        7	        7
      78	 98	 11	    0.26	          4	            0	           20	       1	       2	       3	       6	       5	       3	       1	       3	       5	       7	        8	        7
      79	445	 23	    0.17	         10	            0	           58	       0	       0	       0	       0	       0	       0	       0	       0	       3	       7	        5	        7
      80	458	233	    0.08	          2	            0	           13	       4	       5	       6	       7	       5	       4	       5	       8	       7	       4	        4	        6
      81	380	106	     0.2	          5	            0	           45	       2	       3	       5	       5	       6	       4	       3	       6	       8	       7	        8	        8
      82	454	308	    0.23	          4	            0	           48	       4	       4	       5	       5	       6	       5	       4	       3	       3	       4	        4	        5
      83	483	 41	       0	          3	            0	           43	       4	       4	       4	       7	       5	       4	       3	       5	       5	       6	        5	        4
      84	350	 73	    0.09	         10	            0	           24	       0	       0	       0	       0	       0	       0	       0	       0	       1	       6	        7	        8
      85	 64	166	    0.02	         13	            0	           81	       0	       0	       0	       0	       2	       3	       2	       2	       2	       6	        6	       10
      86	315	189	    0.27	         10	            0	           65	       4	       5	       7	       7	       7	       8	       5	       4	       4	       6	        8	        9
      87	 14	 12	    0.14	          7	            0	           57	       5	       5	       7	       8	       7	       5	       5	       6	       8	       8	        7	        6
      88	 31	227	    0.18	          7	            0	           54	       2	       3	       5	       5	       7	       5	       6	       4	       4	       5	        5	        8
      89	274	377	    0.03	         10	            0	           87	       0	       0	       0	       0	       0	       0	       0	       3	       4	       7	        5	        6
      90	205	434	    0.23	          8	            0	           65	       5	       6	       8	       8	       8	       6	       5	       4	       5	       6	        7	        9
      91	349	139	    0.29	          2	            0	           48	       4	       5	       7	       6	       6	       4	       4	       6	       8	       6	        5	        4
      92	496	 57	    0.26	         15	            0	          103	       0	       4	       7	       4	       2	       3	       4	       6	       6	       4	        6	       12
      93	 98	 26	    0.12	          4	            0	           41	       3	       4	       5	       5	       7	       5	       4	       4	       3	       4	        5	        5
      94	 86	438	    0.14	          9	            0	           49	       5	       6	       5	       8	       6	       7	       6	       4	       3	       4	        6	        7
      95	413	474	    0.17	         13	            0	           51	       0	       0	       0	       0	       1	       0	       0	       3	       4	       6	        9	        7
      96	101	448	    0.18	          4	            0	           50	       4	       5	       6	       4	       3	       3	       5	       5	       4	       4	        3	        6
      97	168	158	    0.28	         12	            0	           45	       1	       2	       6	       4	       6	       3	       5	       5	       7	       9	        6	        6
      98	212	203	    0.09	          6	            0	           97	       0	       0	       0	       0	       2	       1	       0	       0	       2	       5	        8	       11
      99	 29	240	    0.21	         11	            0	           59	       2	       2	       5	       5	       6	       5	       6	       7	       8	       9	        7	        5
     100	159	274	    0.15	         13	            0	           67	       4	       5	       6	       8	       5	       6	       8	       8	       8	       6	        5	        8
COST_MATRIX 
	  0	  1	  2	  3	  4	  5	  6	  7	  8	  9	 10	 11	 12	 13	 14	 15	 16	 17	 18	 19	 20	 21	 22	 23	 24	 25	 26	 27	 28	 29	 30	 31	 32	 33	 34	 35	 36	 37	 38	 39	 40	 41	 42	 43	 44	 45	 46	 47	 48	 49	 50	 51	 52	 53	 54	 55	 56	 57	 58	 59	 60	 61	 62	 63	 64	 65	 66	 67	 68	 69	 70	 71	 72	 73	 74	 75	 76	 77	 78	 79	 80	 81	 82	 83	 84	 85	 86	 87	 88	 89	 90	 91	 92	 93	 94	 95	 96	 97	 98	 99	100
  0
  1	 19
  2	 22	  4
  3	 39	 30	 29
  4	 24	  6	  2	 28
  5	  8	 15	 18	 32	 20
  6	 37	 24	 22	  9	 21	 30
  7	 36	 28	 27	  3	 26	 29	  9
  8	 44	 31	 28	 12	 27	 37	  8	 13
  9	 38	 21	 18	 22	 16	 33	 14	 22	 15
 10	 30	 17	 15	 14	 14	 23	  8	 13	 15	 13
 11	 31	 13	 10	 33	  9	 28	 25	 31	 29	 14	 19
 12	 36	 38	 39	 23	 40	 30	 29	 21	 34	 42	 30	 47
 13	 32	 23	 22	  8	 21	 25	  7	  5	 14	 19	  8	 27	 23
 14	 17	 16	 19	 45	 20	 20	 40	 43	 46	 35	 33	 23	 49	 38
 15	 43	 28	 25	 14	 24	 36	  8	 16	  5	 11	 13	 25	 37	 15	 44
 16	 44	 38	 37	  9	 37	 37	 18	 11	 18	 31	 23	 41	 20	 16	 53	 22
 17	 23	 20	 21	 18	 22	 15	 18	 15	 26	 27	 15	 29	 18	 12	 33	 26	 22
 18	 18	  5	  7	 34	  9	 16	 29	 32	 35	 24	 21	 14	 42	 27	 12	 32	 42	 24
 19	 22	 34	 37	 37	 38	 20	 39	 34	 46	 47	 36	 46	 21	 33	 38	 47	 38	 22	 36
 20	 16	 16	 19	 45	 20	 19	 40	 42	 46	 36	 32	 24	 48	 37	  2	 44	 52	 32	 12	 37
 21	 28	 33	 34	 25	 35	 23	 29	 22	 35	 40	 28	 43	  8	 22	 43	 37	 24	 14	 36	 14	 41
 22	 45	 30	 27	 16	 26	 38	 10	 18	  5	 12	 16	 26	 39	 17	 45	  3	 23	 28	 34	 49	 45	 39
 23	 30	 13	 10	 22	  9	 25	 14	 20	 19	  9	  8	 11	 37	 16	 28	 16	 30	 21	 17	 40	 29	 34	 17
 24	 44	 41	 40	 15	 40	 37	 24	 16	 26	 37	 28	 46	 14	 20	 54	 29	  8	 22	 45	 34	 54	 20	 31	 35
 25	 38	 31	 31	  6	 30	 30	 14	  5	 17	 27	 17	 36	 18	 10	 46	 20	  7	 16	 36	 33	 45	 20	 22	 25	 11
 26	 10	 13	 16	 39	 18	 12	 35	 36	 42	 33	 28	 24	 41	 32	  9	 40	 46	 25	 10	 30	  8	 34	 42	 25	 47	 39
 27	 22	 17	 19	 47	 20	 24	 41	 45	 47	 34	 33	 21	 53	 40	  6	 44	 55	 36	 13	 43	  7	 46	 45	 28	 57	 48	 14
 28	 50	 33	 30	 23	 28	 43	 17	 25	 12	 13	 21	 26	 46	 24	 48	 10	 30	 35	 37	 56	 48	 46	  8	 20	 38	 29	 45	 47
 29	 17	 15	 17	 23	 18	  9	 21	 20	 29	 27	 16	 26	 24	 16	 26	 28	 28	  7	 18	 21	 25	 18	 31	 19	 29	 22	 18	 29	 36
 30	 12	 14	 17	 42	 19	 15	 37	 39	 44	 34	 30	 24	 44	 34	  6	 41	 49	 28	 10	 33	  4	 37	 43	 27	 50	 42	  4	 10	 47	 22
 31	 31	 13	 10	 29	  8	 27	 21	 27	 24	 11	 15	  5	 44	 23	 26	 21	 37	 27	 15	 45	 26	 40	 22	  8	 42	 32	 25	 24	 23	 24	 25
 32	 47	 33	 30	 15	 29	 40	 11	 17	  4	 16	 17	 29	 38	 17	 48	  5	 21	 29	 37	 50	 48	 39	  4	 20	 29	 20	 44	 48	 10	 32	 46	 25
 33	  9	 15	 19	 42	 20	 13	 37	 39	 44	 36	 30	 26	 43	 34	  8	 42	 48	 27	 12	 31	  7	 36	 44	 28	 49	 41	  3	 13	 48	 21	  4	 27	 47
 34	 15	  7	  9	 28	 11	 10	 24	 26	 31	 24	 17	 19	 33	 21	 18	 29	 35	 16	  9	 28	 17	 28	 31	 16	 37	 29	 11	 20	 36	 10	 14	 18	 34	 14
 35	 42	 31	 29	  5	 29	 35	  8	  7	  8	 20	 15	 32	 27	 10	 47	 11	 11	 21	 35	 41	 46	 29	 12	 21	 19	 10	 41	 48	 19	 26	 43	 28	 11	 44	 30
 36	 42	 24	 20	 26	 18	 36	 18	 26	 18	  5	 17	 15	 46	 23	 37	 14	 34	 31	 27	 52	 38	 44	 14	 12	 41	 31	 36	 36	 12	 31	 37	 12	 17	 38	 28	 24
 37	 19	 10	 12	 39	 13	 19	 33	 37	 39	 28	 26	 16	 46	 32	  8	 37	 47	 29	  5	 38	  8	 40	 38	 21	 50	 41	 10	  8	 41	 23	  8	 18	 41	 11	 13	 40	 30
 38	 12	 11	 14	 38	 16	 13	 34	 36	 41	 31	 26	 22	 42	 31	  8	 38	 45	 25	  8	 32	  7	 35	 40	 24	 47	 39	  3	 12	 44	 19	  4	 23	 43	  5	 11	 40	 34	  8
 39	 31	 23	 22	  9	 21	 24	  9	  6	 15	 20	  9	 27	 22	  2	 37	 16	 16	 11	 27	 31	 37	 21	 19	 16	 20	 10	 31	 39	 25	 15	 34	 23	 19	 34	 20	 11	 24	 32	 30
 40	 24	  7	  6	 34	  7	 21	 27	 32	 33	 21	 21	  9	 45	 28	 15	 30	 43	 27	  6	 41	 16	 39	 31	 15	 46	 36	 16	 14	 33	 22	 15	 11	 34	 18	 13	 35	 22	  8	 14	 27
 41	  8	 26	 29	 44	 31	 13	 42	 41	 50	 45	 36	 38	 37	 37	 23	 49	 48	 27	 25	 19	 21	 29	 51	 37	 47	 42	 16	 28	 56	 22	 18	 38	 53	 15	 21	 47	 48	 25	 18	 36	 31
 42	 35	 30	 29	  9	 29	 28	 15	  7	 19	 28	 17	 35	 15	  9	 44	 22	 10	 13	 34	 30	 43	 17	 24	 25	 11	  4	 37	 46	 31	 19	 40	 32	 23	 39	 27	 13	 32	 39	 36	  9	 35	 39
 43	 37	 24	 22	  8	 22	 30	  1	  8	  8	 15	  8	 25	 29	  7	 40	  8	 17	 18	 29	 39	 40	 29	 11	 14	 23	 13	 35	 41	 18	 21	 37	 21	 11	 38	 24	  7	 18	 34	 34	  8	 28	 42	 14
 44	 14	  8	 11	 36	 13	 14	 31	 34	 38	 28	 24	 18	 41	 29	 10	 35	 44	 24	  5	 33	  9	 35	 37	 21	 45	 37	  6	 12	 40	 18	  7	 20	 40	  8	  9	 38	 31	  6	  4	 28	 10	 21	 35	 31
 45	  8	 12	 15	 35	 17	  7	 32	 32	 39	 32	 25	 24	 36	 28	 14	 37	 42	 20	 11	 26	 12	 29	 39	 24	 42	 35	  5	 18	 43	 14	  8	 24	 41	  7	  8	 38	 35	 13	  6	 27	 17	 15	 32	 32	  8
 46	 44	 29	 26	 15	 25	 37	  9	 16	  4	 12	 14	 26	 37	 15	 44	  1	 22	 27	 33	 48	 45	 37	  2	 17	 29	 20	 41	 44	  9	 29	 42	 22	  4	 43	 30	 11	 14	 37	 39	 17	 31	 50	 22	  9	 36	 38
 47	 50	 34	 31	 19	 30	 43	 15	 21	  8	 16	 20	 30	 42	 21	 50	  7	 25	 33	 38	 53	 50	 43	  5	 22	 32	 25	 46	 49	  6	 35	 48	 26	  5	 49	 36	 15	 16	 43	 45	 23	 35	 56	 27	 15	 42	 44	  7
 48	 15	 33	 36	 47	 38	 19	 46	 44	 54	 51	 41	 45	 36	 41	 30	 53	 50	 29	 32	 16	 29	 28	 56	 43	 47	 44	 24	 35	 61	 26	 26	 45	 57	 23	 28	 50	 55	 33	 26	 39	 38	  8	 40	 46	 28	 22	 54	 60
 49	 12	 23	 26	 33	 28	  9	 33	 30	 40	 39	 28	 36	 25	 27	 28	 40	 36	 16	 24	 12	 26	 17	 42	 31	 35	 30	 19	 32	 48	 12	 22	 34	 43	 20	 17	 36	 42	 27	 21	 26	 30	 13	 27	 33	 22	 15	 41	 47	 14
 50	  9	 27	 30	 42	 32	 13	 42	 39	 49	 45	 36	 39	 34	 36	 25	 48	 46	 25	 26	 16	 23	 27	 51	 37	 45	 40	 18	 30	 56	 21	 20	 39	 52	 17	 22	 46	 49	 27	 20	 35	 32	  3	 37	 42	 22	 16	 49	 55	  7	 11
 51	 21	  4	  5	 33	  6	 19	 26	 31	 32	 21	 19	 11	 42	 26	 15	 29	 41	 24	  4	 38	 15	 37	 31	 14	 44	 35	 14	 15	 34	 19	 14	 12	 34	 16	 10	 34	 23	  8	 11	 26	  3	 28	 33	 27	  8	 14	 30	 35	 35	 27	 29
 52	  7	 13	 17	 38	 18	  9	 34	 35	 41	 33	 27	 25	 39	 30	 12	 39	 44	 23	 11	 28	 10	 32	 41	 25	 45	 37	  3	 16	 45	 16	  6	 25	 44	  5	 10	 40	 36	 12	  5	 30	 17	 14	 35	 34	  7	  3	 40	 46	 22	 17	 16	 15
 53	 16	 18	 20	 24	 21	  9	 24	 21	 31	 30	 19	 29	 22	 18	 27	 31	 29	  7	 21	 18	 26	 16	 33	 23	 29	 23	 19	 31	 39	  4	 22	 27	 35	 21	 12	 28	 34	 24	 20	 17	 24	 20	 20	 24	 19	 14	 32	 38	 23	  9	 19	 22	 17
 54	 32	 26	 25	  8	 25	 25	 12	  5	 18	 24	 13	 31	 18	  5	 40	 19	 13	 10	 30	 29	 39	 18	 21	 21	 16	  6	 33	 42	 28	 16	 36	 27	 21	 35	 23	 12	 28	 35	 33	  5	 31	 36	  5	 11	 31	 29	 20	 25	 39	 25	 35	 29	 31	 17
 55	 25	  8	  7	 34	  7	 22	 27	 32	 32	 20	 20	  8	 45	 28	 16	 29	 43	 27	  7	 41	 17	 40	 31	 14	 46	 37	 17	 15	 32	 22	 16	 10	 34	 19	 14	 34	 21	  9	 15	 27	  2	 32	 35	 28	 11	 18	 30	 35	 39	 30	 33	  4	 18	 25	 31
 56	 30	 16	 16	 43	 16	 29	 36	 42	 41	 27	 30	 13	 54	 37	 15	 37	 52	 36	 14	 49	 17	 49	 38	 23	 56	 46	 21	 12	 39	 31	 19	 17	 42	 22	 22	 43	 27	 11	 18	 37	 10	 36	 45	 36	 16	 23	 38	 42	 44	 37	 38	 13	 23	 34	 40	 10
 57	 38	 31	 30	  5	 30	 30	 13	  4	 16	 26	 17	 35	 19	  9	 46	 19	  7	 16	 35	 33	 45	 21	 21	 24	 12	  1	 39	 48	 28	 22	 42	 31	 20	 41	 28	  9	 30	 40	 38	  9	 36	 42	  4	 12	 37	 35	 19	 24	 44	 30	 40	 34	 37	 23	  6	 36	 45
 58	 29	 32	 33	 22	 34	 23	 27	 20	 33	 38	 26	 42	  7	 20	 43	 34	 22	 13	 35	 17	 41	  3	 37	 33	 18	 17	 34	 46	 44	 17	 38	 39	 36	 36	 27	 27	 42	 40	 35	 19	 39	 30	 14	 26	 34	 30	 35	 40	 30	 18	 28	 36	 32	 16	 16	 39	 48	 18
 59	 12	 21	 24	 30	 25	  7	 30	 27	 37	 36	 25	 33	 24	 24	 27	 37	 34	 13	 23	 14	 26	 17	 39	 28	 33	 28	 18	 31	 45	  9	 22	 32	 41	 20	 15	 34	 40	 26	 20	 23	 28	 15	 25	 30	 20	 14	 38	 44	 17	  3	 13	 25	 16	  7	 23	 28	 36	 28	 17
 60	  8	 27	 30	 44	 32	 14	 43	 41	 50	 46	 37	 39	 37	 38	 23	 49	 49	 27	 25	 19	 21	 29	 52	 37	 47	 42	 16	 28	 57	 22	 19	 39	 53	 15	 22	 47	 49	 26	 19	 37	 31	  1	 39	 43	 21	 15	 50	 56	  8	 13	  3	 29	 15	 20	 37	 32	 36	 42	 31	 15
 61	  8	 14	 18	 40	 19	 11	 36	 37	 43	 34	 28	 25	 41	 32	 10	 41	 46	 25	 12	 29	  8	 34	 43	 27	 47	 39	  2	 15	 47	 19	  5	 26	 45	  3	 12	 42	 37	 11	  4	 31	 17	 14	 37	 36	  7	  5	 42	 47	 22	 18	 16	 15	  3	 19	 33	 18	 22	 39	 34	 18	 15
 62	 20	  2	  4	 31	  5	 17	 25	 29	 31	 21	 18	 11	 40	 24	 16	 28	 39	 22	  4	 36	 16	 35	 30	 13	 42	 33	 13	 16	 33	 17	 14	 12	 33	 16	  8	 32	 23	  9	 11	 24	  5	 27	 32	 25	  8	 13	 29	 35	 34	 25	 28	  2	 14	 20	 27	  6	 14	 32	 34	 23	 28	 15
 63	 32	 35	 36	 23	 37	 26	 29	 21	 34	 40	 28	 44	  5	 22	 46	 36	 22	 16	 38	 18	 44	  4	 38	 35	 17	 18	 37	 49	 45	 21	 40	 42	 38	 39	 30	 28	 45	 43	 38	 21	 42	 33	 15	 28	 38	 32	 37	 42	 32	 21	 30	 39	 35	 19	 18	 42	 51	 19	  4	 20	 33	 37	 37
 64	 38	 27	 25	  7	 24	 31	  3	  7	  7	 16	 10	 27	 28	  7	 42	  9	 15	 19	 31	 39	 42	 29	 11	 17	 21	 12	 37	 43	 18	 23	 39	 23	 11	 40	 26	  5	 20	 36	 36	  9	 30	 44	 13	  3	 33	 33	  9	 15	 47	 34	 43	 29	 36	 25	 11	 30	 39	 11	 26	 31	 44	 38	 28	 28
 65	 36	 30	 29	  6	 29	 29	 13	  5	 17	 27	 16	 35	 18	  9	 45	 20	  9	 14	 34	 32	 44	 19	 22	 24	 12	  2	 38	 47	 29	 20	 40	 31	 21	 40	 27	 11	 30	 39	 37	  8	 35	 40	  3	 13	 35	 33	 20	 25	 42	 29	 39	 33	 36	 21	  5	 35	 45	  2	 17	 26	 41	 38	 32	 18	 11
 66	 38	 20	 16	 26	 15	 33	 17	 25	 19	  4	 15	 12	 44	 22	 33	 15	 34	 29	 23	 48	 34	 42	 15	  9	 40	 30	 32	 32	 15	 28	 33	  8	 19	 34	 24	 24	  4	 26	 30	 23	 18	 45	 31	 18	 27	 31	 16	 19	 51	 39	 45	 19	 32	 31	 27	 18	 24	 29	 40	 36	 45	 33	 19	 43	 20	 29
 67	 35	 25	 23	  6	 23	 28	  4	  5	 10	 18	  9	 27	 26	  4	 40	 12	 15	 16	 29	 36	 40	 26	 14	 16	 20	 10	 35	 42	 21	 20	 37	 23	 14	 37	 24	  7	 22	 34	 34	  6	 29	 41	 11	  4	 31	 31	 12	 18	 44	 31	 40	 27	 33	 22	  8	 29	 38	  9	 23	 28	 41	 35	 26	 25	  4	  9	 21
 68	 25	 25	 26	 19	 27	 18	 21	 16	 28	 32	 19	 34	 14	 15	 36	 29	 21	  5	 28	 19	 35	  9	 31	 26	 20	 15	 28	 40	 38	 11	 32	 32	 32	 30	 20	 23	 36	 33	 29	 13	 31	 27	 12	 21	 28	 24	 30	 35	 29	 15	 26	 29	 26	 10	 11	 32	 41	 16	  8	 13	 28	 28	 27	 11	 21	 14	 33	 18
 69	 31	 16	 14	 16	 13	 24	  9	 15	 15	 11	  3	 17	 32	 11	 32	 13	 25	 17	 20	 38	 32	 30	 15	  6	 30	 19	 27	 32	 20	 17	 29	 13	 17	 30	 17	 16	 15	 25	 26	 11	 19	 37	 19	  9	 23	 25	 14	 20	 42	 29	 37	 18	 27	 20	 15	 19	 28	 19	 28	 26	 37	 28	 17	 31	 11	 19	 12	 11	 21
 70	 23	 21	 21	 17	 22	 16	 18	 14	 25	 27	 15	 29	 19	 11	 33	 25	 22	  1	 24	 22	 32	 14	 28	 21	 22	 15	 25	 36	 34	  7	 28	 27	 28	 27	 16	 21	 31	 29	 25	 10	 27	 27	 12	 18	 24	 21	 26	 32	 30	 16	 26	 24	 23	  8	 10	 27	 36	 15	 13	 13	 28	 25	 22	 16	 18	 14	 28	 15	  6	 17
 71	 33	 35	 36	 22	 37	 27	 27	 20	 33	 39	 27	 44	  4	 21	 46	 35	 20	 15	 39	 20	 45	  6	 37	 35	 14	 16	 38	 50	 44	 21	 41	 41	 36	 40	 30	 26	 44	 43	 39	 20	 42	 34	 14	 27	 38	 33	 35	 40	 34	 22	 32	 39	 36	 19	 16	 42	 51	 17	  5	 21	 35	 38	 37	  3	 26	 16	 42	 24	 11	 30	 16
 72	 11	 16	 19	 43	 21	 15	 38	 40	 45	 36	 31	 26	 45	 36	  7	 43	 50	 29	 12	 33	  5	 37	 45	 28	 51	 43	  4	 11	 48	 22	  2	 27	 48	  2	 15	 45	 38	 10	  5	 35	 17	 17	 41	 39	  8	  9	 44	 50	 25	 22	 19	 16	  7	 23	 37	 18	 20	 43	 38	 22	 17	  4	 16	 41	 41	 42	 35	 38	 32	 31	 29	 42
 73	 21	 28	 30	 27	 31	 16	 29	 24	 36	 38	 26	 39	 15	 23	 36	 37	 29	 12	 30	 11	 35	  7	 39	 31	 25	 23	 27	 40	 46	 13	 31	 37	 40	 29	 22	 31	 42	 34	 29	 21	 35	 22	 20	 29	 29	 23	 37	 43	 22	 10	 20	 32	 25	 11	 19	 35	 43	 23	  9	 10	 23	 27	 30	 11	 29	 22	 40	 26	  8	 28	 12	 13	 31
 74	 23	  9	 10	 38	 10	 22	 31	 36	 37	 24	 24	 11	 47	 31	 13	 33	 46	 29	  7	 42	 14	 42	 35	 18	 49	 40	 15	 11	 37	 24	 14	 14	 38	 16	 15	 38	 25	  6	 13	 31	  4	 30	 39	 32	 10	 17	 34	 39	 38	 31	 32	  6	 17	 27	 34	  5	  7	 39	 41	 29	 31	 16	  8	 44	 34	 39	 22	 33	 34	 23	 29	 44	 16	 36
 75	 27	 19	 18	 13	 19	 19	 12	 10	 19	 21	  8	 25	 23	  6	 33	 19	 20	  7	 23	 28	 33	 20	 21	 15	 22	 13	 27	 35	 28	 11	 29	 22	 22	 29	 16	 16	 25	 28	 26	  5	 24	 32	 11	 12	 24	 23	 20	 26	 35	 22	 31	 22	 25	 13	  7	 25	 34	 13	 18	 19	 32	 27	 21	 21	 12	 12	 23	 10	 11	 11	  7	 20	 31	 19	 28
 76	 41	 33	 32	  4	 31	 34	 12	  6	 14	 26	 18	 36	 21	 11	 48	 17	  6	 19	 37	 37	 48	 24	 19	 25	 12	  5	 42	 50	 26	 25	 44	 32	 17	 44	 31	  7	 30	 42	 41	 11	 38	 45	  8	 12	 39	 38	 17	 21	 47	 34	 44	 36	 40	 26	  9	 38	 47	  4	 21	 31	 46	 42	 34	 22	 10	  6	 29	 10	 19	 20	 19	 20	 45	 27	 41	 15
 77	 44	 33	 31	  7	 30	 37	  9	 10	  7	 21	 16	 33	 29	 12	 48	 11	 12	 24	 37	 43	 48	 31	 12	 22	 20	 12	 43	 49	 18	 28	 45	 29	  9	 46	 32	  3	 24	 42	 42	 14	 36	 49	 15	  9	 39	 39	 10	 13	 52	 39	 48	 35	 42	 30	 14	 36	 45	 11	 29	 36	 50	 44	 34	 30	  7	 13	 24	  9	 25	 17	 23	 28	 47	 33	 40	 18	  9
 78	 29	 16	 15	 43	 15	 29	 35	 41	 40	 26	 29	 12	 54	 36	 16	 36	 51	 36	 13	 48	 17	 48	 37	 22	 55	 45	 20	 12	 38	 31	 19	 16	 41	 22	 21	 42	 26	 11	 18	 36	  9	 36	 44	 36	 16	 23	 37	 41	 44	 37	 38	 12	 22	 33	 40	  9	  1	 44	 47	 35	 36	 22	 14	 50	 38	 44	 23	 37	 40	 27	 36	 51	 20	 43	  7	 33	 46	 44
 79	 48	 31	 28	 24	 26	 42	 17	 25	 13	 11	 20	 24	 46	 24	 46	 10	 31	 34	 35	 55	 46	 46	  9	 19	 39	 30	 43	 45	  3	 35	 44	 21	 11	 46	 34	 20	 10	 38	 42	 25	 31	 55	 31	 18	 38	 42	 10	  9	 60	 47	 55	 31	 43	 38	 29	 30	 36	 29	 44	 44	 55	 45	 31	 46	 18	 29	 13	 21	 38	 19	 34	 44	 46	 45	 34	 27	 27	 20	 35
 80	 41	 31	 29	  4	 29	 34	  8	  7	  9	 21	 15	 32	 26	 10	 47	 12	 10	 21	 36	 40	 46	 28	 14	 22	 18	  9	 41	 48	 21	 25	 43	 28	 12	 43	 30	  2	 25	 40	 40	 11	 35	 46	 12	  8	 38	 37	 12	 16	 49	 36	 45	 34	 40	 27	 11	 35	 44	  8	 25	 33	 47	 41	 32	 27	  6	  9	 24	  7	 22	 16	 20	 25	 45	 30	 39	 15	  6	  4	 43	 22
 81	 38	 22	 19	 17	 18	 32	  9	 17	 10	  6	 10	 19	 37	 14	 38	  6	 25	 24	 26	 45	 38	 36	  8	 10	 32	 22	 34	 38	 12	 25	 36	 15	 11	 37	 24	 15	 10	 31	 33	 15	 24	 45	 23	  9	 30	 32	  7	 12	 50	 37	 44	 24	 34	 28	 19	 23	 31	 21	 34	 34	 45	 35	 23	 36	 11	 21	 10	 12	 28	  8	 23	 35	 38	 35	 27	 17	 20	 15	 30	 11	 15
 82	 41	 34	 33	  6	 32	 33	 14	  7	 16	 28	 19	 37	 19	 11	 48	 19	  5	 19	 38	 36	 48	 22	 21	 26	 10	  3	 42	 50	 28	 24	 44	 33	 19	 44	 31	  9	 31	 43	 41	 12	 38	 45	  7	 14	 39	 38	 19	 23	 47	 33	 43	 37	 40	 25	  9	 38	 48	  3	 20	 31	 45	 42	 35	 20	 12	  5	 31	 11	 18	 21	 18	 18	 45	 26	 42	 15	  3	 11	 47	 29	  8	 22
 83	 50	 34	 31	 23	 29	 44	 17	 24	 12	 14	 21	 28	 45	 24	 49	 10	 29	 35	 38	 56	 49	 46	  7	 21	 37	 28	 46	 48	  2	 37	 48	 24	  9	 49	 36	 19	 14	 42	 45	 25	 34	 57	 30	 17	 41	 44	  9	  5	 62	 49	 57	 35	 46	 40	 28	 34	 40	 27	 43	 46	 57	 47	 34	 45	 18	 28	 17	 21	 38	 20	 34	 43	 49	 46	 38	 28	 25	 18	 39	  5	 20	 13	 27
 84	 38	 21	 17	 21	 16	 32	 13	 21	 14	  2	 11	 15	 40	 18	 35	 10	 30	 26	 24	 46	 36	 39	 11	  8	 36	 26	 33	 35	 13	 26	 34	 11	 15	 35	 23	 19	  6	 28	 31	 19	 21	 44	 26	 13	 28	 31	 11	 15	 50	 37	 44	 21	 33	 29	 23	 20	 27	 25	 37	 35	 45	 34	 20	 39	 15	 25	  5	 16	 30	  9	 25	 38	 36	 37	 24	 19	 25	 19	 26	 11	 20	  5	 26	 14
 85	 14	 11	 14	 39	 15	 15	 34	 36	 41	 31	 27	 20	 43	 32	  7	 38	 46	 26	  7	 34	  6	 36	 40	 23	 48	 39	  5	 10	 43	 20	  4	 22	 43	  6	 11	 41	 33	  6	  2	 31	 12	 20	 37	 34	  3	  8	 39	 45	 28	 23	 22	 11	  7	 21	 34	 13	 16	 39	 36	 21	 20	  6	 11	 39	 36	 38	 29	 34	 30	 26	 26	 40	  6	 30	 11	 27	 42	 42	 16	 41	 40	 33	 42	 44	 31
 86	 29	 16	 14	 15	 14	 22	  9	 13	 16	 14	  2	 19	 29	  8	 32	 15	 23	 14	 21	 34	 31	 27	 17	  9	 27	 17	 26	 33	 22	 14	 29	 16	 19	 29	 16	 15	 18	 25	 25	  8	 20	 35	 17	  9	 23	 23	 15	 22	 39	 26	 34	 19	 26	 17	 12	 20	 29	 16	 25	 23	 35	 27	 17	 27	 11	 16	 16	  9	 18	  4	 13	 26	 30	 25	 24	  7	 18	 17	 29	 22	 15	 11	 19	 23	 13	 26
 87	 29	 21	 21	 49	 22	 31	 43	 48	 48	 34	 36	 20	 58	 43	 13	 44	 58	 40	 17	 50	 15	 52	 46	 29	 61	 51	 20	  8	 46	 35	 17	 24	 49	 20	 25	 50	 35	 13	 19	 42	 16	 35	 50	 43	 18	 24	 45	 49	 43	 39	 37	 17	 23	 36	 46	 16	  8	 51	 52	 38	 35	 21	 19	 55	 45	 50	 31	 44	 45	 34	 40	 55	 19	 46	 12	 39	 53	 51	  9	 44	 50	 38	 54	 47	 35	 17	 35
 88	  8	 16	 19	 41	 21	 12	 37	 39	 45	 36	 30	 27	 42	 34	 10	 43	 48	 26	 13	 29	  8	 34	 45	 29	 48	 41	  4	 15	 48	 20	  5	 28	 47	  2	 14	 44	 39	 13	  6	 33	 19	 13	 38	 38	  9	  7	 43	 49	 21	 19	 16	 17	  4	 20	 35	 20	 23	 41	 35	 18	 14	  2	 17	 38	 39	 39	 35	 37	 29	 30	 27	 39	  4	 28	 18	 29	 44	 45	 23	 47	 43	 37	 44	 49	 36	  7	 29	 22
 89	 24	 26	 27	 21	 28	 17	 23	 18	 30	 33	 21	 36	 13	 17	 37	 31	 23	  7	 29	 17	 35	  8	 33	 27	 21	 17	 28	 40	 40	 11	 32	 33	 34	 30	 21	 25	 37	 33	 29	 15	 32	 26	 14	 23	 28	 24	 32	 37	 27	 14	 24	 30	 26	 10	 13	 33	 42	 17	  7	 12	 27	 28	 28	 10	 23	 16	 35	 20	  2	 23	  7	 10	 32	  7	 35	 13	 21	 27	 41	 40	 24	 30	 20	 40	 32	 30	 20	 45	 29
 90	 21	 29	 31	 30	 33	 17	 32	 27	 39	 41	 29	 41	 16	 25	 36	 40	 31	 14	 32	  8	 35	  9	 42	 34	 28	 26	 28	 41	 49	 15	 31	 39	 42	 29	 24	 34	 45	 35	 29	 24	 36	 21	 22	 32	 30	 23	 40	 46	 20	 10	 18	 33	 25	 12	 22	 37	 45	 26	 11	 10	 21	 27	 31	 12	 32	 25	 42	 29	 11	 31	 15	 14	 31	  3	 38	 21	 30	 36	 44	 48	 33	 38	 28	 49	 39	 31	 27	 47	 28	  9
 91	 34	 19	 16	 15	 15	 27	  7	 15	 12	  9	  5	 18	 34	 11	 35	 10	 24	 20	 23	 40	 35	 32	 12	  7	 30	 19	 31	 35	 17	 20	 32	 14	 14	 33	 20	 14	 13	 28	 29	 12	 21	 40	 20	  8	 26	 28	 11	 16	 45	 32	 40	 21	 30	 23	 16	 21	 30	 19	 30	 29	 41	 32	 20	 32	 10	 19	 11	 10	 24	  4	 19	 31	 34	 31	 25	 13	 19	 15	 29	 16	 15	  5	 20	 17	  7	 29	  7	 36	 33	 25	 33
 92	 51	 35	 32	 22	 30	 44	 17	 23	 10	 15	 21	 29	 44	 23	 50	  9	 28	 34	 39	 55	 50	 45	  7	 22	 35	 27	 47	 49	  4	 37	 48	 26	  7	 50	 37	 17	 15	 43	 45	 25	 35	 57	 29	 17	 42	 45	  8	  3	 62	 48	 57	 36	 47	 40	 27	 35	 41	 26	 42	 46	 58	 48	 35	 44	 17	 27	 18	 20	 38	 21	 34	 42	 50	 45	 39	 28	 24	 16	 41	  7	 19	 13	 26	  3	 15	 45	 23	 49	 50	 39	 48	 17
 93	 28	 14	 14	 42	 14	 27	 34	 40	 39	 26	 28	 12	 52	 35	 15	 36	 50	 34	 12	 47	 16	 47	 37	 21	 54	 44	 19	 11	 38	 29	 17	 16	 40	 20	 20	 42	 26	 10	 17	 35	  8	 34	 43	 35	 15	 22	 37	 41	 42	 36	 36	 11	 21	 32	 39	  8	  3	 43	 46	 34	 35	 20	 12	 49	 37	 43	 23	 36	 39	 26	 34	 49	 19	 41	  6	 32	 45	 43	  2	 35	 42	 30	 46	 39	 26	 15	 28	  9	 22	 40	 43	 28	 40
 94	 15	 31	 34	 40	 35	 16	 41	 37	 48	 47	 36	 43	 28	 35	 32	 48	 43	 23	 31	  9	 30	 21	 50	 39	 40	 37	 24	 37	 56	 20	 27	 42	 51	 24	 25	 44	 51	 33	 26	 33	 36	 11	 33	 41	 28	 21	 49	 55	  8	  9	  8	 34	 22	 17	 32	 37	 44	 37	 23	 11	 11	 23	 32	 24	 41	 36	 47	 38	 22	 37	 24	 26	 26	 15	 37	 30	 41	 46	 43	 55	 43	 45	 40	 57	 46	 28	 34	 44	 22	 20	 12	 40	 56	 42
 95	 41	 42	 42	 22	 42	 34	 29	 21	 33	 43	 31	 49	  6	 24	 53	 36	 17	 22	 45	 27	 52	 13	 38	 39	 10	 17	 45	 57	 45	 28	 48	 46	 36	 47	 37	 26	 47	 50	 46	 23	 48	 42	 15	 29	 45	 41	 36	 40	 41	 30	 40	 45	 43	 27	 19	 48	 57	 18	 12	 29	 42	 45	 43	 10	 28	 17	 45	 26	 18	 34	 22	  8	 49	 20	 51	 24	 20	 28	 56	 46	 25	 37	 18	 44	 41	 47	 31	 62	 46	 17	 22	 35	 43	 55	 33
 96	 16	 31	 34	 39	 36	 16	 40	 36	 47	 47	 36	 44	 27	 34	 33	 48	 41	 22	 32	  7	 32	 19	 50	 39	 38	 36	 25	 38	 56	 20	 28	 43	 51	 25	 25	 43	 51	 34	 27	 33	 37	 13	 32	 40	 29	 22	 48	 54	 10	  9	 10	 34	 23	 17	 31	 38	 45	 36	 21	 11	 13	 24	 33	 23	 41	 35	 47	 38	 21	 37	 23	 25	 27	 13	 38	 29	 40	 45	 44	 55	 42	 45	 38	 56	 46	 29	 34	 45	 24	 19	 11	 40	 56	 43	  2	 32
 97	 18	  2	  5	 29	  6	 14	 24	 27	 30	 21	 16	 14	 37	 22	 17	 28	 37	 19	  6	 33	 17	 32	 30	 13	 40	 31	 13	 18	 33	 14	 14	 14	 32	 15	  5	 30	 24	 11	 11	 22	  8	 25	 29	 24	  8	 11	 29	 34	 32	 22	 26	  5	 13	 17	 25	  9	 17	 30	 31	 20	 26	 14	  4	 34	 26	 29	 20	 24	 24	 16	 19	 34	 16	 27	 11	 18	 32	 32	 17	 31	 30	 22	 33	 34	 21	 11	 16	 22	 16	 25	 28	 19	 35	 15	 30	 40	 30
 98	 19	  8	  9	 24	 10	 13	 19	 21	 26	 20	 12	 18	 31	 16	 22	 25	 31	 13	 12	 29	 22	 26	 27	 12	 34	 24	 16	 24	 31	  9	 18	 16	 29	 19	  5	 25	 24	 17	 15	 16	 14	 25	 23	 19	 13	 13	 25	 31	 31	 19	 25	 11	 15	 12	 19	 14	 24	 24	 25	 17	 26	 17	 10	 28	 21	 23	 20	 19	 18	 12	 13	 28	 20	 22	 17	 12	 27	 27	 23	 30	 25	 20	 27	 32	 19	 16	 11	 28	 19	 19	 24	 16	 32	 22	 27	 34	 27	  7
 99	  7	 17	 20	 41	 22	 12	 38	 39	 45	 37	 31	 28	 41	 34	 11	 43	 48	 26	 15	 28	 10	 34	 45	 29	 48	 41	  5	 16	 49	 20	  7	 29	 48	  4	 14	 44	 40	 14	  7	 33	 20	 12	 38	 38	 10	  7	 44	 50	 20	 18	 14	 18	  5	 20	 35	 21	 24	 41	 34	 18	 13	  3	 18	 37	 40	 39	 36	 37	 29	 31	 26	 38	  5	 27	 19	 29	 44	 46	 24	 47	 43	 38	 44	 50	 37	  9	 30	 23	  2	 29	 27	 34	 51	 23	 21	 45	 23	 17	 19
100	 11	 13	 16	 28	 17	  4	 26	 26	 33	 29	 20	 25	 29	 21	 21	 32	 34	 13	 15	 22	 20	 22	 35	 21	 35	 27	 13	 25	 40	  6	 16	 24	 36	 15	  7	 31	 33	 18	 13	 20	 20	 17	 25	 26	 13	  8	 33	 39	 22	 11	 17	 17	 11	  7	 22	 20	 28	 27	 22	  9	 17	 13	 15	 25	 28	 26	 29	 25	 16	 21	 13	 26	 17	 16	 21	 16	 30	 33	 27	 39	 31	 28	 30	 40	 28	 15	 18	 30	 14	 16	 17	 24	 41	 26	 18	 33	 19	 12	  9	 14
