nVehicles:  20
nDepots:     1
nCustomers: 50
nPeriods:    6
VEHICLE_TYPE	FLEET_SIZE	CAPACITY
           2	        20	      18	
DEPOT   	X  	Y  	INV_COST	INITIAL_INV 	MIN_LEVEL_INV 	MAX_LEVEL_INV	PRODUCTION_0	PRODUCTION_1	PRODUCTION_2	PRODUCTION_3	PRODUCTION_4	PRODUCTION_5
       0	336	301	       0	        464	            0	         2046	         344	         344	         344	         344	         344	         344	
CUSTOMER	X  	Y  	INV_COST	INITIAL_INV	MIN_LEVEL_INV 	MAX_LEVEL_INV	DEMAND_0	DEMAND_1	DEMAND_2	DEMAND_3	DEMAND_4	DEMAND_5
       1	379	366	    0.26	          5	            0	           17	       5	       6	       5	       6	       8	       9
       2	140	364	    0.01	         11	            0	           29	       6	       5	       8	      10	      11	       8
       3	443	425	    0.02	         10	            0	           26	       8	       7	       6	      11	      11	       9
       4	233	372	    0.16	          4	            0	           38	       7	       5	       6	       9	       8	       6
       5	 13	 60	     0.1	          2	            0	           25	       5	       3	       3	       5	       5	       4
       6	 44	 26	     0.2	          7	            0	           22	       9	       6	       7	      10	      14	      12
       7	 22	350	    0.03	          1	            0	           10	       6	       4	       6	       8	       7	       4
       8	320	432	    0.27	         13	            0	           37	      10	       7	       7	       9	      10	      13
       9	127	227	    0.08	         14	            0	           50	       8	       6	       6	      10	      10	      13
      10	459	171	    0.03	          3	            0	           40	       7	       6	       8	      12	      10	       7
      11	246	136	    0.21	          3	            0	           27	       7	       4	       5	       5	       6	       8
      12	128	290	    0.11	          9	            0	           13	       6	       5	       7	      10	       8	       6
      13	452	398	    0.07	          2	            0	            9	       6	       5	       4	       6	       6	       7
      14	259	278	    0.23	         12	            0	           30	       7	       5	       5	       8	      11	       9
      15	254	177	     0.1	          1	            0	            9	       4	       3	       4	       6	       5	       4
      16	 10	290	    0.16	          1	            0	           55	       9	       7	       6	       9	      10	      14
      17	172	240	    0.26	          3	            0	           25	       5	       4	       5	       6	       7	       6
      18	  6	393	    0.08	          6	            0	           37	       6	       6	       7	       8	      11	       9
      19	366	428	    0.08	          8	            0	           27	      10	       7	       7	      10	      10	      14
      20	287	125	       0	          7	            0	           13	       4	       3	       4	       5	       7	       5
      21	219	 76	    0.04	          9	            0	           15	       6	       4	       6	       8	      10	       8
      22	 58	438	    0.05	          3	            0	           38	      10	       8	       6	       9	      10	      13
      23	216	128	    0.08	          3	            0	           17	       8	       6	       7	      12	      12	      13
      24	416	389	    0.22	          6	            0	           40	       9	       6	       8	      10	       9	      12
      25	280	 10	    0.06	          1	            0	           32	       5	       4	       5	       5	       7	       7
      26	492	219	    0.24	          5	            0	           23	       6	       5	       7	       9	      10	       6
      27	487	 36	    0.08	          1	            0	           34	       6	       6	       7	      10	       8	       7
      28	 32	101	    0.23	          3	            0	           24	       4	       4	       4	       4	       5	       6
      29	300	473	    0.21	         10	            0	           24	       7	       6	       6	       9	       9	       6
      30	 29	245	    0.16	          6	            0	           19	       4	       3	       4	       6	       6	       4
      31	 78	266	     0.1	          6	            0	           11	       4	       3	       5	       7	       6	       5
      32	113	359	     0.1	          8	            0	           49	       9	       6	       7	      10	      11	       8
      33	272	350	    0.02	          3	            0	           22	       4	       3	       3	       4	       5	       5
      34	377	255	    0.03	         13	            0	           55	       8	       7	       8	      11	      11	      12
      35	371	445	    0.28	          5	            0	           25	       5	       4	       4	       4	       5	       6
      36	459	356	    0.09	          4	            0	           19	       6	       5	       7	      10	      10	       7
      37	278	231	    0.15	          6	            0	           10	       6	       5	       5	       5	       8	       8
      38	187	442	    0.03	          7	            0	           21	       4	       3	       3	       5	       6	       5
      39	171	125	    0.02	          7	            0	           15	       6	       5	       7	      11	       7	       6
      40	301	399	    0.15	          2	            0	           33	       6	       4	       5	       8	       5	       5
      41	222	 36	    0.22	         12	            0	           43	       7	       7	       8	       9	      11	      10
      42	330	154	    0.18	          7	            0	           14	       4	       3	       3	       4	       5	       5
      43	394	461	    0.21	          7	            0	           32	       8	       6	       7	      10	      12	      10
      44	381	 68	    0.08	          8	            0	           22	       5	       3	       3	       5	       6	       6
      45	235	109	    0.21	          5	            0	           18	       4	       4	       5	       5	       8	       8
      46	492	249	    0.27	          4	            0	           16	       4	       3	       4	       5	       6	       5
      47	370	396	    0.01	          6	            0	           18	       5	       4	       3	       5	       5	       5
      48	465	192	    0.01	         12	            0	           19	       9	       8	       7	      10	      11	      11
      49	191	 65	    0.03	         10	            0	           41	       7	       4	       6	       9	       8	       7
      50	 51	 85	     0.2	         16	            0	           24	       8	       8	       9	      12	      13	       9
COST_MATRIX 
	  0	  1	  2	  3	  4	  5	  6	  7	  8	  9	 10	 11	 12	 13	 14	 15	 16	 17	 18	 19	 20	 21	 22	 23	 24	 25	 26	 27	 28	 29	 30	 31	 32	 33	 34	 35	 36	 37	 38	 39	 40	 41	 42	 43	 44	 45	 46	 47	 48	 49	 50
  0
  1	  8
  2	 21	 24
  3	 17	  9	 31
  4	 13	 15	 10	 22
  5	 41	 48	 33	 57	 39
  6	 41	 48	 36	 57	 40	  5
  7	 32	 36	 12	 43	 22	 30	 33
  8	 14	  9	 20	 13	 11	 49	 50	 31
  9	 23	 29	 14	 38	 18	 21	 22	 17	 29
 10	 18	 22	 38	 26	 31	 46	 44	 48	 30	 34
 11	 19	 27	 26	 35	 24	 25	 24	 31	 31	 15	 22
 12	 21	 27	  8	 35	 14	 26	 28	 13	 24	  7	 36	 20
 13	 16	  8	 32	  3	 23	 56	 56	 44	 14	 37	 23	 34	 35
 14	  9	 15	 15	 24	 10	 33	 34	 25	 17	 15	 23	 15	 14	 23
 15	 15	 23	 22	 32	 20	 27	 26	 29	 27	 14	 21	  5	 17	 30	 11
 16	 33	 38	 15	 46	 24	 24	 27	  7	 35	 14	 47	 29	 12	 46	 25	 27
 17	 18	 25	 13	 33	 15	 25	 25	 19	 25	  5	 30	 13	  7	 33	 10	 11	 17
 18	 35	 38	 14	 44	 23	 34	 37	  5	 32	 21	 51	 36	 16	 45	 28	 33	 11	 23
 19	 14	  7	 24	  8	 15	 51	 52	 36	  5	 32	 28	 32	 28	 10	 19	 28	 39	 28	 37
 20	 19	 26	 29	 34	 26	 29	 27	 35	 31	 19	 18	  5	 23	 32	 16	  7	 33	 17	 39	 32
 21	 26	 34	 30	 42	 30	 21	 19	 34	 38	 18	 26	  7	 24	 40	 21	 11	 30	 18	 39	 39	  9
 22	 31	 33	 12	 39	 19	 39	 42	 10	 27	 23	 49	 36	 17	 40	 26	 33	 16	 23	  7	 31	 39	 40
 23	 22	 29	 25	 38	 25	 22	 20	 30	 33	 14	 25	  4	 19	 36	 16	  7	 27	 13	 34	 34	  8	  6	 35
 24	 12	  5	 28	  5	 19	 53	 52	 40	 11	 34	 23	 31	 31	  4	 20	 27	 42	 29	 42	  7	 30	 37	 37	 33
 25	 30	 37	 39	 45	 37	 28	 24	 43	 43	 27	 25	 14	 32	 43	 27	 17	 39	 26	 48	 43	 12	  9	 49	 14	 41
 26	 18	 19	 39	 22	 31	 51	 49	 49	 28	 37	  6	 26	 38	 19	 25	 25	 49	 33	 52	 25	 23	 31	 49	 30	 19	 30
 27	 31	 35	 48	 40	 43	 48	 45	 57	 43	 41	 14	 27	 44	 37	 34	 28	 55	 38	 60	 42	 22	 28	 59	 29	 37	 21	 19
 28	 37	 44	 29	 53	 34	  5	  8	 25	 44	 16	 44	 22	 22	 52	 29	 24	 20	 20	 30	 47	 26	 19	 34	 19	 49	 27	 48	 46
 29	 18	 14	 20	 16	 13	 51	 52	 31	  5	 31	 35	 35	 26	 17	 20	 30	 35	 27	 31	  8	 35	 41	 25	 36	 15	 47	 32	 48	 46
 30	 32	 38	 17	 46	 25	 19	 22	 11	 35	 10	 44	 25	 11	 45	 24	 24	  5	 15	 15	 39	 29	 26	 20	 23	 42	 35	 47	 51	 15	 36
 31	 27	 32	 12	 40	 19	 22	 25	 11	 30	  7	 40	 22	  6	 40	 19	 20	  8	 10	 15	 34	 26	 24	 18	 20	 36	 33	 42	 47	 18	 31	  6
 32	 24	 27	  3	 34	 13	 32	 35	 10	 22	 14	 40	 26	  8	 35	 17	 24	 13	 14	 12	 27	 30	 31	 10	 26	 31	 39	 41	 50	 28	 22	 15	 10
 33	  9	 11	 14	 19	  5	 39	 40	 26	 10	 20	 26	 22	 16	 19	  8	 18	 27	 15	 27	 13	 23	 28	 24	 23	 15	 35	 26	 39	 35	 13	 27	 22	 16
 34	  7	 12	 27	 19	 19	 42	 41	 37	 19	 26	 12	 18	 26	 17	 13	 15	 37	 21	 40	 18	 16	 24	 37	 21	 14	 27	 13	 25	 38	 24	 35	 30	 29	 15
 35	 15	  8	 25	  8	 16	 53	 54	 37	  6	 33	 29	 34	 29	 10	 21	 30	 40	 29	 37	  2	 34	 40	 32	 36	  8	 45	 26	 43	 49	  8	 40	 35	 28	 14	 20
 36	 14	  9	 32	  8	 23	 54	 54	 44	 16	 36	 19	 31	 34	  5	 22	 28	 46	 31	 46	 12	 29	 37	 41	 34	  6	 39	 15	 33	 50	 20	 45	 40	 35	 19	 14	 13
 37	 10	 17	 20	 26	 15	 32	 32	 29	 21	 16	 20	 11	 17	 25	  6	  6	 28	 11	 32	 22	 11	 17	 31	 13	 21	 23	 22	 29	 28	 25	 25	 21	 21	 12	 11	 24	 22
 38	 21	 21	 10	 26	  9	 42	 44	 19	 14	 23	 39	 32	 17	 27	 18	 28	 24	 21	 19	 18	 34	 37	 13	 32	 24	 45	 38	 51	 38	 12	 26	 21	 12	 13	 27	 19	 29	 23
 39	 25	 32	 25	 41	 26	 18	 17	 27	 35	 12	 30	  8	 18	 40	 18	 10	 24	 12	 32	 37	 12	  7	 34	  5	 37	 16	 34	 33	 15	 38	 19	 17	 25	 25	 25	 38	 37	 16	 32
 40	 11	  9	 17	 15	  8	 45	 46	 29	  4	 25	 28	 27	 21	 16	 13	 23	 32	 21	 30	  8	 28	 34	 25	 29	 12	 39	 27	 41	 41	  8	 32	 26	 20	  6	 17	  9	 17	 17	 13	 31
 41	 29	 37	 34	 45	 34	 22	 18	 38	 41	 22	 28	 11	 28	 43	 25	 15	 34	 22	 42	 42	 12	  5	 44	 10	 41	  7	 33	 27	 21	 45	 29	 28	 35	 32	 27	 44	 40	 21	 41	 11	 38
 42	 15	 22	 29	 30	 24	 34	 32	 37	 28	 22	 14	  9	 25	 28	 15	  8	 35	 18	 41	 28	  6	 14	 40	 12	 26	 16	 18	 20	 31	 33	 32	 28	 30	 21	 12	 30	 24	 10	 33	 17	 25	 16
 43	 18	 10	 28	  7	 19	 56	 56	 39	  8	 36	 30	 36	 32	  9	 23	 32	 43	 32	 40	  5	 36	 43	 34	 38	  8	 47	 27	 44	 52	 10	 43	 38	 30	 17	 21	  3	 13	 26	 21	 41	 12	 46	 32
 44	 24	 30	 39	 37	 34	 37	 34	 46	 37	 30	 13	 16	 34	 34	 25	 17	 44	 28	 50	 37	 11	 17	 50	 18	 33	 12	 19	 12	 36	 42	 40	 37	 40	 31	 19	 38	 30	 20	 43	 22	 35	 17	 10	 40
 45	 22	 30	 28	 38	 27	 23	 21	 33	 34	 16	 24	  3	 22	 37	 18	  8	 29	 15	 37	 35	  6	  4	 38	  3	 34	 11	 28	 27	 21	 37	 25	 23	 28	 25	 21	 37	 34	 13	 34	  7	 30	  8	 11	 39	 16
 46	 17	 17	 38	 19	 29	 52	 51	 49	 26	 37	  9	 28	 37	 16	 24	 25	 49	 33	 51	 22	 24	 33	 48	 31	 16	 32	  4	 22	 49	 30	 47	 42	 40	 25	 12	 24	 12	 22	 37	 35	 25	 35	 19	 24	 22	 30
 47	 11	  4	 24	  8	 14	 50	 50	 36	  7	 30	 25	 29	 27	  9	 17	 25	 38	 26	 37	  4	 29	 36	 32	 31	  5	 40	 22	 38	 45	 11	 38	 32	 26	 11	 15	  5	 10	 19	 19	 34	  7	 39	 25	  7	 33	 32	 20
 48	 17	 20	 37	 24	 30	 48	 46	 48	 29	 34	  3	 23	 36	 21	 23	 22	 47	 30	 51	 26	 20	 28	 48	 26	 21	 26	  4	 16	 45	 33	 44	 40	 39	 25	 11	 27	 17	 20	 38	 31	 27	 29	 15	 28	 15	 25	  7	 23
 49	 28	 36	 31	 44	 31	 18	 16	 34	 39	 18	 29	  9	 24	 43	 23	 13	 29	 18	 38	 41	 12	  4	 40	  7	 40	 11	 34	 30	 17	 43	 25	 24	 31	 30	 27	 43	 40	 19	 38	  7	 36	  5	 17	 45	 20	  7	 36	 38	 31
 50	 36	 44	 30	 52	 34	  5	  6	 27	 44	 17	 42	 21	 22	 51	 29	 23	 21	 20	 32	 47	 24	 17	 36	 18	 48	 25	 47	 44	  3	 47	 17	 19	 29	 35	 37	 49	 49	 27	 39	 13	 41	 18	 29	 51	 34	 19	 48	 45	 43	 15
