nVehicles:   5
nDepots:     1
nCustomers: 25
nPeriods:    6
VEHICLE_TYPE	FLEET_SIZE	CAPACITY
           4	         5	      38	
DEPOT   	X  	Y  	INV_COST	INITIAL_INV 	MIN_LEVEL_INV 	MAX_LEVEL_INV	PRODUCTION_0	PRODUCTION_1	PRODUCTION_2	PRODUCTION_3	PRODUCTION_4	PRODUCTION_5
       0	490	173	       0	        127	            0	         1066	         184	         184	         184	         184	         184	         184	
CUSTOMER	X  	Y  	INV_COST	INITIAL_INV	MIN_LEVEL_INV 	MAX_LEVEL_INV	DEMAND_0	DEMAND_1	DEMAND_2	DEMAND_3	DEMAND_4	DEMAND_5
       1	416	 58	    0.08	         15	            0	           37	      12	       9	       7	       7	       6	       8
       2	333	 30	    0.08	         18	            0	           53	      10	      10	      11	       7	       6	      10
       3	185	269	    0.27	         17	            0	           54	      13	      14	      11	      10	       8	       7
       4	157	179	    0.13	         13	            0	           21	       8	       9	       7	       5	       6	       4
       5	163	219	     0.3	          6	            0	           24	       8	       8	       7	       5	       4	       5
       6	105	180	    0.03	          8	            0	           12	       5	       6	       4	       3	       4	       5
       7	279	144	    0.21	         15	            0	           17	       9	       7	       7	       6	       6	       7
       8	344	306	    0.29	          6	            0	           18	       6	       6	       4	       3	       5	       5
       9	161	 43	    0.22	          3	            0	           23	       8	       7	       6	       5	       5	       8
      10	140	202	    0.25	          3	            0	           21	       6	       6	       5	       3	       4	       5
      11	486	350	    0.22	         16	            0	           20	      10	      11	       8	       7	       7	       9
      12	265	173	    0.08	         17	            0	           23	      10	       7	       6	       5	       5	       7
      13	290	 24	    0.21	          3	            0	           26	       8	       7	       8	       5	       4	       4
      14	222	156	     0.1	          8	            0	           31	      10	      10	      11	       7	       7	       7
      15	356	384	    0.13	         10	            0	           26	       5	       5	       4	       4	       4	       4
      16	 13	191	    0.29	         15	            0	           20	       9	       9	       6	       5	       7	       9
      17	 24	132	    0.12	          7	            0	           35	       9	       9	       6	       6	       7	       9
      18	 62	213	    0.21	         15	            0	           21	       9	       7	       5	       5	       5	       6
      19	286	356	    0.03	          5	            0	           26	       8	       7	       6	       5	       3	       6
      20	139	243	    0.25	         24	            0	           26	      12	      13	       9	       6	      11	      14
      21	 74	100	    0.01	         15	            0	           15	      12	      12	       9	       5	       8	      10
      22	116	406	    0.16	          1	            0	           23	      10	       9	       7	       6	       9	      11
      23	397	 60	    0.23	          4	            0	           26	      14	      12	       9	       9	       7	       7
      24	367	 33	     0.2	          4	            0	           19	       8	       7	       5	       4	       6	       7
      25	178	318	    0.14	         13	            0	           38	       9	      11	       7	       6	       9	      12
COST_MATRIX 
	  0	  1	  2	  3	  4	  5	  6	  7	  8	  9	 10	 11	 12	 13	 14	 15	 16	 17	 18	 19	 20	 21	 22	 23	 24	 25
  0
  1	 14
  2	 22	  9
  3	 32	 32	 29
  4	 34	 29	 24	 10
  5	 34	 30	 26	  6	  5
  6	 39	 34	 28	 12	  6	  7
  7	 22	 17	 13	 16	 13	 14	 18
  8	 20	 26	 28	 17	 23	 21	 28	 18
  9	 36	 26	 18	 23	 14	 18	 15	 16	 33
 10	 36	 32	 26	  9	  3	  3	  5	 16	 23	 17
 11	 18	 31	 36	 32	 38	 35	 42	 30	 15	 45	 38
 12	 23	 19	 16	 13	 11	 12	 17	  4	 16	 17	 13	 29
 13	 25	 14	  5	 27	 21	 24	 25	 13	 29	 14	 24	 39	 16
 14	 27	 22	 17	 12	  7	  9	 12	  6	 20	 13	 10	 33	  5	 15
 15	 25	 34	 36	 21	 29	 26	 33	 26	  8	 40	 29	 14	 23	 37	 27
 16	 48	 43	 36	 19	 15	 16	 10	 28	 36	 21	 13	 50	 26	 33	 22	 40
 17	 47	 40	 33	 22	 15	 17	 10	 26	 37	 17	 14	 52	 25	 29	 20	 42	  7
 18	 43	 39	 33	 14	 11	 11	  6	 23	 30	 20	  8	 45	 21	 30	 17	 35	  6	  9
 19	 28	 33	 33	 14	 22	 19	 26	 22	  8	 34	 22	 21	 19	 34	 21	  8	 32	 35	 27
 20	 36	 34	 29	  6	  7	  4	  8	 18	 22	 21	  5	 37	 15	 27	 13	 26	 14	 16	  9	 19
 21	 43	 35	 27	 21	 12	 15	  9	 21	 34	 11	 13	 49	 21	 23	 16	 41	 11	  6	 12	 34	 16
 22	 45	 46	 44	 16	 24	 20	 23	 31	 25	 37	 21	 38	 28	 42	 28	 25	 24	 29	 21	 18	 17	 31
 23	 15	  2	  8	 30	 27	 29	 32	 15	 26	 24	 30	 31	 18	 12	 20	 33	 41	 38	 37	 32	 32	 33	 45
 24	 19	  6	  4	 30	 26	 28	 31	 15	 28	 21	 29	 34	 18	  8	 20	 36	 39	 36	 36	 34	 31	 31	 45	  5
 25	 35	 36	 33	  5	 15	 11	 16	 21	 17	 28	 13	 31	 17	 32	 17	 19	 21	 25	 16	 12	  9	 25	 11	 34	 35
