nVehicles:  22
nDepots:     1
nCustomers: 50
nPeriods:    9
VEHICLE_TYPE	FLEET_SIZE	CAPACITY
           2	        22	      18	
DEPOT   	X  	Y  	INV_COST	INITIAL_INV 	MIN_LEVEL_INV 	MAX_LEVEL_INV	PRODUCTION_0	PRODUCTION_1	PRODUCTION_2	PRODUCTION_3	PRODUCTION_4	PRODUCTION_5	PRODUCTION_6	PRODUCTION_7	PRODUCTION_8
       0	400	460	       0	        641	            0	         3438	         384	         384	         384	         384	         384	         384	         384	         384	         384	
CUSTOMER	X  	Y  	INV_COST	INITIAL_INV	MIN_LEVEL_INV 	MAX_LEVEL_INV	DEMAND_0	DEMAND_1	DEMAND_2	DEMAND_3	DEMAND_4	DEMAND_5	DEMAND_6	DEMAND_7	DEMAND_8
       1	 89	103	    0.24	         12	            0	           46	       8	       8	       5	       7	      10	       7	       6	       5	       7
       2	189	460	    0.02	         17	            0	           75	      11	       9	       6	       8	      11	      14	      10	       7	       7
       3	282	415	    0.07	          8	            0	           57	       9	       6	       6	       5	       5	       7	       9	       9	       6
       4	305	183	    0.13	         13	            0	           43	       9	       8	       5	       5	       7	       8	       9	       8	       9
       5	 34	164	    0.08	          1	            0	           71	      12	       9	       5	       7	      11	      11	       9	       8	       7
       6	499	169	    0.23	         16	            0	           32	      13	       8	       7	       8	      10	      13	      14	      10	       7
       7	191	218	    0.25	          9	            0	           50	       7	       5	       5	       6	       7	       7	       6	       4	       6
       8	 19	 46	    0.02	         12	            0	           41	       9	       6	       5	       6	       8	       9	       6	       4	       6
       9	356	325	    0.11	          8	            0	           70	      12	       9	       6	       8	       8	      14	      14	       8	       6
      10	391	 40	    0.07	          8	            0	           20	       9	       9	       8	       5	       7	       7	      10	       9	      11
      11	469	449	    0.28	         15	            0	           60	      11	       7	       7	       7	       7	      12	      12	       9	       6
      12	451	239	    0.21	          2	            0	           21	       7	       6	       5	       5	       5	       7	       7	       9	       7
      13	429	 35	    0.12	         16	            0	           52	      11	       8	       6	       9	      14	      11	       8	       6	      11
      14	453	305	    0.03	          8	            0	           50	       7	       7	       5	       6	       7	       8	       6	       5	       5
      15	 94	308	    0.08	         11	            0	           51	       8	       5	       5	       7	       9	       8	       7	       4	       7
      16	181	370	    0.14	          3	            0	           22	      12	       9	       7	       7	       7	       8	      10	      10	       9
      17	226	281	    0.25	         18	            0	           65	       9	       9	       7	       6	       6	       7	      10	      11	      12
      18	222	252	    0.23	         18	            0	           57	      11	      11	       7	       6	       9	      12	      12	       8	       7
      19	118	482	    0.02	         12	            0	           32	      12	       9	       7	       7	      10	      11	      13	      10	       9
      20	 25	100	    0.22	          5	            0	           57	      11	       8	       7	       9	      10	      13	      11	       8	       8
      21	228	335	    0.06	         12	            0	           19	       7	       5	       4	       4	       7	       7	       8	       6	       5
      22	 50	 25	    0.07	          4	            0	           25	       8	       6	       5	       5	       7	       9	       8	       6	       5
      23	455	409	    0.28	          4	            0	           20	      12	      10	       6	       6	       9	      13	      10	       9	       7
      24	320	 63	    0.29	          2	            0	           31	       8	       7	       5	       5	       6	       9	       8	       5	       4
      25	375	241	    0.02	          3	            0	           34	       9	      11	       8	       6	       6	      12	      11	      12	      12
      26	448	  3	    0.17	         18	            0	           29	      11	       8	       6	       9	       9	      14	      10	       8	       7
      27	137	 80	     0.1	          9	            0	           25	       7	       5	       3	       5	       6	       7	       6	       4	       5
      28	389	113	    0.11	          8	            0	           26	      13	       8	       7	       8	      11	      14	       9	       8	       6
      29	 92	489	    0.02	         14	            0	           29	      10	       8	       4	       7	      11	      10	       6	       6	       8
      30	110	 38	    0.11	         20	            0	           55	      12	       9	       6	       8	      12	      10	       7	       7	       9
      31	477	 16	    0.16	         11	            0	           67	      10	      10	       8	       6	       6	       8	      10	       9	      11
      32	 49	295	    0.03	          5	            0	           56	      12	       9	       8	       5	       7	       7	       8	       9	      13
      33	310	188	    0.19	          2	            0	           26	       5	       5	       3	       4	       4	       5	       6	       3	       3
      34	315	420	    0.13	          2	            0	           15	       6	       5	       4	       3	       4	       4	       6	       5	       6
      35	183	300	    0.13	          6	            0	           67	      10	      10	       6	       7	      10	      14	      11	       8	       7
      36	166	156	    0.24	          3	            0	            9	       6	       3	       3	       4	       5	       5	       4	       3	       4
      37	 37	258	    0.19	          5	            0	           58	       9	       9	       6	       7	       6	       7	      10	      12	       9
      38	311	311	    0.16	          5	            0	           39	       9	       7	       6	       5	       7	       7	       9	       8	       8
      39	108	 56	     0.1	         14	            0	           77	      10	      10	       8	       7	       9	      10	      13	      10	       8
      40	376	  8	    0.28	          5	            0	           59	      12	      10	       7	       6	       6	       9	      10	      11	       7
      41	368	414	    0.02	          6	            0	           18	      10	      10	       6	       6	       8	      12	      10	      11	       8
      42	116	290	    0.11	          6	            0	           21	       6	       5	       4	       5	       5	       7	       7	       7	       5
      43	247	 22	    0.08	         13	            0	           35	      12	       8	       7	       6	       6	       8	      11	      11	      12
      44	154	102	    0.27	          3	            0	           50	      10	      10	       6	       6	       6	       8	      12	      10	       8
      45	263	370	    0.26	         15	            0	           29	      10	       8	       6	       5	       6	       7	       9	      10	       7
      46	207	291	    0.18	         10	            0	           74	      13	      10	       8	       9	      10	      13	       9	       6	       9
      47	330	354	    0.25	          6	            0	           23	       5	       5	       3	       4	       5	       5	       4	       4	       3
      48	346	377	    0.21	          3	            0	           24	       5	       4	       3	       3	       6	       6	       6	       5	       3
      49	 37	166	     0.1	          6	            0	           15	       7	       5	       4	       4	       4	       5	       7	       6	       8
      50	 29	222	    0.06	          3	            0	           28	       6	       5	       5	       3	       5	       6	       7	       7	       6
COST_MATRIX 
	  0	  1	  2	  3	  4	  5	  6	  7	  8	  9	 10	 11	 12	 13	 14	 15	 16	 17	 18	 19	 20	 21	 22	 23	 24	 25	 26	 27	 28	 29	 30	 31	 32	 33	 34	 35	 36	 37	 38	 39	 40	 41	 42	 43	 44	 45	 46	 47	 48	 49	 50
  0
  1	 48
  2	 22	 38
  3	 13	 37	 11
  4	 30	 24	 31	 24
  5	 48	  9	 34	 36	 28
  6	 31	 42	 43	 33	 20	 47
  7	 32	 16	 25	 22	 12	 17	 32
  8	 57	 10	 45	 46	 32	 12	 50	 25
  9	 15	 35	 22	 12	 16	 37	 22	 20	 44
 10	 43	 31	 47	 40	 17	 38	 17	 27	 38	 29
 11	  7	 52	 29	 20	 32	 53	 29	 37	 61	 17	 42
 12	 23	 39	 35	 25	 16	 43	  9	 27	 48	 13	 21	 22
 13	 43	 35	 49	 41	 20	 42	 16	 31	 42	 30	  4	 42	 21
 14	 17	 42	 31	 21	 20	 45	 15	 28	 51	 10	 28	 15	  7	 28
 15	 35	 21	 18	 22	 25	 16	 43	 14	 28	 27	 41	 41	 37	 44	 36
 16	 24	 29	 10	 12	 23	 26	 38	 16	 37	 19	 40	 30	 31	 42	 28	 11
 17	 25	 23	 19	 15	 13	 23	 30	  8	 32	 14	 30	 30	 23	 32	 23	 14	 10
 18	 28	 20	 22	 18	 11	 21	 29	  5	 29	 16	 28	 32	 23	 30	 24	 14	 13	  3
 19	 29	 39	  8	 18	 36	 33	 50	 28	 45	 29	 52	 36	 42	 55	 38	 18	 13	 23	 26
 20	 52	  7	 40	 41	 30	  7	 48	 21	  6	 41	 38	 57	 45	 41	 48	 22	 32	 28	 25	 40
 21	 22	 28	 14	 10	 18	 26	 32	 13	 36	 13	 34	 27	 25	 37	 23	 14	  6	  6	  9	 19	 32
 22	 56	  9	 46	 46	 30	 14	 48	 24	  4	 43	 35	 60	 46	 38	 50	 29	 37	 32	 29	 47	  8	 36
 23	  8	 48	 28	 18	 28	 49	 25	 33	 57	 13	 38	  5	 18	 38	 11	 38	 28	 27	 29	 35	 53	 24	 56
 24	 41	 24	 42	 36	 13	 31	 21	 21	 31	 27	  8	 42	 22	 12	 28	 34	 34	 24	 22	 47	 30	 29	 28	 38
 25	 23	 32	 29	 20	 10	 35	 15	 19	 41	  9	 21	 23	  8	 22	 11	 29	 24	 16	 16	 36	 38	 18	 40	 19	 19
 26	 46	 38	 53	 45	 23	 45	 18	 34	 44	 34	  7	 45	 24	  4	 31	 47	 46	 36	 34	 59	 44	 40	 40	 41	 15	 25
 27	 47	  6	 39	 37	 20	 14	 38	 15	 13	 33	 26	 50	 36	 30	 39	 24	 30	 22	 20	 41	 12	 28	 11	 46	 19	 29	 33
 28	 35	 31	 41	 33	 11	 36	 13	 23	 38	 22	  8	 35	 15	  9	 21	 36	 34	 24	 22	 46	 37	 28	 36	 31	  9	 13	 13	 26
 29	 31	 39	 11	 21	 38	 34	 52	 29	 45	 32	 54	 38	 44	 57	 41	 19	 15	 25	 28	  3	 40	 21	 47	 38	 49	 38	 61	 42	 48
 30	 52	  7	 43	 42	 25	 15	 42	 20	 10	 38	 29	 55	 40	 32	 44	 28	 34	 27	 25	 45	 11	 32	  7	 51	 22	 34	 34	  5	 29	 46
 31	 46	 40	 53	 45	 24	 47	 16	 36	 46	 34	  9	 44	 23	  6	 29	 49	 47	 37	 35	 59	 46	 41	 43	 40	 17	 25	  4	 35	 14	 61	 37
 32	 39	 20	 22	 27	 28	 14	 47	 17	 26	 31	 43	 45	 41	 47	 41	  5	 16	 18	 18	 20	 20	 19	 28	 43	 36	 34	 50	 24	 39	 20	 27	 52
 33	 29	 24	 30	 23	  1	 28	 19	 13	 33	 15	 17	 31	 15	 20	 19	 25	 23	 13	 11	 36	 30	 17	 31	 27	 13	  9	 24	 21	 11	 38	 26	 24	 29
 34	 10	 39	 14	  4	 24	 39	 32	 24	 48	 11	 39	 16	 23	 41	 18	 25	 15	 17	 20	 21	 44	 13	 48	 15	 36	 19	 44	 39	 32	 24	 44	 44	 30	 24
 35	 27	 22	 17	 16	 17	 21	 35	  9	 31	 18	 34	 33	 28	 37	 28	  9	  8	  5	  7	 20	 26	  6	 31	 30	 28	 21	 40	 23	 28	 21	 28	 41	 14	 17	 18
 36	 39	 10	 31	 29	 15	 14	 34	  7	 19	 26	 26	 43	 30	 29	 33	 17	 22	 14	 12	 33	 16	 19	 18	 39	 18	 23	 33	  9	 23	 35	 14	 35	 19	 15	 31	 15
 37	 42	 17	 26	 30	 28	 10	 48	 16	 22	 33	 42	 48	 42	 46	 42	  8	 19	 20	 19	 24	 16	 21	 24	 45	 35	 34	 49	 21	 39	 24	 24	 51	  4	 29	 33	 16	 17
 38	 18	 31	 20	 11	 13	 32	 24	 16	 40	  5	 29	 21	 16	 31	 15	 22	 15	 10	 11	 26	 36	  9	 39	 18	 25	 10	 34	 29	 22	 29	 34	 34	 27	 13	 11	 13	 22	 28
 39	 50	  6	 42	 40	 24	 14	 41	 19	  9	 37	 29	 54	 39	 33	 43	 26	 33	 26	 23	 43	 10	 31	  7	 50	 22	 33	 35	  4	 29	 44	  2	 38	 25	 25	 42	 26	 12	 22	 33
 40	 46	 31	 49	 42	 19	 38	 21	 28	 36	 32	  4	 46	 25	  6	 31	 42	 42	 32	 29	 54	 37	 36	 33	 41	  8	 24	  8	 25	 11	 56	 27	 11	 44	 20	 42	 36	 26	 43	 31	 28
 41	  6	 42	 19	  9	 24	 42	 28	 27	 51	  9	 38	 11	 20	 39	 14	 30	 20	 20	 22	 26	 47	 17	 51	  9	 36	 18	 42	 41	 31	 29	 46	 42	 35	 24	  6	 22	 33	 37	 12	 45	 41
 42	 34	 19	 19	 21	 22	 16	 41	 11	 27	 25	 38	 39	 34	 41	 34	  3	 11	 12	 12	 20	 22	 13	 28	 36	 31	 27	 44	 22	 33	 21	 26	 46	  7	 22	 24	  7	 15	  9	 20	 24	 39	 29
 43	 47	 18	 45	 40	 18	 26	 30	 21	 23	 33	 15	 49	 30	 19	 36	 33	 36	 26	 24	 48	 24	 32	 20	 44	  9	 26	 21	 13	 17	 50	 14	 24	 34	 18	 41	 29	 16	 32	 30	 15	 13	 42	 30
 44	 44	  7	 36	 34	 18	 14	 36	 13	 15	 31	 25	 47	 33	 29	 37	 22	 27	 20	 17	 39	 13	 25	 13	 43	 18	 27	 32	  3	 24	 40	  8	 34	 22	 18	 36	 21	  6	 20	 27	  7	 25	 38	 20	 13
 45	 17	 32	 12	  5	 20	 31	 31	 17	 41	 11	 36	 23	 23	 38	 21	 19	  9	 10	 13	 19	 36	  5	 41	 20	 32	 18	 42	 32	 29	 21	 37	 42	 23	 19	  8	 11	 24	 26	  8	 36	 38	 12	 17	 35	 29
 46	 26	 23	 17	 15	 15	 22	 32	  8	 31	 16	 32	 31	 25	 34	 25	 12	  9	  3	  5	 22	 27	  5	 31	 28	 26	 18	 38	 23	 26	 23	 28	 39	 16	 15	 17	  3	 15	 18	 11	 26	 33	 21	 10	 28	 20	 10
 47	 13	 35	 18	  8	 18	 36	 26	 20	 44	  4	 32	 17	 17	 34	 14	 25	 15	 13	 15	 25	 40	 11	 44	 14	 30	 13	 38	 34	 25	 28	 39	 37	 29	 17	  7	 16	 26	 31	  5	 38	 35	  8	 23	 35	 31	  7	 14
 48	 10	 38	 18	  8	 20	 38	 26	 23	 47	  6	 34	 15	 18	 36	 13	 27	 17	 16	 18	 26	 43	 13	 46	 12	 32	 14	 39	 37	 27	 28	 42	 39	 31	 20	  6	 19	 29	 34	  8	 40	 38	  5	 25	 37	 34	  9	 17	  3
 49	 47	  9	 34	 35	 27	  1	 47	 17	 13	 36	 38	 52	 43	 42	 44	 16	 25	 23	 21	 33	  7	 26	 15	 49	 31	 35	 45	 14	 36	 33	 15	 47	 13	 28	 38	 20	 13	 10	 32	 14	 38	 42	 15	 26	 14	 31	 22	 35	 38
 50	 45	 14	 29	 32	 28	  6	 48	 17	 18	 35	 41	 50	 43	 45	 44	 11	 22	 21	 20	 28	 13	 23	 20	 47	 34	 35	 48	 18	 38	 28	 21	 50	  8	 29	 35	 18	 16	  4	 30	 19	 41	 39	 12	 30	 18	 28	 20	 33	 36	  6
