nVehicles:   18
nDepots:      1
nCustomers: 100
nPeriods:     9
VEHICLE_TYPE	FLEET_SIZE	CAPACITY
           4	        18	      38	
DEPOT   	X  	Y  	INV_COST	INITIAL_INV 	MIN_LEVEL_INV 	MAX_LEVEL_INV	PRODUCTION_0	PRODUCTION_1	PRODUCTION_2	PRODUCTION_3	PRODUCTION_4	PRODUCTION_5	PRODUCTION_6	PRODUCTION_7	PRODUCTION_8
       0	 78	423	       0	        897	            0	         6046	         676	         676	         676	         676	         676	         676	         676	         676	         676	
CUSTOMER	X  	Y  	INV_COST	INITIAL_INV	MIN_LEVEL_INV 	MAX_LEVEL_INV	DEMAND_0	DEMAND_1	DEMAND_2	DEMAND_3	DEMAND_4	DEMAND_5	DEMAND_6	DEMAND_7	DEMAND_8
       1	139	157	    0.12	          6	            0	           30	       3	       3	       5	       6	       4	       3	       4	       4	       4
       2	250	461	    0.09	          5	            0	           23	       3	       3	       5	       6	       5	       4	       4	       4	       3
       3	472	271	    0.17	         11	            0	           80	       7	       8	      12	       9	       8	       6	       9	      13	      10
       4	421	493	    0.17	         13	            0	           52	       6	       7	       9	      11	       6	       5	       6	       8	       9
       5	438	483	    0.12	          1	            0	           10	       3	       5	       6	       7	       4	       4	       6	       7	       6
       6	 15	282	    0.21	          8	            0	           21	       4	       5	       6	       5	       3	       4	       4	       5	       5
       7	233	360	    0.23	          7	            0	           29	       5	       6	      10	      12	      10	      10	       9	       6	       5
       8	148	334	    0.22	          9	            0	           57	       7	       8	       8	      10	      12	       8	       6	       5	       8
       9	 61	260	    0.12	          8	            0	           39	       4	       6	       7	       6	       4	       3	       5	       5	       8
      10	389	245	    0.23	          4	            0	           65	       7	       8	      14	      10	       7	       6	       9	      14	      11
      11	366	123	     0.2	          4	            0	           17	       4	       5	       6	       8	       7	       5	       4	       4	       7
      12	 96	265	    0.25	         13	            0	           64	       6	       8	       8	       8	       7	       6	       7	       8	       7
      13	  3	347	    0.28	          5	            0	           54	       6	       5	       8	       8	       9	       8	       6	       5	       5
      14	417	270	    0.13	          9	            0	           44	       5	       7	      10	       9	       8	       7	       7	      10	      10
      15	477	 50	    0.08	          7	            0	           18	       5	       6	       9	       9	       6	       6	       4	       7	       9
      16	 28	 12	    0.07	         11	            0	           30	       5	       6	       8	      11	       8	       5	       6	       8	       8
      17	386	217	    0.27	          1	            0	           20	       5	       6	       9	      12	      13	       9	       8	       6	       6
      18	430	352	    0.07	          6	            0	           25	       6	       9	      14	      13	       9	       8	      10	      10	       9
      19	162	266	    0.03	          7	            0	           20	       4	       4	       5	       6	       4	       4	       3	       4	       5
      20	 52	 61	    0.16	         12	            0	           41	       7	       6	      10	      11	      13	      11	       7	       8	       7
      21	287	111	    0.19	         10	            0	           50	       8	       9	      11	      14	      12	       7	       8	       9	       9
      22	 49	114	    0.26	          6	            0	           18	       5	       6	       8	       9	       8	       5	       6	      10	      10
      23	311	248	    0.17	          4	            0	           25	       6	       8	       8	       9	      12	       8	       7	       7	       9
      24	365	 30	    0.22	         10	            0	           30	       5	       7	       8	       8	       8	       4	       5	       5	       7
      25	106	 57	    0.17	          6	            0	           68	       8	       7	       9	      11	      12	      10	       8	       6	       8
      26	141	308	    0.13	          6	            0	           40	       4	       4	       6	       5	       5	       4	       3	       4	       5
      27	338	279	    0.07	          9	            0	           14	       5	       5	       8	      10	       9	      10	       8	       6	       6
      28	360	489	    0.29	          6	            0	           46	       5	       6	       7	       9	       6	       5	       5	       7	       7
      29	468	293	       0	          2	            0	            9	       4	       4	       5	       6	       5	       4	       3	       3	       6
      30	 87	252	    0.03	          6	            0	           66	       6	       7	       8	      10	      10	      10	       9	       7	       7
      31	 32	449	    0.27	          1	            0	           56	       6	       8	      10	      13	      11	      10	       7	       8	      10
      32	360	307	    0.14	          5	            0	           27	       3	       4	       4	       5	       6	       5	       4	       3	       4
      33	 43	258	    0.07	          4	            0	           37	       3	       5	       6	       6	       4	       3	       4	       5	       5
      34	292	165	    0.11	         13	            0	           27	       7	       8	      10	      10	       8	       9	       7	       7	      10
      35	 29	 18	    0.24	          9	            0	           52	       4	       7	       9	       9	       8	       6	       5	       6	       7
      36	186	293	    0.07	          7	            0	           37	       4	       4	       6	       7	       5	       4	       3	       4	       5
      37	401	421	    0.12	          2	            0	           27	       6	       6	       7	      10	       8	       8	       7	       5	       6
      38	 55	153	    0.17	         10	            0	           56	       4	       6	       9	      10	       6	       5	       5	       6	       8
      39	121	 42	    0.05	          8	            0	           17	       7	      10	      10	      12	      11	       9	       7	       8	       8
      40	373	314	    0.15	          4	            0	           31	       4	       3	       5	       7	       5	       3	       3	       4	       6
      41	207	173	    0.12	          6	            0	           20	       4	       4	       5	       5	       4	       4	       3	       4	       5
      42	258	333	    0.03	          5	            0	           32	       5	       7	      11	       8	       7	       6	       7	       9	       9
      43	 17	416	    0.23	          5	            0	           16	       3	       4	       5	       5	       5	       6	       4	       3	       3
      44	 65	149	    0.24	          9	            0	           33	       5	       6	       7	       8	       9	       8	       6	       4	       5
      45	377	204	    0.19	          9	            0	           41	       5	       6	       7	       7	       9	       7	       5	       4	       5
      46	147	219	    0.19	          9	            0	           40	       5	       6	      11	       8	       8	       5	       6	       9	      10
      47	483	357	    0.07	          6	            0	           12	       3	       4	       4	       7	       6	       3	       3	       3	       5
      48	201	286	    0.14	         10	            0	           53	       5	       7	      10	       8	       9	       6	       5	       6	       8
      49	230	165	    0.16	          7	            0	           50	       6	       7	      11	      14	       9	       8	       7	       9	      10
      50	322	348	    0.22	          7	            0	           17	       6	       7	       9	       8	       8	       8	       5	       6	       8
      51	212	474	    0.09	          7	            0	           33	       4	       6	       7	       8	       7	       4	       6	       7	       9
      52	126	158	    0.21	          8	            0	           21	       4	       4	       6	       5	       4	       4	       5	       5	       5
      53	 75	230	    0.24	          4	            0	           35	       5	       6	       9	      10	       6	       5	       8	       8	      10
      54	455	205	    0.25	          1	            0	           15	       6	       7	       8	       7	       7	       5	       4	       5	       8
      55	319	234	    0.13	          2	            0	           43	       6	       7	       9	      12	       7	       5	      10	      13	       8
      56	 80	 12	    0.09	         11	            0	           14	       5	       8	      10	      10	       6	       5	       7	      10	       9
      57	 78	475	     0.2	          7	            0	           35	       4	       6	       6	       7	       7	       4	       4	       5	       5
      58	433	289	    0.06	         10	            0	           23	       6	       7	      10	      11	      10	       9	       9	       5	       6
      59	158	151	    0.22	          8	            0	           14	       5	       6	       6	       8	       8	       6	       5	       5	       7
      60	256	450	    0.03	          1	            0	           20	       4	       4	       8	       7	       6	       4	       5	       5	       6
      61	 50	424	    0.01	          4	            0	           14	       4	       4	       4	       5	       6	       5	       4	       3	       3
      62	341	252	    0.29	          4	            0	           14	       5	       6	       9	       9	       7	       6	       7	       9	      10
      63	206	138	    0.13	          5	            0	           23	       7	       8	      10	      11	      12	       9	       6	       8	       9
      64	130	214	    0.01	         11	            0	           54	       4	       7	       8	       8	       4	       5	       8	       8	       8
      65	207	298	    0.15	          5	            0	           54	       5	       6	       9	       7	       6	       5	       7	       9	       9
      66	 34	329	    0.12	          3	            0	           55	       6	       6	      10	      12	      11	       8	       5	       7	       9
      67	224	436	    0.09	          1	            0	           27	       7	       8	      10	      12	      12	       7	       8	       8	      13
      68	117	477	    0.02	         10	            0	           41	       5	       5	       6	       9	       9	       7	       6	       4	       5
      69	309	173	    0.14	          7	            0	           29	       6	       7	       9	       9	       6	       6	       7	      10	      11
      70	100	123	    0.18	          6	            0	           18	       5	       6	       8	       8	       7	       7	       5	       5	       6
      71	 12	140	       0	          9	            0	           62	       5	       8	       9	       9	       9	       7	       5	       5	       6
      72	256	465	    0.28	          2	            0	           20	       3	       4	       5	       6	       7	       5	       4	       3	       3
      73	  9	 26	    0.23	          8	            0	           38	       6	       8	       7	      11	      10	       9	      11	       8	       7
      74	104	405	    0.25	          5	            0	           29	       4	       4	       5	       5	       5	       4	       5	       3	       3
      75	268	187	    0.26	          6	            0	           46	       4	       4	       8	       6	       5	       4	       4	       6	       6
      76	 32	418	    0.18	          5	            0	           53	       7	       7	      13	      13	       9	       7	       7	      11	      13
      77	152	109	    0.17	          4	            0	           56	       4	       6	       8	       7	       9	       7	       6	       5	       6
      78	272	405	    0.21	          4	            0	           31	       4	       5	       5	       6	       3	       3	       5	       7	       5
      79	188	207	    0.11	         13	            0	           18	       6	      10	      10	      13	      10	       8	       6	       9	      10
      80	377	293	    0.18	          2	            0	           14	       5	       6	       6	       7	       8	       6	       5	       4	       7
      81	492	423	    0.19	          7	            0	           25	       3	       5	       5	       5	       3	       3	       5	       5	       5
      82	195	235	    0.23	          5	            0	           30	       3	       4	       4	       6	       5	       5	       4	       4	       3
      83	 90	213	     0.1	         11	            0	           28	       7	       8	      10	       9	      12	       9	       7	       7	       5
      84	157	412	    0.02	          3	            0	           61	       7	       7	      10	      10	       9	       9	       7	       7	       7
      85	 99	 10	    0.21	          7	            0	           13	       4	       4	       7	       8	       6	       7	       5	       4	       5
      86	410	 18	    0.17	          1	            0	           12	       4	       6	       7	       9	       6	       5	       6	       6	       7
      87	417	108	    0.25	          2	            0	           39	       4	       5	       8	       7	       8	       7	       4	       5	       7
      88	 41	364	    0.08	          1	            0	           62	       7	       9	      10	       9	       8	       7	       5	       7	       9
      89	 59	393	    0.22	          1	            0	           27	       3	       4	       5	       6	       5	       4	       4	       5	       5
      90	234	 85	    0.08	          2	            0	           28	       6	       8	      11	      12	      13	       9	       9	       8	       7
      91	405	266	    0.04	          9	            0	           42	       4	       5	       8	       7	       5	       4	       6	       8	       7
      92	119	298	    0.04	          4	            0	           38	       6	       8	      11	      13	      13	       7	       7	       8	       8
      93	488	475	       0	         11	            0	           58	       6	       8	      11	      12	       7	       6	       9	       9	      11
      94	 44	430	    0.15	          2	            0	           14	       3	       4	       5	       5	       6	       4	       4	       3	       4
      95	238	144	     0.2	         10	            0	           45	       8	       9	      13	      11	      11	       8	       6	      11	      13
      96	 11	202	    0.11	          7	            0	           15	       4	       4	       6	       6	       6	       5	       5	       3	       5
      97	268	308	    0.13	          5	            0	           33	       4	       5	       6	       8	       8	       7	       4	       5	       6
      98	391	205	    0.27	          1	            0	           22	       4	       6	       7	       7	       7	       7	       6	       5	       5
      99	247	123	    0.26	         11	            0	           48	       5	       6	       7	       9	       9	       6	       5	       5	       7
     100	372	 12	       0	          6	            0	           49	       5	       7	       8	       9	       9	       8	       8	       7	       7
COST_MATRIX 
	  0	  1	  2	  3	  4	  5	  6	  7	  8	  9	 10	 11	 12	 13	 14	 15	 16	 17	 18	 19	 20	 21	 22	 23	 24	 25	 26	 27	 28	 29	 30	 31	 32	 33	 34	 35	 36	 37	 38	 39	 40	 41	 42	 43	 44	 45	 46	 47	 48	 49	 50	 51	 52	 53	 54	 55	 56	 57	 58	 59	 60	 61	 62	 63	 64	 65	 66	 67	 68	 69	 70	 71	 72	 73	 74	 75	 76	 77	 78	 79	 80	 81	 82	 83	 84	 85	 86	 87	 88	 89	 90	 91	 92	 93	 94	 95	 96	 97	 98	 99	100
  0
  1	 28
  2	 18	 33
  3	 43	 36	 30
  4	 36	 44	 18	 23
  5	 37	 45	 19	 22	  2
  6	 16	 18	 30	 46	 46	 47
  7	 17	 23	 11	 26	 24	 24	 24
  8	 12	 18	 17	 34	 32	 33	 15	  9
  9	 17	 13	 28	 42	 43	 44	  6	 20	 12
 10	 36	 27	 26	  9	 26	 25	 38	 20	 26	 33
 11	 42	 23	 36	 19	 38	 37	 39	 28	 31	 34	 13
 12	 16	 12	 25	 38	 40	 41	  9	 17	  9	  4	 30	 31
 13	 11	 24	 28	 48	 45	 46	  7	 24	 15	 11	 40	 43	 13
 14	 38	 31	 26	  6	 23	 22	 41	 21	 28	 36	  4	 16	 33	 43
 15	 55	 36	 47	 23	 45	 44	 52	 40	 44	 47	 22	 14	 44	 56	 23
 16	 42	 19	 51	 52	 63	 63	 28	 41	 35	 26	 43	 36	 27	 34	 47	 46
 17	 38	 26	 28	 11	 28	 28	 38	 21	 27	 33	  3	 10	 30	 41	  7	 20	 42
 18	 36	 36	 22	 10	 15	 14	 43	 20	 29	 39	 12	 24	 35	 43	  9	 31	 53	 15
 19	 18	 12	 22	 32	 35	 36	 15	 12	  7	 11	 23	 25	  7	 18	 26	 39	 29	 23	 29
 20	 37	 13	 45	 47	 57	 58	 23	 35	 29	 20	 39	 33	 21	 30	 43	 43	  6	 37	 48	 24
 21	 38	 16	 36	 25	 41	 41	 33	 26	 27	 28	 17	  8	 25	 37	 21	 20	 28	 15	 29	 20	 25
 22	 32	 10	 41	 46	 54	 54	 18	 31	 25	 15	 37	 32	 16	 24	 40	 44	 11	 36	 45	 19	  6	 24
 23	 30	 20	 23	 17	 27	 27	 30	 14	 19	 26	  8	 14	 22	 33	 11	 26	 37	  9	 16	 16	 32	 14	 30
 24	 49	 26	 45	 27	 47	 46	 44	 36	 38	 39	 22	 10	 36	 49	 25	 12	 34	 19	 33	 32	 32	 12	 33	 23
 25	 37	 11	 43	 43	 54	 55	 25	 33	 29	 21	 34	 27	 21	 31	 38	 38	 10	 33	 44	 22	  6	 19	  9	 29	 27
 26	 14	 16	 19	 34	 34	 35	 13	 11	  3	 10	 26	 30	  7	 15	 28	 43	 32	 27	 30	  5	 27	 25	 22	 19	 36	 26
 27	 30	 24	 21	 14	 23	 23	 33	 14	 20	 28	  7	 16	 25	 35	  8	 27	 41	  8	 12	 18	 36	 18	 34	  5	 26	 33	 20
 28	 29	 40	 12	 25	  7	  8	 41	 19	 27	 38	 25	 37	 35	 39	 23	 46	 59	 28	 16	 30	 53	 39	 49	 25	 46	 51	 29	 22
 29	 42	 36	 28	  3	 21	 20	 46	 25	 33	 41	 10	 20	 38	 47	  6	 25	 53	 12	  8	 31	 48	 26	 46	 17	 29	 44	 33	 14	 23
 30	 18	 11	 27	 39	 42	 43	  8	 19	 11	  3	 31	 31	  2	 13	 34	 44	 25	 31	 36	  8	 20	 25	 15	 23	 36	 20	  8	 26	 37	 39
 31	  6	 32	 22	 48	 40	 41	 17	 22	 17	 20	 42	 47	 20	 11	 43	 60	 44	 43	 41	 23	 39	 43	 34	 35	 54	 40	 18	 36	 34	 47	 21
 32	 31	 27	 19	 12	 20	 20	 35	 14	 22	 31	  7	 19	 27	 36	  7	 29	 45	 10	  9	 21	 40	 21	 37	  8	 28	 36	 22	  4	 19	 11	 28	 36
 33	 17	 14	 29	 43	 45	 46	  4	 22	 13	  2	 35	 36	  6	 10	 38	 49	 25	 35	 40	 12	 20	 29	 15	 27	 40	 22	 12	 30	 40	 43	  5	 20	 33
 34	 34	 16	 30	 21	 36	 35	 31	 21	 23	 25	 13	  9	 23	 35	 17	 22	 31	 11	 24	 17	 27	  6	 25	  9	 16	 22	 21	 13	 34	 22	 23	 39	 16	 27
 35	 41	 18	 50	 52	 62	 62	 27	 40	 34	 25	 43	 36	 26	 34	 47	 45	  1	 41	 53	 29	  5	 28	 10	 37	 34	  9	 32	 41	 58	 52	 25	 44	 44	 25	 31
 36	 17	 15	 18	 29	 31	 32	 18	  9	  6	 13	 21	 25	 10	 20	 24	 38	 33	 22	 26	  4	 27	 21	 23	 14	 32	 25	  5	 16	 27	 29	 11	 22	 18	 15	 17	 32
 37	 33	 38	 16	 17	  8	  8	 42	 18	 27	 38	 18	 31	 35	 41	 16	 38	 56	 21	  8	 29	 51	 34	 47	 20	 40	 47	 29	 16	  8	 15	 36	 38	 13	 40	 28	 55	 26
 38	 28	  9	 37	 44	 50	 51	 14	 28	 21	 11	 35	 32	 12	 21	 39	 44	 15	 34	 43	 16	 10	 24	  4	 28	 34	 11	 18	 31	 46	 44	 11	 30	 35	 11	 24	 14	 20	 44
 39	 39	 12	 44	 42	 55	 55	 27	 34	 30	 23	 34	 26	 23	 33	 38	 36	 10	 32	 44	 23	  8	 18	 11	 29	 25	  3	 27	 33	 51	 43	 22	 42	 36	 23	 22	 10	 26	 48	 13
 40	 32	 29	 20	 11	 19	 19	 36	 15	 23	 32	  8	 20	 29	 38	  7	 29	 46	 10	  7	 22	 41	 23	 39	 10	 29	 38	 24	  5	 18	 10	 30	 37	  2	 34	 17	 46	 19	 12	 36	 38
 41	 29	  7	 30	 29	 39	 39	 23	 19	 18	 17	 20	 17	 15	 27	 24	 30	 25	 19	 29	 11	 20	 11	 17	 13	 22	 16	 16	 17	 36	 29	 15	 33	 21	 19	  9	 24	 13	 32	 16	 16	 22
 42	 21	 22	 13	 23	 23	 24	 25	  4	 12	 22	 16	 24	 18	 26	 18	 36	 40	 18	 18	 12	 35	 23	 31	 11	 33	 32	 12	 10	 19	 22	 19	 26	 11	 23	 18	 39	  9	 17	 28	 33	 12	 17
 43	  7	 29	 24	 48	 42	 43	 14	 23	 16	 17	 41	 46	 18	  8	 43	 59	 41	 42	 42	 21	 36	 41	 31	 34	 52	 37	 17	 35	 36	 47	 18	  4	 36	 17	 38	 40	 21	 39	 27	 39	 38	 31	 26
 44	 28	  8	 37	 43	 50	 51	 15	 27	 21	 12	 34	 31	 13	 21	 38	 43	 15	 33	 42	 16	  9	 23	  4	 27	 33	 11	 18	 31	 46	 43	 11	 31	 34	 12	 23	 14	 19	 44	  2	 13	 35	 15	 27	 28
 45	 38	 25	 29	 12	 30	 29	 38	 22	 27	 33	  5	  9	 29	 41	  8	 19	 40	  2	 16	 23	 36	 13	 35	  8	 18	 31	 26	  9	 29	 13	 30	 43	 11	 34	 10	 40	 22	 22	 33	 31	 12	 18	 18	 42	 32
 46	 22	  7	 27	 33	 39	 40	 15	 17	 12	 10	 25	 24	  7	 20	 28	 38	 24	 24	 32	  5	 19	 18	 15	 17	 29	 17	  9	 21	 35	 33	  7	 26	 24	 12	 16	 24	  9	 33	 12	 18	 25	  8	 16	 24	 11	 24
 47	 42	 40	 26	  9	 15	 14	 48	 26	 34	 44	 15	 27	 40	 49	 11	 31	 58	 18	  6	 34	 53	 32	 50	 21	 35	 49	 35	 17	 19	  7	 41	 47	 14	 46	 28	 57	 31	 11	 48	 48	 12	 34	 23	 47	 47	 19	 37
 48	 19	 15	 19	 28	 31	 31	 19	  9	  8	 15	 20	 24	 11	 21	 22	 37	 33	 20	 24	  5	 27	 20	 23	 12	 31	 25	  7	 14	 26	 27	 12	 24	 17	 17	 16	 32	  2	 25	 20	 26	 18	 12	  8	 23	 20	 20	  9	 30
 49	 30	 10	 30	 27	 38	 38	 25	 20	 19	 20	 18	 15	 17	 30	 22	 28	 26	 17	 28	 13	 21	  8	 19	 12	 20	 17	 17	 16	 35	 28	 17	 35	 20	 21	  7	 25	 14	 31	 18	 17	 21	  3	 18	 33	 17	 16	 10	 32	 13
 50	 26	 27	 14	 17	 18	 18	 32	  9	 18	 28	 13	 23	 25	 32	 13	 34	 45	 15	 11	 18	 40	 24	 36	 11	 33	 37	 19	  8	 15	 16	 26	 31	  6	 30	 19	 45	 15	 11	 34	 37	  7	 21	  7	 32	 33	 16	 22	 17	 14	 21
 51	 15	 33	  5	 33	 21	 23	 28	 12	 16	 27	 29	 39	 24	 25	 29	 51	 50	 32	 25	 22	 45	 38	 40	 25	 47	 44	 19	 24	 15	 32	 26	 19	 23	 28	 32	 50	 19	 20	 36	 45	 23	 31	 15	 21	 36	 32	 27	 30	 19	 31	 17
 52	 27	  2	 33	 37	 45	 46	 17	 23	 18	 13	 28	 25	 12	 23	 32	 37	 18	 27	 37	 12	 13	 17	  9	 21	 28	 11	 16	 25	 41	 37	 11	 31	 28	 13	 17	 18	 15	 39	  8	 12	 30	  9	 22	 29	  7	 26	  7	 41	 15	 11	 28	 33
 53	 20	 10	 29	 40	 44	 45	  8	 21	 13	  4	 32	 32	  5	 14	 35	 45	 23	 32	 38	 10	 18	 25	 12	 24	 36	 18	 11	 27	 39	 40	  3	 23	 30	  5	 23	 22	 13	 38	  8	 20	 31	 15	 21	 20	  9	 31	  8	 43	 14	 17	 28	 28	  9
 54	 44	 32	 33	  7	 30	 28	 45	 28	 34	 40	  8	 13	 37	 48	  8	 16	 47	  8	 15	 30	 43	 20	 42	 16	 20	 38	 34	 14	 30	  9	 38	 49	 14	 42	 17	 47	 29	 23	 41	 38	 14	 26	 24	 49	 40	  8	 31	 16	 27	 23	 20	 37	 34	 39
 55	 31	 20	 24	 16	 28	 28	 31	 16	 20	 26	  8	 13	 23	 34	 11	 25	 37	  7	 17	 17	 32	 13	 30	  2	 21	 28	 20	  5	 26	 17	 24	 36	  9	 28	  8	 37	 15	 21	 28	 28	 10	 13	 12	 36	 27	  7	 18	 21	 13	 12	 12	 27	 21	 25	 14
 56	 42	 16	 49	 47	 59	 60	 28	 39	 33	 25	 39	 31	 26	 35	 43	 40	  6	 37	 49	 27	  6	 23	 11	 34	 29	  6	 31	 38	 56	 48	 25	 44	 41	 25	 27	  6	 31	 52	 15	  6	 43	 21	 37	 41	 14	 36	 22	 54	 30	 22	 42	 49	 16	 22	 43	 33
 57	  6	 33	 18	 45	 35	 37	 21	 20	 16	 22	 39	 46	 22	 15	 40	 59	 47	 41	 38	 23	 42	 42	 37	 33	 53	 42	 18	 33	 29	 44	 23	  6	 33	 22	 38	 46	 22	 33	 33	 44	 34	 33	 23	  9	 33	 41	 27	 43	 23	 35	 28	 14	 33	 25	 47	 35	 47
 58	 38	 33	 26	  5	 21	 20	 42	 22	 29	 38	  7	 18	 34	 44	  3	 25	 50	  9	  7	 28	 45	 24	 43	 13	 27	 41	 30	 10	 22	  4	 35	 44	  8	 40	 19	 49	 25	 14	 41	 40	  7	 26	 19	 44	 40	 11	 30	  9	 24	 24	 13	 29	 34	 37	  9	 13	 45	 41
 59	 29	  2	 33	 34	 44	 44	 20	 23	 19	 15	 25	 21	 13	 25	 29	 34	 20	 24	 34	 12	 14	 14	 12	 19	 24	 11	 16	 23	 40	 35	 13	 33	 26	 16	 14	 19	 15	 37	 11	 12	 27	  6	 21	 31	 10	 23	  7	 39	 15	  8	 26	 33	  4	 12	 31	 19	 16	 34	 31
 60	 19	 32	  2	 29	 18	 19	 30	 10	 16	 28	 25	 35	 25	 28	 25	 46	 50	 27	 20	 21	 44	 35	 40	 21	 44	 43	 19	 19	 12	 27	 27	 23	 18	 29	 29	 49	 18	 15	 36	 43	 18	 29	 12	 25	 36	 28	 26	 25	 18	 29	 13	  6	 32	 29	 32	 23	 48	 18	 24	 32
 61	  3	 29	 21	 45	 38	 40	 15	 20	 14	 17	 39	 44	 17	 10	 40	 57	 42	 40	 39	 20	 37	 40	 32	 32	 51	 38	 15	 33	 32	 44	 18	  4	 34	 17	 36	 41	 19	 36	 28	 39	 35	 30	 23	  4	 28	 40	 23	 44	 21	 32	 29	 17	 28	 20	 47	 33	 42	  6	 41	 30	 21
 62	 32	 23	 23	 14	 26	 26	 33	 16	 21	 29	  5	 14	 25	 36	  8	 25	 40	  6	 14	 18	 35	 16	 33	  4	 23	 31	 21	  3	 24	 14	 26	 37	  6	 30	 10	 40	 17	 18	 31	 31	  7	 16	 12	 37	 30	  7	 20	 18	 15	 15	 10	 26	 24	 27	 13	  3	 36	 35	 10	 21	 22	 34
 63	 32	  7	 33	 30	 42	 42	 24	 23	 21	 19	 22	 17	 17	 30	 25	 29	 22	 20	 31	 14	 18	  9	 16	 16	 20	 13	 19	 20	 39	 31	 17	 36	 23	 21	 10	 22	 16	 35	 16	 13	 25	  4	 21	 34	 15	 19	 11	 36	 15	  4	 24	 34	  9	 17	 26	 15	 18	 37	 28	  5	 32	 33	 18
 64	 22	  6	 28	 35	 41	 41	 14	 18	 13	  9	 27	 26	  7	 19	 30	 39	 23	 26	 34	  7	 18	 19	 13	 19	 30	 16	 10	 22	 36	 35	  6	 26	 25	 10	 17	 23	 10	 35	 10	 18	 27	  9	 18	 24	 10	 25	  2	 39	 11	 12	 24	 28	  6	  6	 33	 20	 21	 27	 32	  7	 27	 23	 22	 11
 65	 18	 16	 17	 27	 29	 30	 20	  7	  7	 16	 19	 24	 12	 21	 22	 37	 34	 20	 23	  6	 29	 21	 25	 12	 32	 27	  7	 14	 25	 27	 13	 24	 16	 17	 16	 34	  3	 23	 22	 28	 17	 13	  7	 23	 21	 20	 10	 29	  2	 14	 13	 18	 17	 15	 27	 13	 32	 22	 23	 16	 16	 21	 15	 17	 12
 66	 11	 21	 26	 45	 43	 44	  6	 21	 12	  8	 37	 40	  9	  4	 39	 53	 32	 37	 40	 15	 27	 34	 22	 29	 45	 29	 11	 31	 37	 44	 10	 13	 33	  8	 31	 32	 16	 38	 18	 30	 34	 24	 23	  9	 19	 37	 16	 45	 18	 26	 29	 23	 20	 11	 44	 31	 33	 16	 41	 22	 26	 10	 32	 26	 15	 18
 67	 15	 30	  4	 30	 21	 22	 26	  8	 13	 24	 26	 35	 22	 24	 26	 47	 47	 28	 23	 19	 42	 34	 37	 21	 43	 40	 16	 20	 15	 29	 23	 20	 19	 26	 28	 47	 15	 18	 33	 41	 20	 27	 11	 21	 33	 28	 24	 28	 16	 28	 14	  4	 30	 26	 33	 23	 45	 16	 26	 30	  4	 18	 22	 30	 25	 14	 22
 68	  7	 33	 14	 42	 31	 33	 23	 17	 15	 23	 36	 44	 22	 18	 37	 56	 48	 38	 34	 22	 43	 41	 37	 31	 52	 43	 18	 30	 25	 40	 23	  9	 30	 24	 36	 47	 20	 29	 33	 44	 31	 32	 21	 12	 34	 38	 26	 39	 21	 34	 25	 10	 32	 26	 44	 32	 47	  4	 37	 33	 15	  9	 32	 36	 27	 21	 17	 12
 69	 35	 18	 30	 20	 34	 34	 32	 21	 23	 27	 11	  8	 24	 36	 15	 21	 33	  9	 22	 18	 29	  7	 27	  8	 16	 24	 22	 11	 33	 20	 24	 40	 15	 28	  2	 33	 18	 27	 26	 23	 16	 11	 17	 38	 25	  8	 17	 26	 16	  8	 18	 32	 19	 25	 15	  7	 28	 39	 17	 16	 29	 37	  9	 11	 19	 17	 32	 28	 36
 70	 31	  6	 37	 41	 49	 50	 19	 28	 22	 15	 32	 27	 15	 25	 35	 39	 14	 31	 41	 16	  8	 19	  6	 25	 29	  7	 19	 29	 45	 41	 13	 34	 32	 15	 20	 13	 20	 43	  6	  9	 34	 12	 27	 31	  5	 29	 11	 45	 20	 14	 32	 37	  5	 11	 37	 25	 12	 36	 38	  7	 37	 31	 28	 11	 10	 21	 22	 34	 36	 22
 71	 30	 13	 40	 48	 55	 55	 15	 32	 24	 13	 40	 36	 16	 21	 43	 48	 13	 39	 47	 20	  9	 28	  5	 32	 37	 13	 22	 36	 50	 49	 14	 31	 39	 13	 29	 13	 24	 48	  5	 15	 41	 20	 32	 28	  6	 38	 16	 52	 24	 22	 38	 39	 12	 11	 45	 33	 15	 35	 45	 15	 40	 29	 35	 20	 14	 26	 20	 37	 36	 30	  9
 72	 19	 33	  1	 30	 17	 19	 31	 11	 17	 29	 26	 36	 26	 28	 26	 48	 51	 29	 21	 23	 46	 36	 41	 23	 45	 44	 20	 21	 11	 28	 28	 23	 19	 30	 31	 51	 19	 16	 38	 45	 20	 30	 14	 25	 37	 29	 27	 26	 19	 31	 14	  5	 34	 30	 33	 24	 49	 18	 25	 33	  2	 22	 23	 34	 29	 18	 27	  5	 14	 30	 38	 41
 73	 41	 19	 50	 53	 63	 63	 26	 41	 34	 24	 44	 37	 26	 33	 48	 47	  3	 43	 54	 29	  6	 30	 10	 38	 36	 11	 32	 42	 59	 54	 24	 43	 45	 24	 32	  3	 33	 56	 14	 12	 47	 25	 40	 40	 14	 41	 24	 58	 33	 27	 45	 50	 18	 22	 49	 38	  8	 46	 50	 20	 50	 41	 41	 23	 23	 34	 31	 47	 47	 34	 14	 12	 51
 74	  4	 26	 16	 40	 33	 35	 16	 14	  9	 16	 33	 39	 15	 12	 35	 52	 41	 34	 34	 16	 35	 35	 30	 26	 46	 35	 11	 27	 27	 39	 16	  9	 28	 16	 31	 40	 14	 30	 26	 37	 29	 26	 18	  9	 26	 34	 20	 39	 16	 28	 23	 13	 25	 18	 41	 28	 40	  8	 35	 26	 16	  6	 29	 29	 20	 15	 11	 13	  8	 31	 29	 29	 17	 40
 75	 31	 14	 28	 23	 35	 35	 28	 18	 19	 22	 14	 12	 19	 31	 18	 25	 30	 13	 24	 14	 26	  8	 24	  8	 19	 21	 18	 12	 32	 23	 20	 36	 16	 24	  4	 30	 14	 27	 22	 21	 17	  7	 15	 34	 21	 12	 13	 28	 12	  5	 17	 30	 15	 20	 19	  7	 26	 35	 20	 12	 27	 33	 10	  8	 15	 13	 28	 26	 33	  5	 18	 27	 28	 31	 28
 76	  5	 29	 23	 47	 40	 42	 14	 21	 15	 17	 40	 45	 17	  8	 42	 58	 41	 41	 41	 21	 36	 40	 31	 33	 52	 37	 16	 34	 34	 46	 18	  4	 35	 17	 37	 41	 20	 37	 27	 39	 36	 31	 25	  2	 28	 41	 23	 46	 22	 33	 30	 19	 28	 20	 48	 35	 41	  8	 43	 30	 23	  2	 36	 33	 23	 22	  9	 20	 11	 37	 31	 28	 23	 40	  8	 34
 77	 33	  5	 37	 36	 47	 48	 23	 27	 23	 18	 28	 22	 17	 29	 32	 34	 16	 26	 37	 16	 12	 14	 11	 22	 23	  7	 20	 26	 44	 37	 16	 37	 29	 19	 16	 16	 19	 40	 11	  8	 31	  9	 25	 34	 10	 25	 12	 42	 19	 10	 30	 37	  6	 15	 32	 21	 13	 38	 34	  5	 36	 34	 24	  7	 11	 20	 25	 34	 37	 17	  6	 15	 38	 17	 30	 14	 34
 78	 20	 29	  7	 25	 18	 19	 29	  6	 15	 26	 20	 30	 23	 28	 20	 41	 47	 22	 17	 18	 41	 30	 37	 17	 39	 39	 17	 15	 13	 23	 25	 25	 14	 28	 25	 46	 15	 13	 34	 40	 14	 25	  8	 26	 33	 23	 23	 22	 14	 25	  8	 10	 29	 27	 28	 18	 44	 21	 20	 28	  5	 23	 17	 28	 24	 13	 25	  6	 18	 24	 34	 38	  7	 47	 17	 22	 25	 32
 79	 25	  8	 27	 30	 37	 38	 19	 16	 14	 14	 21	 20	 11	 24	 24	 33	 26	 20	 29	  7	 20	 14	 17	 13	 26	 18	 12	 17	 34	 30	 12	 29	 20	 16	 12	 25	  9	 31	 15	 18	 22	  4	 15	 28	 14	 19	  5	 34	  9	  6	 20	 27	  8	 12	 27	 14	 23	 29	 26	  7	 26	 26	 16	  8	  6	 10	 20	 24	 28	 13	 13	 19	 27	 26	 22	  9	 27	 11	 22
 80	 33	 28	 22	 10	 21	 20	 37	 16	 24	 32	  5	 18	 29	 38	  5	 27	 45	  8	  8	 22	 40	 21	 38	  8	 27	 36	 24	  5	 20	 10	 30	 38	  3	 34	 16	 45	 20	 14	 36	 36	  3	 21	 13	 39	 35	  9	 25	 13	 18	 20	  8	 25	 29	 31	 12	  9	 41	 36	  6	 27	 20	 36	  6	 24	 26	 18	 35	 21	 32	 14	 33	 40	 22	 46	 30	 16	 37	 30	 16	 21
 81	 42	 45	 25	 16	 10	  9	 50	 27	 36	 47	 21	 33	 43	 50	 18	 38	 62	 24	 10	 37	 57	 38	 55	 26	 42	 54	 37	 22	 15	 14	 44	 47	 18	 48	 33	 62	 34	 10	 52	 54	 17	 38	 26	 48	 51	 25	 41	  7	 33	 37	 19	 29	 46	 46	 23	 26	 59	 42	 15	 44	 24	 45	 23	 41	 42	 32	 47	 27	 38	 31	 50	 56	 24	 63	 39	 33	 47	 47	 23	 38	 18
 82	 23	 10	 24	 28	 35	 35	 19	 14	 11	 14	 20	 21	 11	 23	 23	 34	 28	 20	 27	  5	 23	 16	 19	 12	 27	 20	 10	 15	 31	 28	 11	 27	 19	 16	 12	 28	  6	 28	 17	 21	 20	  7	 12	 26	 16	 19	  6	 32	  6	  8	 17	 24	 11	 13	 27	 13	 26	 27	 25	 10	 23	 24	 15	 10	  7	  7	 19	 21	 26	 13	 15	 21	 24	 28	 20	  9	 25	 14	 19	  3	 20	 36
 83	 22	  8	 30	 39	 44	 45	 11	 21	 14	  6	 31	 30	  6	 16	 34	 42	 22	 30	 37	  9	 16	 23	 11	 23	 34	 16	 11	 26	 39	 39	  4	 25	 29	  7	 21	 21	 13	 38	  7	 18	 31	 13	 21	 22	  7	 29	  6	 42	 14	 15	 27	 29	  7	  3	 37	 23	 21	 27	 36	 10	 29	 22	 26	 14	  5	 15	 13	 27	 27	 23	 10	 11	 31	 21	 20	 18	 22	 13	 27	 10	 30	 46	 11
 84	  8	 26	 11	 35	 28	 29	 20	 10	  8	 18	 29	 36	 16	 17	 30	 49	 43	 31	 28	 15	 37	 33	 32	 23	 44	 36	 11	 23	 22	 34	 18	 14	 23	 20	 29	 42	 13	 25	 28	 38	 24	 25	 13	 15	 28	 31	 20	 34	 14	 26	 18	  9	 26	 20	 37	 25	 41	 11	 31	 27	 11	 11	 25	 28	 20	 13	 15	  8	  8	 29	 30	 31	 12	 42	  6	 26	 13	 31	 12	 21	 26	 34	 19	 21
 85	 42	 16	 48	 46	 59	 59	 29	 38	 33	 26	 38	 29	 26	 36	 42	 39	  8	 36	 48	 27	  7	 22	 12	 32	 27	  5	 31	 36	 55	 47	 25	 45	 40	 26	 25	  8	 30	 52	 15	  4	 41	 20	 37	 42	 15	 34	 22	 52	 30	 21	 41	 48	 16	 23	 41	 32	  2	 47	 44	 16	 47	 42	 35	 17	 21	 31	 33	 45	 47	 27	 12	 16	 49	 10	 40	 25	 42	 12	 44	 22	 40	 58	 25	 21	 41
 86	 53	 31	 48	 27	 48	 47	 48	 39	 42	 43	 23	 12	 40	 53	 26	  8	 39	 21	 34	 36	 37	 16	 38	 26	  5	 31	 40	 28	 48	 29	 40	 58	 30	 44	 19	 39	 36	 41	 38	 29	 30	 26	 35	 56	 37	 19	 34	 35	 34	 24	 35	 50	 32	 40	 20	 24	 34	 57	 28	 29	 46	 55	 25	 24	 35	 35	 49	 46	 55	 19	 33	 42	 48	 41	 50	 23	 56	 28	 42	 30	 28	 42	 31	 38	 47	 32
 87	 47	 29	 40	 18	 39	 38	 44	 32	 36	 39	 14	  6	 36	 48	 17	  9	 41	 12	 25	 30	 37	 14	 37	 18	 10	 32	 35	 19	 39	 20	 37	 52	 21	 41	 14	 40	 30	 32	 37	 31	 22	 22	 28	 51	 36	 11	 30	 26	 28	 20	 26	 42	 30	 37	 11	 16	 36	 50	 19	 27	 38	 49	 17	 22	 31	 29	 45	 39	 48	 13	 32	 41	 40	 42	 44	 17	 50	 27	 34	 25	 19	 33	 26	 35	 41	 34	 10
 88	  7	 23	 24	 45	 41	 42	  9	 20	 12	 11	 37	 41	 12	  5	 39	 54	 36	 38	 39	 16	 31	 36	 26	 30	 47	 32	 12	 31	 35	 44	 13	  9	 33	 11	 33	 35	 17	 37	 22	 34	 34	 26	 22	  6	 22	 38	 18	 45	 18	 28	 29	 21	 23	 14	 45	 31	 36	 12	 40	 25	 24	  7	 33	 28	 18	 18	  4	 20	 14	 33	 25	 23	 24	 34	  8	 29	  6	 28	 24	 22	 35	 46	 21	 16	 13	 36	 51	 46
 89	  4	 25	 21	 44	 38	 39	 12	 18	 11	 14	 37	 41	 14	  8	 38	 55	 39	 38	 38	 17	 34	 37	 28	 30	 48	 34	 12	 31	 32	 43	 15	  7	 32	 14	 33	 38	 17	 35	 25	 36	 33	 27	 21	  5	 25	 37	 20	 43	 18	 29	 27	 18	 25	 17	 44	 31	 39	  9	 39	 27	 21	  4	 32	 30	 20	 18	  7	 18	 11	 34	 28	 26	 21	 38	  5	 30	  4	 30	 22	 23	 34	 44	 21	 19	 10	 39	 52	 46	  4
 90	 38	 12	 38	 31	 45	 45	 30	 28	 27	 25	 23	 14	 23	 35	 27	 25	 22	 21	 34	 20	 19	  6	 19	 19	 15	 14	 25	 23	 43	 32	 23	 42	 26	 26	 10	 22	 22	 38	 20	 13	 27	 10	 25	 40	 19	 19	 16	 37	 21	  9	 28	 39	 14	 22	 26	 18	 18	 43	 29	 11	 37	 39	 20	  6	 17	 22	 32	 36	 41	 12	 14	 23	 39	 24	 35	 11	 39	  9	 33	 14	 26	 43	 16	 20	 34	 16	 19	 19	 34	 36
 91	 37	 29	 25	  7	 23	 22	 40	 20	 27	 35	  3	 15	 31	 42	  2	 23	 46	  6	  9	 25	 41	 20	 39	 10	 24	 37	 27	  7	 23	  7	 32	 42	  7	 37	 16	 46	 23	 16	 37	 37	  6	 22	 17	 42	 36	  7	 27	 12	 21	 21	 12	 29	 30	 34	  8	 10	 42	 39	  4	 28	 24	 39	  7	 24	 28	 21	 38	 25	 36	 14	 34	 42	 25	 47	 34	 16	 41	 30	 20	 23	  4	 18	 22	 32	 29	 40	 25	 16	 38	 37	 25
 92	 14	 15	 21	 36	 36	 37	 11	 13	  5	  7	 28	 31	  5	 13	 30	 44	 31	 28	 32	  6	 25	 26	 20	 20	 37	 25	  3	 22	 31	 35	  6	 18	 25	  9	 22	 30	  7	 31	 16	 26	 26	 16	 15	 16	 16	 28	  9	 37	  9	 18	 21	 20	 15	  9	 35	 21	 29	 19	 32	 16	 21	 15	 23	 19	  9	  9	 10	 18	 18	 23	 18	 20	 22	 30	 11	 19	 15	 20	 19	 12	 26	 40	 10	  9	 13	 29	 41	 36	 11	 12	 25	 29
 93	 42	 48	 24	 21	  7	  6	 52	 28	 37	 48	 26	 38	 45	 51	 22	 43	 66	 28	 14	 39	 61	 42	 57	 29	 47	 57	 39	 25	 13	 19	 46	 46	 22	 50	 37	 65	 36	 11	 54	 57	 20	 42	 28	 48	 54	 30	 43	 12	 35	 41	 21	 28	 49	 49	 28	 30	 62	 42	 20	 47	 24	 45	 27	 44	 45	 34	 48	 27	 38	 36	 53	 59	 24	 66	 40	 37	 46	 50	 23	 41	 22	  6	 38	 48	 34	 61	 47	 38	 47	 44	 47	 23	 41
 94	  4	 29	 21	 46	 39	 40	 16	 21	 15	 18	 40	 45	 18	 10	 41	 58	 42	 41	 40	 21	 37	 41	 32	 33	 52	 38	 16	 34	 33	 45	 19	  3	 34	 18	 37	 42	 20	 36	 28	 40	 35	 31	 24	  4	 29	 41	 24	 45	 22	 33	 29	 18	 29	 21	 47	 34	 42	  6	 42	 31	 22	  1	 35	 34	 24	 21	 11	 19	  9	 37	 32	 30	 22	 41	  7	 34	  2	 34	 23	 27	 37	 45	 25	 23	 12	 43	 56	 50	  7	  4	 40	 40	 16	 45
 95	 33	 10	 32	 27	 40	 40	 27	 22	 22	 22	 19	 13	 19	 32	 22	 26	 25	 17	 29	 15	 21	  6	 20	 13	 18	 16	 20	 17	 37	 28	 19	 37	 21	 23	  6	 25	 16	 33	 19	 16	 22	  5	 20	 36	 18	 16	 12	 33	 15	  3	 23	 34	 12	 19	 23	 13	 21	 37	 25	  9	 31	 34	 15	  4	 13	 16	 28	 30	 36	  8	 14	 23	 33	 26	 30	  6	 35	 10	 27	  9	 21	 38	 11	 17	 28	 20	 22	 19	 30	 31	  6	 21	 20	 42	 35
 96	 24	 14	 36	 47	 51	 52	  9	 28	 20	  8	 39	 37	 11	 15	 42	 50	 20	 38	 45	 17	 15	 30	 10	 31	 40	 18	 17	 34	 46	 47	 10	 25	 37	  7	 29	 19	 20	 45	  7	 20	 38	 20	 28	 22	  8	 37	 14	 50	 21	 23	 35	 34	 13	  7	 45	 31	 21	 29	 44	 16	 35	 23	 34	 21	 12	 22	 13	 32	 30	 30	 12	  7	 36	 18	 23	 26	 22	 17	 34	 18	 38	 53	 19	  8	 26	 22	 44	 42	 17	 20	 26	 40	 15	 55	 24	 24
 97	 23	 20	 16	 21	 25	 25	 26	  7	 13	 22	 14	 21	 18	 27	 16	 34	 39	 15	 17	 12	 33	 20	 30	  8	 30	 30	 13	  8	 21	 21	 19	 28	 10	 24	 15	 38	  9	 18	 27	 31	 11	 15	  3	 28	 26	 16	 16	 23	  8	 15	  7	 18	 21	 21	 22	  9	 36	 26	 17	 20	 15	 25	 10	 19	 17	  7	 24	 14	 23	 15	 25	 31	 16	 39	 20	 13	 27	 24	 10	 13	 12	 26	 11	 21	 16	 35	 33	 25	 24	 23	 23	 15	 15	 28	 26	 17	 28
 98	 39	 26	 30	 11	 29	 29	 39	 23	 28	 34	  5	  9	 31	 42	  8	 18	 42	  2	 16	 24	 37	 15	 36	 10	 18	 33	 28	 10	 29	 12	 31	 44	 11	 36	 11	 41	 23	 22	 35	 32	 12	 19	 19	 43	 34	  2	 25	 18	 21	 17	 16	 33	 27	 32	  7	  8	 37	 42	 10	 24	 28	 41	  7	 20	 27	 21	 38	 29	 39	  9	 31	 39	 30	 43	 35	 13	 42	 26	 24	 21	  9	 25	 20	 31	 32	 36	 19	 11	 39	 39	 20	  7	 29	 29	 42	 17	 39	 17
 99	 35	 12	 34	 27	 41	 41	 29	 24	 24	 24	 19	 12	 21	 34	 23	 25	 25	 17	 30	 17	 21	  5	 20	 15	 16	 16	 22	 19	 39	 28	 21	 40	 22	 25	  7	 25	 19	 34	 20	 15	 23	  7	 22	 38	 19	 16	 14	 34	 17	  5	 24	 36	 13	 21	 23	 14	 21	 40	 25	 10	 33	 36	 16	  5	 15	 18	 30	 32	 38	  8	 15	 24	 35	 26	 32	  7	 37	 10	 29	 11	 22	 39	 13	 19	 31	 19	 20	 18	 32	 33	  5	 22	 22	 43	 37	  3	 25	 19	 17
100	 51	 28	 47	 28	 49	 48	 45	 38	 40	 40	 24	 12	 38	 50	 27	 12	 35	 21	 35	 33	 33	 14	 34	 25	  2	 27	 38	 27	 48	 30	 38	 56	 30	 42	 18	 35	 34	 42	 35	 26	 31	 24	 35	 54	 34	 20	 31	 37	 33	 21	 34	 49	 29	 37	 22	 23	 30	 55	 29	 26	 46	 53	 25	 21	 32	 34	 47	 45	 54	 18	 30	 39	 47	 37	 48	 21	 53	 25	 41	 27	 29	 43	 29	 35	 46	 28	  4	 11	 49	 50	 16	 26	 39	 48	 54	 19	 41	 32	 20	 17
