nVehicles:   47
nDepots:      1
nCustomers: 100
nPeriods:    12
VEHICLE_TYPE	FLEET_SIZE	CAPACITY
           2	        47	      18	
DEPOT   	X  	Y  	INV_COST	INITIAL_INV 	MIN_LEVEL_INV 	MAX_LEVEL_INV	PRODUCTION_0	PRODUCTION_1	PRODUCTION_2	PRODUCTION_3	PRODUCTION_4	PRODUCTION_5	PRODUCTION_6	PRODUCTION_7	PRODUCTION_8	PRODUCTION_9	PRODUCTION_10	PRODUCTION_11
       0	243	406	       0	       1221	            0	         8706	         727	         727	         727	         727	         727	         727	         727	         727	         727	         727	          727	          727	
CUSTOMER	X  	Y  	INV_COST	INITIAL_INV	MIN_LEVEL_INV 	MAX_LEVEL_INV	DEMAND_0	DEMAND_1	DEMAND_2	DEMAND_3	DEMAND_4	DEMAND_5	DEMAND_6	DEMAND_7	DEMAND_8	DEMAND_9	DEMAND_10	DEMAND_11
       1	219	370	    0.13	         16	            0	           46	       8	      10	      12	      10	       7	       7	       8	      11	      10	       8	        7	        7
       2	427	495	    0.28	          4	            0	           71	       5	       6	       7	       9	       8	       6	       4	       4	       6	       9	        8	        9
       3	113	122	    0.23	          6	            0	           41	       6	       6	       8	       7	       5	       4	       4	       5	       5	       5	        7	        7
       4	335	178	    0.03	          4	            0	           81	       7	       8	       9	       6	       5	       7	       8	       7	       6	       5	        6	        9
       5	 11	375	    0.25	         13	            0	           38	       9	      10	      10	      12	      12	       9	       9	       8	       8	       9	       12	       12
       6	 93	118	    0.19	          8	            0	           28	       5	       7	       6	       7	       4	       4	       6	       6	       6	       6	        5	        4
       7	 88	298	    0.11	          6	            0	           34	       3	       5	       6	       6	       4	       4	       3	       5	       6	       6	        5	        4
       8	387	 19	    0.11	          9	            0	          107	       7	       8	      13	      11	      10	       7	       6	       8	       9	      11	       11	       11
       9	133	147	    0.22	          2	            0	           29	       4	       7	       6	       7	       5	       5	       4	       7	       6	       6	        5	        5
      10	301	318	    0.23	          3	            0	           68	       8	       8	       9	       8	       8	       5	       6	       6	       8	       8	        8	        6
      11	202	286	    0.16	         20	            0	           81	       9	      11	      11	       8	       8	       7	       8	      11	      12	       8	        6	        5
      12	 32	387	    0.04	          9	            0	           77	       6	      10	      10	       8	       7	       8	       6	       5	       6	       9	        8	        9
      13	 73	 81	    0.23	          6	            0	           59	       5	       8	       7	       5	       5	       5	       7	       9	       6	       4	        5	        7
      14	365	131	    0.03	         16	            0	           72	       9	       8	      10	      12	       9	       6	       6	       8	      10	      11	        9	       11
      15	117	229	    0.11	         13	            0	           73	       7	      11	      10	       9	       9	       6	       7	      10	      12	       9	       10	        7
      16	489	310	    0.21	          8	            0	           88	       8	       9	      10	      10	       9	       8	       6	       8	      11	      12	       13	        8
      17	 99	227	    0.06	         10	            0	           42	       7	       7	      10	       7	       6	       6	       7	       8	      10	       7	        5	        6
      18	184	259	    0.04	          3	            0	           48	       6	       8	       9	       7	       5	       6	       5	       6	       8	       9	        8	        7
      19	313	468	    0.04	          8	            0	           68	       6	       8	       8	       7	       5	       5	       6	       7	       7	       8	        5	        4
      20	391	486	    0.07	          4	            0	           68	       7	      10	       9	      10	      10	       8	       5	       6	       9	      10	       10	       10
      21	118	298	    0.29	          5	            0	           72	       6	       9	      10	      11	       7	       7	       5	       7	       7	       9	        8	        9
      22	215	359	    0.17	          8	            0	           88	       8	       8	      11	       8	       7	       5	       5	       9	      10	       8	        8	        5
      23	 22	210	    0.23	         10	            0	           57	       6	       8	       7	       6	       6	       5	       6	       9	       9	       7	        6	        4
      24	 39	192	    0.06	          3	            0	           92	       8	      13	      13	       8	       8	       9	      10	      10	       7	       9	       10	       10
      25	262	 97	    0.12	          5	            0	           56	       5	       6	       7	       5	       4	       5	       7	       7	       7	       5	        5	        6
      26	273	213	    0.21	         21	            0	           55	       8	      13	      11	       8	       6	       7	      11	      11	      11	       8	        8	       11
      27	 34	200	    0.19	         10	            0	           54	       9	      10	      10	       9	      10	       7	       6	       5	       8	       9	       11	       10
      28	186	 82	    0.21	         15	            0	           34	       8	       8	      10	       7	       5	       6	       8	      11	      11	       6	        6	        7
      29	315	319	    0.08	          6	            0	           24	       6	       7	       7	       6	       4	       5	       7	       7	       7	       4	        5	        6
      30	342	372	    0.12	          9	            0	           33	       4	       6	       5	       5	       6	       5	       4	       3	       4	       5	        5	        6
      31	462	266	    0.17	          8	            0	           45	       7	       9	       8	       7	       6	       7	      10	       9	       7	       6	        7	        9
      32	166	 82	    0.22	          1	            0	           77	       6	      10	      10	       8	       6	       7	       7	      11	       8	       6	        6	        8
      33	302	242	    0.06	          4	            0	           26	       6	       8	       8	       8	       6	       6	       5	       4	       7	       7	        8	        9
      34	215	 79	    0.16	         12	            0	           28	       8	      10	      11	      12	      10	       8	       7	       6	       7	      11	       12	       10
      35	276	361	    0.08	          6	            0	           44	       6	       6	       7	       5	       3	       4	       8	       7	       6	       5	        4	        6
      36	281	223	    0.08	          6	            0	           25	       5	       7	       6	       6	       5	       4	       5	       7	       6	       5	        4	        4
      37	309	373	       0	         13	            0	           53	       6	       8	      10	      10	       8	       5	       5	       7	      10	      10	       10	        7
      38	119	450	    0.17	          9	            0	           27	       6	       8	       8	       7	       5	       4	       5	       6	       6	       8	        8	        6
      39	253	 76	     0.1	          8	            0	           38	       5	       6	       8	       6	       5	       4	       3	       5	       6	       8	        7	        6
      40	  3	 40	    0.05	          5	            0	           53	       7	       9	      10	       6	       6	       7	       8	      10	       7	       6	        8	       11
      41	320	 76	    0.18	          2	            0	           57	       5	       6	       7	       5	       5	       5	       5	       7	       7	       7	        5	        4
      42	378	170	    0.28	          4	            0	           60	       9	       9	      12	       9	       7	       5	       6	      10	      11	      10	        9	        7
      43	437	482	    0.05	          9	            0	           26	       7	      10	      12	      10	       9	       6	       6	       6	       7	      11	       13	        8
      44	265	184	    0.12	         11	            0	           79	       5	       8	       8	       9	       8	       7	       5	       5	       5	       7	        7	       10
      45	 31	111	    0.19	          8	            0	           81	       8	       9	       9	       8	       7	       6	       8	      10	      10	       7	        6	        8
      46	 11	251	    0.28	         13	            0	           78	       8	      13	      11	      11	       9	       8	       8	      12	      12	      12	        7	        7
      47	149	471	    0.03	         11	            0	           19	       4	       7	       7	       7	       6	       4	       4	       6	       6	       8	        6	        5
      48	 87	236	    0.21	         10	            0	           30	       5	       7	       6	       5	       4	       5	       6	       6	       5	       4	        4	        6
      49	469	 77	    0.03	         12	            0	           84	       7	       8	      11	       9	       6	       6	       8	      11	      11	       8	        6	        7
      50	 76	179	    0.15	          5	            0	           89	       8	       8	      13	      11	       7	       7	       7	      10	      11	      12	        8	        5
      51	480	380	    0.24	          4	            0	           18	       5	       8	       8	       5	       5	       5	       7	       8	       5	       5	        7	        8
      52	267	240	    0.11	         13	            0	           84	       9	       9	      10	       8	       6	       8	       9	       9	       8	       5	        7	       12
      53	 79	249	    0.03	         14	            0	           38	       6	       8	       8	       9	       5	       5	       5	       6	       8	       9	        8	        6
      54	441	444	    0.02	          3	            0	           23	       4	       6	       6	       6	       5	       4	       4	       6	       7	       8	        7	        5
      55	452	431	    0.09	          6	            0	           85	       7	       9	       9	       9	       7	       7	       7	       5	       5	       8	       10	        9
      56	389	379	     0.1	          7	            0	           63	       8	       9	       9	       8	       6	       9	      11	       9	       8	       5	        7	       10
      57	358	366	    0.04	          7	            0	           14	       4	       6	       5	       4	       4	       3	       5	       6	       5	       6	        4	        4
      58	452	443	    0.25	          5	            0	           24	       5	       5	       5	       5	       5	       4	       4	       4	       6	       6	        6	        4
      59	305	395	    0.01	          7	            0	           89	       8	      11	      10	       9	       9	       8	       6	       6	       6	      10	        9	       10
      60	420	278	     0.2	          9	            0	          103	       8	      12	      12	      10	       7	       7	       9	      11	      10	      10	        9	        8
      61	433	 73	    0.08	         19	            0	           90	      10	      13	      12	      11	       8	       7	       7	       8	       9	      11	       14	       12
      62	 66	312	    0.12	         11	            0	           25	      10	      12	      12	      13	      10	       7	       7	       9	       9	      10	       12	       12
      63	106	230	    0.29	         10	            0	           80	       8	       9	      12	       9	       7	       6	       7	      10	      11	      12	        8	        5
      64	  8	 59	    0.16	          5	            0	           47	       3	       6	       6	       5	       5	       3	       3	       5	       6	       5	        5	        4
      65	120	 59	     0.1	         10	            0	           32	       7	       8	       8	       7	       8	       6	       5	       5	       6	       6	        7	       10
      66	494	306	    0.26	         10	            0	           31	       7	      11	      12	      11	      11	       9	       7	       7	       8	       9	        9	       11
      67	103	349	    0.08	          6	            0	           14	       4	       5	       5	       4	       4	       4	       5	       5	       4	       3	        4	        5
      68	484	209	    0.07	          3	            0	           66	       5	       6	       9	       9	       7	       5	       5	       4	       6	       7	        8	        7
      69	195	 94	    0.03	         12	            0	           57	       8	      12	       9	       9	       6	       8	       8	       9	       8	       6	        6	        9
      70	244	119	    0.22	         10	            0	           24	       5	       6	       6	       5	       6	       4	       4	       6	       7	       6	        7	        5
      71	131	385	    0.01	         13	            0	           43	       7	      12	      12	       9	       6	       9	      10	       9	       8	       6	        9	       11
      72	365	384	    0.11	          2	            0	           51	       5	       7	       5	       4	       4	       5	       7	       6	       4	       5	        7	        7
      73	434	104	    0.22	          9	            0	           91	       7	      10	       9	       8	       6	       6	       7	      11	      12	       9	        7	        7
      74	268	408	     0.3	          8	            0	           42	       9	      11	      11	      11	       7	       6	       7	       8	      10	      10	        8	        6
      75	353	108	    0.19	         10	            0	           27	       4	       7	       7	       7	       6	       5	       4	       4	       5	       6	        7	        8
      76	185	334	    0.14	         11	            0	           39	       5	       7	       7	       5	       5	       4	       5	       8	       5	       4	        4	        5
      77	497	189	     0.2	          5	            0	           38	      10	      11	      12	       9	       6	       9	      12	      13	       8	       6	       10	       12
      78	 35	 77	    0.03	          7	            0	           19	       5	       5	       5	       6	       4	       3	       3	       5	       6	       5	        5	        4
      79	337	219	    0.15	         14	            0	           90	       6	      10	       9	       6	       5	       6	      10	       8	       7	       6	        7	       11
      80	453	251	    0.16	          7	            0	           32	       8	      11	      12	      10	       8	       9	       7	       7	       9	      11	        9	       12
      81	368	344	     0.1	          7	            0	           57	       8	      10	      11	       7	       5	       8	      12	      11	       9	       7	        8	        8
      82	235	370	    0.05	         11	            0	           36	       7	       9	       8	       9	       6	       7	       6	       8	       8	      11	        9	        7
      83	308	438	    0.06	         14	            0	          104	       7	      10	      13	      10	      10	       9	       7	       7	       8	      12	       11	       11
      84	453	 54	    0.19	          2	            0	           28	       4	       5	       7	       5	       4	       3	       4	       6	       6	       5	        4	        3
      85	  4	120	    0.23	          5	            0	           78	       7	       9	       8	       9	       7	       7	       5	       6	       8	       9	       11	        7
      86	288	308	    0.19	          1	            0	           59	       5	       7	       7	       6	       5	       6	       7	       8	       5	       5	        7	        8
      87	 70	176	    0.02	          7	            0	           48	       5	       4	       5	       6	       4	       4	       4	       5	       5	       5	        5	        4
      88	118	435	    0.28	         10	            0	           26	      10	      11	      13	       9	       6	       8	       9	      12	      11	       6	        7	       10
      89	 76	104	    0.06	          2	            0	           30	       4	       6	       7	       8	       5	       6	       4	       5	       5	       6	        6	        7
      90	 41	165	    0.06	          2	            0	           18	       5	       6	       7	       6	       4	       4	       4	       7	       6	       6	        4	        5
      91	 97	351	    0.08	          1	            0	           65	       5	       6	       7	       6	       5	       4	       5	       6	       7	       7	        4	        3
      92	105	356	    0.22	          2	            0	           28	       5	       6	       6	       4	       4	       4	       4	       5	       5	       3	        4	        4
      93	107	337	    0.13	          4	            0	           15	       4	       6	       6	       4	       3	       5	       5	       5	       4	       3	        5	        5
      94	163	283	    0.08	          7	            0	           37	       7	      14	      10	       9	       7	       7	      10	      13	      10	       6	        8	       12
      95	292	329	    0.06	          8	            0	           68	      10	      13	      13	       9	       8	      11	      11	       9	       8	       8	       10	       12
      96	464	100	    0.17	          3	            0	           28	       5	       6	       8	       5	       4	       4	       5	       7	       6	       5	        4	        4
      97	310	444	    0.09	          5	            0	           85	       7	      11	      11	       7	       6	       7	       9	      11	       8	       6	        8	        9
      98	228	315	    0.01	         14	            0	           61	       9	      10	      11	       9	       7	       8	       8	      12	      11	      13	        8	        6
      99	298	445	    0.27	          6	            0	           15	       4	       6	       5	       6	       4	       3	       4	       6	       7	       6	        4	        4
     100	488	 90	    0.28	          9	            0	           60	       4	       6	       6	       6	       4	       5	       7	       7	       5	       4	        4	        5
COST_MATRIX 
	  0	  1	  2	  3	  4	  5	  6	  7	  8	  9	 10	 11	 12	 13	 14	 15	 16	 17	 18	 19	 20	 21	 22	 23	 24	 25	 26	 27	 28	 29	 30	 31	 32	 33	 34	 35	 36	 37	 38	 39	 40	 41	 42	 43	 44	 45	 46	 47	 48	 49	 50	 51	 52	 53	 54	 55	 56	 57	 58	 59	 60	 61	 62	 63	 64	 65	 66	 67	 68	 69	 70	 71	 72	 73	 74	 75	 76	 77	 78	 79	 80	 81	 82	 83	 84	 85	 86	 87	 88	 89	 90	 91	 92	 93	 94	 95	 96	 97	 98	 99	100
  0
  1	  5
  2	 21	 25
  3	 32	 27	 49
  4	 25	 23	 34	 23
  5	 24	 21	 44	 28	 38
  6	 33	 29	 51	  3	 25	 27
  7	 19	 15	 40	 18	 28	 11	 19
  8	 42	 39	 48	 30	 17	 52	 32	 41
  9	 29	 24	 46	  4	 21	 26	  5	 16	 29
 10	 11	 10	 22	 28	 15	 30	 29	 22	 32	 24
 11	 13	  9	 31	 19	 18	 22	 21	 12	 33	 16	 11
 12	 22	 19	 41	 28	 37	  3	 28	 11	 52	 27	 28	 20
 13	 37	 33	 55	  6	 28	 31	  5	 22	 33	  9	 33	 25	 31
 14	 31	 29	 37	 26	  6	 43	 28	 33	 12	 24	 20	 23	 43	 30
 15	 22	 18	 41	 11	 23	 19	 12	  8	 35	  9	 21	 11	 18	 16	 27
 16	 27	 28	 20	 43	 21	 49	 45	 41	 31	 40	 19	 29	 47	 48	 22	 39
 17	 23	 19	 43	 11	 25	 18	 11	  8	 36	  9	 23	 12	 18	 15	 29	  2	 40
 18	 16	 12	 34	 16	 18	 21	 17	 11	 32	 13	 14	  4	 20	 21	 23	  8	 31	 10
 19	 10	 14	 12	 40	 30	 32	 42	 29	 46	 37	 16	 22	 30	 46	 35	 31	 24	 33	 25
 20	 17	 21	  4	 46	 32	 40	 48	 36	 47	 43	 20	 28	 38	 52	 36	 38	 21	 40	 31	  9
 21	 17	 13	 37	 18	 25	 14	 19	  4	 39	 16	 19	  9	 13	 23	 30	  7	 38	  8	  8	 26	 34
 22	  6	  2	 26	 26	 22	 21	 28	 15	 39	 23	 10	  8	 19	 32	 28	 17	 28	 18	 11	 15	 22	 12
 23	 30	 26	 50	 13	 32	 17	 12	 12	 42	 13	 30	 20	 18	 14	 36	 10	 48	  8	 17	 39	 47	 14	 25
 24	 30	 26	 50	 11	 30	 19	 10	 12	 39	 11	 30	 19	 20	 12	 34	  9	 47	  7	 16	 39	 46	 14	 25	  3
 25	 31	 28	 44	 16	 11	 38	 18	 27	 15	 14	 23	 20	 38	 19	 11	 20	 32	 21	 18	 38	 41	 25	 27	 27	 25
 26	 20	 17	 33	 19	  8	 31	 21	 21	 23	 16	 11	 11	 30	 24	 13	 16	 24	 18	 11	 26	 30	 18	 16	 26	 24	 12
 27	 30	 26	 50	 12	 31	 18	 11	 12	 40	 12	 30	 19	 19	 13	 34	  9	 47	  8	 17	 39	 46	 13	 25	  2	  1	 26	 24
 28	 33	 29	 48	  9	 18	 35	 10	 24	 22	  9	 27	 21	 35	 12	 19	 17	 38	 17	 18	 41	 46	 23	 28	 21	 19	  8	 16	 20
 29	 12	 11	 21	 29	 15	 31	 30	 23	 31	 26	  2	 12	 30	 34	 20	 22	 18	 24	 15	 15	 19	 20	 11	 32	 31	 23	 12	 31	 27
 30	 11	 13	 15	 34	 20	 34	 36	 27	 36	 31	  7	 17	 32	 40	 25	 27	 16	 29	 20	 11	 13	 24	 13	 36	 36	 29	 18	 36	 33	  6
 31	 26	 27	 24	 38	 16	 47	 40	 38	 26	 35	 17	 27	 45	 44	 17	 35	  6	 37	 28	 26	 24	 35	 27	 45	 43	 27	 20	 44	 34	 16	 17
 32	 34	 30	 49	  7	 20	 34	  9	 23	 23	  8	 28	 21	 34	 10	 21	 16	 40	 16	 18	 42	 47	 23	 29	 20	 17	 10	 17	 18	  3	 28	 34	 35
 33	 18	 16	 29	 23	  8	 32	 25	 23	 24	 20	  8	 11	 31	 28	 13	 19	 20	 21	 12	 23	 26	 20	 15	 29	 27	 16	  5	 28	 20	  8	 14	 17	 21
 34	 33	 30	 47	 12	 16	 36	 13	 26	 19	 11	 26	 21	 36	 15	 16	 18	 36	 19	 19	 41	 45	 24	 29	 24	 21	  6	 15	 22	  3	 27	 32	 31	  5	 19
 35	  6	  6	 21	 29	 20	 27	 31	 20	 36	 26	  5	 11	 25	 35	 25	 21	 22	 23	 14	 12	 17	 18	  7	 30	 30	 27	 15	 30	 30	  6	  7	 21	 30	 13	 29
 36	 19	 16	 31	 20	  8	 31	 22	 21	 23	 17	 10	 11	 30	 26	 13	 17	 23	 19	 11	 25	 29	 18	 16	 26	 25	 13	  2	 25	 18	 11	 17	 19	 19	  3	 16	 14
 37	  8	 10	 17	 32	 20	 30	 34	 24	 37	 29	  6	 14	 28	 38	 25	 25	 20	 26	 17	 10	 14	 21	 10	 34	 33	 28	 17	 33	 32	  6	  4	 19	 33	 14	 31	  4	 16
 38	 14	 13	 32	 33	 35	 14	 34	 16	 51	 31	 23	 19	 11	 38	 41	 23	 40	 23	 21	 20	 28	 16	 14	 26	 28	 39	 29	 27	 38	 24	 24	 39	 38	 28	 39	 19	 28	 21
 39	 34	 30	 46	 15	 14	 39	 17	 28	 15	 14	 25	 22	 39	 19	 13	 21	 34	 22	 20	 40	 44	 26	 29	 27	 25	  3	 14	 26	  7	 26	 31	 29	  9	 18	  4	 29	 15	 31	 40
 40	 44	 40	 63	 14	 36	 34	 12	 28	 39	 17	 41	 32	 35	  9	 38	 23	 56	 22	 29	 53	 60	 29	 39	 18	 16	 27	 33	 17	 19	 42	 48	 52	 17	 37	 22	 43	 34	 46	 43	 26
 41	 34	 32	 44	 22	 11	 43	 24	 33	  9	 21	 25	 25	 43	 25	  8	 26	 29	 27	 23	 40	 42	 31	 31	 33	 31	  7	 15	 32	 14	 25	 30	 24	 16	 17	 11	 29	 16	 30	 43	  7	 32
 42	 28	 26	 33	 27	  5	 43	 29	 32	 16	 25	 17	 22	 41	 32	  5	 27	 18	 29	 22	 31	 32	 29	 25	 36	 34	 14	 12	 35	 22	 17	 21	 13	 23	 11	 19	 22	 12	 22	 39	 16	 40	 12
 43	 21	 25	  2	 49	 33	 44	 51	 40	 47	 46	 22	 31	 42	 55	 36	 41	 18	 43	 34	 13	  5	 37	 26	 50	 50	 43	 32	 50	 48	 21	 15	 22	 49	 28	 47	 21	 31	 17	 32	 45	 62	 43	 32
 44	 23	 20	 36	 17	  8	 32	 19	 22	 21	 14	 14	 12	 31	 22	 12	 16	 26	 18	 12	 29	 33	 19	 19	 25	 23	  9	  4	 24	 13	 15	 21	 22	 15	  7	 12	 18	  5	 20	 31	 11	 30	 13	 12	 35
 45	 37	 33	 56	  9	 32	 27	  7	 20	 37	 11	 35	 25	 28	  6	 34	 15	 50	 14	 22	 46	 52	 21	 31	 10	  9	 24	 27	  9	 16	 36	 41	 46	 14	 31	 19	 36	 28	 39	 36	 23	  8	 30	 36	 55	 25
 46	 28	 24	 49	 17	 34	 13	 16	 10	 45	 17	 30	 20	 14	 19	 38	 11	 49	 10	 18	 38	 45	 12	 24	  5	  7	 30	 27	  6	 25	 32	 36	 46	 23	 30	 27	 29	 28	 33	 23	 30	 22	 36	 38	 49	 27	 15
 47	 12	 13	 28	 36	 35	 17	 36	 19	 52	 33	 22	 20	 15	 40	 41	 25	 38	 25	 22	 17	 25	 18	 14	 30	 30	 40	 29	 30	 40	 23	 22	 38	 39	 28	 40	 17	 29	 19	  4	 41	 46	 44	 38	 29	 31	 38	 26
 48	 24	 19	 43	 12	 26	 16	 12	  7	 38	 11	 23	 13	 17	 16	 30	  4	 41	  2	 10	 33	 40	  7	 18	  8	  7	 23	 19	  7	 19	 25	 29	 38	 18	 22	 21	 23	 20	 27	 22	 24	 22	 29	 30	 43	 19	 14	  8	 25
 49	 40	 39	 43	 36	 17	 55	 38	 45	 11	 35	 30	 34	 54	 40	 12	 39	 24	 40	 34	 43	 42	 42	 38	 47	 45	 21	 24	 46	 29	 29	 33	 19	 31	 24	 26	 35	 24	 34	 52	 22	 47	 15	 14	 41	 24	 44	 49	 51	 42
 50	 29	 24	 48	  7	 26	 21	  7	 12	 35	  7	 27	 17	 22	 10	 30	  7	 44	  6	 14	 38	 44	 13	 23	  7	  4	 21	 20	  5	 15	 28	 33	 40	 14	 24	 18	 28	 21	 31	 28	 21	 16	 27	 31	 48	 19	  9	 10	 31	  6	 41
 51	 24	 27	 13	 45	 25	 47	 47	 41	 38	 42	 19	 30	 45	 51	 28	 40	  8	 42	 32	 19	 14	 38	 27	 49	 48	 36	 27	 49	 42	 18	 14	 12	 44	 23	 41	 21	 26	 18	 37	 38	 59	 35	 24	 12	 30	 53	 49	 35	 42	 31	 46
 52	 17	 14	 31	 20	 10	 29	 22	 19	 26	 17	  9	  8	 28	 26	 15	 16	 24	 17	  9	 24	 28	 16	 13	 25	 24	 15	  3	 24	 18	 10	 16	 20	 19	  4	 17	 13	  3	 14	 26	 17	 34	 18	 14	 30	  6	 27	 26	 26	 19	 26	 21	 26
 53	 23	 19	 43	 14	 27	 15	 14	  5	 39	 12	 24	 13	 15	 17	 31	  5	 42	  3	 11	 33	 40	  7	 18	  7	  7	 24	 20	  7	 20	 25	 30	 39	 19	 23	 22	 23	 21	 27	 21	 25	 23	 30	 31	 43	 20	 15	  7	 24	  2	 43	  8	 43	 19
 54	 21	 24	  6	 46	 29	 44	 48	 39	 43	 43	 19	 29	 42	 52	 33	 39	 15	 41	 32	 14	  7	 36	 25	 48	 48	 40	 29	 48	 45	 18	 13	 18	 46	 25	 43	 19	 28	 15	 33	 42	 60	 39	 29	  4	 32	 53	 48	 30	 42	 37	 46	  8	 27	 42
 55	 22	 25	  7	 46	 28	 45	 48	 39	 42	 43	 19	 29	 43	 52	 32	 40	 13	 41	 32	 15	  9	 36	 25	 49	 48	 39	 29	 48	 44	 18	 13	 17	 46	 25	 43	 19	 27	 16	 34	 41	 60	 38	 28	  6	 31	 53	 48	 31	 42	 36	 46	  6	 27	 42	  2
 56	 15	 18	 13	 38	 21	 38	 40	 32	 37	 35	 11	 21	 36	 44	 25	 32	 13	 33	 24	 12	 11	 29	 18	 41	 40	 31	 21	 40	 36	 10	  5	 14	 38	 17	 35	 12	 19	  9	 28	 34	 52	 32	 21	 12	 24	 45	 40	 26	 34	 32	 38	 10	 19	 34	  9	  9
 57	 13	 14	 15	 35	 19	 35	 37	 28	 35	 32	  8	 18	 33	 41	 24	 28	 15	 30	 21	 12	 13	 25	 15	 38	 37	 29	 18	 37	 34	  7	  2	 15	 35	 14	 33	  9	 17	  5	 26	 31	 49	 30	 20	 15	 21	 42	 37	 24	 31	 31	 34	 13	 16	 31	 12	 12	  4
 58	 22	 25	  6	 47	 29	 45	 49	 40	 43	 44	 20	 30	 43	 53	 33	 40	 14	 42	 33	 15	  8	 37	 26	 49	 49	 40	 30	 49	 45	 19	 14	 18	 47	 26	 44	 20	 28	 16	 34	 42	 61	 40	 29	  5	 32	 54	 49	 31	 42	 37	 46	  7	 28	 43	  2	  2	  9	 13
 59	  7	  9	 16	 34	 22	 30	 35	 24	 39	 31	  8	 15	 28	 40	 28	 26	 21	 27	 19	  8	 13	 22	 10	 34	 34	 31	 19	 34	 34	  8	  5	 21	 35	 16	 33	  5	 18	  3	 20	 33	 47	 32	 24	 16	 22	 40	 33	 18	 27	 36	 32	 18	 16	 27	 15	 16	  9	  7	 16
 60	 22	 23	 22	 35	 14	 43	 37	 34	 27	 32	 13	 22	 41	 40	 16	 31	  8	 33	 24	 22	 22	 31	 23	 41	 40	 25	 17	 40	 31	 12	 13	  5	 33	 13	 29	 17	 15	 15	 35	 27	 49	 23	 12	 21	 19	 43	 41	 34	 34	 21	 36	 12	 16	 35	 17	 16	 11	 11	 17	 17
 61	 39	 37	 43	 33	 15	 52	 35	 42	  8	 31	 28	 32	 51	 37	  9	 36	 25	 37	 32	 42	 42	 39	 36	 44	 42	 18	 22	 42	 25	 28	 32	 20	 27	 22	 22	 33	 22	 33	 50	 19	 44	 12	 12	 41	 21	 41	 46	 49	 39	  4	 38	 32	 24	 40	 38	 36	 31	 31	 38	 35	 21
 62	 21	 17	 41	 20	 31	  9	 20	  3	 44	 18	 24	 14	  9	 24	 35	 10	 43	 10	 13	 30	 37	  6	 16	 12	 13	 30	 23	 12	 26	 25	 29	 40	 26	 25	 28	 22	 24	 26	 15	 31	 28	 35	 35	 41	 24	 21	  9	 18	  8	 47	 14	 42	 22	  7	 40	 41	 33	 30	 41	 26	 36	 44
 63	 23	 18	 42	 11	 24	 18	 12	  8	 36	  9	 22	 12	 18	 16	 28	  2	 40	  1	  9	 32	 39	  7	 17	  9	  8	 21	 17	  8	 17	 23	 28	 36	 16	 20	 19	 22	 18	 25	 23	 22	 22	 27	 28	 42	 17	 15	 10	 25	  2	 40	  6	 41	 17	  4	 40	 41	 32	 29	 41	 26	 32	 37	 10
 64	 42	 38	 61	 13	 35	 32	 11	 26	 39	 16	 40	 30	 33	  7	 37	 21	 55	 20	 27	 52	 58	 27	 37	 16	 14	 26	 31	 15	 18	 41	 46	 50	 16	 35	 21	 41	 32	 44	 41	 25	  2	 32	 39	 61	 29	  6	 20	 44	 20	 47	 14	 58	 32	 21	 58	 58	 50	 47	 59	 45	 47	 43	 26	 20
 65	 37	 33	 54	  7	 25	 34	  7	 25	 27	  9	 32	 25	 34	  6	 26	 18	 45	 17	 21	 46	 51	 24	 32	 19	 16	 15	 22	 17	  7	 33	 39	 40	  6	 26	 10	 34	 23	 37	 40	 14	 12	 21	 29	 53	 20	 11	 23	 42	 19	 35	 13	 49	 24	 20	 51	 50	 42	 39	 51	 39	 38	 32	 26	 18	 12
 66	 28	 29	 21	 43	 21	 49	 45	 41	 31	 40	 20	 30	 47	 48	 22	 39	  1	 41	 32	 25	 21	 38	 29	 49	 47	 32	 24	 48	 39	 18	 17	  6	 40	 21	 36	 23	 23	 20	 41	 34	 56	 29	 18	 19	 26	 51	 49	 39	 42	 24	 44	  8	 24	 42	 15	 14	 13	 15	 15	 21	  8	 25	 43	 40	 55	 45
 67	 16	 12	 36	 23	 29	 10	 24	  6	 44	 21	 21	 12	  9	 27	 35	 13	 39	 13	 13	 25	 32	  6	 12	 17	 17	 30	 22	 17	 28	 22	 25	 37	 28	 23	 30	 18	 22	 21	 11	 32	 33	 35	 33	 36	 24	 25	 14	 14	 12	 46	 18	 38	 20	 11	 36	 36	 29	 26	 37	 21	 33	 44	  6	 12	 31	 30	 40
 68	 32	 32	 30	 39	 16	 51	 41	 41	 22	 36	 22	 30	 49	 44	 15	 37	 11	 39	 31	 32	 30	 38	 31	 47	 45	 25	 22	 46	 33	 21	 22	  7	 35	 19	 30	 26	 21	 24	 44	 27	 51	 22	 12	 28	 23	 47	 48	 43	 40	 14	 41	 18	 22	 41	 24	 23	 20	 21	 24	 26	 10	 15	 44	 38	 50	 40	 10	 41
 69	 32	 28	 47	  9	 17	 34	 11	 24	 21	  9	 25	 20	 34	 13	 18	 16	 37	 17	 17	 40	 44	 22	 27	 21	 19	  7	 15	 20	  2	 26	 32	 32	  4	 19	  3	 28	 16	 31	 37	  7	 20	 13	 20	 46	 12	 17	 25	 38	 18	 28	 15	 41	 17	 20	 43	 43	 35	 32	 44	 33	 30	 24	 26	 17	 20	  9	 37	 28	 32
 70	 29	 26	 42	 14	 11	 35	 16	 24	 18	 12	 21	 18	 35	 18	 13	 17	 32	 19	 16	 36	 40	 22	 25	 24	 22	  3	 10	 23	  7	 22	 28	 27	  9	 14	  5	 25	 12	 27	 36	  5	 26	  9	 15	 42	  7	 22	 27	 37	 20	 23	 18	 36	 13	 22	 39	 38	 30	 28	 39	 29	 24	 20	 27	 18	 25	 14	 32	 27	 26	  6
 71	 12	  9	 32	 27	 30	 13	 27	 10	 45	 24	 19	 13	 10	 31	 35	 16	 37	 17	 14	 21	 28	  9	  9	 21	 22	 32	 23	 21	 31	 20	 22	 36	 31	 23	 32	 15	 23	 18	  7	 34	 37	 37	 33	 33	 25	 30	 18	  9	 16	 46	 22	 35	 20	 15	 32	 33	 26	 23	 33	 18	 31	 44	 10	 16	 35	 33	 38	  5	 40	 30	 29
 72	 13	 15	 13	 37	 21	 36	 39	 30	 37	 34	 10	 20	 34	 43	 26	 30	 15	 31	 22	 10	 11	 27	 16	 39	 38	 31	 20	 38	 36	  9	  3	 16	 37	 16	 34	 10	 19	  6	 26	 33	 50	 32	 22	 13	 23	 44	 38	 24	 32	 33	 36	 12	 18	 32	 10	 10	  3	  2	 11	  7	 12	 32	 31	 31	 49	 41	 16	 27	 22	 34	 30	 24
 73	 36	 35	 40	 33	 13	 51	 35	 40	 10	 31	 26	 30	 50	 37	  8	 35	 22	 36	 30	 39	 39	 38	 34	 43	 41	 18	 20	 42	 25	 25	 29	 17	 27	 20	 23	 31	 20	 30	 47	 19	 44	 12	  9	 38	 19	 41	 45	 47	 38	  5	 37	 28	 22	 39	 35	 33	 28	 28	 34	 32	 18	  4	 43	 36	 43	 32	 22	 42	 12	 24	 20	 42	 29
 74	  3	  7	 19	 33	 24	 26	 34	 22	 41	 30	 10	 14	 24	 39	 30	 24	 25	 25	 18	  8	 15	 19	  8	 32	 32	 32	 20	 32	 34	 11	  9	 25	 35	 17	 34	  5	 19	  6	 16	 34	 46	 34	 27	 19	 23	 38	 31	 14	 25	 39	 30	 22	 17	 25	 18	 19	 13	 10	 19	  4	 21	 38	 23	 25	 44	 38	 25	 18	 30	 33	 29	 14	 10	 35
 75	 32	 30	 40	 25	  8	 44	 27	 33	 10	 23	 22	 24	 43	 29	  3	 27	 25	 29	 23	 37	 38	 31	 29	 35	 33	 10	 14	 34	 17	 22	 27	 20	 19	 15	 15	 27	 14	 27	 42	 11	 36	  5	  7	 39	 12	 33	 38	 42	 30	 13	 29	 31	 16	 31	 35	 34	 28	 26	 35	 30	 19	  9	 36	 28	 35	 24	 25	 35	 17	 16	 11	 36	 28	  9	 32
 76	 10	  5	 30	 23	 22	 18	 24	 11	 38	 20	 12	  6	 17	 28	 28	 13	 31	 14	  8	 19	 26	  8	  4	 21	 21	 25	 15	 21	 26	 14	 17	 29	 26	 15	 26	 10	 15	 13	 14	 27	 35	 30	 26	 30	 18	 28	 20	 15	 14	 39	 19	 30	 13	 14	 28	 29	 21	 18	 29	 14	 25	 37	 13	 14	 33	 29	 32	  9	 33	 25	 23	  8	 19	 34	 12	 29
 77	 34	 34	 32	 39	 17	 53	 42	 43	 21	 37	 24	 32	 51	 44	 15	 39	 13	 40	 33	 34	 32	 40	 33	 48	 46	 26	 23	 47	 33	 23	 24	  9	 35	 21	 31	 29	 22	 27	 46	 27	 52	 21	 13	 30	 24	 48	 49	 45	 42	 12	 43	 20	 24	 43	 27	 25	 22	 23	 26	 29	 12	 14	 45	 40	 51	 40	 12	 43	  3	 32	 27	 42	 24	 11	 32	 17	 35
 78	 39	 35	 58	 10	 32	 30	  8	 23	 36	 13	 36	 27	 32	  4	 34	 18	 52	 17	 24	 48	 55	 24	 34	 14	 12	 23	 28	 13	 16	 38	 43	 47	 14	 32	 19	 38	 29	 41	 39	 22	  5	 29	 36	 58	 26	  4	 18	 42	 17	 44	 11	 54	 29	 18	 55	 55	 47	 44	 56	 42	 44	 40	 24	 17	  4	  9	 52	 29	 47	 17	 22	 33	 46	 40	 41	 32	 30	 48
 79	 21	 20	 30	 25	  5	 37	 27	 27	 21	 22	 11	 16	 35	 30	 10	 23	 18	 24	 16	 26	 28	 24	 19	 32	 30	 15	  7	 31	 21	 11	 16	 14	 22	  5	 19	 16	  6	 16	 32	 17	 38	 15	  7	 29	  9	 33	 33	 32	 26	 20	 27	 22	  8	 26	 25	 25	 17	 15	 26	 18	 11	 18	 29	 24	 37	 27	 18	 27	 15	 19	 14	 27	 17	 16	 21	 12	 20	 17	 34
 80	 27	 27	 25	 37	 14	 46	 39	 37	 25	 34	 17	 26	 45	 42	 15	 34	  7	 36	 27	 26	 25	 34	 27	 44	 42	 25	 19	 43	 32	 16	 17	  2	 34	 16	 30	 21	 18	 19	 39	 27	 50	 22	 12	 24	 20	 45	 45	 38	 37	 18	 39	 14	 19	 38	 20	 19	 15	 15	 20	 21	  5	 18	 40	 35	 49	 39	  7	 37	  6	 31	 25	 35	 16	 15	 25	 18	 29	  8	 46	 13
 81	 14	 16	 17	 34	 17	 36	 36	 29	 33	 31	  8	 18	 34	 40	 22	 28	 13	 30	 21	 14	 15	 26	 16	 38	 37	 27	 17	 37	 32	  6	  4	 13	 34	 13	 31	 10	 15	  7	 28	 30	 48	 28	 18	 16	 20	 41	 37	 26	 31	 29	 34	 12	 15	 31	 13	 13	  5	  3	 13	  9	  9	 28	 31	 29	 46	 38	 14	 27	 18	 31	 26	 25	  5	 25	 12	 24	 19	 21	 43	 13	 13
 82	  4	  2	 23	 28	 22	 23	 29	 17	 39	 25	  9	 10	 21	 34	 28	 19	 27	 20	 13	 13	 20	 14	  3	 27	 27	 28	 17	 27	 30	 10	 11	 25	 30	 15	 30	  5	 16	  8	 15	 30	 41	 31	 25	 24	 19	 33	 26	 14	 20	 38	 25	 25	 14	 20	 22	 23	 16	 13	 23	  8	 21	 36	 18	 20	 39	 34	 27	 14	 30	 28	 26	 11	 14	 34	  6	 29	  7	 32	 36	 19	 25	 14
 83	  8	 12	 14	 38	 27	 31	 39	 27	 43	 34	 13	 19	 29	 43	 32	 29	 23	 30	 22	  4	 10	 24	 13	 37	 37	 35	 23	 37	 38	 12	  8	 24	 39	 20	 38	  9	 22	  7	 19	 37	 51	 37	 28	 14	 26	 43	 36	 17	 30	 40	 35	 19	 21	 30	 14	 15	 11	  9	 15	  5	 20	 39	 28	 29	 49	 43	 23	 23	 29	 37	 33	 19	  8	 36	  6	 34	 17	 32	 46	 23	 24	 12	 10
 84	 41	 40	 45	 35	 18	 55	 37	 44	  8	 34	 31	 35	 54	 39	 12	 38	 26	 40	 34	 44	 44	 42	 39	 46	 44	 20	 25	 45	 27	 30	 34	 22	 29	 25	 24	 36	 25	 35	 52	 21	 46	 14	 14	 43	 23	 43	 49	 52	 41	  3	 40	 33	 27	 43	 40	 38	 34	 33	 39	 38	 23	  3	 47	 39	 45	 34	 26	 46	 16	 27	 22	 47	 35	  6	 40	 12	 39	 15	 42	 21	 20	 31	 39	 42
 85	 38	 33	 57	 11	 34	 26	  9	 20	 40	 14	 36	 26	 27	  8	 37	 16	 53	 15	 23	 47	 54	 22	 32	 10	  9	 26	 29	  9	 19	 37	 43	 49	 17	 33	 22	 37	 30	 40	 35	 26	  9	 32	 38	 57	 27	  3	 14	 38	 15	 47	 10	 55	 29	 15	 55	 55	 47	 44	 56	 41	 45	 44	 21	 16	  7	 14	 53	 25	 49	 20	 25	 30	 45	 44	 40	 35	 29	 50	  6	 35	 47	 43	 35	 44	 46
 86	 11	 10	 24	 26	 14	 29	 28	 21	 31	 23	  2	  9	 27	 32	 20	 19	 21	 21	 12	 17	 21	 18	  9	 29	 28	 22	 10	 28	 25	  3	  9	 18	 26	  7	 25	  6	  9	  7	 23	 24	 40	 24	 17	 23	 13	 33	 29	 22	 22	 30	 25	 21	  8	 22	 21	 21	 13	 10	 22	  9	 14	 28	 23	 20	 38	 31	 21	 19	 22	 24	 20	 18	 11	 26	 11	 22	 11	 25	 35	 11	 18	  9	  9	 14	 31	 35
 87	 29	 25	 48	  7	 27	 21	  7	 13	 36	  7	 28	 18	 22	 10	 30	  8	 44	  6	 15	 38	 45	 14	 24	  6	  4	 21	 21	  5	 15	 29	 34	 41	 14	 25	 18	 28	 22	 31	 28	 21	 16	 27	 31	 48	 20	  8	 10	 31	  7	 42	  1	 46	 21	  8	 46	 46	 38	 35	 47	 33	 37	 38	 14	  7	 14	 13	 45	 18	 42	 15	 19	 22	 37	 38	 31	 30	 20	 43	 11	 28	 40	 35	 26	 36	 41	  9	 26
 88	 13	 13	 32	 32	 34	 13	 32	 15	 50	 29	 22	 18	 10	 36	 40	 21	 40	 21	 19	 20	 28	 14	 13	 25	 26	 37	 28	 25	 36	 23	 24	 39	 36	 27	 37	 18	 27	 21	  2	 39	 42	 42	 38	 33	 30	 34	 22	  5	 21	 51	 26	 37	 25	 20	 33	 34	 28	 25	 34	 20	 35	 48	 14	 21	 40	 38	 40	  9	 44	 35	 35	  6	 26	 46	 16	 41	 13	 46	 37	 31	 39	 27	 14	 20	 51	 34	 22	 27
 89	 35	 31	 53	  5	 27	 28	  3	 20	 33	  8	 32	 23	 29	  3	 30	 14	 47	 13	 19	 44	 50	 20	 30	 12	 10	 19	 23	 11	 12	 33	 38	 42	 10	 27	 15	 33	 24	 36	 35	 18	 10	 25	 31	 53	 21	  5	 17	 38	 14	 40	  8	 49	 24	 15	 50	 50	 42	 39	 51	 38	 39	 36	 21	 13	  9	  7	 47	 25	 43	 12	 17	 29	 41	 36	 36	 28	 26	 43	  5	 29	 41	 38	 31	 41	 39	  8	 30	  8	 34
 90	 32	 28	 51	  9	 30	 22	  8	 15	 38	 10	 31	 21	 23	  9	 33	 10	 48	  9	 18	 41	 48	 16	 27	  5	  3	 24	 24	  4	 17	 32	 37	 44	 16	 28	 20	 31	 25	 34	 30	 23	 14	 30	 34	 51	 23	  6	 10	 33	  9	 44	  4	 49	 24	 10	 49	 49	 41	 38	 50	 36	 40	 41	 15	 10	 12	 14	 48	 20	 45	 17	 21	 24	 40	 40	 34	 32	 23	 46	  9	 31	 43	 38	 29	 39	 43	  6	 29	  4	 29	  8
 91	 16	 13	 37	 23	 30	  9	 24	  6	 45	 21	 21	 13	  8	 28	 35	 13	 40	 13	 13	 25	 33	  6	 12	 16	 17	 31	 23	 17	 29	 23	 25	 38	 28	 24	 30	 18	 23	 22	 11	 32	 33	 36	 34	 37	 24	 25	 14	 14	 12	 47	 18	 39	 21	 11	 36	 37	 30	 27	 37	 22	 34	 44	  5	 13	 31	 30	 40	  1	 42	 28	 28	  5	 28	 42	 19	 36	  9	 44	 29	 28	 37	 28	 14	 23	 47	 25	 20	 18	  9	 25	 20
 92	 15	 12	 36	 24	 30	 10	 24	  7	 44	 22	 20	 12	  8	 28	 35	 13	 39	 13	 13	 24	 32	  6	 12	 17	 18	 31	 23	 18	 29	 22	 24	 37	 29	 23	 30	 18	 23	 21	 10	 32	 34	 36	 34	 36	 24	 26	 15	 13	 13	 46	 18	 38	 20	 12	 35	 36	 29	 26	 36	 21	 33	 44	  6	 13	 32	 30	 40	  1	 41	 28	 28	  4	 27	 42	 18	 36	  9	 43	 29	 27	 37	 27	 14	 22	 47	 26	 19	 19	  9	 26	 21	  1
 93	 16	 12	 36	 22	 28	 11	 22	  5	 43	 20	 20	 11	 10	 26	 34	 11	 39	 12	 11	 25	 33	  5	 12	 16	 17	 29	 21	 16	 27	 21	 24	 37	 27	 22	 28	 18	 21	 21	 12	 30	 32	 34	 32	 37	 22	 24	 13	 15	 11	 45	 17	 38	 19	 10	 36	 36	 29	 26	 37	 21	 32	 42	  5	 11	 30	 28	 39	  2	 40	 26	 26	  6	 27	 41	 18	 34	  8	 42	 27	 26	 36	 27	 14	 23	 45	 25	 19	 17	 10	 24	 19	  2	  2
 94	 15	 11	 34	 17	 21	 18	 18	  8	 35	 14	 15	  4	 17	 23	 26	  8	 33	  9	  4	 24	 31	  5	 10	 16	 16	 22	 14	 16	 21	 16	 20	 30	 21	 15	 22	 14	 14	 18	 18	 23	 30	 26	 25	 34	 15	 22	 16	 19	  9	 37	 14	 34	 12	 10	 33	 33	 25	 22	 34	 19	 26	 35	 11	  8	 28	 23	 34	  9	 33	 20	 19	 11	 23	 33	 17	 26	  6	 35	 25	 19	 30	 22	 12	 22	 37	 23	 13	 15	 16	 20	 17	 10	 10	  8
 95	 10	  9	 22	 28	 16	 29	 30	 21	 33	 25	  2	 10	 27	 34	 22	 21	 20	 22	 13	 15	 19	 18	  9	 30	 29	 24	 12	 29	 27	  3	  7	 19	 28	  9	 27	  4	 11	  5	 22	 26	 41	 26	 19	 22	 15	 35	 30	 21	 23	 31	 27	 20	 10	 23	 19	 19	 11	  8	 20	  7	 14	 30	 23	 22	 40	 33	 21	 20	 23	 26	 22	 18	 10	 27	  9	 23	 11	 25	 36	 12	 18	  8	  8	 12	 32	 36	  3	 27	 21	 32	 30	 20	 19	 19	 14
 96	 38	 37	 40	 36	 16	 53	 38	 43	 12	 34	 28	 33	 52	 40	 11	 38	 22	 39	 33	 40	 40	 40	 36	 46	 44	 21	 23	 45	 28	 27	 30	 17	 30	 22	 25	 33	 23	 32	 50	 22	 47	 15	 12	 39	 22	 44	 48	 49	 41	  3	 40	 29	 25	 42	 35	 34	 29	 29	 35	 34	 19	  5	 46	 39	 46	 35	 21	 44	 12	 27	 23	 44	 31	  4	 37	 12	 37	 10	 43	 18	 16	 27	 36	 38	  5	 47	 28	 41	 49	 39	 43	 45	 45	 43	 36	 29
 97	  8	 12	 13	 38	 27	 31	 40	 27	 44	 35	 13	 20	 29	 44	 32	 29	 23	 31	 23	  3	 10	 25	 13	 38	 38	 36	 24	 37	 39	 13	  8	 24	 39	 21	 38	  9	 23	  8	 20	 38	 51	 37	 29	 14	 27	 44	 36	 17	 31	 40	 36	 19	 21	 31	 14	 15	 11	 10	 15	  5	 20	 40	 28	 30	 49	 43	 24	 23	 30	 37	 34	 19	  9	 37	  6	 34	 17	 32	 46	 23	 25	 12	 11	  1	 42	 45	 14	 36	 20	 42	 39	 24	 23	 23	 22	 12	 38
 98	 10	  6	 27	 23	 18	 23	 24	 15	 34	 20	  8	  4	 21	 29	 23	 15	 27	 16	  8	 18	 24	 12	  5	 24	 23	 23	 12	 23	 24	  9	 13	 24	 25	 11	 24	  7	 11	 10	 18	 25	 36	 26	 21	 27	 14	 29	 23	 18	 17	 34	 21	 27	  9	 17	 25	 26	 18	 14	 26	 12	 20	 32	 17	 15	 34	 28	 27	 13	 28	 23	 20	 12	 16	 30	 11	 25	  5	 30	 31	 15	 24	 15	  6	 15	 35	 30	  7	 22	 17	 27	 24	 14	 13	 13	  8	  7	 32	 16
 99	  7	 11	 14	 38	 27	 30	 39	 26	 44	 35	 13	 19	 28	 43	 33	 29	 24	 30	 22	  3	 11	 24	 12	 37	 37	 35	 24	 37	 38	 13	  9	 25	 39	 21	 38	  9	 23	  8	 18	 38	 51	 37	 29	 15	 27	 43	 35	 16	 30	 41	 35	 20	 21	 30	 15	 16	 12	 10	 16	  6	 21	 40	 27	 29	 49	 43	 25	 22	 31	 37	 34	 18	 10	 37	  5	 35	 16	 33	 46	 23	 25	 13	 10	  2	 43	 44	 14	 36	 19	 41	 39	 23	 22	 22	 22	 12	 39	  2	 15
100	 40	 39	 41	 38	 18	 56	 40	 46	 13	 36	 30	 35	 55	 42	 13	 40	 23	 42	 35	 42	 41	 43	 39	 49	 47	 23	 25	 47	 31	 29	 32	 18	 33	 25	 28	 35	 25	 34	 52	 24	 49	 17	 14	 40	 25	 46	 51	 51	 43	  3	 43	 30	 27	 44	 36	 35	 31	 31	 36	 36	 20	  6	 48	 41	 49	 37	 22	 47	 12	 30	 25	 47	 32	  6	 39	 14	 39	 10	 46	 20	 17	 29	 38	 40	  6	 49	 30	 43	 51	 42	 46	 48	 47	 46	 38	 31	  3	 40	 35	 41
