nVehicles:  23
nDepots:     1
nCustomers: 25
nPeriods:    6
VEHICLE_TYPE	FLEET_SIZE	CAPACITY
           1	        23	       8	
DEPOT   	X  	Y  	INV_COST	INITIAL_INV 	MIN_LEVEL_INV 	MAX_LEVEL_INV	PRODUCTION_0	PRODUCTION_1	PRODUCTION_2	PRODUCTION_3	PRODUCTION_4	PRODUCTION_5
       0	336	 78	       0	        155	            0	         1030	         173	         173	         173	         173	         173	         173	
CUSTOMER	X  	Y  	INV_COST	INITIAL_INV	MIN_LEVEL_INV 	MAX_LEVEL_INV	DEMAND_0	DEMAND_1	DEMAND_2	DEMAND_3	DEMAND_4	DEMAND_5
       1	362	242	    0.16	         11	            0	           39	       6	       8	       8	       8	       6	       5
       2	222	190	    0.22	          8	            0	            9	       5	       6	       9	       8	       5	       5
       3	 49	234	    0.04	          6	            0	           15	       4	       5	       8	       6	       6	       7
       4	223	107	    0.27	          1	            0	            9	       4	       6	       6	       5	       4	       4
       5	 67	342	    0.27	          7	            0	           27	       4	       7	       7	       5	       5	       4
       6	295	138	    0.07	          1	            0	           23	       5	       7	       8	       7	       6	       5
       7	  4	413	    0.15	         10	            0	           34	       6	       9	       9	       9	       7	       6
       8	  1	 17	    0.25	         18	            0	           45	       8	      12	      12	       9	       6	       8
       9	307	 57	    0.11	         13	            0	           31	       6	       8	       8	       9	       7	       6
      10	250	407	       0	          1	            0	           60	       0	       0	       0	       4	       5	       5
      11	312	321	    0.19	          3	            0	           19	       6	       8	       9	       6	       5	       6
      12	446	463	    0.22	          7	            0	           14	       4	       4	       6	       6	       4	       5
      13	316	439	     0.1	         14	            0	           37	       7	       9	      10	      11	       8	       7
      14	369	213	    0.01	          6	            0	           33	       6	       8	      10	       9	       8	       6
      15	298	 18	    0.06	          8	            0	           13	       4	       8	      10	       9	       5	       5
      16	115	159	    0.12	          9	            0	           11	       5	       6	       7	       8	       6	       4
      17	434	 66	    0.09	          3	            0	           28	       4	       6	       7	      10	       9	       6
      18	424	 87	    0.02	         13	            0	           37	       5	       9	      12	       9	       8	       5
      19	321	318	    0.21	         13	            0	           18	       5	       8	       7	       7	       8	       5
      20	384	 42	    0.21	          2	            0	           16	       2	       6	       7	       8	       6	       5
      21	 71	300	    0.05	         12	            0	           22	       5	       8	       8	       8	       5	       7
      22	 25	331	     0.3	          7	            0	           14	       5	       6	      10	       7	       4	       6
      23	267	325	    0.14	          3	            0	           26	       4	       5	       5	       6	       5	       3
      24	284	224	    0.01	         12	            0	           31	       4	       6	       7	       8	       6	       5
      25	474	 41	    0.07	          3	            0	           16	       5	       7	       7	       7	       4	       4
COST_MATRIX 
	  0	  1	  2	  3	  4	  5	  6	  7	  8	  9	 10	 11	 12	 13	 14	 15	 16	 17	 18	 19	 20	 21	 22	 23	 24	 25
  0
  1	 17
  2	 16	 15
  3	 33	 32	 18
  4	 12	 20	  9	 22
  5	 38	 32	 22	 11	 29
  6	  8	 13	  9	 27	  8	 31
  7	 48	 40	 32	 19	 38	 10	 41
  8	 35	 43	 29	 23	 24	 34	 32	 40
  9	  4	 20	 16	 32	 10	 38	  9	 47	 31
 10	 35	 20	 22	 27	 31	 20	 28	 25	 47	 36
 11	 25	 10	 16	 28	 24	 25	 19	 33	 44	 27	 11
 12	 41	 24	 36	 46	 43	 40	 36	 45	 64	 43	 21	 20
 13	 37	 21	 27	 34	 35	 27	 31	 32	 53	 39	  8	 12	 14
 14	 14	  3	 15	 33	 19	 33	 11	 42	 42	 17	 23	 13	 27	 24
 15	  8	 24	 19	 33	 12	 40	 13	 50	 30	  5	 40	 31	 47	 43	 21
 16	 24	 27	 12	 10	 12	 19	 19	 28	 19	 22	 29	 26	 45	 35	 26	 24
 17	 10	 20	 25	 43	 22	 46	 16	 56	 44	 13	 39	 29	 40	 40	 17	 15	 34
 18	  9	 17	 23	 41	 21	 44	 14	 54	 43	 13	 37	 26	 38	 37	 14	 15	 32	  3
 19	 25	  9	 17	 29	 24	 26	 19	 34	 44	 27	 12	  1	 20	 13	 12	 31	 27	 28	 26
 20	  7	 21	 22	 39	 18	 44	 14	 54	 39	  8	 39	 29	 43	 41	 18	  9	 30	  6	  7	 29
 21	 35	 30	 19	  7	 25	  5	 28	 14	 30	 34	 21	 25	 41	 29	 32	 37	 15	 44	 42	 26	 41
 22	 41	 35	 25	 10	 30	  5	 34	  9	 32	 40	 24	 29	 45	 32	 37	 42	 20	 49	 47	 30	 47	  6
 23	 26	 13	 15	 24	 23	 21	 19	 28	 41	 28	  9	  5	 23	 13	 16	 31	 23	 31	 29	  6	 31	 20	 25
 24	 16	  9	  8	 24	 14	 25	  9	 34	 36	 17	 19	 11	 29	 22	  9	 21	 19	 22	 20	 11	 21	 23	 29	 11
 25	 15	 24	 30	 47	 26	 51	 21	 60	 48	 17	 43	 33	 43	 43	 21	 18	 38	  5	  7	 32	 10	 48	 54	 36	 27
