nVehicles:   5
nDepots:     1
nCustomers: 25
nPeriods:    9
VEHICLE_TYPE	FLEET_SIZE	CAPACITY
           4	         5	      38	
DEPOT   	X  	Y  	INV_COST	INITIAL_INV 	MIN_LEVEL_INV 	MAX_LEVEL_INV	PRODUCTION_0	PRODUCTION_1	PRODUCTION_2	PRODUCTION_3	PRODUCTION_4	PRODUCTION_5	PRODUCTION_6	PRODUCTION_7	PRODUCTION_8
       0	 47	254	       0	        224	            0	         1591	         181	         181	         181	         181	         181	         181	         181	         181	         181	
CUSTOMER	X  	Y  	INV_COST	INITIAL_INV	MIN_LEVEL_INV 	MAX_LEVEL_INV	DEMAND_0	DEMAND_1	DEMAND_2	DEMAND_3	DEMAND_4	DEMAND_5	DEMAND_6	DEMAND_7	DEMAND_8
       1	363	265	    0.13	         15	            0	           16	       7	       9	       8	       8	       7	       6	       5	       8	      11
       2	484	452	    0.03	          1	            0	           13	       4	       5	       6	       6	       4	       3	       4	       6	       6
       3	484	131	     0.2	         12	            0	           54	       5	       8	       8	       9	       5	       5	       5	       8	       7
       4	244	367	    0.22	         11	            0	           87	       8	      11	      14	       9	       7	       7	       9	      13	      10
       5	268	 67	    0.29	          1	            0	           53	       6	      10	      10	       7	       5	       5	       8	      10	       6
       6	349	416	     0.2	          3	            0	           42	       5	       5	       6	       8	       8	       6	       5	       4	       4
       7	410	 81	    0.14	         10	            0	           27	       8	       9	      11	      11	       8	       7	       9	       9	      12
       8	324	312	    0.13	         10	            0	           77	       9	       9	      13	      10	       9	       8	      10	      14	      12
       9	347	425	    0.27	          1	            0	           50	       6	       7	      11	      11	       7	       5	       5	       9	      11
      10	136	 47	    0.04	          7	            0	           44	       5	       7	       9	       8	       7	       5	       5	       5	       6
      11	 57	496	    0.06	         17	            0	           46	       8	      10	      12	      11	       8	       7	      13	      10	      10
      12	150	410	    0.15	          2	            0	           12	       4	       4	       6	       7	       5	       5	       3	       4	       5
      13	352	261	    0.15	          3	            0	           20	       5	       5	       7	       7	       5	       5	       5	       8	       6
      14	135	263	    0.13	          4	            0	           45	       5	       7	       9	       7	       6	       5	       5	       7	       9
      15	169	336	    0.27	          1	            0	           34	       3	       5	       5	       6	       4	       4	       4	       4	       5
      16	386	350	    0.06	          8	            0	           44	       8	      11	      14	      13	      10	       7	       7	      10	      14
      17	298	197	    0.14	          4	            0	           14	       3	       4	       5	       6	       5	       4	       4	       3	       5
      18	153	174	    0.19	          2	            0	           40	       5	       7	       8	       7	       7	       4	       5	       7	       8
      19	  3	 76	    0.09	          8	            0	           21	       4	       5	       5	       5	       6	       4	       4	       4	       5
      20	345	408	    0.03	         15	            0	           58	       8	      11	      10	      10	       6	       9	      13	      13	       9
      21	 83	 12	    0.29	          4	            0	           34	       6	       9	      10	       9	       7	       5	       7	      10	      10
      22	 69	144	    0.22	         13	            0	           18	       8	       8	      13	      11	       9	       8	       8	       8	      11
      23	389	 11	    0.12	          6	            0	           15	       5	       8	      10	      10	       6	       5	       7	      10	      11
      24	407	473	    0.29	          9	            0	           31	       4	       7	       8	       8	       7	       5	       5	       7	       9
      25	448	  4	    0.02	          6	            0	           41	       4	       4	       5	       6	       5	       5	       5	       3	       4
COST_MATRIX 
	  0	  1	  2	  3	  4	  5	  6	  7	  8	  9	 10	 11	 12	 13	 14	 15	 16	 17	 18	 19	 20	 21	 22	 23	 24	 25
  0
  1	 32
  2	 48	 23
  3	 46	 19	 33
  4	 23	 16	 26	 34
  5	 29	 22	 45	 23	 31
  6	 35	 16	 14	 32	 12	 36
  7	 41	 19	 38	  9	 34	 15	 35
  8	 29	  7	 22	 25	 10	 26	 11	 25
  9	 35	 17	 14	 33	 12	 37	  1	 35	 12
 10	 23	 32	 54	 36	 34	 14	 43	 28	 33	 44
 11	 25	 39	 43	 57	 23	 48	 31	 55	 33	 30	 46
 12	 19	 26	 34	 44	 11	 37	 20	 42	 20	 20	 37	 13
 13	 31	  2	 24	 19	 16	 22	 16	 19	  6	 17	 31	 38	 26
 14	  9	 23	 40	 38	 16	 24	 27	 33	 20	 27	 22	 25	 15	 22
 15	 15	 21	 34	 38	  9	 29	 20	 36	 16	 20	 30	 20	  8	 20	  9
 16	 36	  9	 15	 24	 15	 31	  8	 28	  8	  9	 40	 36	 25	 10	 27	 22
 17	 26	 10	 32	 20	 18	 14	 23	 17	 12	 24	 23	 39	 26	  9	 18	 19	 18
 18	 14	 23	 44	 34	 22	 16	 32	 28	 22	 32	 13	 34	 24	 22	 10	 17	 30	 15
 19	 19	 41	 62	 49	 38	 27	 49	 41	 40	 50	 14	 43	 37	 40	 23	 31	 48	 32	 18
 20	 34	 15	 15	 31	 11	 35	  1	 34	 10	  2	 42	 31	 20	 15	 26	 20	  8	 22	 31	 48
 21	 25	 38	 60	 42	 39	 20	 49	 34	 39	 50	  7	 49	 41	 37	 26	 34	 46	 29	 18	 11	 48
 22	 12	 32	 52	 42	 29	 22	 40	 35	 31	 40	 12	 36	 28	 31	 14	 22	 38	 24	  9	 10	 39	 14
 23	 42	 26	 46	 16	 39	 14	 41	  8	 31	 42	 26	 59	 47	 26	 36	 40	 34	 21	 29	 40	 40	 31	 35
 24	 43	 22	  8	 36	 20	 43	  9	 40	 19	  8	 51	 36	 27	 22	 35	 28	 13	 30	 40	 57	  9	 57	 48	 47
 25	 48	 28	 45	 14	 42	 20	 43	  9	 34	 44	 32	 63	 51	 28	 41	 44	 36	 25	 35	 46	 42	 37	 41	  6	 48
