nVehicles:   20
nDepots:      1
nCustomers: 100
nPeriods:    12
VEHICLE_TYPE	FLEET_SIZE	CAPACITY
           4	        20	      38	
DEPOT   	X  	Y  	INV_COST	INITIAL_INV 	MIN_LEVEL_INV 	MAX_LEVEL_INV	PRODUCTION_0	PRODUCTION_1	PRODUCTION_2	PRODUCTION_3	PRODUCTION_4	PRODUCTION_5	PRODUCTION_6	PRODUCTION_7	PRODUCTION_8	PRODUCTION_9	PRODUCTION_10	PRODUCTION_11
       0	226	316	       0	        820	            0	         8482	         710	         710	         710	         710	         710	         710	         710	         710	         710	         710	          710	          710	
CUSTOMER	X  	Y  	INV_COST	INITIAL_INV	MIN_LEVEL_INV 	MAX_LEVEL_INV	DEMAND_0	DEMAND_1	DEMAND_2	DEMAND_3	DEMAND_4	DEMAND_5	DEMAND_6	DEMAND_7	DEMAND_8	DEMAND_9	DEMAND_10	DEMAND_11
       1	173	406	    0.12	          7	            0	           32	       5	       7	       7	       7	       5	       5	       3	       5	       7	       6	        6	        5
       2	366	449	     0.1	          7	            0	           66	       4	       5	       6	       6	       6	       5	       5	       4	       4	       6	        7	        8
       3	351	416	    0.22	          7	            0	           34	       5	       6	       7	       8	       7	       5	       5	       4	       4	       5	        7	        8
       4	346	491	    0.29	          4	            0	           38	       6	       6	       7	       7	       5	       4	       6	       9	       8	       8	        5	        6
       5	 80	 67	    0.15	          7	            0	           52	       4	       4	       6	       6	       5	       4	       3	       3	       5	       6	        6	        5
       6	268	158	     0.2	          8	            0	           25	       6	       6	       8	       6	       5	       6	       8	       9	       8	       5	        5	        7
       7	264	406	    0.27	          3	            0	           43	       9	       8	      14	      11	      13	       9	       8	       6	       8	      11	       13	       10
       8	 42	158	    0.09	          2	            0	           70	       5	       7	      10	      11	       8	       7	       5	       6	       7	       8	        8	       11
       9	244	485	     0.3	          5	            0	           77	       6	       6	       7	       8	       6	       5	       5	       7	       8	       9	        5	        5
      10	 73	 59	    0.15	         10	            0	           78	       7	       9	      14	      11	      10	       9	       7	       6	       9	      11	       10	       11
      11	423	260	    0.25	          5	            0	           66	       6	       8	       9	       7	       8	       8	       5	       4	       4	       6	        6	        9
      12	311	103	    0.01	         12	            0	           68	       5	       7	       8	       7	       6	       5	       6	       9	       6	       4	        5	        7
      13	 31	307	    0.03	          2	            0	           14	       5	       5	       8	       7	       6	       5	       4	       5	       7	       6	        5	        4
      14	259	 11	     0.1	          2	            0	           54	       6	       7	       8	       5	       5	       5	       9	       7	       5	       4	        7	       10
      15	 45	 62	       0	          7	            0	           37	       4	       5	       8	       7	       4	       3	       4	       5	       8	       6	        5	        4
      16	396	146	    0.07	         19	            0	          102	       9	      13	      12	      11	       7	       6	      12	      11	      11	       8	        7	       11
      17	374	 75	    0.28	          1	            0	           49	       4	       5	       6	       5	       4	       4	       3	       3	       4	       6	        5	        5
      18	460	 61	    0.18	          3	            0	           39	       7	      10	       9	      10	       8	       7	       6	       8	      10	       9	       11	        6
      19	332	187	    0.17	          1	            0	           21	       5	       6	       6	       6	       4	       6	       8	       7	       4	       4	        5	        7
      20	232	 61	    0.01	          1	            0	           73	       6	       7	      10	       9	       8	       5	       6	       6	       9	       9	        7	        8
      21	 31	375	    0.13	         16	            0	           39	       7	       9	      10	      10	       6	       7	       9	      10	      11	       9	        7	        6
      22	389	238	    0.22	         11	            0	           50	       5	       9	       8	       7	       5	       5	       9	       6	       6	       5	        9	        7
      23	400	 40	    0.08	          8	            0	           59	       5	       8	       7	       5	       5	       5	       6	       8	       7	       5	        5	        7
      24	258	125	    0.17	          9	            0	           79	       6	       9	      10	       9	       8	       6	       6	       8	      10	       8	        7	        5
      25	 81	239	    0.18	          5	            0	           45	       4	       4	       5	       5	       4	       3	       3	       4	       5	       6	        4	        4
      26	169	148	    0.24	          3	            0	           65	       4	       5	       6	       6	       7	       6	       4	       4	       4	       7	        7	        8
      27	464	 88	    0.22	         10	            0	           26	       8	      11	       9	       9	       8	       5	       8	       8	      12	      10	        9	        7
      28	282	160	    0.04	          3	            0	           49	       3	       5	       5	       5	       3	       4	       4	       5	       4	       4	        4	        5
      29	496	166	    0.29	          7	            0	           54	       6	       7	       9	       7	       5	       6	       8	       9	       5	       5	        7	        8
      30	105	382	    0.19	          2	            0	           61	       5	       7	       7	       5	       4	       4	       8	       8	       5	       4	        4	        6
      31	139	416	       0	         13	            0	           51	       7	      11	      14	       9	       9	       6	       7	       9	      13	      12	        8	        6
      32	338	303	    0.04	          8	            0	           93	       7	       9	      13	      12	      10	       9	       8	       8	       8	       9	       12	       12
      33	188	364	    0.06	          6	            0	           45	       6	       9	      10	      10	       7	       6	       7	       6	       8	      10	        8	        6
      34	 67	 12	    0.08	          6	            0	           70	       5	       7	       8	       8	       7	       5	       5	       5	       6	       7	        8	        7
      35	127	119	    0.04	          1	            0	           89	       8	      10	      11	      11	      12	      10	       8	       7	       8	       9	       12	       13
      36	379	  0	    0.23	         11	            0	           68	       5	       8	      10	       7	       6	       5	       8	       7	       7	       5	        5	        5
      37	 48	277	    0.11	         11	            0	           29	       5	       6	       6	       6	       4	       5	       6	       7	       4	       4	        7	        8
      38	335	484	    0.26	          3	            0	           35	       7	      10	      10	      11	       8	       8	       6	       7	      10	      12	       12	        9
      39	293	 56	    0.11	          9	            0	           73	       5	       6	       9	       7	       8	       5	       4	       6	       6	       6	        9	        9
      40	142	484	    0.09	         17	            0	           84	       8	      11	      12	      13	      10	       7	       8	      11	      10	      10	       10	        6
      41	302	 97	    0.22	          7	            0	           25	       4	       6	       7	       5	       4	       4	       7	       6	       5	       3	        5	        7
      42	342	122	    0.29	          7	            0	           49	       4	       6	       5	       5	       4	       4	       5	       6	       5	       5	        4	        3
      43	239	441	    0.07	          3	            0	           41	       4	       6	       7	       5	       4	       4	       4	       7	       8	       5	        5	        5
      44	221	 86	    0.02	          2	            0	           59	       8	      11	      11	      12	      12	      10	       8	       6	       7	       7	       11	       13
      45	196	159	    0.06	          3	            0	           35	       8	       9	      10	      10	       8	       7	       7	       8	       8	      10	       10	        8
      46	113	341	    0.03	         10	            0	           70	       8	       9	      10	       8	       7	       6	      10	      12	       9	       6	        8	       10
      47	117	222	    0.06	          4	            0	           35	       4	       7	       6	       5	       5	       4	       6	       6	       8	       5	        4	        5
      48	298	392	    0.02	         13	            0	           78	       7	      11	      12	      13	      11	      10	       7	       7	      10	      11	       10	       10
      49	268	494	    0.15	         15	            0	           84	       8	       9	      10	       8	       5	       7	      11	      10	       7	       7	        7	       11
      50	119	310	    0.03	         18	            0	           61	       7	      13	      10	      11	       7	       8	      10	      13	       9	       6	        8	       10
      51	314	466	    0.18	          3	            0	           49	       5	       6	       7	       8	       6	       5	       4	       4	       4	       6	        8	        8
      52	 70	214	    0.09	          7	            0	           50	       5	       7	       9	       9	       7	       4	       5	       6	       8	       8	        9	        5
      53	351	205	    0.13	          5	            0	           43	       4	       5	       5	       5	       5	       4	       3	       3	       4	       5	        7	        6
      54	 72	432	    0.11	         11	            0	           47	       6	       7	       8	       9	       6	       4	       4	       6	       7	       9	        6	        5
      55	362	478	    0.24	          3	            0	           17	       5	       7	       6	       6	       5	       3	       5	       5	       6	       6	        5	        4
      56	128	 64	    0.18	         10	            0	           53	       9	      13	      10	       8	       7	       8	      11	      10	       7	       7	        8	       11
      57	430	495	    0.09	         11	            0	           73	       5	       8	       8	       7	       5	       5	       5	       7	       8	       6	        6	        5
      58	 48	492	     0.1	          6	            0	           57	       6	       7	       8	       7	       5	       4	       7	       7	       7	       6	        5	        6
      59	 85	477	    0.28	          9	            0	           52	       4	       6	       7	       6	       5	       4	       4	       5	       6	       6	        5	        5
      60	182	379	    0.04	         11	            0	           78	       7	       8	      10	       9	       8	       6	       6	       6	       6	      10	        9	        9
      61	177	335	    0.12	          3	            0	           42	       4	       6	       8	       6	       4	       5	       5	       7	       6	       4	        4	        6
      62	 58	260	    0.01	          1	            0	           90	       7	      13	      13	      12	       7	       7	       9	      12	      10	      10	        7	        9
      63	 92	260	    0.08	          4	            0	           76	       5	       7	       9	       6	       6	       5	       6	       8	       9	       6	        6	        6
      64	205	438	    0.25	          1	            0	           44	       5	       6	       8	       6	       4	       5	       7	       7	       8	       6	        5	        6
      65	446	 87	    0.08	         10	            0	           41	       6	      10	      12	       8	       6	       5	       8	       9	      10	       9	        6	        7
      66	276	433	    0.12	         10	            0	           43	       4	       7	       6	       5	       4	       5	       6	       5	       4	       5	        6	        7
      67	105	103	    0.26	         16	            0	           62	       8	       9	      12	      11	       9	       6	       6	       8	      10	      11	       10	        8
      68	 66	242	    0.17	          9	            0	           91	       8	       9	      13	      12	       8	       6	       8	       8	      11	      10	        8	        6
      69	381	155	    0.02	          4	            0	           60	       6	       9	       8	       6	       5	       8	       9	       7	       6	       6	        9	        9
      70	430	 65	    0.18	          5	            0	           44	       5	       6	       7	       4	       4	       5	       7	       6	       5	       5	        7	        6
      71	316	142	    0.25	         11	            0	           51	       5	       8	       7	       7	       7	       7	       6	       5	       6	       8	        8	       10
      72	144	 72	    0.14	          5	            0	           33	       5	       8	       8	       7	       5	       5	       9	       7	       7	       4	        5	        7
      73	414	383	    0.21	         14	            0	           87	       6	       9	      10	      13	      10	       6	       7	       6	       9	       8	       12	        9
      74	245	460	    0.07	          3	            0	           25	       3	       4	       5	       4	       3	       4	       5	       5	       4	       3	        5	        5
      75	 63	279	    0.17	          6	            0	           62	       5	       7	       8	       5	       4	       4	       6	       6	       6	       5	        5	        6
      76	 69	363	    0.25	         18	            0	           72	       8	      10	      14	      10	       7	       8	      11	      11	      11	       7	        8	       10
      77	367	398	    0.01	          2	            0	           48	       5	       6	       7	       6	       5	       5	       8	       7	       5	       4	        6	        7
      78	416	495	    0.18	          8	            0	          105	       8	      12	      14	      10	       8	       7	       8	      12	      11	      14	       11	        7
      79	283	398	    0.11	          2	            0	           13	       3	       5	       5	       5	       5	       4	       4	       3	       3	       5	        6	        6
      80	212	162	     0.1	         10	            0	           17	       6	       9	       8	       6	       4	       5	       6	       8	       7	       4	        6	        7
      81	447	103	    0.08	          4	            0	           65	       6	       8	      11	      10	       8	       8	       6	       5	       8	       9	       12	       10
      82	140	187	    0.02	         10	            0	           70	       8	       9	      12	      11	       9	       6	       7	      11	      10	      13	        8	        7
      83	246	182	    0.28	          2	            0	           44	       3	       5	       5	       5	       4	       3	       4	       6	       5	       4	        3	        3
      84	255	 24	    0.05	          1	            0	           24	       5	       7	       6	       6	       4	       4	       5	       7	       6	       4	        4	        4
      85	386	 56	    0.07	          4	            0	           22	       5	       8	       8	       7	       6	       5	       5	       7	       7	       9	        8	        5
      86	377	108	    0.07	          5	            0	           53	       7	       8	      11	       9	       7	       6	       7	       9	      10	      11	        8	        7
      87	316	 82	    0.26	          5	            0	           75	       6	       7	       8	       9	       8	       7	       5	       6	       8	       7	       11	        8
      88	 98	125	    0.02	          2	            0	           24	       8	       9	      13	      11	      10	       7	       8	       8	      12	      13	       10	        8
      89	455	225	    0.03	          9	            0	           84	       7	      13	      14	       9	       7	       8	      10	      10	      13	       9	        6	        8
      90	441	485	    0.28	          5	            0	          102	       9	      11	      10	      12	       9	       6	       8	       8	      13	      14	       10	        8
      91	366	395	    0.09	          4	            0	           32	       6	       7	      10	       9	       7	       6	       6	       7	       8	       9	        8	        9
      92	 57	119	    0.19	          2	            0	           89	       7	      10	       8	       7	       5	       7	       8	       7	       5	       7	        8	       10
      93	 69	164	    0.04	         10	            0	           29	       6	       9	       9	       7	       6	       5	       9	      11	       8	       5	        5	        8
      94	297	475	    0.21	         10	            0	           81	       8	       9	       9	      11	       8	       7	       7	       9	      13	      12	        8	        6
      95	406	157	    0.12	          8	            0	           21	       7	       9	      10	       8	       7	       5	       8	      10	      11	       9	        6	        5
      96	 68	 47	    0.24	          9	            0	           12	       4	       6	       5	       4	       3	       4	       6	       4	       3	       3	        6	        6
      97	 86	443	     0.3	         13	            0	           26	       6	       7	       9	      10	       6	       6	       6	       8	      10	       8	        7	        5
      98	122	238	     0.1	         13	            0	           36	       6	       8	      10	       7	       7	       5	       4	       7	       9	       8	        7	        5
      99	437	143	    0.03	          6	            0	           37	       4	       5	       5	       6	       5	       3	       4	       5	       6	       6	        4	        3
     100	224	122	    0.21	         12	            0	           38	       8	      10	      12	      10	      10	       8	       8	       5	       7	      10	       10	       11
COST_MATRIX 
	  0	  1	  2	  3	  4	  5	  6	  7	  8	  9	 10	 11	 12	 13	 14	 15	 16	 17	 18	 19	 20	 21	 22	 23	 24	 25	 26	 27	 28	 29	 30	 31	 32	 33	 34	 35	 36	 37	 38	 39	 40	 41	 42	 43	 44	 45	 46	 47	 48	 49	 50	 51	 52	 53	 54	 55	 56	 57	 58	 59	 60	 61	 62	 63	 64	 65	 66	 67	 68	 69	 70	 71	 72	 73	 74	 75	 76	 77	 78	 79	 80	 81	 82	 83	 84	 85	 86	 87	 88	 89	 90	 91	 92	 93	 94	 95	 96	 97	 98	 99	100
  0
  1	 11
  2	 20	 20
  3	 17	 18	  4
  4	 22	 20	  5	  8
  5	 29	 36	 48	 45	 51
  6	 17	 27	 31	 28	 35	 21
  7	 10	 10	 12	  9	 12	 39	 25
  8	 25	 29	 44	 41	 46	 10	 23	 34
  9	 17	 11	 13	 13	 11	 45	 33	  9	 39
 10	 30	 37	 49	 46	 52	  2	 22	 40	 11	 46
 11	 21	 29	 20	 18	 25	 40	 19	 22	 40	 29	 41
 12	 23	 34	 36	 32	 39	 24	  7	 31	 28	 39	 25	 20
 13	 20	 18	 37	 34	 37	 25	 28	 26	 15	 28	 26	 40	 35
 14	 31	 41	 46	 42	 49	 19	 15	 40	 27	 48	 20	 30	 11	 38
 15	 32	 37	 51	 47	 53	  4	 25	 41	 10	 47	  3	 43	 27	 25	 22
 16	 25	 35	 31	 28	 35	 33	 13	 30	 36	 38	 34	 12	 10	 40	 20	 37
 17	 29	 39	 38	 35	 42	 30	 14	 35	 35	 44	 31	 20	  7	 42	 14	 33	  8
 18	 35	 45	 40	 38	 45	 39	 22	 40	 43	 48	 39	 21	 16	 50	 21	 42	 11	  9
 19	 17	 28	 27	 23	 31	 28	  8	 23	 30	 32	 29	 12	  9	 33	 20	 32	  8	 12	 18
 20	 26	 36	 42	 38	 45	 16	 11	 35	 22	 43	 16	 28	  9	 32	  6	 19	 19	 15	 23	 17
 21	 21	 15	 35	 33	 34	 32	 33	 24	 22	 24	 32	 41	 40	  7	 43	 32	 44	 46	 54	 36	 38
 22	 19	 28	 22	 19	 26	 36	 15	 21	 36	 29	 37	  5	 16	 37	 27	 39	 10	 17	 20	  8	 24	 39
 23	 33	 44	 42	 38	 46	 33	 18	 40	 38	 48	 33	 23	 11	 46	 15	 36	 11	  5	  7	 17	 17	 50	 20
 24	 20	 30	 35	 31	 38	 19	  4	 29	 22	 37	 20	 22	  6	 30	 12	 23	 14	 13	 22	 10	  7	 34	 18	 17
 25	 17	 20	 36	 33	 37	 18	 21	 25	  9	 30	 19	 35	 27	  9	 29	 19	 33	 34	 42	 26	 24	 15	 31	 38	 22
 26	 18	 26	 36	 33	 39	 13	 10	 28	 13	 35	 14	 28	 15	 22	 17	 16	 23	 22	 31	 17	 11	 27	 24	 26	 10	 13
 27	 33	 44	 38	 35	 42	 39	 21	 38	 43	 46	 40	 18	 16	 49	 22	 42	  9	 10	  3	 17	 24	 52	 17	  9	 21	 42	 31
 28	 17	 27	 31	 27	 34	 23	  2	 25	 25	 33	 24	 18	  7	 30	 16	 26	 12	 13	 21	  6	 12	 34	 14	 17	  5	 22	 12	 20
 29	 31	 41	 32	 29	 36	 43	 23	 34	 46	 41	 44	 12	 20	 49	 29	 47	 11	 16	 12	 17	 29	 51	 13	 16	 25	 43	 33	  9	 22
 30	 14	  8	 27	 25	 27	 32	 28	 17	 24	 18	 33	 35	 35	 11	 41	 33	 38	 41	 48	 30	 35	  8	 32	 46	 30	 15	 25	 47	 29	 45
 31	 14	  4	 23	 22	 23	 36	 29	 13	 28	 13	 37	 33	 36	 16	 43	 37	 38	 42	 48	 30	 37	 12	 31	 46	 32	 19	 27	 47	 30	 44	  5
 32	 12	 20	 15	 12	 19	 35	 17	 13	 33	 21	 37	 10	 21	 31	 31	 38	 17	 24	 28	 12	 27	 32	  9	 28	 20	 27	 23	 25	 16	 21	 25	 23
 33	  7	  5	 20	 18	 21	 32	 23	  9	 26	 14	 33	 26	 29	 17	 37	 34	 31	 35	 41	 23	 31	 16	 24	 39	 25	 17	 22	 40	 23	 37	  9	  8	 17
 34	 35	 41	 53	 50	 56	  6	 25	 45	 15	 51	  5	 44	 27	 30	 20	  6	 36	 32	 40	 32	 18	 37	 40	 34	 23	 23	 18	 41	 27	 46	 38	 42	 40	 38
 35	 23	 30	 41	 38	 44	  8	 15	 32	 10	 39	  9	 33	 19	 22	 18	 10	 28	 26	 34	 22	 12	 28	 29	 29	 14	 13	  6	 34	 17	 38	 27	 30	 28	 26	 13
 36	 36	 46	 45	 42	 50	 31	 20	 43	 38	 51	 32	 27	 13	 47	 13	 34	 15	  8	 11	 20	 16	 52	 24	  5	 18	 39	 26	 13	 19	 21	 48	 49	 31	 42	 32	 28
 37	 19	 18	 37	 34	 37	 22	 26	 26	 12	 29	 22	 38	 32	  4	 34	 22	 38	 39	 47	 30	 29	 10	 35	 43	 26	  6	 18	 46	 27	 47	 12	 17	 30	 17	 27	 18	 44
 38	 21	 18	  5	  7	  2	 49	 34	 11	 44	 10	 50	 25	 39	 36	 48	 52	 35	 42	 45	 30	 44	 33	 26	 45	 37	 36	 38	 42	 33	 36	 26	 21	 19	 19	 55	 43	 49	 36
 39	 27	 38	 40	 37	 44	 22	 11	 36	 28	 44	 23	 25	  6	 37	  6	 25	 14	  9	 17	 14	  7	 42	 21	 11	  8	 29	 16	 18	 11	 24	 38	 40	 26	 33	 24	 18	 11	 33	 44
 40	 19	  9	 23	 22	 21	 43	 35	 15	 35	 11	 44	 36	 42	 21	 49	 44	 43	 48	 53	 36	 44	 16	 35	 52	 38	 26	 34	 52	 36	 48	 11	  7	 27	 13	 48	 37	 54	 23	 20	 46
 41	 24	 34	 36	 33	 40	 23	  7	 32	 27	 40	 24	 21	  2	 35	 10	 26	 11	  8	 17	 10	  8	 39	 17	 12	  6	 27	 15	 17	  7	 21	 35	 36	 21	 30	 25	 18	 13	 32	 39	  5	 42
 42	 23	 34	 33	 30	 37	 27	  9	 30	 31	 38	 28	 17	  4	 37	 14	 31	  6	  6	 14	  7	 13	 41	 13	 11	  9	 29	 18	 13	  8	 17	 36	 36	 19	 29	 30	 22	 13	 34	 37	  9	 42	  5
 43	 13	  8	 13	 12	 12	 41	 29	  5	 35	  5	 42	 26	 35	 25	 44	 43	 34	 40	 44	 28	 39	 22	 26	 44	 32	 26	 31	 42	 29	 38	 15	 11	 17	 10	 47	 35	 47	 26	 11	 39	 11	 35	 34
 44	 24	 33	 40	 36	 43	 15	  9	 33	 20	 40	 16	 27	 10	 30	  9	 18	 19	 16	 25	 16	  3	 35	 23	 19	  6	 21	  9	 25	 10	 29	 32	 35	 25	 28	 18	 10	 18	 26	 42	  8	 41	  9	 13	 36
 45	 16	 25	 34	 31	 37	 15	  8	 26	 16	 33	 16	 25	 13	 23	 17	 18	 21	 20	 29	 14	 11	 28	 21	 24	  8	 15	  3	 28	  9	 31	 25	 27	 21	 21	 20	  8	 25	 19	 36	 15	 33	 13	 16	 29	  8
 46	 12	  9	 28	 25	 28	 28	 24	 17	 20	 20	 29	 33	 31	  9	 37	 29	 35	 38	 45	 27	 31	  9	 30	 42	 27	 11	 21	 44	 25	 43	  5	  8	 23	  8	 34	 23	 44	 10	 27	 34	 15	 31	 32	 17	 28	 21
 47	 15	 20	 34	 31	 36	 16	 17	 24	 10	 30	 17	 31	 23	 13	 26	 18	 29	 30	 38	 22	 20	 18	 28	 34	 18	  4	 10	 38	 18	 39	 17	 20	 24	 16	 22	 11	 35	  9	 35	 25	 27	 23	 25	 26	 18	 11	 12
 48	 11	 13	  9	  6	 12	 40	 24	  4	 35	 11	 41	 19	 29	 29	 39	 42	 27	 33	 37	 21	 34	 27	 18	 37	 27	 27	 28	 35	 24	 31	 20	 17	 10	 12	 45	 33	 41	 28	 10	 34	 19	 30	 28	  8	 32	 26	 20	 25
 49	 19	 13	 11	 12	  8	 47	 34	  9	 41	  3	 48	 29	 40	 31	 49	 49	 38	 44	 48	 32	 44	 27	 29	 48	 37	 32	 36	 46	 34	 40	 20	 16	 21	 16	 53	 41	 51	 31	  7	 44	 13	 40	 38	  7	 42	 35	 22	 32	 11
 50	 11	 12	 29	 26	 30	 25	 22	 18	 18	 22	 26	 31	 29	  9	 34	 26	 33	 35	 43	 25	 28	 11	 28	 39	 24	  9	 17	 42	 23	 41	  8	 11	 22	  9	 31	 20	 41	  8	 28	 31	 18	 29	 30	 18	 25	 17	  4	  9	 20	 24
 51	 18	 16	  6	  7	  5	 47	 32	  8	 42	  8	 48	 24	 37	 33	 46	 49	 34	 40	 44	 28	 42	 30	 25	 44	 35	 33	 35	 41	 31	 36	 23	 19	 17	 17	 52	 40	 48	 33	  3	 42	 18	 37	 35	  8	 40	 33	 24	 32	  8	  6	 25
 52	 19	 22	 38	 35	 40	 15	 21	 28	  7	 33	 16	 36	 27	 11	 28	 16	 34	 34	 42	 27	 23	 17	 32	 38	 21	  3	 12	 42	 22	 43	 18	 22	 29	 20	 21	 12	 38	  7	 38	 28	 28	 26	 29	 29	 20	 14	 14	  5	 29	 35	 11	 36
 53	 17	 27	 25	 22	 29	 31	 10	 22	 32	 30	 32	 10	 11	 34	 22	 34	  8	 14	 19	  3	 19	 37	  6	 18	 13	 28	 20	 17	  9	 16	 31	 30	 10	 23	 35	 24	 21	 32	 28	 16	 35	 12	  9	 27	 18	 17	 28	 24	 20	 31	 26	 27	 29
 54	 20	 11	 30	 28	 29	 37	 34	 20	 28	 18	 38	 40	 41	 14	 47	 38	 44	 47	 54	 36	 41	  8	 38	 52	 36	 20	 31	 53	 35	 51	  6	  7	 30	 14	 43	 32	 53	 16	 27	 44	  9	 41	 42	 17	 38	 30	 10	 22	 23	 21	 14	 25	 22	 36
 55	 22	 21	  3	  7	  3	 50	 34	 13	 46	 12	 51	 23	 38	 38	 48	 53	 34	 41	 43	 30	 44	 35	 25	 44	 37	 37	 39	 41	 33	 34	 28	 24	 18	 21	 56	 43	 48	 38	  3	 43	 23	 39	 36	 13	 42	 36	 29	 36	 11	 10	 30	  5	 40	 28	 30
 56	 28	 35	 46	 42	 48	  5	 17	 37	 13	 44	  6	 36	 19	 27	 15	  9	 29	 25	 34	 24	 11	 33	 32	 28	 15	 19	 10	 34	 19	 39	 32	 36	 32	 31	  9	  6	 26	 23	 47	 17	 43	 18	 23	 40	 10	 12	 28	 16	 37	 46	 25	 45	 17	 27	 38	 48
 57	 28	 28	  8	 12	  9	 56	 38	 19	 52	 19	 57	 24	 41	 45	 52	 58	 36	 43	 44	 33	 48	 42	 27	 46	 41	 44	 44	 41	 37	 34	 35	 31	 22	 28	 61	 49	 50	 44	 10	 46	 29	 42	 39	 20	 46	 41	 36	 42	 17	 17	 37	 12	 46	 31	 37	  8	 53
 58	 26	 16	 33	 32	 30	 43	 40	 24	 34	 20	 44	 45	 47	 19	 53	 44	 50	 53	 60	 42	 47	 12	 43	 58	 43	 26	 37	 58	 41	 56	 13	 12	 35	 19	 49	 39	 60	 22	 29	 51	 10	 47	 48	 20	 45	 37	 17	 28	 27	 23	 20	 27	 28	 42	  7	 32	 44	 39
 59	 22	 12	 29	 28	 27	 42	 37	 20	 33	 16	 42	 41	 44	 18	 50	 42	 46	 50	 57	 39	 45	 12	 39	 54	 40	 24	 34	 55	 38	 52	 10	  9	 31	 16	 47	 37	 57	 21	 26	 47	  6	 44	 44	 16	 42	 34	 14	 26	 23	 19	 18	 23	 27	 39	  5	 28	 42	 35	  4
 60	  8	  3	 20	 18	 20	 33	 24	  9	 27	 13	 34	 27	 31	 17	 38	 35	 32	 36	 43	 25	 33	 16	 26	 41	 27	 18	 24	 41	 25	 38	  8	  6	 18	  2	 39	 27	 43	 17	 19	 35	 12	 31	 31	  9	 30	 23	  8	 17	 12	 15	 10	 16	 20	 25	 13	 21	 32	 28	 18	 14
 61	  6	  8	 23	 20	 23	 29	 20	 12	 23	 17	 30	 26	 27	 15	 34	 31	 29	 33	 40	 22	 28	 16	 24	 37	 23	 14	 19	 38	 21	 37	  9	  9	 17	  4	 35	 23	 40	 15	 22	 31	 16	 27	 27	 13	 26	 18	  7	 13	 14	 19	  7	 19	 17	 22	 15	 24	 28	 30	 21	 17	  5
 62	 18	 19	 37	 34	 37	 20	 24	 26	 11	 30	 21	 37	 30	  6	 33	 20	 36	 37	 45	 29	 27	 12	 34	 41	 25	  4	 16	 45	 25	 45	 14	 18	 29	 17	 25	 16	 42	  2	 36	 32	 24	 30	 32	 26	 24	 18	 10	  8	 28	 32	  8	 33	  5	 30	 18	 38	 21	 45	 24	 22	 18	 15
 63	 15	 17	 34	 31	 35	 20	 21	 23	 12	 28	 21	 34	 27	  8	 30	 21	 33	 34	 42	 26	 25	 14	 30	 38	 22	  3	 14	 41	 22	 42	 13	 17	 25	 15	 25	 15	 39	  5	 34	 29	 23	 27	 29	 24	 22	 15	  9	  5	 25	 30	  6	 31	  6	 27	 18	 35	 20	 42	 24	 22	 15	 12	  4
 64	 13	  5	 17	 15	 16	 40	 29	  7	 33	  7	 41	 29	 36	 22	 44	 41	 35	 41	 46	 29	 38	 19	 28	 45	 32	 24	 30	 44	 29	 40	 12	  7	 19	  8	 45	 33	 48	 23	 14	 40	  8	 36	 35	  4	 36	 28	 14	 24	 11	  9	 16	 12	 27	 28	 14	 17	 39	 24	 17	 13	  7	 11	 24	 22
 65	 32	 42	 38	 35	 42	 37	 20	 37	 42	 45	 38	 18	 14	 47	 21	 41	  8	  8	  3	 16	 22	 51	 17	  7	 20	 40	 29	  2	 18	 10	 46	 45	 25	 38	 39	 33	 11	 45	 42	 16	 51	 15	 11	 42	 23	 27	 42	 36	 34	 45	 40	 41	 40	 16	 51	 40	 32	 41	 57	 54	 40	 37	 43	 40	 43
 66	 13	 11	 10	  8	 10	 42	 28	  3	 37	  7	 43	 23	 34	 28	 43	 44	 32	 38	 42	 26	 38	 26	 23	 42	 31	 28	 31	 40	 28	 35	 18	 14	 15	 12	 48	 35	 45	 28	  8	 38	 15	 34	 32	  4	 36	 29	 19	 27	  5	  7	 20	  6	 31	 25	 21	 10	 40	 17	 24	 20	 11	 14	 28	 26	  8	 39
 67	 25	 32	 44	 40	 46	  5	 18	 35	  9	 41	  6	 36	 21	 22	 18	  8	 30	 28	 36	 25	 14	 29	 32	 31	 16	 14	  8	 36	 19	 40	 28	 32	 31	 28	 10	  3	 30	 19	 45	 20	 39	 20	 24	 37	 12	 11	 24	 12	 35	 43	 21	 42	 12	 27	 34	 46	  5	 51	 40	 38	 29	 25	 17	 16	 35	 35	 38
 68	 18	 20	 37	 34	 38	 18	 22	 26	  9	 31	 19	 36	 29	  8	 31	 19	 35	 36	 44	 28	 25	 14	 33	 40	 23	  2	 14	 43	 24	 44	 15	 19	 28	 18	 24	 14	 40	  4	 37	 30	 26	 28	 31	 27	 22	 16	 11	  6	 28	 33	  9	 34	  3	 29	 20	 38	 19	 45	 26	 24	 18	 15	  2	  4	 25	 42	 29	 15
 69	 23	 33	 30	 27	 34	 32	 12	 28	 34	 36	 33	 12	  9	 39	 19	 35	  2	  9	 13	  6	 18	 42	  9	 12	 13	 32	 22	 11	 10	 12	 36	 36	 16	 29	 35	 26	 16	 36	 34	 14	 41	 10	  6	 32	 18	 19	 33	 28	 26	 36	 31	 32	 32	  6	 42	 33	 27	 35	 48	 44	 30	 28	 34	 31	 34	 10	 30	 29	 33
 70	 33	 43	 39	 36	 44	 36	 19	 38	 40	 46	 36	 20	 13	 47	 18	 39	  9	  6	  4	 16	 20	 51	 18	  4	 19	 39	 28	  5	 18	 13	 46	 46	 26	 39	 37	 31	  9	 44	 43	 14	 51	 14	 11	 43	 22	 26	 43	 36	 36	 46	 40	 42	 39	 17	 52	 42	 31	 44	 58	 54	 41	 38	 43	 40	 44	  3	 40	 33	 41	 11
 71	 20	 31	 32	 28	 36	 25	  6	 27	 28	 36	 26	 16	  4	 33	 15	 29	  9	  9	 17	  5	 12	 37	 13	 14	  7	 26	 15	 16	  4	 19	 32	 33	 17	 26	 29	 20	 16	 31	 35	  9	 39	  5	  4	 31	 12	 13	 29	 22	 26	 36	 26	 33	 26	  8	 38	 34	 21	 38	 45	 41	 28	 24	 29	 26	 32	 15	 30	 22	 27	  7	 14
 72	 26	 34	 44	 41	 47	  7	 16	 36	 14	 43	  8	 34	 17	 27	 14	 10	 27	 24	 32	 23	  9	 33	 30	 26	 13	 18	  9	 33	 17	 37	 32	 35	 31	 30	 10	  5	 25	 23	 46	 15	 42	 16	 21	 39	  8	 11	 28	 16	 36	 44	 24	 43	 17	 25	 37	 47	  2	 52	 44	 41	 31	 27	 21	 20	 38	 31	 39	  5	 19	 26	 29	 19
 73	 20	 25	  9	  8	 13	 46	 27	 16	 44	 20	 48	 13	 30	 40	 41	 49	 24	 32	 33	 22	 37	 39	 15	 35	 31	 37	 34	 30	 26	 24	 31	 28	 12	 23	 51	 39	 39	 39	 13	 35	 30	 31	 28	 19	 36	 32	 31	 34	 12	 19	 31	 13	 39	 19	 35	 11	 43	 12	 39	 35	 24	 25	 38	 35	 22	 30	 15	 42	 38	 24	 32	 27	 42
 74	 15	 10	 13	 12	 11	 43	 31	  6	 37	  3	 44	 27	 37	 27	 45	 45	 35	 41	 46	 29	 40	 24	 27	 45	 34	 28	 33	 44	 31	 39	 17	 12	 19	 12	 49	 37	 48	 27	 10	 41	 11	 37	 36	  2	 38	 31	 18	 28	  9	  5	 20	  7	 31	 28	 18	 12	 42	 19	 20	 17	 11	 15	 28	 26	  5	 43	  5	 39	 29	 34	 44	 33	 41	 19
 75	 17	 17	 35	 32	 36	 22	 24	 24	 13	 28	 23	 37	 31	  5	 34	 22	 36	 38	 46	 29	 28	 11	 33	 42	 25	  5	 17	 45	 25	 45	 12	 16	 28	 16	 27	 18	 43	  2	 35	 33	 22	 31	 33	 24	 25	 18	  8	  8	 27	 30	  7	 32	  7	 30	 16	 36	 23	 43	 22	 20	 16	 13	  2	  4	 22	 43	 27	 19	  4	 35	 43	 29	 23	 37	 26
 76	 17	 12	 31	 29	 31	 30	 29	 20	 21	 22	 31	 37	 36	  7	 41	 31	 40	 42	 50	 32	 35	  4	 35	 47	 31	 13	 24	 49	 30	 48	  5	  9	 28	 12	 36	 26	 48	  9	 30	 39	 15	 36	 37	 19	 32	 25	  5	 15	 24	 24	  8	 27	 15	 33	  7	 32	 31	 39	 14	 12	 12	 12	 11	 11	 16	 47	 22	 27	 13	 38	 47	 34	 31	 35	 21	  9
 77	 17	 20	  6	  3	 10	 44	 26	 11	 41	 16	 45	 15	 31	 35	 41	 47	 26	 33	 35	 22	 37	 34	 17	 36	 30	 33	 32	 33	 26	 27	 27	 23	 10	 19	 49	 37	 40	 35	 10	 35	 25	 31	 28	 14	 35	 30	 27	 31	  7	 14	 27	  9	 35	 20	 30	  9	 42	 12	 34	 30	 19	 21	 34	 31	 17	 33	 10	 40	 34	 25	 34	 27	 40	  5	 14	 33	 31
 78	 27	 26	  7	 11	  8	 55	 37	 18	 51	 18	 56	 24	 41	 43	 51	 58	 35	 43	 44	 32	 48	 41	 26	 46	 41	 43	 43	 41	 37	 34	 34	 29	 21	 27	 60	 48	 50	 43	  9	 46	 28	 42	 39	 19	 46	 41	 34	 41	 16	 15	 35	 11	 45	 30	 35	  6	 52	  2	 37	 34	 27	 29	 43	 41	 22	 41	 16	 51	 44	 35	 44	 37	 51	 12	 18	 42	 38	 11
 79	 10	 12	 10	  8	 12	 39	 25	  3	 35	 10	 40	 20	 30	 27	 39	 42	 28	 34	 39	 22	 35	 26	 20	 38	 28	 26	 28	 36	 24	 32	 18	 15	 11	 11	 45	 32	 41	 27	 11	 35	 17	 31	 29	  7	 32	 26	 18	 25	  2	 10	 19	  8	 29	 21	 22	 12	 37	 18	 26	 22	 11	 13	 27	 24	  9	 36	  4	 35	 27	 27	 37	 26	 36	 14	  8	 26	 22	  9	 17
 80	 16	 25	 33	 29	 36	 17	  6	 25	 18	 33	 18	 24	 12	 24	 16	 20	 19	 19	 27	 13	 11	 28	 20	 23	  6	 16	  5	 27	  8	 29	 25	 27	 19	 21	 21	 10	 24	 21	 35	 14	 33	 12	 14	 29	  8	  2	 21	 12	 25	 34	 18	 33	 16	 15	 31	 35	 13	 40	 37	 34	 22	 18	 19	 16	 28	 25	 28	 13	 17	 17	 24	 11	 12	 30	 30	 19	 25	 29	 40	 25
 81	 31	 41	 36	 33	 41	 37	 19	 36	 41	 44	 38	 16	 14	 47	 21	 41	  7	  8	  5	 15	 22	 50	 15	  8	 20	 40	 29	  3	 18	  8	 45	 44	 23	 37	 40	 33	 13	 44	 40	 17	 49	 15	 11	 40	 23	 26	 42	 36	 33	 44	 39	 39	 40	 15	 50	 39	 33	 40	 56	 53	 39	 36	 42	 39	 42	  2	 38	 35	 41	  9	  5	 14	 31	 29	 42	 43	 46	 31	 40	 34	 25
 82	 16	 23	 35	 32	 37	 14	 14	 26	 11	 32	 15	 30	 20	 17	 22	 16	 26	 26	 35	 20	 16	 22	 26	 30	 14	  8	  5	 34	 15	 36	 20	 23	 23	 19	 19	  7	 31	 13	 36	 21	 30	 19	 22	 28	 13	  7	 16	  5	 26	 34	 13	 33	  8	 22	 26	 37	 13	 43	 32	 30	 20	 16	 11	  9	 26	 33	 29	 10	 10	 25	 32	 19	 12	 34	 30	 12	 19	 31	 42	 26	  8	 32
 83	 14	 24	 30	 26	 33	 21	  4	 23	 21	 31	 22	 20	 11	 25	 18	 24	 16	 17	 25	  9	 13	 29	 16	 21	  6	 18	  9	 24	  5	 26	 25	 26	 16	 20	 25	 14	 23	 22	 32	 14	 32	 11	 12	 26	 10	  6	 21	 14	 22	 32	 19	 30	 18	 11	 31	 32	 17	 37	 37	 34	 21	 17	 21	 18	 26	 23	 26	 17	 19	 14	 22	  9	 16	 27	 28	 21	 26	 25	 36	 22	  4	 22	 11
 84	 30	 40	 44	 41	 48	 19	 14	 39	 26	 47	 19	 29	 10	 37	  2	 22	 19	 13	 21	 19	  5	 42	 26	 15	 11	 28	 16	 22	 14	 28	 39	 41	 30	 35	 19	 16	 13	 33	 47	  5	 48	  9	 14	 42	  8	 15	 35	 25	 38	 48	 32	 45	 27	 21	 45	 47	 14	 51	 52	 49	 37	 33	 31	 29	 42	 21	 41	 17	 29	 19	 18	 14	 13	 40	 44	 32	 39	 40	 50	 38	 15	 21	 20	 16
 85	 31	 41	 40	 37	 44	 31	 16	 38	 36	 46	 32	 21	  9	 44	 14	 35	 10	  3	  8	 15	 16	 48	 19	  3	 15	 36	 24	  9	 15	 16	 44	 44	 26	 37	 33	 27	  6	 41	 44	 10	 50	 10	  8	 42	 17	 22	 40	 32	 35	 46	 37	 42	 36	 16	 49	 43	 26	 45	 56	 52	 39	 35	 39	 36	 43	  7	 40	 29	 38	 10	  5	 12	 25	 33	 43	 40	 45	 35	 45	 36	 21	  8	 28	 19	 14
 86	 26	 37	 35	 31	 39	 30	 12	 32	 34	 40	 31	 16	  7	 40	 16	 34	  5	  4	 10	 10	 16	 44	 14	  8	 13	 33	 22	  9	 11	 14	 39	 39	 20	 32	 33	 26	 11	 37	 38	 10	 45	  8	  4	 37	 16	 19	 36	 29	 30	 41	 33	 37	 33	 11	 45	 38	 26	 40	 51	 48	 34	 31	 36	 33	 38	  8	 35	 28	 34	  5	  7	  7	 24	 28	 38	 36	 40	 30	 39	 31	 18	  8	 25	 16	 15	  6
 87	 26	 36	 38	 34	 42	 24	  9	 33	 29	 41	 25	 21	  3	 37	 10	 28	 11	  6	 15	 11	  9	 41	 18	 10	  8	 29	 17	 15	  9	 20	 37	 38	 23	 31	 26	 20	 11	 34	 41	  4	 44	  3	  5	 37	 10	 15	 33	 25	 32	 42	 31	 39	 28	 13	 43	 40	 19	 43	 49	 46	 33	 29	 32	 29	 38	 14	 36	 22	 30	 10	 12	  7	 18	 32	 39	 33	 38	 33	 43	 32	 14	 14	 21	 13	  9	  8	  7
 88	 23	 30	 43	 39	 45	  7	 18	 33	  7	 39	  8	 36	 22	 20	 20	  9	 30	 29	 37	 25	 15	 26	 32	 32	 17	 12	  8	 37	 19	 41	 26	 30	 30	 26	 12	  3	 31	 17	 44	 21	 37	 21	 25	 35	 13	 11	 22	 10	 34	 41	 19	 41	 10	 27	 31	 45	  7	 50	 38	 36	 27	 23	 15	 14	 34	 36	 36	  3	 13	 29	 34	 22	  8	 41	 37	 16	 24	 39	 49	 33	 12	 35	  8	 16	 19	 30	 28	 23
 89	 25	 34	 25	 22	 29	 41	 20	 27	 42	 34	 42	  5	 19	 44	 30	 45	 10	 18	 17	 13	 28	 45	  7	 20	 23	 38	 30	 14	 19	  8	 39	 37	 15	 31	 45	 35	 24	 42	 29	 24	 41	 20	 16	 31	 28	 27	 37	 34	 23	 33	 35	 28	 39	 11	 44	 27	 37	 28	 49	 45	 32	 30	 40	 37	 33	 14	 28	 38	 39	 11	 17	 17	 35	 17	 32	 40	 41	 20	 28	 25	 26	 13	 32	 22	 29	 19	 15	 20	 38
 90	 28	 28	  9	 12	 10	 56	 37	 20	 52	 20	 57	 23	 41	 45	 51	 58	 35	 42	 43	 32	 48	 43	 26	 45	 41	 44	 44	 40	 37	 33	 36	 31	 21	 29	 61	 49	 49	 45	 11	 46	 30	 42	 38	 21	 46	 41	 36	 42	 18	 18	 37	 13	 46	 30	 38	  8	 53	  2	 40	 36	 28	 31	 45	 42	 25	 40	 18	 51	 45	 34	 43	 37	 51	 11	 20	 44	 40	 12	  3	 19	 40	 39	 43	 37	 50	 44	 39	 43	 50	 27
 91	 17	 20	  6	  3	 10	 44	 26	 11	 41	 16	 45	 15	 30	 35	 40	 47	 26	 33	 35	 22	 36	 34	 16	 36	 30	 33	 32	 33	 25	 27	 27	 23	 10	 19	 49	 37	 40	 34	 10	 35	 25	 31	 28	 14	 35	 30	 26	 31	  7	 14	 27	  9	 35	 20	 30	  9	 41	 12	 34	 30	 19	 20	 34	 31	 17	 32	 10	 40	 34	 25	 34	 26	 40	  5	 14	 33	 30	  1	 12	  9	 28	 31	 31	 25	 39	 34	 29	 32	 39	 20	 12
 92	 26	 31	 46	 42	 48	  6	 22	 36	  5	 42	  7	 40	 26	 19	 23	  6	 35	 33	 41	 29	 19	 26	 36	 36	 21	 13	 12	 41	 23	 45	 27	 31	 34	 28	 11	  8	 35	 16	 46	 25	 38	 25	 29	 37	 17	 15	 23	 12	 37	 44	 21	 44	 10	 31	 32	 48	  9	 53	 38	 36	 29	 25	 15	 15	 36	 40	 39	  6	 13	 33	 38	 27	 10	 45	 39	 17	 25	 42	 52	 36	 17	 40	 11	 20	 22	 34	 33	 27	  5	 42	 54	 42
 93	 22	 27	 42	 38	 43	 10	 20	 32	  3	 37	 11	 37	 25	 15	 25	 11	 33	 32	 41	 27	 20	 22	 33	 36	 20	  8	 11	 41	 22	 43	 23	 27	 31	 24	 16	  8	 36	 12	 42	 25	 33	 25	 28	 33	 18	 13	 19	  8	 33	 39	 16	 39	  6	 29	 27	 43	 12	 49	 33	 32	 25	 21	 10	 10	 31	 39	 34	  8	  8	 32	 38	 25	 12	 41	 35	 12	 20	 38	 48	 32	 15	 39	  8	 18	 24	 34	 32	 27	  5	 40	 50	 38	  5
 94	 18	 15	  8	  8	  6	 47	 32	  8	 41	  6	 48	 25	 38	 32	 47	 49	 35	 41	 45	 30	 42	 29	 26	 45	 36	 32	 36	 43	 32	 37	 22	 17	 18	 16	 52	 40	 49	 32	  4	 42	 16	 38	 36	  7	 40	 34	 23	 32	  9	  4	 25	  2	 35	 28	 23	  7	 45	 14	 25	 22	 15	 19	 33	 30	 10	 42	  5	 42	 33	 34	 44	 34	 44	 15	  6	 31	 26	 11	 13	  8	 33	 41	 33	 30	 46	 43	 38	 40	 41	 30	 15	 11	 43	 39
 95	 25	 35	 30	 27	 34	 34	 14	 29	 37	 37	 35	 11	 11	 41	 21	 38	  2	  9	 12	  8	 20	 44	  9	 12	 16	 34	 24	 10	 13	 10	 38	 38	 17	 31	 37	 29	 16	 38	 34	 16	 43	 13	  8	 33	 20	 22	 35	 30	 26	 37	 33	 33	 35	  8	 44	 33	 30	 34	 50	 46	 32	 30	 37	 34	 35	  9	 31	 31	 36	  3	 10	 10	 28	 23	 35	 37	 40	 25	 34	 28	 20	  7	 27	 17	 21	 11	  6	 12	 31	  9	 33	 25	 36	 34	 34
 96	 32	 38	 51	 47	 53	  3	 23	 41	 12	 48	  2	 42	 25	 27	 20	  3	 35	 31	 40	 30	 17	 34	 38	 34	 21	 20	 15	 40	 25	 45	 34	 38	 38	 34	  4	 10	 32	 24	 52	 23	 45	 24	 29	 43	 16	 18	 30	 19	 42	 49	 27	 49	 17	 33	 39	 53	  7	 58	 45	 44	 36	 31	 22	 22	 42	 39	 44	  7	 20	 34	 37	 27	  9	 49	 45	 24	 32	 47	 57	 42	 19	 39	 16	 23	 19	 32	 32	 26	  9	 43	 58	 46	  8	 12	 49	 36
 97	 19	 10	 29	 27	 27	 38	 34	 19	 29	 17	 39	 39	 41	 15	 47	 39	 43	 47	 54	 36	 41	  9	 37	 52	 37	 21	 31	 52	 35	 50	  7	  6	 29	 13	 44	 33	 54	 18	 26	 44	  7	 41	 42	 16	 39	 31	 11	 23	 22	 19	 14	 23	 23	 36	  2	 28	 39	 35	  7	  4	 12	 15	 19	 19	 12	 51	 20	 35	 21	 42	 52	 38	 38	 34	 16	 17	  9	 29	 34	 21	 31	 50	 27	 31	 46	 49	 45	 43	 32	 43	 36	 29	 33	 28	 22	 43	 40
 98	 14	 18	 33	 30	 34	 18	 17	 22	 12	 28	 19	 31	 24	 12	 27	 20	 29	 31	 39	 22	 21	 17	 27	 35	 18	  5	 11	 38	 18	 39	 15	 18	 23	 15	 24	 12	 36	  9	 33	 25	 25	 23	 25	 24	 19	 11	 11	  2	 24	 30	  8	 30	  6	 24	 21	 34	 18	 41	 27	 25	 16	 12	  7	  4	 22	 36	 25	 14	  6	 28	 36	 22	 17	 33	 26	  8	 14	 30	 40	 23	 12	 36	  6	 14	 26	 33	 29	 25	 12	 34	 41	 30	 14	 10	 30	 30	 20	 21
 99	 28	 38	 32	 29	 36	 37	 17	 32	 40	 40	 38	 12	 14	 44	 23	 41	  5	 10	  9	 12	 23	 47	 11	 11	 18	 37	 27	  7	 16	  7	 41	 41	 19	 34	 40	 32	 16	 42	 36	 17	 46	 15	 10	 36	 23	 25	 38	 33	 29	 39	 36	 35	 38	 11	 47	 35	 32	 36	 53	 49	 35	 33	 40	 37	 38	  6	 34	 34	 39	  6	  8	 13	 31	 25	 38	 40	 43	 27	 36	 30	 23	  5	 31	 20	 22	 11	  7	 14	 34	  9	 35	 27	 39	 37	 37	  4	 39	 47	 33
100	 20	 29	 36	 33	 39	 16	  6	 29	 19	 37	 17	 25	  9	 27	 12	 19	 18	 16	 25	 13	  7	 32	 21	 20	  4	 19	  7	 25	  7	 28	 29	 31	 22	 25	 20	 10	 20	 24	 38	 10	 38	  9	 12	 32	  4	  5	 25	 15	 28	 38	 22	 36	 18	 16	 35	 39	 12	 43	 41	 39	 27	 22	 22	 20	 32	 23	 32	 13	 20	 17	 22	 10	 10	 33	 34	 23	 29	 32	 42	 29	  5	 23	 11	  7	 11	 18	 16	 11	 13	 26	 43	 31	 17	 17	 37	 19	 18	 35	 16	 22
