nVehicles:   53
nDepots:      1
nCustomers: 100
nPeriods:     9
VEHICLE_TYPE	FLEET_SIZE	CAPACITY
           2	        53	      18	
DEPOT   	X  	Y  	INV_COST	INITIAL_INV 	MIN_LEVEL_INV 	MAX_LEVEL_INV	PRODUCTION_0	PRODUCTION_1	PRODUCTION_2	PRODUCTION_3	PRODUCTION_4	PRODUCTION_5	PRODUCTION_6	PRODUCTION_7	PRODUCTION_8
       0	472	 40	       0	        632	            0	         6291	         701	         701	         701	         701	         701	         701	         701	         701	         701	
CUSTOMER	X  	Y  	INV_COST	INITIAL_INV	MIN_LEVEL_INV 	MAX_LEVEL_INV	DEMAND_0	DEMAND_1	DEMAND_2	DEMAND_3	DEMAND_4	DEMAND_5	DEMAND_6	DEMAND_7	DEMAND_8
       1	 71	115	    0.19	          8	            0	           64	       7	       9	       9	       8	      10	       7	       6	       6	       7
       2	 76	256	    0.24	         11	            0	           54	       6	       6	       8	       9	       6	       6	       4	       5	       6
       3	219	385	    0.27	          3	            0	           52	       5	       8	       8	       9	       9	       7	       4	       5	       6
       4	240	318	     0.2	         10	            0	           22	       5	       5	       7	       5	       4	       4	       3	       4	       5
       5	288	433	    0.28	          8	            0	           38	       8	      11	      14	       9	       8	      10	      14	       9	       8
       6	 50	142	    0.19	          3	            0	           11	       5	       5	       5	       5	       4	       3	       4	       4	       5
       7	 10	 47	    0.13	          6	            0	           40	       6	       9	       8	       9	       8	       6	       6	       5	       6
       8	141	164	    0.03	          3	            0	           52	       5	       7	       8	       6	       4	       5	       6	       6	       6
       9	204	240	       0	          6	            0	           27	       4	       6	       7	       6	       5	       3	       3	       4	       5
      10	224	148	    0.16	          8	            0	           78	      10	       9	      11	       9	      10	       7	       7	       9	      11
      11	209	375	    0.12	         10	            0	           54	       9	      10	      13	      10	       8	       6	       7	       7	       8
      12	 39	 92	    0.28	         11	            0	           18	       5	       8	       9	       9	       7	       5	       4	       5	       6
      13	386	 44	    0.01	          7	            0	           42	       4	       5	       7	       5	       5	       4	       4	       4	       5
      14	429	413	    0.15	          8	            0	           41	       7	       8	      10	      10	      10	       6	       7	       5	       6
      15	 64	251	    0.13	          3	            0	           33	       5	       7	       6	       5	       5	       6	       7	       7	       4
      16	353	324	    0.12	          2	            0	           46	       7	      10	       8	       6	       6	       6	       9	      11	       9
      17	457	409	    0.11	          7	            0	           39	       4	       5	       6	       5	       5	       4	       4	       5	       5
      18	 35	371	    0.06	          9	            0	           61	       7	       9	       9	      10	       8	       7	       7	      11	      11
      19	385	 31	    0.17	          7	            0	           48	       5	       6	       8	       8	       5	       4	       6	       6	       7
      20	441	 33	    0.06	         16	            0	           79	       8	      13	      12	       9	       9	       6	       8	      10	      13
      21	344	411	    0.16	          8	            0	           34	       7	       8	      10	       9	       7	       5	       7	       6	      11
      22	271	153	    0.15	         10	            0	           13	       6	       9	       8	       8	       5	       5	       7	       7	       8
      23	293	 45	    0.25	         11	            0	           78	      10	      14	      13	       8	       6	      10	      11	      11	       8
      24	478	202	    0.29	          3	            0	           45	       8	       8	      10	      10	      11	       7	       6	       7	       9
      25	387	 62	    0.01	         11	            0	           46	       6	       8	       9	       7	       7	       5	       5	       6	       6
      26	450	321	    0.28	          5	            0	           41	       5	       6	       7	       7	       6	       4	       4	       5	       6
      27	230	292	    0.11	          1	            0	           24	       9	      12	      11	       9	       6	       8	      13	      12	       8
      28	164	312	    0.28	         11	            0	           18	       5	       7	       8	       6	       6	       4	       4	       6	       6
      29	465	 45	    0.09	         11	            0	           17	       5	       6	       7	       6	       5	       5	       6	       6	       6
      30	  5	364	     0.2	         11	            0	           61	       8	       9	       9	      10	       7	       7	       5	       6	       8
      31	470	196	     0.2	          1	            0	           42	       4	       7	       6	       4	       4	       5	       6	       8	       6
      32	128	132	    0.02	          3	            0	           12	       4	       4	       7	       5	       5	       3	       3	       4	       6
      33	322	260	    0.07	          1	            0	           14	       6	      10	       9	       6	       5	       6	       9	       8	       7
      34	101	204	     0.2	          6	            0	           15	       5	       5	       6	       4	       4	       3	       4	       6	       6
      35	 23	456	    0.03	         10	            0	           63	       9	       9	      11	      14	      10	       9	       8	       7	       9
      36	469	193	    0.16	          3	            0	           62	       7	       9	      11	       8	       7	       6	      10	      11	       9
      37	279	455	    0.06	          2	            0	           48	       5	       6	       7	       8	       5	       5	       4	       4	       6
      38	 92	443	    0.24	          1	            0	           24	       4	       4	       6	       6	       4	       4	       4	       4	       3
      39	172	 24	    0.14	          6	            0	           35	       7	       7	       8	      10	       7	       6	       5	       7	       9
      40	457	389	    0.25	          2	            0	           25	       9	       9	      12	      10	       9	       6	       8	       8	      13
      41	  6	417	    0.14	          9	            0	           45	       5	       6	       7	       7	       7	       4	       4	       4	       5
      42	476	 60	    0.23	          7	            0	           36	       5	       6	       6	       5	       3	       5	       5	       5	       4
      43	122	353	    0.16	          7	            0	           10	       6	       5	       7	       7	       5	       5	       4	       5	       5
      44	  9	180	     0.2	          8	            0	           58	       8	      10	      10	       8	       5	       6	       6	       7	       8
      45	358	419	    0.14	         11	            0	           17	       6	       9	      10	       8	       6	       6	      10	      11	       9
      46	464	474	    0.07	         10	            0	           49	       5	       7	       7	       6	       4	       4	       5	       8	       7
      47	465	455	    0.04	          6	            0	           24	       4	       5	       6	       6	       4	       3	       3	       5	       5
      48	302	469	    0.29	         11	            0	           54	       9	       9	      12	      12	       9	       5	       7	       9	      10
      49	465	124	    0.03	          1	            0	           33	       4	       6	       5	       4	       4	       3	       5	       5	       5
      50	460	459	    0.29	          9	            0	           42	       8	      10	       9	       9	      10	       7	       7	       7	       9
      51	 93	424	     0.2	          2	            0	           14	       4	       5	       6	       7	       5	       5	       3	       3	       4
      52	449	364	    0.12	         12	            0	           66	       6	       9	       9	      10	       9	       8	       6	       6	       6
      53	202	451	    0.24	          9	            0	           51	       8	       8	      11	       9	       8	       5	       6	       7	      11
      54	319	184	    0.18	          7	            0	           20	       6	       8	      10	       8	       6	       6	       8	      11	      11
      55	104	137	    0.03	         16	            0	           16	       8	       9	      11	       9	       7	       6	       7	       9	       9
      56	299	 95	    0.12	          7	            0	           13	       4	       5	       6	       5	       5	       3	       3	       4	       5
      57	167	172	    0.05	          4	            0	           15	       5	       9	       7	       8	       6	       5	       6	       8	       8
      58	192	252	    0.25	          5	            0	           17	       4	       5	       5	       6	       5	       4	       3	       4	       6
      59	230	 42	    0.23	          2	            0	           50	       6	       7	       9	       8	       5	       6	       8	      11	       9
      60	199	 49	     0.1	         13	            0	           13	       7	       7	      10	       9	       8	       5	       5	       5	       7
      61	224	177	    0.08	          1	            0	            9	       4	       6	       6	       4	       3	       4	       6	       5	       4
      62	 91	113	    0.02	          8	            0	           68	       9	       9	      13	       9	       6	       8	      11	      12	       7
      63	392	 30	     0.2	          7	            0	           19	       6	       9	       9	       5	       4	       5	       8	       7	       5
      64	 57	 97	    0.17	         12	            0	           14	       7	       8	       8	       8	       7	       5	       5	       7	       9
      65	337	456	    0.15	          8	            0	           28	       8	      10	      13	      12	       9	       6	       8	       9	      11
      66	256	 20	    0.16	          3	            0	           55	       9	       9	      10	       9	       9	       7	       6	       7	       8
      67	206	313	    0.05	          6	            0	           69	       8	      11	      12	      10	       6	       6	       7	       9	      13
      68	162	164	    0.22	         12	            0	           26	       5	       9	       9	       7	       4	       5	       7	      10	       6
      69	352	490	     0.3	         12	            0	           20	       5	       7	       8	       5	       5	       4	       5	       6	       8
      70	444	 99	    0.28	          3	            0	           41	       4	       6	       6	       6	       4	       4	       4	       5	       7
      71	227	340	    0.22	          7	            0	           24	       6	       7	       9	       7	       7	       4	       5	       8	       9
      72	265	490	    0.03	          9	            0	           21	       9	       9	      13	      11	      10	       7	       8	       8	      10
      73	335	106	       0	         10	            0	           49	       9	      13	      10	       9	       7	       6	      11	      11	       9
      74	247	281	    0.28	         15	            0	           72	       6	      12	      11	       8	       6	       7	      12	      10	       6
      75	 87	391	    0.17	         11	            0	           34	       7	       9	       9	       6	       6	       7	      10	       8	       7
      76	500	144	    0.23	          1	            0	           64	       8	      12	      11	       8	       7	       9	      11	      11	       6
      77	 83	118	    0.21	         10	            0	           19	       8	       9	      10	      12	       8	       7	       8	       7	      11
      78	122	175	    0.22	         16	            0	           60	       8	      12	      12	      11	      10	       7	       8	      10	      12
      79	229	326	     0.2	          7	            0	           71	       8	      10	       9	      10	       8	       6	       7	      11	      12
      80	 60	237	    0.17	         11	            0	           35	       5	       8	       8	       7	       5	       5	       4	       5	       9
      81	209	 94	    0.07	          5	            0	           18	       4	       4	       6	       4	       3	       3	       5	       6	       5
      82	  3	100	     0.2	         16	            0	           41	       7	       9	       9	       6	       4	       5	       8	       7	       5
      83	 39	146	    0.14	          9	            0	           30	       8	       8	      11	       8	       6	       7	       8	      11	      11
      84	 11	415	    0.27	          3	            0	           20	       6	       8	       7	       8	       7	       7	       5	       4	       5
      85	 91	364	       0	         11	            0	           47	       5	       6	       7	       5	       4	       4	       4	       6	       7
      86	202	190	    0.05	          9	            0	           57	       7	      11	      12	      10	      10	       7	       7	       8	      11
      87	154	485	    0.29	          4	            0	           13	       4	       6	       7	       6	       6	       6	       4	       4	       5
      88	 61	314	    0.11	         14	            0	           53	       8	      11	      10	      12	       8	       6	       7	       9	       8
      89	370	211	    0.27	         16	            0	           55	       7	      12	      10	      10	       8	       7	       8	       8	      12
      90	112	215	    0.15	          7	            0	           34	       5	       7	       7	       5	       5	       4	       5	       7	       7
      91	285	167	    0.29	          7	            0	           25	       5	       7	       7	       6	       5	       5	       4	       4	       6
      92	197	371	    0.02	          8	            0	           29	       4	       5	       5	       5	       3	       3	       5	       5	       6
      93	421	340	    0.28	          1	            0	           41	       4	       5	       7	       5	       4	       3	       4	       5	       5
      94	448	122	    0.06	          4	            0	           68	       8	       9	      11	       9	       6	       5	       9	      10	       9
      95	294	389	    0.19	          5	            0	           58	       5	       7	       7	       8	       6	       4	       6	       7	       9
      96	 94	 66	    0.28	         10	            0	           57	       5	       6	       8	       6	       4	       4	       7	       9	       9
      97	363	268	    0.23	          1	            0	           26	       7	       8	       8	       7	       5	       5	       9	      10	       8
      98	375	280	    0.16	          5	            0	           15	       4	       5	       7	       6	       4	       3	       3	       4	       6
      99	 37	149	    0.04	          9	            0	           38	       4	       7	       6	       5	       3	       6	       6	       7	       5
     100	404	148	    0.22	         14	            0	           18	       9	      10	      10	       9	       7	       6	       6	      10	      12
COST_MATRIX 
	  0	  1	  2	  3	  4	  5	  6	  7	  8	  9	 10	 11	 12	 13	 14	 15	 16	 17	 18	 19	 20	 21	 22	 23	 24	 25	 26	 27	 28	 29	 30	 31	 32	 33	 34	 35	 36	 37	 38	 39	 40	 41	 42	 43	 44	 45	 46	 47	 48	 49	 50	 51	 52	 53	 54	 55	 56	 57	 58	 59	 60	 61	 62	 63	 64	 65	 66	 67	 68	 69	 70	 71	 72	 73	 74	 75	 76	 77	 78	 79	 80	 81	 82	 83	 84	 85	 86	 87	 88	 89	 90	 91	 92	 93	 94	 95	 96	 97	 98	 99	100
  0
  1	 41
  2	 46	 15
  3	 43	 31	 20
  4	 37	 27	 18	  8
  5	 44	 39	 28	  9	 13
  6	 44	  4	 12	 30	 26	 38
  7	 47	 10	 22	 40	 36	 48	 11
  8	 36	  9	 12	 24	 19	 31	 10	 18
  9	 34	 19	 13	 15	  9	 22	 19	 28	 10
 10	 28	 16	 19	 24	 18	 30	 18	 24	  9	 10
 11	 43	 30	 18	  2	  7	 10	 29	 39	 23	 14	 23
 12	 44	  4	 17	 35	 31	 43	  6	  6	 13	 23	 20	 34
 13	  9	 33	 38	 38	 32	 41	 36	 38	 28	 27	 20	 38	 36
 14	 38	 47	 39	 22	 22	 15	 47	 56	 39	 29	 34	 23	 51	 38
 15	 46	 14	  2	 21	 19	 29	 11	 22	 12	 15	 20	 20	 17	 39	 40
 16	 31	 36	 29	 15	 12	 13	 36	 45	 27	 18	 22	 16	 40	 29	 12	 30
 17	 37	 49	 42	 24	 24	 18	 49	 58	 40	 31	 35	 26	 53	 38	  3	 43	 14
 18	 55	 26	 13	 19	 22	 27	 23	 33	 24	 22	 30	 18	 28	 48	 40	 13	 33	 43
 19	  9	 33	 39	 40	 33	 42	 36	 38	 28	 28	 20	 39	 36	  2	 39	 39	 30	 39	 49
 20	  4	 38	 43	 42	 35	 43	 41	 44	 33	 32	 25	 42	 41	  6	 39	 44	 31	 38	 53	  6
 21	 40	 41	 31	 13	 14	  7	 40	 50	 32	 23	 29	 14	 45	 37	  9	 33	  9	 12	 32	 39	 40
 22	 24	 21	 23	 24	 17	 29	 23	 29	 14	 11	  5	 24	 24	 16	 31	 23	 19	 32	 33	 17	 21	 27
 23	 18	 24	 31	 35	 28	 39	 27	 29	 20	 22	 13	 35	 26	 10	 40	 31	 29	 40	 42	 10	 15	 37	 12
 24	 17	 42	 41	 32	 27	 30	 44	 50	 34	 28	 26	 32	 46	 19	 22	 42	 18	 21	 48	 20	 18	 25	 22	 25
 25	  9	 33	 37	 37	 30	 39	 35	 38	 27	 26	 19	 37	 35	  2	 36	 38	 27	 36	 47	  4	  7	 36	 15	 10	 17
 26	 29	 44	 38	 24	 22	 20	 44	 52	 35	 26	 29	 25	 48	 29	 10	 40	 10	  9	 42	 30	 29	 14	 25	 32	 13	 27
 27	 35	 24	 16	 10	  3	 16	 24	 33	 16	  6	 15	  9	 28	 30	 24	 18	 13	 26	 22	 31	 34	 17	 15	 26	 27	 28	 23
 28	 42	 22	 11	 10	  8	 18	 21	 31	 15	  9	 18	  8	 26	 35	 29	 12	 19	 31	 15	 36	 40	 21	 20	 30	 34	 34	 29	  7
 29	  1	 41	 45	 42	 36	 43	 43	 46	 35	 33	 27	 42	 43	  8	 37	 46	 31	 37	 54	  9	  3	 39	 23	 18	 16	  8	 28	 35	 41
 30	 57	 26	 13	 22	 24	 30	 23	 32	 25	 24	 31	 21	 28	 50	 43	 13	 36	 46	  4	 51	 55	 35	 34	 43	 50	 49	 45	 24	 17	 56
 31	 16	 41	 40	 32	 27	 30	 43	 49	 34	 27	 26	 32	 45	 18	 23	 41	 18	 22	 47	 19	 17	 25	 21	 24	  2	 16	 13	 26	 33	 16	 50
 32	 36	  6	 14	 27	 22	 35	  8	 15	  4	 14	 10	 26	 10	 28	 42	 14	 30	 44	 26	 28	 33	 36	 15	 19	 36	 27	 38	 19	 19	 35	 27	 35
 33	 27	 29	 25	 17	 11	 18	 30	 38	 21	 12	 15	 17	 33	 23	 19	 26	  8	 21	 31	 24	 26	 16	 12	 22	 17	 21	 15	 10	 17	 26	 34	 17	 24
 34	 41	 10	  6	 22	 18	 30	  9	 19	  6	 11	 14	 21	 13	 33	 39	  6	 28	 42	 18	 34	 39	 32	 18	 25	 38	 32	 37	 16	 13	 40	 19	 37	  8	 23
 35	 62	 35	 21	 21	 26	 27	 32	 41	 32	 29	 37	 21	 37	 55	 41	 21	 36	 44	  9	 56	 60	 33	 40	 50	 53	 54	 45	 27	 21	 61	 10	 52	 35	 36	 27
 36	 16	 41	 40	 32	 27	 31	 43	 49	 33	 27	 25	 32	 45	 18	 23	 41	 18	 22	 47	 19	 17	 26	 21	 23	  2	 16	 13	 26	 33	 15	 50	  1	 35	 17	 37	 52
 37	 46	 40	 29	 10	 15	  3	 39	 49	 33	 23	 32	 11	 44	 43	 16	 30	 16	 19	 26	 44	 46	  8	 31	 42	 33	 41	 22	 18	 19	 46	 29	 33	 36	 20	 31	 26	 33
 38	 56	 33	 19	 14	 20	 20	 31	 41	 29	 24	 33	 14	 36	 50	 34	 20	 29	 37	 10	 51	 54	 26	 35	 45	 46	 49	 38	 21	 15	 55	 12	 46	 32	 30	 24	  8	 46	 19
 39	 31	 14	 26	 37	 31	 43	 17	 17	 15	 22	 14	 36	 15	 22	 47	 26	 36	 48	 38	 22	 27	 43	 17	 13	 36	 22	 41	 28	 29	 30	 38	 35	 12	 28	 20	 46	 35	 45	 43
 40	 35	 48	 41	 24	 23	 18	 48	 57	 39	 30	 34	 25	 52	 36	  4	 42	 13	  3	 43	 37	 36	 12	 31	 39	 19	 34	  7	 25	 31	 35	 46	 20	 42	 19	 41	 44	 20	 19	 37	 47
 41	 60	 31	 18	 22	 26	 29	 28	 38	 29	 27	 35	 21	 33	 54	 43	 18	 36	 46	  6	 55	 59	 34	 38	 47	 52	 53	 46	 26	 19	 60	  6	 52	 32	 36	 24	  5	 52	 28	  9	 43	 46
 42	  3	 41	 45	 42	 35	 42	 44	 47	 36	 33	 27	 42	 44	 10	 36	 46	 30	 35	 54	 10	  5	 38	 23	 19	 15	  9	 27	 34	 41	  2	 57	 14	 36	 26	 41	 61	 14	 45	 55	 31	 33	 60
 43	 47	 25	 11	 11	 13	 19	 23	 33	 19	 14	 23	  9	 28	 41	 32	 12	 24	 34	  9	 42	 46	 23	 25	 36	 39	 40	 33	 13	  6	 47	 12	 39	 23	 23	 16	 15	 39	 19	 10	 34	 34	 14	 46
 44	 49	  9	 11	 30	 27	 38	  6	 14	 14	 21	 22	 28	 10	 41	 49	  9	 38	 51	 20	 41	 46	 41	 27	 32	 47	 40	 47	 25	 21	 48	 19	 47	 13	 33	 10	 28	 47	 39	 28	 23	 50	 24	 49	 21
 45	 40	 42	 33	 15	 16	  8	 42	 51	 34	 24	 31	 16	 46	 38	  8	 34	 10	 10	 33	 39	 40	  2	 28	 38	 25	 36	 14	 19	 23	 39	 36	 25	 37	 17	 34	 34	 26	  9	 27	 44	 11	 36	 38	 25	 43
 46	 44	 54	 45	 27	 28	 19	 54	 63	 45	 35	 41	 28	 58	 44	  8	 46	 19	  7	 45	 45	 45	 14	 38	 47	 28	 42	 16	 30	 35	 43	 48	 28	 48	 26	 46	 45	 29	 19	 38	 54	  9	 47	 42	 37	 55	 12
 47	 42	 53	 44	 26	 27	 18	 52	 62	 44	 34	 40	 27	 56	 42	  6	 45	 18	  5	 44	 44	 43	 13	 36	 45	 26	 41	 14	 29	 34	 42	 47	 26	 47	 25	 45	 45	 27	 19	 38	 53	  7	 47	 40	 36	 54	 12	  2
 48	 47	 43	 32	 12	 17	  4	 42	 52	 35	 25	 34	 14	 46	 44	 14	 33	 16	 17	 29	 45	 46	  8	 32	 43	 32	 42	 21	 20	 21	 46	 32	 33	 38	 21	 34	 28	 33	  3	 22	 47	 18	 31	 45	 22	 42	  8	 17	 17
 49	  9	 40	 42	 36	 30	 36	 42	 47	 33	 29	 25	 36	 43	 12	 30	 43	 23	 29	 50	 13	 10	 32	 20	 19	  8	 10	 20	 29	 36	  8	 52	  8	 34	 20	 38	 56	  7	 38	 50	 31	 27	 55	  7	 42	 46	 32	 36	 34	 39
 50	 42	 52	 44	 26	 27	 18	 52	 62	 44	 34	 40	 27	 56	 43	  6	 45	 18	  6	 44	 44	 43	 13	 36	 45	 26	 41	 14	 29	 34	 42	 47	 27	 47	 25	 45	 44	 27	 19	 37	 53	  8	 46	 40	 36	 54	 11	  2	  1	 16	 34
 51	 54	 31	 17	 14	 19	 20	 29	 39	 27	 22	 31	 13	 34	 48	 34	 18	 28	 37	  8	 49	 53	 26	 33	 43	 45	 47	 38	 20	 14	 54	 11	 45	 30	 29	 23	  8	 45	 19	  2	 41	 37	  9	 53	  8	 26	 27	 38	 38	 22	 48	 37
 52	 33	 46	 39	 24	 22	 18	 46	 55	 37	 28	 32	 25	 50	 33	  6	 41	 11	  5	 42	 34	 34	 12	 28	 36	 17	 31	  5	 24	 29	 32	 45	 17	 40	 17	 39	 44	 18	 20	 37	 44	  3	 45	 31	 33	 48	 11	 12	 10	 19	 25	 10	 37
 53	 50	 37	 24	  7	 14	  9	 35	 45	 30	 22	 31	  8	 40	 45	 24	 25	 20	 26	 19	 46	 49	 15	 31	 42	 38	 44	 29	 17	 15	 49	 22	 37	 33	 23	 27	 18	 38	  8	 12	 43	 27	 20	 48	 13	 34	 16	 27	 27	 11	 42	 26	 12	 27
 54	 22	 26	 26	 23	 16	 26	 28	 34	 18	 13	 11	 23	 30	 16	 26	 27	 15	 27	 35	 17	 20	 23	  6	 15	 17	 14	 19	 14	 21	 21	 37	 16	 20	  8	 22	 41	 16	 28	 35	 22	 25	 40	 21	 26	 32	 24	 33	 31	 29	 16	 31	 33	 23	 30
 55	 39	  4	 13	 28	 23	 35	  6	 14	  5	 15	 13	 27	  8	 30	 43	 13	 32	 45	 25	 31	 36	 37	 17	 22	 38	 30	 40	 20	 19	 38	 25	 38	  3	 26	  7	 33	 37	 37	 31	 14	 44	 30	 38	 22	 11	 38	 50	 49	 39	 37	 49	 29	 42	 33	 23
 56	 19	 23	 28	 31	 24	 34	 26	 30	 18	 18	 10	 30	 27	 11	 35	 29	 24	 36	 39	 11	 16	 32	  7	  6	 21	 10	 28	 21	 26	 18	 40	 20	 18	 17	 23	 46	 20	 37	 41	 15	 34	 44	 19	 32	 31	 33	 42	 40	 38	 17	 40	 39	 31	 37	 10	 20
 57	 34	 12	 13	 22	 17	 29	 13	 21	  3	  8	  7	 21	 16	 26	 36	 13	 25	 38	 24	 26	 31	 30	 11	 18	 32	 25	 32	 14	 15	 33	 26	 31	  6	 18	  8	 32	 31	 31	 29	 15	 37	 30	 33	 19	 16	 32	 43	 42	 33	 31	 42	 27	 35	 29	 16	  8	 16
 58	 36	 19	 12	 14	  9	 21	 18	 28	 11	  2	 11	 13	 23	 29	 29	 13	 18	 31	 20	 30	 34	 22	 13	 24	 30	 28	 27	  6	  7	 35	 22	 29	 14	 14	 11	 27	 29	 23	 22	 23	 30	 25	 35	 13	 20	 24	 36	 35	 25	 31	 34	 20	 29	 20	 15	 15	 19	  9
 59	 25	 18	 27	 35	 28	 40	 21	 23	 16	 20	 11	 34	 20	 16	 43	 27	 31	 44	 39	 16	 22	 39	 12	  7	 30	 16	 36	 26	 28	 24	 40	 29	 14	 24	 21	 47	 29	 42	 43	  7	 42	 44	 25	 33	 27	 40	 50	 48	 44	 25	 48	 41	 39	 41	 17	 16	  9	 15	 22
 60	 28	 15	 25	 34	 28	 40	 18	 19	 13	 20	 11	 33	 17	 19	 44	 25	 32	 45	 37	 19	 25	 39	 13	 10	 32	 19	 38	 25	 27	 27	 37	 31	 11	 25	 19	 45	 31	 42	 41	  4	 43	 42	 28	 32	 24	 41	 51	 49	 44	 28	 49	 39	 41	 41	 19	 13	 12	 13	 21	  4
 61	 29	 17	 17	 21	 15	 27	 18	 26	  9	  7	  3	 20	 21	 21	 32	 18	 20	 33	 28	 22	 27	 27	  6	 15	 26	 20	 27	 12	 15	 28	 29	 25	 11	 13	 13	 35	 25	 29	 30	 17	 32	 33	 28	 21	 22	 28	 39	 37	 31	 25	 37	 28	 30	 28	 10	 13	 12	  6	  9	 14	 14
 62	 39	  3	 15	 31	 26	 38	  6	 11	  8	 17	 14	 29	  6	 31	 46	 15	 34	 48	 27	 31	 36	 40	 19	 22	 40	 31	 42	 23	 22	 39	 27	 39	  5	 28	 10	 35	 39	 40	 34	 13	 46	 32	 39	 25	 11	 41	 52	 51	 42	 38	 51	 32	 44	 36	 24	  3	 21	 10	 18	 16	 13	 15
 63	  9	 34	 39	 40	 33	 42	 36	 39	 29	 29	 21	 40	 36	  2	 39	 40	 30	 39	 50	  1	  5	 39	 18	 11	 20	  4	 30	 31	 37	  8	 52	 19	 29	 25	 34	 57	 19	 44	 52	 23	 37	 55	  9	 43	 42	 40	 45	 44	 45	 12	 44	 50	 34	 47	 18	 31	 12	 27	 30	 17	 20	 23	 32
 64	 42	  3	 17	 34	 29	 41	  5	  7	 11	 21	 18	 32	  2	 34	 49	 16	 38	 51	 28	 34	 39	 43	 23	 25	 44	 34	 46	 27	 25	 42	 28	 43	  8	 32	 12	 37	 43	 43	 35	 14	 50	 33	 43	 27	 10	 45	 56	 55	 45	 41	 55	 33	 48	 39	 28	  7	 25	 14	 21	 19	 15	 19	  4	 35
 65	 44	 44	 33	 14	 17	  6	 43	 53	 36	 26	 33	 16	 48	 42	 11	 35	 14	 13	 32	 43	 44	  5	 32	 42	 30	 40	 18	 20	 23	 44	 35	 30	 39	 20	 35	 32	 30	  6	 25	 47	 14	 34	 42	 24	 43	  5	 13	 13	  4	 36	 13	 25	 15	 14	 28	 40	 37	 34	 26	 43	 43	 31	 43	 43	 46
 66	 22	 21	 30	 37	 30	 42	 24	 25	 19	 23	 14	 36	 23	 14	 43	 31	 32	 44	 42	 13	 19	 41	 14	  5	 29	 14	 36	 28	 31	 22	 43	 28	 18	 25	 25	 50	 28	 44	 46	  9	 43	 47	 23	 36	 30	 42	 50	 49	 46	 24	 49	 44	 40	 44	 18	 20	  9	 18	 25	  4	  7	 17	 19	 14	 22	 45
 67	 39	 24	 15	  8	  4	 15	 24	 34	 17	  8	 17	  7	 28	 33	 25	 16	 15	 27	 19	 34	 37	 17	 18	 29	 30	 31	 25	  4	  5	 38	 21	 29	 20	 13	 16	 24	 29	 16	 18	 30	 27	 23	 38	 10	 24	 19	 31	 30	 19	 33	 30	 16	 25	 14	 18	 21	 24	 15	  7	 28	 27	 14	 24	 34	 27	 20	 30
 68	 34	 11	 13	 23	 18	 30	 12	 20	  3	  9	  7	 22	 15	 26	 37	 14	 25	 39	 25	 26	 31	 31	 11	 18	 32	 25	 33	 15	 15	 33	 26	 31	  5	 19	  8	 33	 31	 32	 29	 15	 38	 30	 34	 20	 16	 33	 44	 43	 34	 31	 42	 27	 35	 29	 16	  7	 16	  1	 10	 14	 13	  7	  9	 27	 13	 35	 18	 16
 69	 47	 47	 37	 17	 21	  9	 47	 56	 39	 30	 37	 19	 51	 45	 11	 38	 17	 14	 34	 47	 47	  8	 35	 45	 32	 43	 20	 24	 26	 46	 37	 32	 43	 24	 39	 34	 32	  9	 27	 50	 15	 36	 45	 27	 47	  8	 12	 12	  6	 39	 12	 27	 16	 16	 31	 44	 40	 37	 29	 47	 47	 34	 46	 47	 50	  4	 48	 23	 38
 70	  7	 38	 41	 37	 30	 37	 40	 44	 31	 28	 23	 37	 41	  8	 32	 41	 25	 32	 50	 10	  7	 33	 19	 17	 11	  7	 23	 29	 36	  6	 52	 11	 32	 21	 36	 56	 10	 40	 50	 29	 30	 55	  6	 42	 45	 34	 38	 36	 40	  4	 37	 48	 27	 43	 16	 35	 15	 29	 30	 23	 26	 24	 36	  9	 39	 38	 21	 33	 29	 41
 71	 39	 28	 18	  5	  3	 12	 27	 37	 20	 11	 20	  4	 32	 34	 22	 19	 13	 25	 20	 35	 38	 14	 20	 31	 29	 33	 23	  5	  7	 38	 23	 29	 24	 13	 19	 24	 29	 13	 17	 33	 24	 24	 38	 11	 28	 16	 28	 27	 15	 33	 27	 16	 23	 12	 19	 24	 26	 18	 10	 30	 30	 17	 27	 36	 30	 16	 33	  4	 19	 20	 33
 72	 50	 43	 31	 12	 18	  7	 41	 52	 35	 26	 35	 13	 46	 47	 19	 32	 19	 21	 26	 48	 49	 12	 34	 45	 36	 45	 26	 21	 21	 49	 29	 36	 39	 24	 33	 25	 37	  4	 18	 48	 22	 27	 48	 20	 41	 12	 20	 21	  5	 42	 20	 19	 23	  8	 32	 39	 40	 34	 25	 45	 45	 32	 42	 48	 45	  8	 48	 19	 35	  9	 44	 16
 73	 16	 27	 30	 31	 24	 34	 29	 34	 21	 19	 12	 30	 30	  9	 33	 31	 22	 33	 41	 10	 13	 31	  8	  8	 18	  7	 25	 22	 27	 15	 42	 17	 21	 16	 26	 47	 16	 36	 42	 19	 31	 46	 15	 33	 34	 32	 39	 38	 37	 14	 38	 40	 29	 37	  8	 24	  4	 19	 21	 13	 15	 14	 25	 10	 28	 36	 12	 25	 19	 39	 11	 26	 40
 74	 33	 25	 18	 11	  4	 16	 25	 34	 16	  6	 14	 11	 29	 28	 23	 19	 12	 25	 24	 29	 32	 17	 14	 25	 25	 26	 21	  3	  9	 33	 26	 24	 20	  8	 17	 29	 24	 18	 23	 27	 24	 28	 32	 15	 26	 18	 30	 28	 20	 27	 28	 22	 22	 18	 13	 21	 20	 14	  7	 24	 24	 11	 23	 29	 27	 20	 27	  6	 15	 24	 27	  7	 21	 20
 75	 53	 28	 14	 14	 17	 21	 26	 36	 24	 20	 28	 13	 31	 46	 35	 15	 28	 38	  6	 47	 51	 26	 31	 41	 44	 45	 37	 18	 12	 52	  9	 43	 27	 27	 19	 10	 44	 21	  6	 38	 38	  9	 52	  6	 23	 28	 39	 39	 23	 47	 38	  4	 37	 13	 32	 26	 37	 24	 18	 38	 36	 26	 28	 48	 30	 26	 41	 15	 24	 29	 47	 15	 21	 38	 20
 76	 11	 43	 44	 38	 32	 36	 46	 50	 36	 32	 28	 38	 47	 16	 28	 45	 24	 27	 52	 17	 13	 31	 23	 23	  7	 14	 19	 31	 38	 11	 55	  7	 38	 22	 41	 57	  6	 39	 51	 35	 25	 57	  9	 44	 50	 31	 34	 32	 39	  5	 32	 50	 23	 43	 19	 40	 21	 34	 33	 29	 32	 28	 42	 16	 45	 36	 28	 34	 34	 38	  8	 34	 42	 17	 29	 49
 77	 40	  2	 14	 30	 26	 38	  5	 11	  8	 18	 15	 29	  6	 32	 46	 14	 34	 48	 26	 32	 37	 40	 20	 23	 41	 31	 42	 23	 22	 39	 26	 40	  5	 28	  9	 35	 40	 39	 33	 13	 47	 31	 40	 24	 10	 41	 53	 51	 42	 39	 51	 31	 45	 36	 25	  3	 22	 10	 18	 17	 14	 16	  1	 33	  4	 43	 20	 24	 10	 46	 37	 27	 42	 26	 24	 28	 42
 78	 38	  8	 10	 24	 19	 31	  8	 18	  3	 11	 11	 22	 12	 30	 39	 10	 28	 41	 22	 30	 35	 33	 16	 22	 36	 29	 36	 16	 15	 37	 23	 35	  5	 22	  4	 30	 35	 33	 27	 16	 40	 27	 38	 18	 12	 34	 46	 45	 35	 35	 45	 26	 38	 29	 20	  5	 20	  5	 11	 18	 15	 11	  7	 31	 11	 36	 21	 17	  5	 40	 34	 20	 35	 23	 17	 22	 38	  7
 79	 38	 27	 17	  6	  2	 13	 26	 36	 19	  9	 18	  6	 31	 33	 22	 19	 13	 25	 20	 34	 37	 15	 18	 29	 28	 31	 23	  4	  7	 37	 23	 28	 22	 12	 18	 25	 28	 14	 19	 31	 24	 25	 37	 12	 27	 16	 28	 27	 17	 32	 27	 17	 23	 13	 17	 23	 25	 17	  9	 29	 28	 15	 26	 34	 29	 17	 31	  3	 18	 21	 32	  2	 17	 25	  5	 16	 33	 26	 19
 80	 46	 13	  3	 22	 20	 31	 10	 20	 11	 15	 19	 21	 15	 38	 41	  2	 31	 44	 14	 39	 44	 34	 23	 31	 42	 38	 40	 18	 13	 45	 14	 42	 13	 27	  6	 23	 42	 31	 21	 25	 43	 19	 46	 14	  8	 35	 47	 46	 34	 43	 46	 19	 41	 26	 27	 11	 28	 13	 14	 26	 24	 18	 13	 40	 15	 36	 30	 17	 13	 39	 41	 20	 33	 31	 20	 16	 45	 13	  9	 20
 81	 27	 14	 21	 30	 23	 35	 17	 21	 10	 15	  6	 29	 18	 19	 39	 22	 28	 41	 33	 19	 24	 35	  9	 10	 29	 19	 34	 20	 23	 27	 34	 29	  9	 21	 16	 41	 28	 37	 37	  8	 39	 39	 27	 28	 22	 36	 46	 45	 39	 26	 45	 35	 37	 36	 15	 12	 10	  9	 16	  6	  5	  9	 12	 20	 16	 39	  9	 22	  9	 43	 24	 25	 40	 13	 20	 33	 30	 13	 12	 24	 21
 82	 48	  7	 18	 36	 33	 44	  7	  6	 16	 25	 23	 35	  4	 39	 53	 17	 42	 55	 28	 39	 45	 47	 28	 30	 49	 39	 50	 30	 27	 47	 27	 48	 13	 36	 15	 36	 48	 45	 36	 19	 54	 32	 48	 28	  9	 48	 60	 59	 48	 47	 59	 34	 52	 41	 33	 11	 30	 18	 25	 24	 21	 24	  9	 40	  6	 49	 27	 30	 18	 53	 45	 33	 47	 34	 31	 31	 50	  9	 15	 32	 15	 21
 83	 45	  5	 12	 30	 27	 38	  2	 11	 11	 19	 19	 29	  6	 37	 48	 11	 37	 50	 23	 37	 42	 41	 24	 28	 45	 36	 45	 25	 21	 44	 23	 44	 10	 31	  9	 32	 44	 40	 31	 19	 49	 28	 45	 23	  5	 42	 54	 53	 42	 43	 53	 29	 47	 35	 29	  7	 27	 14	 19	 22	 19	 19	  7	 38	  6	 44	 26	 24	 13	 47	 41	 28	 42	 30	 25	 25	 47	  6	  9	 27	 10	 18	  6
 84	 60	 31	 18	 22	 25	 28	 28	 37	 29	 27	 35	 21	 33	 53	 42	 18	 36	 45	  6	 54	 58	 34	 37	 47	 52	 52	 45	 26	 19	 59	  6	 51	 31	 35	 23	  5	 51	 28	  9	 43	 45	  1	 59	 13	 24	 35	 46	 46	 30	 54	 46	  9	 45	 20	 39	 30	 44	 29	 25	 44	 42	 32	 32	 55	 33	 33	 47	 23	 30	 35	 54	 23	 27	 45	 28	  8	 56	 31	 27	 24	 19	 38	 32	 28
 85	 51	 25	 11	 13	 16	 21	 23	 33	 21	 17	 26	 12	 28	 44	 35	 12	 27	 37	  6	 45	 49	 26	 28	 38	 42	 43	 37	 16	  9	 50	  9	 42	 24	 26	 17	 12	 42	 21	  8	 35	 37	 11	 50	  4	 21	 28	 39	 39	 24	 45	 39	  7	 36	 15	 30	 23	 35	 21	 16	 36	 34	 23	 26	 45	 27	 27	 39	 13	 22	 29	 45	 14	 22	 36	 18	  3	 47	 25	 20	 15	 14	 30	 28	 23	 10
 86	 31	 16	 15	 20	 14	 26	 16	 24	  7	  6	  5	 19	 20	 24	 32	 16	 21	 34	 25	 25	 29	 27	  8	 18	 28	 23	 29	 11	 13	 31	 27	 27	 10	 14	 11	 33	 27	 28	 28	 17	 33	 30	 31	 19	 20	 28	 39	 38	 30	 28	 38	 26	 31	 27	 12	 12	 14	  4	  7	 16	 15	  3	 14	 25	 18	 30	 18	 13	  5	 34	 26	 16	 31	 16	 11	 24	 31	 14	  9	 14	 15	 10	 22	 17	 30	 21
 87	 55	 38	 25	 12	 19	 15	 36	 47	 33	 26	 35	 13	 41	 50	 29	 26	 26	 32	 17	 51	 54	 21	 36	 47	 44	 49	 34	 21	 18	 54	 20	 43	 36	 29	 29	 14	 43	 13	  8	 47	 32	 17	 54	 14	 34	 22	 32	 32	 15	 48	 31	  9	 32	  6	 35	 36	 42	 32	 24	 45	 44	 32	 38	 52	 40	 19	 48	 18	 33	 20	 49	 17	 12	 43	 23	 12	 49	 38	 32	 18	 27	 40	 42	 36	 16	 14	 30
 88	 50	 20	  6	 18	 18	 26	 18	 28	 18	 17	 24	 17	 23	 43	 39	  7	 30	 41	  7	 44	 48	 30	 27	 36	 44	 42	 39	 18	 11	 49	  8	 43	 20	 27	 12	 15	 43	 26	 14	 32	 41	 12	 49	  8	 15	 32	 44	 43	 29	 45	 43	 12	 40	 20	 29	 19	 33	 18	 15	 33	 30	 22	 21	 44	 22	 32	 36	 15	 19	 35	 44	 17	 27	 35	 19	  9	 48	 20	 16	 17	  8	 27	 23	 17	 12	  6	 19	 20
 89	 20	 32	 30	 24	 17	 24	 33	 40	 24	 17	 16	 23	 36	 17	 22	 31	 12	 22	 38	 19	 20	 21	 12	 19	 11	 15	 14	 17	 23	 20	 40	 11	 26	  7	 27	 43	 11	 27	 37	 28	 20	 42	 19	 29	 37	 21	 28	 27	 27	 13	 27	 35	 18	 30	  6	 28	 14	 21	 19	 22	 24	 15	 30	 19	 34	 25	 23	 20	 22	 28	 14	 20	 30	 12	 15	 34	 15	 31	 26	 19	 32	 20	 39	 34	 42	 32	 17	 35	 33
 90	 41	 11	  6	 21	 17	 29	 10	 20	  6	 10	 14	 19	 15	 33	 38	  7	 27	 40	 18	 33	 38	 31	 18	 25	 37	 32	 36	 15	 12	 40	 19	 36	  9	 22	  2	 26	 36	 30	 23	 21	 39	 23	 40	 14	 11	 32	 44	 43	 32	 37	 43	 21	 37	 26	 21	  8	 23	  7	  9	 21	 19	 12	 11	 34	 14	 33	 25	 14	  8	 37	 36	 17	 32	 25	 16	 18	 40	 11	  5	 17	  6	 16	 16	 11	 23	 16	 10	 28	 12	 26
 91	 23	 23	 23	 23	 16	 27	 24	 31	 15	 11	  7	 23	 26	 16	 29	 24	 18	 30	 33	 17	 21	 26	  2	 13	 20	 15	 23	 14	 19	 22	 35	 19	 17	 11	 19	 40	 19	 29	 34	 19	 29	 38	 22	 25	 28	 27	 36	 34	 31	 19	 35	 33	 26	 30	  4	 19	  8	 12	 13	 14	 15	  7	 21	 18	 24	 30	 15	 17	 13	 33	 18	 19	 33	  8	 13	 30	 22	 21	 17	 17	 24	 11	 29	 25	 37	 28	  9	 35	 27	 10	 18
 92	 44	 29	 17	  3	  7	 12	 28	 38	 22	 14	 23	  2	 33	 38	 24	 18	 17	 27	 17	 39	 42	 16	 24	 34	 33	 37	 26	  9	  7	 43	 20	 33	 25	 17	 20	 20	 33	 12	 13	 35	 27	 20	 42	  8	 27	 17	 29	 29	 15	 37	 28	 12	 26	  9	 23	 26	 30	 21	 12	 34	 33	 20	 28	 40	 31	 17	 36	  6	 21	 20	 37	  5	 14	 30	 11	 12	 38	 28	 21	  6	 20	 28	 34	 28	 20	 11	 19	 13	 15	 24	 18	 23
 93	 31	 42	 36	 21	 19	 17	 43	 51	 34	 24	 28	 22	 46	 30	  8	 37	  7	  8	 39	 32	 31	 11	 24	 33	 15	 29	  4	 20	 26	 30	 42	 16	 36	 13	 35	 42	 16	 19	 35	 41	  7	 43	 29	 30	 45	 11	 15	 13	 18	 23	 13	 34	  4	 25	 19	 38	 28	 31	 25	 36	 37	 26	 41	 32	 44	 15	 37	 22	 32	 17	 25	 20	 22	 25	 19	 34	 22	 41	 35	 20	 38	 33	 49	 43	 42	 34	 27	 31	 37	 14	 34	 23	 23
 94	  9	 38	 40	 35	 29	 35	 40	 45	 31	 28	 23	 35	 42	 10	 30	 41	 23	 29	 49	 12	  9	 31	 18	 18	  9	  9	 20	 28	 35	  8	 51	  8	 33	 19	 36	 55	  8	 38	 48	 30	 27	 54	  7	 40	 45	 32	 36	 34	 38	  2	 34	 47	 25	 42	 15	 35	 16	 29	 29	 24	 26	 24	 36	 11	 40	 36	 22	 31	 29	 39	  3	 32	 42	 12	 26	 46	  6	 37	 34	 30	 41	 25	 45	 41	 53	 44	 26	 47	 44	 12	 35	 17	 36	 22
 95	 40	 36	 26	  8	  9	  5	 35	 45	 28	 18	 26	  9	 40	 36	 14	 27	  9	 17	 26	 37	 39	  6	 24	 35	 27	 34	 18	 12	 16	 39	 30	 27	 31	 14	 27	 28	 27	  7	 21	 39	 17	 29	 38	 18	 36	  8	 20	 19	  9	 32	 19	 21	 16	 12	 21	 32	 30	 26	 18	 36	 36	 23	 35	 38	 38	  8	 38	 12	 27	 12	 33	  9	 11	 29	 12	 21	 33	 35	 28	 10	 28	 31	 42	 36	 29	 21	 22	 17	 25	 20	 26	 23	 10	 14	 31
 96	 38	  6	 20	 35	 30	 42	  9	  9	 11	 21	 16	 33	  7	 30	 49	 19	 37	 50	 32	 30	 35	 43	 20	 21	 41	 30	 44	 27	 26	 38	 32	 40	  8	 30	 14	 40	 40	 44	 38	  9	 49	 37	 39	 29	 15	 45	 56	 54	 46	 38	 54	 36	 47	 40	 26	  8	 21	 13	 22	 14	 11	 18	  5	 31	  5	 46	 17	 28	 12	 50	 36	 31	 46	 25	 27	 33	 42	  6	 12	 30	 18	 12	 10	 10	 36	 30	 17	 43	 26	 32	 16	 22	 33	 43	 36	 38
 97	 26	 33	 29	 19	 14	 19	 34	 42	 25	 17	 19	 19	 37	 23	 16	 30	  6	 17	 35	 24	 25	 15	 15	 24	 14	 21	 11	 14	 21	 25	 38	 13	 28	  5	 27	 39	 13	 21	 33	 31	 16	 39	 24	 26	 37	 16	 23	 22	 22	 18	 22	 32	 13	 25	 10	 30	 19	 22	 18	 27	 28	 17	 32	 24	 36	 19	 28	 17	 23	 23	 19	 16	 25	 17	 12	 31	 19	 32	 26	 15	 31	 24	 40	 35	 39	 29	 18	 31	 31	  6	 26	 13	 20	 10	 17	 14	 34
 98	 26	 35	 30	 19	 15	 18	 36	 44	 27	 18	 21	 20	 39	 24	 15	 32	  5	 16	 36	 25	 26	 14	 17	 25	 13	 22	  9	 15	 22	 26	 38	 13	 29	  6	 29	 40	 13	 20	 33	 33	 14	 40	 25	 27	 38	 15	 22	 20	 21	 19	 20	 32	 12	 25	 12	 31	 21	 24	 19	 28	 30	 19	 33	 26	 37	 19	 29	 18	 25	 22	 20	 16	 24	 18	 13	 31	 19	 34	 28	 16	 32	 25	 42	 37	 39	 30	 20	 31	 32	  7	 28	 15	 20	  8	 18	 14	 36	  2
 99	 45	  5	 12	 30	 27	 38	  2	 11	 11	 20	 19	 29	  6	 37	 48	 11	 37	 50	 23	 37	 43	 41	 24	 28	 45	 37	 45	 25	 21	 45	 22	 44	 10	 31	  9	 31	 44	 40	 30	 19	 49	 27	 45	 23	  5	 42	 54	 53	 42	 43	 53	 29	 47	 35	 29	  7	 27	 14	 19	 23	 20	 19	  7	 38	  6	 43	 26	 24	 13	 47	 42	 27	 42	 31	 25	 25	 47	  6	  9	 27	 10	 19	  6	  1	 27	 23	 18	 36	 17	 34	 10	 25	 28	 43	 42	 36	 11	 35	 37
100	 13	 34	 35	 31	 24	 31	 36	 41	 27	 23	 19	 30	 37	 11	 27	 36	 19	 27	 44	 12	 13	 27	 14	 16	 10	  9	 18	 23	 30	 12	 46	  9	 28	 14	 31	 49	  8	 34	 43	 27	 25	 49	 12	 35	 40	 28	 34	 32	 34	  7	 32	 42	 23	 37	 10	 31	 12	 24	 24	 21	 23	 19	 32	 12	 36	 32	 20	 26	 25	 35	  7	 27	 37	  9	 21	 40	 10	 33	 29	 25	 36	 21	 41	 37	 48	 39	 21	 42	 39	  8	 30	 13	 31	 20	  6	 27	 33	 13	 14	 37
