nVehicles:   9
nDepots:     1
nCustomers: 50
nPeriods:    6
VEHICLE_TYPE	FLEET_SIZE	CAPACITY
           4	         9	      38	
DEPOT   	X  	Y  	INV_COST	INITIAL_INV 	MIN_LEVEL_INV 	MAX_LEVEL_INV	PRODUCTION_0	PRODUCTION_1	PRODUCTION_2	PRODUCTION_3	PRODUCTION_4	PRODUCTION_5
       0	262	214	       0	        615	            0	         1972	         335	         335	         335	         335	         335	         335	
CUSTOMER	X  	Y  	INV_COST	INITIAL_INV	MIN_LEVEL_INV 	MAX_LEVEL_INV	DEMAND_0	DEMAND_1	DEMAND_2	DEMAND_3	DEMAND_4	DEMAND_5
       1	 52	 45	    0.03	          8	            0	           33	       7	       9	      10	       9	       8	       6
       2	351	 35	    0.17	          3	            0	           14	       4	       6	       7	       8	       5	       4
       3	137	336	    0.08	          4	            0	           13	       4	       5	       5	       5	       4	       3
       4	211	122	    0.03	          9	            0	           23	       6	       8	       8	       7	       5	       6
       5	303	183	     0.2	         11	            0	           17	       6	       6	       7	       7	       6	       7
       6	214	 65	    0.02	          2	            0	           30	       4	       6	       8	       6	       4	       5
       7	 36	384	    0.28	          1	            0	           33	       6	       8	       8	       6	       4	       6
       8	499	442	    0.23	          5	            0	           36	       9	      10	      14	      12	       9	       7
       9	168	 83	    0.07	          3	            0	           24	       4	       5	       5	       5	       3	       3
      10	316	383	    0.06	         15	            0	           31	       7	      12	      13	      13	      12	       9
      11	312	136	    0.21	         20	            0	           21	       8	      12	      12	       8	       6	       7
      12	236	327	     0.3	          7	            0	           18	       7	       9	      11	      10	       7	       5
      13	474	 55	    0.01	          5	            0	           41	       6	      10	       8	      10	       8	       5
      14	372	  5	    0.19	          6	            0	           39	       6	       9	      10	       8	       5	       5
      15	283	129	    0.02	         14	            0	           32	       7	       9	      12	      10	       7	       7
      16	175	443	    0.13	          8	            0	           35	       5	       8	       8	       8	       8	       5
      17	328	458	    0.02	         12	            0	           41	       7	       7	       9	      10	       6	       6
      18	157	421	    0.28	          8	            0	           25	       4	       4	       5	       5	       5	       4
      19	 27	126	    0.04	          3	            0	           10	       4	       4	       5	       5	       4	       3
      20	416	439	    0.04	         12	            0	           19	       7	       7	       9	       9	       7	       5
      21	222	271	    0.21	          7	            0	           43	       6	      10	       9	       8	       6	       7
      22	104	132	    0.21	          6	            0	           12	       4	       7	       7	       7	       5	       4
      23	 27	453	    0.12	         14	            0	           30	       7	      12	      11	       9	       8	       6
      24	130	458	    0.08	          4	            0	           31	       5	       5	       7	       6	       5	       5
      25	288	129	    0.23	         14	            0	           22	       9	      10	      12	       9	       8	       7
      26	457	151	    0.07	          3	            0	           32	       4	       8	       8	       5	       4	       5
      27	  0	267	    0.19	          6	            0	           15	       6	       6	       8	       6	       4	       4
      28	201	407	    0.17	          8	            0	           15	       5	       5	       6	       5	       4	       4
      29	138	340	    0.28	          4	            0	           15	       5	       6	       7	       8	       7	       6
      30	 79	463	    0.16	          3	            0	           23	       4	       6	       6	       7	       5	       4
      31	279	 34	    0.02	          1	            0	           40	       5	       8	       9	       7	       6	       6
      32	497	396	    0.08	          1	            0	           26	       4	       7	       8	       4	       4	       6
      33	342	244	     0.2	          8	            0	           38	       6	       8	       8	       8	       9	       7
      34	460	411	     0.2	          5	            0	           17	       4	       5	       5	       5	       4	       3
      35	193	105	    0.24	         14	            0	           26	       7	       7	       7	       7	       6	       6
      36	 27	 78	    0.02	         10	            0	           10	       5	       6	       8	       8	       7	       6
      37	163	297	    0.25	          8	            0	           31	       6	       7	       9	       7	       6	       5
      38	195	 24	    0.11	          9	            0	           22	       6	       6	       7	       7	       6	       4
      39	382	367	    0.09	          4	            0	           32	       6	       6	       7	       6	       4	       4
      40	 75	 50	    0.07	          7	            0	           28	       4	       6	       6	       5	       3	       4
      41	 96	162	    0.26	          4	            0	           24	       4	       6	       5	       6	       3	       3
      42	 58	331	    0.18	         10	            0	           17	       6	       8	      11	      10	       7	       5
      43	250	139	     0.3	          6	            0	           44	       7	       8	       9	      12	      10	       7
      44	441	153	     0.1	          5	            0	           31	       7	       8	       9	       8	       8	       6
      45	439	206	    0.29	          4	            0	           35	       5	       6	       6	       8	       5	       5
      46	116	 28	     0.2	         11	            0	           11	       7	       8	       8	      11	       9	       8
      47	466	309	    0.07	          7	            0	           13	       4	       5	       6	       6	       5	       3
      48	307	124	    0.22	         11	            0	           41	       6	       8	       9	       9	       6	       5
      49	265	417	    0.21	         10	            0	           19	       8	      11	       9	      11	       9	       7
      50	215	183	    0.03	          9	            0	           27	       4	       5	       6	       7	       5	       4
COST_MATRIX 
	  0	  1	  2	  3	  4	  5	  6	  7	  8	  9	 10	 11	 12	 13	 14	 15	 16	 17	 18	 19	 20	 21	 22	 23	 24	 25	 26	 27	 28	 29	 30	 31	 32	 33	 34	 35	 36	 37	 38	 39	 40	 41	 42	 43	 44	 45	 46	 47	 48	 49	 50
  0
  1	 27
  2	 20	 30
  3	 18	 31	 37
  4	 11	 18	 17	 23
  5	  6	 29	 16	 23	 12
  6	 16	 17	 15	 29	  6	 15
  7	 29	 34	 48	 12	 32	 34	 37
  8	 33	 60	 44	 38	 44	 33	 48	 47
  9	 17	 13	 19	 26	  6	 17	  5	 33	 49
 10	 18	 43	 35	 19	 29	 21	 34	 29	 20	 34
 11	 10	 28	 11	 27	 11	  5	 13	 38	 36	 16	 25
 12	 12	 34	 32	 10	 21	 16	 27	 21	 29	 26	 10	 21
 13	 27	 43	 13	 44	 28	 22	 27	 55	 39	 31	 37	 19	 37
 14	 24	 33	  4	 41	 20	 20	 17	 51	 46	 22	 39	 15	 35	 12
 15	  9	 25	 12	 26	  8	  6	 10	 36	 39	 13	 26	  3	 21	 21	 16
 16	 25	 42	 45	 12	 33	 29	 39	 16	 33	 37	 16	 34	 14	 49	 49	 34
 17	 26	 50	 43	 23	 36	 28	 41	 31	 18	 41	  8	 33	 17	 43	 46	 34	 16
 18	 24	 40	 44	  9	 31	 28	 37	 13	 35	 34	 17	 33	 13	 49	 47	 32	  3	 18
 19	 26	  9	 34	 24	 19	 29	 20	 26	 57	 15	 39	 29	 29	 46	 37	 26	 35	 45	 33
 20	 28	 54	 41	 30	 38	 28	 43	 39	  9	 44	 12	 33	 22	 39	 44	 34	 25	 10	 26	 50
 21	  7	 29	 27	 11	 15	 12	 21	 22	 33	 20	 15	 17	  6	 34	 31	 16	 18	 22	 17	 25	 26
 22	 18	 11	 27	 21	 11	 21	 13	 27	 51	  9	 33	 21	 24	 38	 30	 18	 32	 40	 30	  8	 44	 19
 23	 34	 41	 53	 17	 38	 39	 44	  7	 48	 40	 30	 43	 25	 60	 57	 42	 15	 31	 14	 33	 39	 27	 34
 24	 28	 43	 48	 13	 35	 33	 41	 12	 37	 38	 21	 37	 17	 53	 52	 37	  5	 20	  5	 35	 29	 21	 33	 11
 25	  9	 26	 12	 26	  8	  6	 10	 36	 38	 13	 26	  3	 21	 21	 15	  1	 34	 34	 33	 27	 34	 16	 19	 42	 37
 26	 21	 42	 16	 37	 25	 16	 26	 49	 30	 30	 28	 15	 29	 10	 17	 18	 41	 34	 41	 44	 30	 27	 36	 53	 45	 18
 27	 27	 23	 43	 16	 26	 32	 30	 13	 53	 25	 34	 34	 25	 52	 46	 32	 25	 38	 22	 15	 46	 23	 18	 19	 24	 32	 48
 28	 21	 40	 41	 10	 29	 25	 35	 17	 31	 33	 12	 30	  9	 45	 44	 29	  5	 14	  5	 34	 22	 14	 30	 18	  9	 30	 37	 25
 29	 18	 31	 38	  1	 23	 23	 29	 12	 38	 26	 19	 27	 10	 45	 41	 26	 11	 23	  9	 25	 30	 11	 22	 16	 12	 26	 38	 16	 10
 30	 31	 42	 51	 14	 37	 36	 43	  9	 43	 40	 26	 41	 21	 57	 55	 40	 10	 25	  9	 35	 34	 24	 34	  6	  6	 40	 50	 22	 14	 14
 31	 19	 23	  8	 34	 12	 16	  8	 43	 47	 13	 36	 11	 30	 20	 10	 10	 43	 43	 41	 27	 43	 25	 21	 49	 45	 10	 22	 37	 39	 34	 48
 32	 30	 57	 39	 37	 40	 29	 44	 47	  5	 46	 19	 32	 27	 35	 42	 35	 33	 19	 35	 55	 10	 31	 48	 48	 38	 34	 25	 52	 30	 37	 43	 43
 33	  9	 36	 21	 23	 18	  8	 23	 34	 26	 24	 15	 12	 14	 24	 25	 13	 26	 22	 26	 34	 21	 13	 27	 38	 31	 13	 15	 35	 22	 23	 35	 22	 22
 34	 28	 55	 40	 34	 39	 28	 43	 43	  5	 44	 15	 32	 24	 36	 42	 34	 29	 15	 31	 52	  6	 28	 46	 44	 34	 34	 27	 49	 26	 33	 39	 42	  4	 21
 35	 13	 16	 18	 24	  3	 14	  5	 33	 46	  4	 31	 13	 23	 29	 21	 10	 34	 38	 32	 17	 41	 17	 10	 39	 36	 10	 27	 26	 31	 25	 38	 12	 43	 21	 41
 36	 28	  5	 33	 29	 19	 30	 19	 31	 60	 15	 43	 30	 33	 45	 36	 27	 40	 49	 37	  5	 54	 28	 10	 38	 40	 27	 44	 20	 38	 29	 39	 26	 57	 36	 55	 17
 37	 13	 28	 33	  5	 19	 19	 24	 16	 37	 22	 18	 22	  8	 40	 36	 21	 15	 24	 13	 22	 30	  7	 18	 21	 17	 21	 33	 17	 12	  5	 19	 29	 35	 19	 32	 20	 26
 38	 21	 15	 16	 32	 10	 20	  5	 40	 52	  7	 38	 17	 31	 29	 18	 14	 42	 46	 40	 20	 48	 25	 15	 47	 44	 15	 30	 32	 39	 33	 46	  9	 48	 27	 47	  9	 18	 28
 39	 20	 47	 34	 25	 30	 21	 35	 35	 14	 36	  7	 25	 16	 33	 37	 26	 23	 11	 24	 43	  8	 19	 37	 37	 27	 26	 23	 40	 19	 25	 32	 35	 12	 13	  9	 33	 46	 23	 40
 40	 25	  3	 28	 30	 16	 27	 14	 34	 58	 10	 42	 26	 33	 40	 31	 23	 41	 49	 38	  9	 52	 27	  9	 41	 42	 23	 40	 23	 38	 30	 42	 21	 55	 34	 53	 14	  6	 27	 13	 45
 41	 18	 13	 29	 18	 13	 21	 16	 23	 50	 11	 32	 22	 22	 40	 32	 19	 30	 38	 27	  8	 43	 17	  4	 30	 30	 20	 37	 15	 27	 19	 31	 23	 47	 26	 45	 12	 11	 16	 17	 36	 12
 42	 24	 29	 42	  8	 26	 29	 31	  6	 46	 28	 27	 33	 18	 50	 46	 31	 17	 30	 14	 21	 38	 18	 21	 13	 15	 31	 44	  9	 17	  9	 14	 38	 45	 30	 41	 27	 26	 12	 34	 33	 29	 18
 43	  8	 22	 15	 23	  5	  7	  9	 33	 40	 10	 26	  7	 19	 24	 19	  4	 32	 33	 30	 23	 35	 14	 15	 39	 35	  4	 21	 29	 28	 24	 37	 11	 36	 14	 35	  7	 24	 19	 13	 27	 20	 16	 28
 44	 19	 41	 15	 36	 24	 15	 25	 47	 30	 29	 27	 14	 27	 11	 17	 16	 40	 33	 40	 42	 29	 25	 34	 52	 44	 16	  2	 46	 35	 36	 48	 21	 25	 14	 26	 26	 43	 32	 28	 23	 39	 35	 43	 20
 45	 18	 42	 20	 33	 25	 14	 27	 45	 25	 30	 22	 15	 24	 16	 22	 18	 36	 28	 36	 42	 24	 23	 35	 49	 40	 17	  6	 45	 32	 33	 45	 24	 20	 11	 21	 27	 44	 30	 31	 18	 40	 35	 41	 21	  6
 46	 24	  7	 24	 31	 14	 25	 11	 37	 57	  8	 41	 23	 33	 36	 26	 20	 42	 48	 40	 14	 51	 27	 11	 44	 44	 20	 37	 27	 39	 32	 44	 17	 53	 32	 52	 11	 11	 28	  8	 44	  5	 14	 31	 18	 35	 37
 47	 23	 50	 30	 34	 32	 21	 36	 44	 14	 38	 17	 24	 24	 26	 32	 26	 33	 21	 33	 48	 14	 25	 41	 47	 37	 26	 16	 47	 29	 33	 42	 34	 10	 15	 11	 35	 50	 31	 40	 11	 47	 40	 41	 28	 16	 11	 45
 48	 11	 27	 10	 28	 10	  6	 12	 38	 38	 15	 26	  2	 22	 19	 14	  3	 35	 34	 34	 29	 34	 17	 21	 44	 38	  2	 16	 34	 31	 28	 41	 10	 34	 13	 33	 12	 29	 23	 16	 26	 25	 22	 33	  6	 14	 16	 22	 25
 49	 21	 43	 40	 16	 30	 24	 36	 24	 24	 35	  7	 29	 10	 42	 43	 29	 10	  8	 11	 38	 16	 16	 33	 25	 15	 29	 33	 31	  7	 15	 20	 39	 24	 19	 20	 33	 42	 16	 40	 13	 42	 31	 23	 28	 32	 28	 42	 23	 30
 50	  6	 22	 21	 18	  7	  9	 12	 27	 39	 12	 23	 11	 15	 29	 24	  9	 27	 30	 25	 20	 33	  9	 13	 33	 29	 10	 25	 24	 23	 18	 32	 17	 36	 15	 34	  9	 22	 13	 17	 25	 20	 13	 22	  6	 23	 23	 19	 29	 11	 24
