nVehicles:  46
nDepots:     1
nCustomers: 50
nPeriods:   12
VEHICLE_TYPE	FLEET_SIZE	CAPACITY
           1	        46	       8	
DEPOT   	X  	Y  	INV_COST	INITIAL_INV 	MIN_LEVEL_INV 	MAX_LEVEL_INV	PRODUCTION_0	PRODUCTION_1	PRODUCTION_2	PRODUCTION_3	PRODUCTION_4	PRODUCTION_5	PRODUCTION_6	PRODUCTION_7	PRODUCTION_8	PRODUCTION_9	PRODUCTION_10	PRODUCTION_11
       0	449	410	       0	        377	            0	         4072	         340	         340	         340	         340	         340	         340	         340	         340	         340	         340	          340	          340	
CUSTOMER	X  	Y  	INV_COST	INITIAL_INV	MIN_LEVEL_INV 	MAX_LEVEL_INV	DEMAND_0	DEMAND_1	DEMAND_2	DEMAND_3	DEMAND_4	DEMAND_5	DEMAND_6	DEMAND_7	DEMAND_8	DEMAND_9	DEMAND_10	DEMAND_11
       1	261	 61	    0.26	          1	            0	           36	       4	       5	       6	       8	       6	       5	       4	       5	       7	       6	        4	        4
       2	329	261	    0.27	         10	            0	           77	       5	       6	       9	       8	       6	       6	       4	       6	       7	       9	        7	        6
       3	278	397	    0.15	          7	            0	           37	       4	       4	       6	       6	       5	       4	       3	       4	       5	       6	        4	        3
       4	493	286	    0.26	          7	            0	           40	       5	       7	       8	       9	       8	       6	       6	      10	      10	       9	        7	        6
       5	 95	383	    0.05	          8	            0	           26	       5	       5	       6	       7	       9	       6	       6	       5	       6	       6	        8	        8
       6	341	186	    0.23	          7	            0	           42	       3	       4	       6	       6	       5	       4	       3	       4	       5	       5	        5	        4
       7	  2	128	    0.13	          2	            0	           67	       0	       0	       0	       0	       0	       0	       0	       0	       5	       7	        7	        4
       8	489	312	    0.19	          5	            0	           74	       4	       6	       6	       7	       8	       5	       6	       5	       5	       9	        9	        7
       9	  4	386	    0.02	         11	            0	           65	       4	       7	       8	      10	       9	       7	       8	       5	       6	       7	        8	       11
      10	329	101	    0.05	          6	            0	           91	       6	       5	       8	       8	      10	       7	       5	       7	       8	       9	       11	        8
      11	303	100	    0.15	          1	            0	           27	       6	       6	       9	       8	       9	       8	       6	       7	       6	       9	        8	        7
      12	181	210	    0.05	          1	            0	           75	       5	       7	       9	      11	       8	       5	       6	       8	      10	       9	        7	        6
      13	456	368	    0.18	          1	            0	           80	       0	       0	       0	       0	       0	       0	       0	       0	       4	       3	        2	        8
      14	390	157	    0.19	         10	            0	           30	       6	       6	       7	      10	      10	       8	       8	       6	       6	       6	        7	        8
      15	415	130	    0.27	          2	            0	           53	       4	       4	       5	       5	       6	       5	       4	       3	       4	       5	        4	        6
      16	 75	 78	    0.07	          2	            0	           38	       5	       8	       9	       7	       5	       7	       7	       8	       9	       5	        6	       10
      17	 51	463	     0.1	          3	            0	           19	       5	       6	       9	      11	       6	       6	       7	      10	       9	       7	        6	        5
      18	237	432	    0.24	         11	            0	           23	       5	       6	       7	       6	       5	       4	       4	       6	       6	       5	        4	        5
      19	170	206	    0.07	          8	            0	           28	       4	       4	       7	       7	       7	       5	       4	       5	       6	       7	        5	        4
      20	260	285	    0.17	         11	            0	           36	       5	       6	       9	       9	       7	       5	       5	       6	       9	       9	        6	        5
      21	318	110	    0.11	          1	            0	           66	       6	       6	       8	      10	       6	       6	       8	      11	      10	       6	        6	        7
      22	114	382	    0.02	          2	            0	           69	       5	       6	       8	       7	       6	       6	       5	       8	       8	       8	        6	        5
      23	292	461	    0.08	          2	            0	           15	       4	       5	       7	       7	       7	       5	       5	       7	       6	       9	        7	        6
      24	 42	456	    0.27	          9	            0	           41	       2	       4	       4	       5	       2	       1	       6	       5	       6	       4	        6	       10
      25	149	239	    0.09	          2	            0	           22	       4	       6	       8	       9	       6	       6	       4	       6	       6	       8	        8	        6
      26	357	159	    0.24	          6	            0	           16	       4	       5	       7	       6	       6	       5	       5	       6	       7	       8	        5	        5
      27	387	336	    0.26	          5	            0	           41	       4	       4	       8	       6	       5	       4	       6	       6	       7	       4	        5	        5
      28	237	 51	    0.21	          1	            0	           47	       5	       5	       6	       8	       8	       6	       4	       7	       8	       7	        7	        6
      29	186	310	    0.21	          5	            0	           33	       4	       3	       6	       6	       5	       4	       4	       4	       5	       5	        5	        5
      30	158	309	    0.12	          4	            0	           29	       5	       7	       8	      11	       7	       6	       8	       9	       8	       7	        6	        8
      31	 77	395	     0.1	          4	            0	           56	       3	       6	       6	       5	       4	       4	       7	       6	       5	       4	        5	        6
      32	 74	 49	    0.01	          6	            0	           75	       2	       4	       5	       5	       7	       4	       3	       2	       3	       5	        7	        8
      33	412	492	    0.25	          7	            0	           14	       4	       4	       5	       6	       6	       4	       3	       3	       4	       5	        6	        5
      34	443	364	    0.06	          2	            0	           20	       4	       4	       8	       8	       6	       5	       4	       6	       7	       8	        7	        5
      35	 81	448	    0.21	          5	            0	           83	       4	       5	       7	       8	       6	       5	       6	       4	       4	       3	        7	        7
      36	392	133	    0.02	         11	            0	           46	       5	       7	       9	       9	       7	       5	       6	       7	       8	       8	        6	        7
      37	156	337	    0.05	          4	            0	           77	       5	       6	       7	       7	       8	       6	       4	       6	       6	       9	        7	        6
      38	160	 98	    0.27	          1	            0	           22	       3	       4	       6	       5	       5	       4	       3	       4	       5	       6	        5	        5
      39	270	275	    0.25	          4	            0	           77	       0	       0	       0	       0	       0	       0	       0	       2	       1	       2	        4	        6
      40	290	461	    0.19	         12	            0	           82	       3	       4	       5	       5	       3	       3	       5	       7	       6	       4	        6	       10
      41	477	143	    0.05	          9	            0	           67	       2	       3	       5	       5	       6	       3	       2	       5	       7	       8	        6	        6
      42	455	136	    0.16	          9	            0	           27	       0	       0	       0	       2	       0	       1	       3	       4	       4	       2	        5	        8
      43	 96	488	    0.22	          4	            0	           28	       4	       5	       6	       7	       5	       5	       4	       5	       6	       6	        6	        5
      44	400	285	    0.24	          9	            0	           82	       1	       2	       4	       6	       5	       6	       5	       6	       6	       8	       10	        9
      45	382	150	    0.25	         10	            0	           54	       0	       0	       0	       0	       0	       0	       0	       0	       0	       6	        7	        8
      46	 84	266	    0.05	          6	            0	           16	       3	       4	       5	       5	       6	       6	       5	       4	       4	       4	        5	        6
      47	 79	410	     0.1	          9	            0	           85	       0	       0	       3	       2	       4	       2	       3	       3	       6	       8	        7	        6
      48	 77	162	    0.05	          9	            0	           41	       0	       0	       0	       1	       0	       1	       3	       7	       5	       4	        4	        9
      49	108	331	    0.04	          1	            0	           51	       3	       5	       4	       6	       5	       4	       4	       4	       5	       6	        5	        3
      50	208	448	    0.12	         13	            0	           32	       0	       0	       0	       0	       0	       0	       0	       1	       4	       2	        2	        7
COST_MATRIX 
	  0	  1	  2	  3	  4	  5	  6	  7	  8	  9	 10	 11	 12	 13	 14	 15	 16	 17	 18	 19	 20	 21	 22	 23	 24	 25	 26	 27	 28	 29	 30	 31	 32	 33	 34	 35	 36	 37	 38	 39	 40	 41	 42	 43	 44	 45	 46	 47	 48	 49	 50
  0
  1	 40
  2	 20	 22
  3	 18	 34	 15
  4	 14	 33	 17	 25
  5	 36	 37	 27	 19	 41
  6	 25	 15	  8	 23	 19	 32
  7	 53	 27	 36	 39	 52	 28	 35
  8	 11	 34	 17	 23	  3	 41	 20	 53
  9	 45	 42	 35	 28	 50	 10	 40	 26	 50
 10	 34	  8	 17	 31	 25	 37	  9	 33	 27	 44
 11	 35	  6	 17	 30	 27	 36	 10	 31	 29	 42	  3
 12	 34	 17	 16	 22	 33	 20	 17	 20	 33	 25	 19	 17
 13	  5	 37	 17	 19	  9	 37	 22	 52	  7	 46	 30	 31	 32
 14	 26	 17	 13	 27	 17	 38	  6	 39	 19	 45	  9	 11	 22	 23
 15	 29	 17	 16	 31	 18	 41	 10	 42	 20	 49	 10	 12	 25	 25	  4
 16	 51	 19	 32	 38	 47	 31	 29	  9	 48	 32	 26	 23	 17	 48	 33	 35
 17	 41	 46	 35	 24	 48	 10	 41	 34	 47	 10	 46	 45	 29	 42	 46	 50	 39
 18	 22	 38	 20	  6	 30	 16	 27	 39	 28	 24	 35	 34	 23	 23	 32	 36	 39	 19
 19	 35	 18	 17	 22	 34	 20	 18	 19	 34	 25	 20	 18	  2	 33	 23	 26	 16	 29	 24
 20	 23	 23	  8	 12	 24	 20	 13	 31	 24	 28	 20	 19	 11	 22	 19	 22	 28	 28	 15	 12
 21	 33	  8	 16	 29	 25	 36	  8	 32	 27	 42	  2	  2	 17	 30	  9	 10	 25	 45	 34	 18	 19
 22	 34	 36	 25	 17	 40	  2	 30	 28	 39	 12	 36	 34	 19	 35	 36	 40	 31	 11	 14	 19	 18	 35
 23	 17	 41	 21	  7	 27	 22	 28	 45	 25	 30	 37	 37	 28	 19	 32	 36	 45	 25	  7	 29	 18	 36	 20
 24	 41	 46	 35	 25	 49	 10	 41	 34	 47	  8	 46	 45	 29	 43	 46	 50	 38	  2	 20	 29	 28	 45	 11	 26
 25	 35	 22	 19	 21	 35	 16	 20	 19	 35	 21	 23	 21	  5	 34	 26	 29	 18	 25	 22	  4	 13	 22	 15	 27	 25
 26	 27	 14	 11	 26	 19	 35	  4	 36	 21	 42	  7	  8	 19	 24	  4	  7	 30	 44	 30	 20	 16	  7	 33	 31	 44	 23
 27	 10	 31	 10	 13	 12	 30	 16	 44	 11	 39	 25	 26	 25	  8	 18	 21	 41	 36	 18	 26	 14	 24	 28	 16	 37	 26	 18
 28	 42	  3	 23	 35	 35	 37	 18	 25	 37	 41	 11	  9	 17	 39	 19	 20	 17	 46	 39	 17	 24	 11	 36	 42	 45	 21	 17	 33
 29	 29	 27	 16	 13	 31	 12	 20	 26	 31	 20	 26	 25	 11	 28	 26	 30	 26	 21	 14	 11	  8	 24	 11	 19	 21	  9	 23	 21	 27
 30	 31	 27	 18	 15	 34	 10	 23	 24	 34	 18	 27	 26	 11	 31	 28	 32	 25	 19	 15	 11	 11	 26	  9	 21	 19	  8	 25	 24	 27	  3
 31	 38	 39	 29	 21	 44	  3	 34	 28	 43	  8	 39	 38	 22	 38	 40	 43	 32	  8	 17	 22	 22	 38	  4	 23	  8	 18	 37	 32	 38	 14	 12
 32	 53	 19	 34	 41	 49	 34	 31	 11	 50	 35	 27	 24	 20	 50	 34	 36	  3	 42	 42	 19	 31	 26	 34	 47	 41	 21	 31	 43	 17	 29	 28	 35
 33	  9	 46	 25	 17	 23	 34	 32	 55	 20	 43	 40	 41	 37	 14	 34	 37	 54	 37	 19	 38	 26	 40	 32	 13	 38	 37	 34	 16	 48	 30	 32	 35	 56
 34	  5	 36	 16	 17	 10	 35	 21	 51	  7	 44	 29	 30	 31	  2	 22	 24	 47	 41	 22	 32	 20	 29	 33	 18	 42	 32	 23	  7	 38	 27	 30	 37	 49	 14
 35	 37	 43	 32	 21	 45	  7	 37	 33	 44	 10	 43	 42	 26	 39	 43	 47	 38	  4	 16	 26	 25	 42	  8	 22	  4	 22	 40	 33	 43	 18	 16	  6	 40	 34	 38
 36	 29	 15	 15	 29	 19	 39	  8	 40	 21	 47	  8	 10	 23	 25	  3	  3	 33	 48	 34	 24	 21	  8	 38	 35	 48	 27	  5	 21	 18	 28	 30	 41	 33	 36	 24	 45
 37	 31	 30	 19	 14	 35	  8	 24	 26	 34	 16	 30	 28	 13	 31	 30	 34	 28	 17	 13	 14	 12	 28	  7	 19	 17	 10	 27	 24	 30	  5	  3	 10	 30	 30	 29	 14	 32
 38	 43	 11	 24	 33	 39	 30	 21	 17	 40	 33	 17	 15	 12	 41	 24	 26	  9	 39	 35	 11	 22	 16	 29	 39	 38	 15	 21	 33	 10	 22	 22	 31	 10	 47	 39	 36	 24	 24
 39	 23	 22	  7	 13	 23	 21	 12	 31	 23	 29	 19	 18	 12	 21	 17	 21	 28	 29	 17	 13	  2	 18	 19	 19	 30	 13	 15	 14	 23	 10	 12	 23	 30	 26	 20	 26	 19	 13	 21
 40	 17	 41	 21	  7	 27	 22	 28	 45	 25	 30	 37	 37	 28	 20	 33	 36	 44	 24	  7	 29	 18	 36	 20	  1	 25	 27	 31	 16	 42	 19	 21	 23	 47	 13	 19	 21	 35	 19	 39	 19
 41	 27	 24	 19	 33	 15	 46	 15	 48	 17	 54	 16	 18	 31	 23	  9	  7	 41	 54	 38	 32	 26	 17	 44	 37	 54	 35	 13	 22	 26	 34	 36	 48	 42	 36	 23	 50	  9	 38	 33	 25	 37
 42	 28	 21	 18	 32	 16	 44	 13	 46	 18	 52	 14	 16	 29	 24	  7	  5	 39	 52	 37	 30	 25	 14	 43	 37	 53	 33	 11	 22	 24	 33	 35	 46	 40	 36	 23	 49	  7	 37	 30	 24	 37	  3
 43	 37	 46	 33	 21	 45	 11	 39	 38	 44	 14	 46	 44	 30	 38	 45	 48	 42	  6	 16	 30	 27	 44	 11	 20	  7	 26	 42	 33	 46	 20	 19	 10	 44	 32	 37	  5	 47	 17	 40	 28	 20	 52	 51
 44	 14	 27	  8	 17	 10	 33	 12	 43	 10	 41	 20	 21	 24	 11	 13	 16	 39	 40	 22	 25	 15	 20	 31	 21	 40	 26	 14	  6	 29	 22	 25	 35	 41	 21	  9	 36	 16	 25	 31	 14	 21	 17	 16	 37
 45	 27	 16	 13	 27	 18	 37	  6	 39	 20	 45	  8	 10	 21	 24	  2	  4	 32	 46	 32	 22	 19	  8	 36	 33	 46	 25	  3	 19	 18	 26	 28	 40	 33	 35	 23	 43	  2	 30	 23	 17	 33	 10	  8	 45	 14
 46	 40	 28	 25	 24	 41	 12	 27	 17	 41	 15	 30	 28	 12	 39	 33	 36	 19	 20	 23	 11	 18	 29	 12	 29	 20	  8	 30	 32	 27	 12	  9	 13	 22	 40	 38	 19	 34	 11	 19	 19	 29	 42	 40	 23	 32	 32
 47	 38	 40	 30	 20	 44	  4	 35	 30	 43	  8	 40	 39	 23	 38	 41	 44	 34	  6	 16	 23	 22	 39	  5	 22	  6	 19	 38	 32	 40	 15	 13	  2	 37	 35	 37	  4	 42	 11	 33	 24	 22	 48	 47	  8	 35	 40	 15
 48	 45	 21	 28	 31	 44	 23	 27	  9	 44	 24	 26	 24	 12	 44	 32	 34	  9	 31	 32	 11	 23	 25	 23	 37	 30	 11	 29	 36	 20	 19	 17	 24	 12	 48	 42	 29	 32	 20	 11	 23	 37	 41	 38	 33	 35	 31	 11	 25
 49	 36	 32	 24	 19	 39	  6	 28	 23	 39	 12	 32	 31	 15	 35	 34	 37	 26	 15	 17	 14	 16	 31	  6	 23	 15	 11	 31	 28	 31	  9	  6	  8	 29	 35	 34	 13	 35	  5	 24	 18	 23	 42	 40	 16	 30	 33	  7	  9	 18
 50	 25	 40	 23	  9	 33	 14	 30	 39	 32	 22	 37	 37	 24	 27	 35	 38	 40	 16	  4	 25	 18	 36	 12	  9	 17	 22	 33	 22	 40	 14	 15	 15	 43	 21	 25	 13	 37	 13	 36	 19	  9	 41	 40	 12	 26	 35	 23	 14	 32	 16
