nVehicles:   18
nDepots:      1
nCustomers: 100
nPeriods:     6
VEHICLE_TYPE	FLEET_SIZE	CAPACITY
           4	        18	      38	
DEPOT   	X  	Y  	INV_COST	INITIAL_INV 	MIN_LEVEL_INV 	MAX_LEVEL_INV	PRODUCTION_0	PRODUCTION_1	PRODUCTION_2	PRODUCTION_3	PRODUCTION_4	PRODUCTION_5
       0	227	383	       0	        825	            0	         4036	         679	         679	         679	         679	         679	         679	
CUSTOMER	X  	Y  	INV_COST	INITIAL_INV	MIN_LEVEL_INV 	MAX_LEVEL_INV	DEMAND_0	DEMAND_1	DEMAND_2	DEMAND_3	DEMAND_4	DEMAND_5
       1	215	 18	    0.04	         10	            0	           33	       8	       4	       4	       6	       8	       6
       2	468	 50	     0.2	          3	            0	           11	       9	       5	       6	       7	       8	       9
       3	 34	 95	     0.3	         12	            0	           12	      11	       7	       6	       8	       9	      10
       4	404	 40	    0.02	          3	            0	           38	       8	       5	       5	       7	       8	      10
       5	130	240	       0	          5	            0	           36	      10	       8	       5	       7	       8	      10
       6	359	295	    0.08	         11	            0	           41	       8	       6	       6	       5	       8	      11
       7	410	302	    0.15	         11	            0	           27	       7	       6	       4	       4	       7	       6
       8	 32	226	    0.23	          9	            0	           12	       6	       3	       4	       3	       5	       5
       9	299	 36	    0.15	         13	            0	           28	       8	       6	       5	       7	       8	       7
      10	 48	  8	       0	         14	            0	           29	       8	       6	       6	       6	       8	       8
      11	402	453	    0.26	          1	            0	           38	       8	       9	       6	       7	       8	       9
      12	271	205	    0.29	          5	            0	            7	       5	       4	       4	       4	       5	       6
      13	268	456	    0.06	          8	            0	           50	      10	       7	       7	       6	      10	      12
      14	174	 45	    0.24	          1	            0	            9	       7	       5	       4	       5	       7	       9
      15	481	272	    0.18	          9	            0	           28	       5	       4	       4	       5	       5	       7
      16	  7	463	    0.13	         11	            0	           21	       9	       9	       5	       5	       9	       9
      17	324	484	    0.17	          5	            0	            7	       5	       4	       4	       4	       5	       5
      18	 90	 22	    0.06	          4	            0	           24	       5	       3	       3	       4	       6	       6
      19	  4	229	    0.24	          8	            0	            8	       6	       3	       3	       4	       5	       5
      20	265	208	    0.02	          7	            0	           24	       7	       5	       4	       5	       7	       8
      21	194	 38	    0.14	         20	            0	           34	      12	       9	       6	       9	      11	      11
      22	 70	170	    0.07	          7	            0	           13	      11	       7	       7	      10	      10	      11
      23	259	184	    0.08	          1	            0	           11	       7	       6	       4	       5	       8	       8
      24	220	185	    0.18	          9	            0	           34	       9	       7	       5	       6	       8	       8
      25	 23	401	    0.02	          6	            0	           33	       7	       5	       5	       5	       6	       8
      26	452	226	    0.25	         12	            0	           40	       9	       5	       5	       6	       9	      10
      27	119	 65	    0.14	          8	            0	           15	       6	       5	       4	       6	       8	       7
      28	372	163	    0.16	          2	            0	           42	       8	       7	       6	       5	       7	       9
      29	304	 51	    0.15	          3	            0	           24	       4	       3	       4	       6	       6	       5
      30	134	404	    0.23	          9	            0	           17	       6	       6	       4	       8	      10	       8
      31	247	290	    0.02	         18	            0	           45	      10	       9	       6	       7	      12	      10
      32	378	225	       0	          5	            0	           38	       7	       6	       6	       6	      10	      11
      33	240	281	    0.18	          8	            0	           19	       5	       4	       5	       6	       6	       6
      34	 50	283	    0.26	          2	            0	           26	       5	       3	       4	       4	       6	       6
      35	 93	143	    0.23	          8	            0	           22	       8	       4	       5	       7	      10	       7
      36	351	190	    0.19	          5	            0	            6	       6	       4	       3	       3	       5	       5
      37	337	 64	    0.02	          4	            0	           25	       5	       4	       4	       4	       6	       6
      38	311	 66	     0.1	         10	            0	           18	       7	       7	       6	       6	       5	       8
      39	161	 59	    0.22	          1	            0	           19	       8	       6	       7	       6	       8	      11
      40	224	472	    0.15	         13	            0	           13	      10	       9	       6	      10	      12	      12
      41	121	348	    0.27	         10	            0	           18	       5	       5	       4	       4	       5	       7
      42	201	376	    0.14	          9	            0	            9	       6	       6	       4	       4	       5	       7
      43	  1	128	    0.17	          5	            0	           39	       8	       5	       5	       8	      11	       9
      44	 60	460	    0.13	          1	            0	           18	       8	       6	       5	       6	       8	       8
      45	435	 35	    0.29	         12	            0	           12	      10	       6	       6	       8	       9	       9
      46	260	214	    0.16	          1	            0	           18	       4	       4	       3	       4	       5	       6
      47	329	192	    0.27	          1	            0	           29	       7	       4	       4	       5	       6	       6
      48	 76	342	    0.12	         10	            0	           26	       9	       6	       5	       8	       9	       8
      49	215	223	    0.06	         15	            0	           16	       9	       8	       6	       9	      13	      13
      50	 54	211	    0.05	          2	            0	           12	       8	       5	       4	       5	       5	       8
      51	457	463	    0.24	         16	            0	           39	      11	       8	       6	      12	      13	      10
      52	 28	238	     0.1	         12	            0	           49	       9	       6	       8	       9	      11	       9
      53	 25	399	    0.07	          9	            0	            9	       6	       6	       5	       8	       9	       7
      54	279	320	    0.26	          6	            0	           24	       6	       6	       4	       7	       9	       7
      55	445	155	    0.29	          2	            0	           11	       6	       4	       4	       4	       5	       6
      56	266	408	    0.27	          1	            0	           30	       5	       5	       4	       6	       8	       7
      57	116	372	    0.04	          9	            0	           29	      11	      10	       6	       7	       9	      11
      58	323	309	     0.3	          3	            0	            7	       4	       4	       3	       5	       5	       6
      59	 80	273	    0.03	          1	            0	           41	      10	       8	       7	       9	      10	      10
      60	343	158	    0.11	         11	            0	           39	       7	       6	       5	       6	       7	       8
      61	176	119	    0.07	          1	            0	           31	       7	       5	       3	       4	       6	       6
      62	325	412	    0.09	         10	            0	           27	       6	       4	       4	       6	       7	       5
      63	379	480	    0.07	          2	            0	           33	       7	       6	       5	       7	       8	      10
      64	 87	493	    0.21	          6	            0	           16	       6	       5	       4	       5	       7	       6
      65	 99	183	    0.19	         18	            0	           29	      11	       8	       7	       8	      13	      12
      66	450	126	    0.21	          2	            0	           17	       5	       4	       4	       5	       5	       5
      67	 14	 53	    0.17	          9	            0	           10	       6	       3	       4	       4	       6	       6
      68	367	426	    0.29	          6	            0	           35	       9	       6	       8	      10	      11	       9
      69	 28	 12	    0.28	         14	            0	           38	      10	       6	       8	      11	      12	       9
      70	 60	372	       0	          9	            0	           32	       6	       4	       5	       6	       6	       6
      71	229	124	    0.27	          3	            0	           32	       8	       5	       4	       6	       8	       7
      72	365	498	    0.23	          6	            0	           16	       5	       3	       4	       4	       5	       5
      73	 98	259	     0.2	          8	            0	           18	       9	       7	       6	       6	       8	       9
      74	 23	228	    0.27	          1	            0	           12	       8	       6	       6	       7	       9	       8
      75	 30	162	    0.07	         11	            0	           47	      12	       7	       8	       9	      10	      11
      76	384	482	    0.24	          7	            0	           36	      10	       6	       6	       7	       9	      11
      77	439	317	    0.19	          3	            0	           33	       7	       6	       4	       5	       7	       8
      78	219	 40	    0.25	          1	            0	           14	       4	       4	       3	       5	       6	       5
      79	463	387	    0.17	         10	            0	           20	       6	       5	       5	       6	       7	       7
      80	101	 30	    0.04	          6	            0	           18	      10	       7	       7	       8	      12	       7
      81	473	 21	    0.26	          1	            0	           24	       5	       3	       4	       4	       5	       6
      82	 36	 12	    0.28	          6	            0	           23	       8	       8	       6	       6	       9	      11
      83	104	 74	    0.23	          5	            0	           33	       7	       6	       5	       6	       8	       9
      84	353	398	     0.1	          5	            0	           21	       9	       9	       6	       7	      10	      11
      85	206	213	    0.04	         10	            0	           11	       6	       5	       5	       6	       7	       9
      86	249	 85	    0.19	          3	            0	           43	      11	       7	       7	       9	      12	       9
      87	184	400	    0.12	          3	            0	           22	       9	       6	       5	       7	       9	      10
      88	222	 22	    0.26	          5	            0	           13	       5	       4	       3	       3	       3	       6
      89	359	 72	    0.02	         12	            0	           36	       9	       7	       7	      12	      14	      10
      90	304	191	    0.18	          2	            0	           17	       6	       3	       3	       4	       5	       5
      91	186	141	    0.24	         15	            0	           51	       9	       6	       6	      11	      11	      11
      92	475	195	    0.25	         10	            0	           20	       8	       5	       5	       8	       8	       9
      93	277	485	    0.07	          6	            0	           25	       6	       4	       4	       6	       8	       5
      94	 91	189	    0.23	          9	            0	           47	      12	       8	       7	      10	      13	      14
      95	 17	260	    0.02	          6	            0	           32	       9	       7	       5	       7	      11	       9
      96	413	408	    0.22	          9	            0	           21	      10	       6	       8	      10	      14	      13
      97	315	224	    0.26	          3	            0	           24	       5	       3	       4	       4	       4	       6
      98	459	445	    0.14	          8	            0	           14	       5	       4	       3	       4	       5	       6
      99	379	465	    0.12	          3	            0	            9	       6	       5	       5	       5	       7	       7
     100	276	136	    0.18	         11	            0	           24	       9	       5	       6	       7	       8	       9
COST_MATRIX 
	  0	  1	  2	  3	  4	  5	  6	  7	  8	  9	 10	 11	 12	 13	 14	 15	 16	 17	 18	 19	 20	 21	 22	 23	 24	 25	 26	 27	 28	 29	 30	 31	 32	 33	 34	 35	 36	 37	 38	 39	 40	 41	 42	 43	 44	 45	 46	 47	 48	 49	 50	 51	 52	 53	 54	 55	 56	 57	 58	 59	 60	 61	 62	 63	 64	 65	 66	 67	 68	 69	 70	 71	 72	 73	 74	 75	 76	 77	 78	 79	 80	 81	 82	 83	 84	 85	 86	 87	 88	 89	 90	 91	 92	 93	 94	 95	 96	 97	 98	 99	100
  0
  1	 37
  2	 42	 26
  3	 35	 20	 44
  4	 39	 20	  7	 38
  5	 18	 24	 39	 18	 34
  6	 16	 32	 27	 39	 26	 24
  7	 21	 35	 26	 43	 27	 29	  6
  8	 26	 28	 48	 14	 42	 10	 34	 39
  9	 36	  9	 17	 28	 11	 27	 27	 29	 33
 10	 42	 17	 43	  9	 36	 25	 43	 47	 22	 26
 11	 19	 48	 41	 52	 42	 35	 17	 16	 44	 43	 57
 12	 19	 20	 26	 27	 22	 15	 13	 17	 24	 18	 30	 29
 13	  9	 45	 46	 44	 44	 26	 19	 21	 33	 43	 50	 14	 26
 14	 35	  5	 30	 15	 24	 20	 32	 35	 24	 13	 14	 47	 19	 43
 15	 28	 37	 23	 49	 25	 36	 13	  8	 46	 30	 51	 20	 23	 29	 39
 16	 24	 50	 62	 37	 59	 26	 40	 44	 24	 52	 46	 40	 37	 27	 46	 52
 17	 15	 48	 46	 49	 46	 32	 20	 21	 39	 45	 56	  9	 29	  7	 47	 27	 32
 18	 39	 13	 38	 10	 32	 23	 39	 43	 22	 21	  5	 54	 26	 47	  9	 47	 45	 52
 19	 28	 30	 50	 14	 45	 13	 37	 42	  3	 36	 23	 46	 27	 35	 26	 48	 24	 41	 23
 20	 18	 20	 26	 26	 22	 14	 13	 18	 24	 18	 30	 29	  1	 25	 19	 23	 37	 29	 26	 27
 21	 35	  3	 28	 17	 22	 22	 31	 35	 25	 11	 15	 47	 19	 43	  3	 38	 47	 47	 11	 27	 19
 22	 27	 22	 42	  9	 36	 10	 32	 37	  7	 27	 17	 44	 21	 35	 17	 43	 30	 41	 15	  9	 20	 19
 23	 21	 18	 25	 25	 21	 15	 15	 20	 24	 16	 28	 31	  3	 28	 17	 24	 38	 31	 24	 26	  3	 16	 19
 24	 20	 17	 29	 21	 24	 11	 18	 23	 20	 17	 25	 33	  6	 28	 15	 28	 36	 32	 21	 23	  6	 15	 16	  4
 25	 21	 43	 57	 31	 53	 20	 36	 40	 18	 46	 40	 39	 32	 26	 39	 48	  7	 32	 39	 18	 31	 41	 24	 33	 30
 26	 28	 32	 18	 44	 20	 33	 12	  9	 43	 25	 46	 24	 19	 30	 34	  6	 51	 29	 42	 45	 19	 32	 39	 20	 24	 47
 27	 34	 11	 35	 10	 29	 18	 34	 38	 19	 19	 10	 49	 21	 42	  6	 42	 42	 47	  6	 21	 21	  8	 12	 19	 16	 35	 37
 28	 27	 22	 15	 35	 13	 26	 14	 15	 35	 15	 36	 30	 11	 32	 24	 16	 48	 33	 32	 38	 12	 22	 31	 12	 16	 43	 11	 28
 29	 35	 10	 17	 28	 11	 26	 26	 28	 33	  2	 26	 42	 16	 41	 14	 29	 51	 44	 22	 35	 17	 12	 27	 15	 16	 45	 23	 19	 14
 30	 10	 40	 49	 33	 46	 17	 26	 30	 21	 41	 41	 28	 25	 15	 37	 38	 15	 21	 39	 22	 24	 38	 25	 26	 24	 12	 37	 34	 34	 40
 31	 10	 28	 33	 29	 30	 13	 12	 17	 23	 26	 35	 23	  9	 17	 26	 24	 30	 21	 32	 26	  9	 26	 22	 11	 11	 25	 22	 26	 18	 25	 17
 32	 22	 27	 20	 37	 19	 25	  8	  9	 35	 21	 40	 23	 11	 26	 28	 12	 45	 27	 36	 38	 12	 27	 32	 13	 17	 40	  8	 31	  7	 19	 31	 15
 33	 11	 27	 33	 28	 30	 12	 12	 18	 22	 26	 34	 24	  9	 18	 25	 25	 30	 22	 30	 25	  8	 25	 21	 10	 10	 25	 22	 25	 18	 24	 17	  2	 15
 34	 21	 32	 48	 19	 43	 10	 31	 37	  6	 36	 28	 40	 24	 28	 27	 44	 19	 34	 27	  8	 23	 29	 12	 24	 20	 13	 41	 23	 35	 35	 15	 20	 34	 20
 35	 28	 18	 39	  8	 33	 11	 31	 36	 11	 24	 15	 44	 19	 36	 13	 41	 34	 42	 13	 13	 19	 15	  4	 18	 14	 27	 37	  9	 28	 24	 27	 22	 30	 21	 15
 36	 23	 22	 19	 34	 16	 23	 11	 13	 33	 17	 36	 27	  9	 28	 23	 16	 44	 30	 32	 35	  9	 22	 29	 10	 14	 40	 11	 27	  4	 15	 31	 15	  5	 15	 32	 27
 37	 34	 14	 14	 31	  8	 28	 24	 25	 35	  5	 30	 40	 16	 40	 17	 26	 52	 43	 26	 38	 17	 15	 29	 15	 17	 47	 20	 22	 11	  4	 40	 25	 17	 24	 37	 26	 13
 38	 33	 11	 16	 28	 10	 26	 24	 26	 33	  4	 27	 40	 15	 40	 14	 27	 51	 42	 23	 35	 15	 13	 27	 13	 15	 45	 22	 20	 12	  2	 39	 24	 18	 23	 34	 24	 14	  3
 39	 34	  7	 31	 14	 25	 19	 31	 35	 22	 14	 13	 47	 19	 42	  2	 39	 44	 46	  9	 24	 19	  4	 15	 16	 14	 37	 34	  5	 24	 15	 35	 25	 28	 24	 25	 11	 24	 18	 16
 40	  9	 46	 49	 43	 47	 26	 23	 26	 32	 45	 50	 18	 28	  5	 43	 33	 22	 11	 47	 33	 27	 44	 34	 30	 29	 22	 34	 43	 35	 43	 12	 19	 30	 20	 26	 36	 31	 43	 42	 42
 41	 12	 35	 46	 27	 42	 11	 25	 30	 16	 36	 35	 30	 21	 19	 31	 37	 17	 25	 33	 17	 21	 32	 19	 22	 20	 12	 36	 29	 32	 35	  6	 14	 29	 14	 10	 21	 28	 36	 35	 30	 17
 42	  3	 36	 43	 33	 40	 16	 18	 23	 23	 36	 40	 22	 19	 11	 34	 30	 22	 17	 38	 25	 18	 34	 25	 21	 20	 18	 30	 33	 28	 35	  8	 10	 24	 11	 18	 26	 24	 35	 33	 32	 10	  9
 43	 35	 25	 48	  5	 42	 18	 40	 45	 11	 32	 13	 52	 29	 43	 20	 51	 34	 49	 14	 11	 28	 22	  9	 27	 23	 28	 47	 14	 38	 32	 31	 30	 39	 29	 17	 10	 36	 35	 32	 18	 41	 26	 32
 44	 19	 47	 58	 37	 55	 24	 35	 39	 24	 49	 46	 35	 34	 21	 44	 47	  6	 27	 44	 24	 33	 45	 30	 35	 32	  7	 46	 40	 44	 48	 10	 26	 40	 26	 18	 32	 40	 49	 47	 42	 17	 13	 17	 34
 45	 41	 23	  4	 41	  4	 37	 28	 27	 45	 14	 39	 42	 24	 46	 27	 25	 61	 47	 35	 48	 25	 25	 39	 24	 27	 56	 20	 32	 15	 14	 48	 32	 20	 32	 46	 36	 18	 11	 13	 28	 49	 45	 42	 45	 57
 46	 18	 21	 27	 26	 23	 14	 13	 18	 23	 19	 30	 28	  2	 25	 19	 23	 36	 28	 26	 26	  1	 19	 20	  4	  5	 31	 20	 21	 13	 17	 23	  8	 12	  7	 23	 19	 10	 17	 16	 19	 27	 20	 18	 28	 32	 26
 47	 22	 21	 20	 32	 17	 21	 11	 14	 30	 16	 34	 28	  6	 28	 22	 18	 43	 30	 30	 33	  7	 21	 26	  8	 11	 38	 13	 25	  6	 15	 29	 13	  6	 13	 30	 25	  3	 13	 13	 22	 30	 27	 23	 34	 38	 19	  8
 48	 16	 36	 49	 26	 45	 12	 29	 34	 13	 38	 34	 35	 24	 23	 32	 42	 14	 29	 33	 14	 24	 33	 18	 25	 22	  8	 40	 29	 35	 37	  9	 18	 33	 18	  7	 20	 32	 39	 37	 30	 20	  5	 13	 23	 12	 48	 23	 30
 49	 17	 21	 31	 23	 27	  9	 17	 22	 19	 21	 28	 30	  6	 24	 19	 28	 32	 29	 24	 22	  6	 19	 16	  6	  4	 27	 24	 19	 17	 20	 20	  8	 17	  7	 18	 15	 14	 21	 19	 18	 25	 16	 16	 24	 29	 29	  5	 12	 19
 50	 25	 26	 45	 12	 39	  9	 32	 37	  3	 31	 21	 43	 22	 33	 21	 44	 26	 39	 20	  6	 22	 23	  5	 21	 17	 20	 40	 16	 33	 30	 21	 21	 33	 20	  8	  8	 30	 32	 30	 19	 32	 16	 23	 10	 25	 42	 21	 28	 14	 17
 51	 25	 51	 42	 57	 43	 40	 20	 17	 49	 46	 62	  6	 32	 19	 51	 20	 46	 14	 58	 51	 32	 50	 49	 35	 37	 44	 24	 53	 32	 44	 33	 28	 26	 29	 45	 49	 30	 42	 43	 51	 24	 36	 28	 57	 40	 43	 32	 30	 40	 35	 48
 52	 25	 29	 48	 15	 43	 11	 34	 39	  2	 34	 24	 44	 25	 33	 25	 46	 23	 39	 23	  3	 24	 26	  8	 24	 20	 17	 43	 20	 36	 34	 20	 23	 36	 22	  6	 12	 33	 36	 34	 23	 31	 15	 23	 12	 23	 46	 24	 31	 12	 19	  4	 49
 53	 21	 43	 57	 31	 53	 20	 35	 40	 18	 46	 40	 39	 32	 25	 39	 48	  7	 32	 39	 18	 31	 40	 24	 32	 29	  1	 47	 35	 42	 45	 11	 25	 40	 25	 12	 27	 39	 46	 44	 37	 22	 11	 18	 28	  8	 55	 30	 37	  8	 26	 20	 44	 17
 54	  9	 31	 33	 34	 31	 17	  9	 14	 27	 29	 39	 19	 12	 14	 30	 21	 31	 18	 36	 29	 12	 30	 26	 14	 15	 27	 20	 31	 19	 28	 17	  5	 14	  6	 24	 26	 15	 27	 26	 29	 17	 17	 10	 34	 26	 33	 11	 14	 21	 12	 26	 23	 27	 27
 55	 32	 27	 11	 42	 13	 33	 17	 16	 42	 19	 43	 31	 19	 35	 30	 13	 54	 36	 38	 45	 19	 28	 38	 19	 23	 49	  8	 34	  8	 18	 40	 24	 10	 25	 42	 36	 11	 15	 17	 30	 39	 38	 33	 45	 50	 13	 20	 13	 42	 24	 40	 31	 43	 49	 24
 56	  5	 40	 42	 39	 40	 22	 15	 18	 30	 38	 46	 15	 21	  5	 38	 26	 27	 10	 43	 32	 21	 38	 31	 23	 23	 25	 27	 38	 27	 36	 14	 12	 22	 13	 25	 32	 24	 36	 35	 37	  8	 16	  8	 39	 22	 41	 20	 23	 21	 20	 29	 20	 30	 25	  9	 31
 57	 12	 37	 48	 29	 44	 14	 26	 31	 17	 39	 38	 30	 23	 18	 34	 38	 15	 24	 36	 19	 23	 35	 21	 24	 22	 10	 37	 31	 34	 38	  4	 16	 31	 16	 12	 24	 30	 38	 37	 32	 15	  3	  9	 27	 11	 47	 22	 28	  6	 18	 18	 36	 17	 10	 18	 40	 16
 58	 13	 32	 30	 36	 29	 21	  4	  9	 31	 28	 41	 17	 12	 16	 31	 17	 36	 18	 37	 33	 12	 31	 29	 15	 17	 32	 16	 32	 16	 26	 22	  8	 11	  9	 28	 29	 13	 25	 25	 30	 20	 21	 14	 37	 31	 30	 12	 12	 25	 14	 29	 21	 31	 32	  5	 20	 12	 22
 59	 19	 29	 45	 19	 40	  6	 28	 34	  7	 33	 27	 37	 21	 27	 25	 41	 21	 33	 26	  9	 20	 27	 11	 20	 17	 15	 38	 22	 32	 32	 15	 17	 31	 17	  4	 14	 29	 34	 32	 23	 25	  9	 16	 17	 19	 43	 19	 27	  7	 15	  7	 43	  7	 14	 21	 39	 23	 11	 25
 60	 26	 19	 17	 32	 14	 23	 14	 16	 32	 13	 34	 31	  9	 31	 21	 18	 46	 33	 29	 35	 10	 20	 28	  9	 13	 41	 13	 25	  3	 12	 33	 17	  8	 17	 32	 26	  4	 10	 10	 21	 34	 30	 27	 35	 42	 16	 11	  4	 33	 15	 30	 33	 33	 40	 18	 11	 27	 32	 16	 29
 61	 27	 11	 31	 15	 25	 13	 26	 30	 18	 15	 17	 41	 13	 35	  8	 35	 39	 40	 13	 21	 13	  9	 12	 11	  8	 33	 30	  8	 21	 15	 29	 19	 23	 18	 21	  9	 19	 18	 15	  7	 36	 24	 26	 18	 37	 28	 13	 17	 25	 12	 16	 45	 19	 32	 23	 28	 31	 27	 25	 19	 18
 62	 11	 41	 39	 44	 39	 27	 13	 14	 35	 38	 49	  9	 22	  8	 40	 21	 33	  8	 46	 37	 22	 40	 36	 24	 26	 31	 23	 41	 26	 37	 20	 15	 20	 16	 31	 36	 23	 35	 35	 39	 12	 22	 13	 44	 27	 40	 21	 23	 26	 22	 34	 15	 35	 31	 11	 29	  6	 22	 11	 29	 26	 33
 63	 19	 50	 44	 52	 45	 35	 19	 19	 44	 46	 58	  4	 30	 12	 49	 24	 38	  6	 55	 46	 30	 48	 44	 32	 34	 37	 27	 49	 32	 44	 26	 24	 26	 25	 39	 45	 30	 42	 42	 48	 16	 29	 21	 52	 32	 45	 30	 30	 34	 31	 43	  8	 43	 37	 19	 34	 14	 29	 18	 37	 33	 42	  9
 64	 18	 50	 59	 41	 56	 26	 34	 38	 28	 51	 49	 32	 35	 19	 46	 46	  9	 24	 48	 28	 34	 47	 33	 36	 34	 12	 46	 43	 44	 50	 11	 26	 40	 27	 22	 36	 41	 50	 49	 45	 14	 15	 17	 38	  5	 58	 33	 39	 16	 30	 29	 38	 27	 12	 26	 50	 20	 13	 30	 23	 43	 39	 26	 30
 65	 24	 21	 40	 11	 34	  7	 29	 34	  8	 25	 19	 41	 18	 33	 16	 40	 30	 38	 17	 11	 17	 18	  4	 17	 13	 24	 36	 12	 28	 25	 23	 19	 29	 18	 12	  5	 26	 27	 25	 14	 32	 17	 22	 12	 28	 37	 17	 24	 17	 13	  6	 46	  9	 23	 23	 35	 29	 19	 26	 10	 25	 11	 33	 41	 32
 66	 35	 26	  8	 42	 10	 34	 20	 19	 43	 18	 42	 34	 20	 38	 29	 15	 56	 38	 38	 46	 21	 28	 39	 20	 24	 51	 11	 34	  9	 17	 43	 27	 13	 27	 43	 36	 12	 13	 16	 30	 42	 40	 36	 45	 52	 10	 21	 14	 44	 26	 41	 34	 44	 51	 26	  3	 34	 42	 23	 40	 12	 28	 32	 37	 52	 36
 67	 40	 21	 46	  5	 40	 23	 43	 47	 18	 29	  6	 56	 30	 48	 17	 52	 42	 54	  9	 18	 30	 19	 13	 28	 25	 35	 48	 11	 38	 30	 38	 34	 41	 33	 24	 12	 37	 33	 30	 15	 47	 32	 38	  8	 41	 43	 30	 35	 30	 27	 17	 61	 19	 35	 38	 45	 44	 34	 41	 23	 35	 18	 48	 57	 45	 16	 45
 68	 15	 44	 39	 47	 39	 31	 14	 14	 40	 40	 53	  5	 25	 11	 43	 20	 37	  8	 49	 42	 25	 43	 40	 27	 29	 35	 22	 44	 27	 39	 24	 19	 21	 20	 35	 40	 24	 37	 37	 43	 16	 26	 18	 48	 31	 40	 24	 24	 31	 26	 38	 10	 39	 35	 14	 29	 11	 26	 13	 33	 27	 37	  5	  6	 29	 37	 32	 52
 69	 43	 19	 45	  9	 38	 25	 44	 48	 22	 28	  3	 58	 32	 51	 15	 53	 46	 56	  7	 22	 31	 17	 17	 29	 26	 39	 48	 11	 38	 28	 41	 36	 41	 35	 28	 15	 37	 32	 29	 15	 51	 35	 41	 12	 45	 41	 31	 36	 34	 29	 21	 63	 23	 39	 40	 45	 47	 38	 42	 27	 35	 19	 50	 59	 49	 19	 44	  5	 54
 70	 17	 39	 52	 28	 48	 15	 31	 36	 15	 42	 37	 36	 27	 23	 35	 44	 11	 29	 36	 16	 27	 36	 21	 28	 25	  5	 42	 32	 38	 41	  9	 21	 36	 21	  9	 24	 35	 42	 40	 33	 20	  7	 15	 26	  9	 51	 26	 33	  4	 22	 17	 41	 14	  5	 23	 45	 21	  6	 28	 11	 36	 28	 27	 34	 13	 20	 47	 33	 32	 37
 71	 26	 11	 26	 20	 20	 16	 22	 26	 23	 12	 22	 38	 10	 34	 10	 30	 41	 38	 18	 25	 10	 10	 17	  7	  7	 35	 25	 13	 15	 11	 30	 17	 19	 16	 24	 14	 14	 13	 11	 10	 35	 25	 26	 23	 38	 23	 10	 13	 27	 10	 20	 41	 24	 35	 21	 22	 29	 28	 21	 22	 12	  6	 31	 39	 40	 15	 23	 23	 34	 24	 31
 72	 18	 51	 46	 53	 46	 35	 21	 21	 43	 47	 59	  6	 31	 11	 50	 26	 36	  5	 55	 46	 31	 50	 45	 34	 35	 36	 29	 50	 34	 46	 25	 24	 28	 26	 39	 45	 31	 44	 44	 49	 15	 29	 21	 52	 31	 47	 31	 31	 33	 32	 43	 10	 43	 36	 20	 36	 14	 28	 20	 37	 35	 43	 10	  3	 28	 42	 39	 57	  8	 60	 34	 40
 73	 18	 27	 43	 18	 38	  4	 27	 32	  8	 31	 26	 37	 19	 27	 23	 39	 23	 32	 24	 10	 18	 25	 10	 18	 15	 17	 36	 20	 30	 30	 15	 16	 29	 15	  6	 12	 27	 31	 29	 21	 25	 10	 16	 17	 21	 41	 17	 25	  9	 13	  7	 42	  8	 16	 20	 37	 23	 12	 24	  3	 27	 17	 28	 36	 24	  8	 38	 23	 32	 26	 12	 19	 36
 74	 26	 29	 48	 14	 43	 11	 35	 40	  1	 34	 23	 45	 25	 34	 24	 47	 24	 40	 22	  2	 25	 26	  8	 25	 21	 18	 43	 19	 36	 34	 21	 24	 36	 23	  7	 12	 34	 36	 34	 22	 32	 16	 24	 11	 24	 46	 24	 31	 13	 20	  4	 50	  2	 18	 28	 43	 31	 18	 32	  8	 33	 19	 36	 44	 28	  9	 44	 18	 40	 22	 15	 24	 44	  9
 75	 30	 24	 46	  7	 40	 13	 36	 41	  7	 30	 16	 48	 25	 38	 19	 47	 31	 44	 16	  8	 24	 21	  5	 24	 20	 24	 43	 14	 35	 30	 27	 26	 36	 25	 13	  7	 33	 33	 30	 17	 37	 21	 28	  5	 30	 43	 24	 31	 19	 20	  6	 53	  8	 24	 30	 42	 35	 23	 33	 13	 32	 16	 39	 48	 34	  8	 43	 12	 43	 16	 22	 21	 48	 12	  7
 76	 19	 50	 45	 53	 45	 36	 19	 19	 44	 46	 59	  4	 30	 12	 49	 24	 38	  7	 55	 46	 30	 49	 45	 33	 34	 37	 27	 50	 32	 44	 27	 24	 26	 25	 39	 45	 30	 43	 43	 48	 17	 30	 22	 53	 33	 45	 30	 30	 34	 31	 43	  8	 44	 37	 20	 34	 14	 29	 19	 37	 33	 42	 10	  1	 30	 42	 37	 57	  6	 59	 35	 40	  3	 37	 45	 48
 77	 23	 38	 27	 47	 28	 32	  9	  4	 42	 32	 50	 15	 21	 23	 38	  7	 46	 21	 46	 45	 21	 38	 40	 23	 26	 43	 10	 41	 17	 30	 32	 20	 12	 21	 40	 39	 16	 28	 29	 38	 27	 32	 25	 48	 41	 29	 21	 17	 37	 25	 40	 15	 42	 43	 17	 17	 20	 33	 12	 37	 19	 33	 15	 18	 40	 37	 20	 51	 14	 52	 39	 29	 20	 35	 43	 44	 18
 78	 35	  3	 25	 20	 19	 22	 30	 33	 27	  9	 18	 46	 18	 42	  5	 35	 48	 46	 14	 29	 18	  3	 20	 15	 15	 42	 30	 11	 20	  9	 38	 26	 25	 25	 30	 17	 20	 13	 10	  7	 44	 33	 34	 24	 45	 22	 18	 19	 34	 19	 24	 49	 28	 41	 29	 26	 38	 35	 29	 28	 18	  9	 39	 47	 48	 19	 25	 21	 42	 20	 37	  9	 49	 26	 28	 23	 48	 36
 79	 24	 45	 34	 52	 36	 37	 14	 11	 47	 39	 57	  9	 27	 21	 45	 12	 47	 17	 53	 49	 27	 45	 45	 29	 32	 45	 17	 48	 25	 38	 33	 24	 19	 25	 43	 45	 23	 35	 36	 45	 26	 35	 27	 53	 41	 36	 27	 24	 39	 30	 45	  8	 46	 44	 20	 24	 20	 35	 17	 40	 26	 40	 15	 13	 40	 42	 27	 56	 11	 58	 41	 36	 15	 39	 47	 49	 13	  8	 43
 80	 38	 12	 37	 10	 31	 22	 37	 42	 21	 20	  6	 52	 25	 46	  8	 46	 45	 51	  2	 23	 25	 10	 15	 23	 20	 38	 41	  4	 31	 21	 38	 30	 34	 29	 26	 12	 30	 24	 22	  7	 46	 32	 37	 15	 44	 34	 25	 28	 32	 23	 19	 57	 23	 38	 35	 37	 42	 35	 36	 25	 28	 12	 45	 53	 47	 16	 37	  9	 48	  8	 35	 16	 54	 23	 22	 15	 54	 45	 12	 51
 81	 44	 26	  3	 45	  8	 41	 30	 29	 49	 18	 43	 44	 28	 49	 30	 26	 65	 49	 39	 52	 28	 28	 43	 27	 31	 59	 21	 36	 18	 18	 52	 36	 23	 35	 50	 40	 21	 15	 17	 32	 52	 49	 45	 49	 61	  5	 29	 23	 52	 33	 47	 45	 50	 59	 36	 14	 44	 51	 33	 47	 19	 32	 42	 47	 61	 41	 11	 47	 42	 45	 55	 27	 49	 45	 50	 47	 47	 30	 26	 37	 38
 82	 42	 18	 44	  9	 37	 25	 43	 48	 22	 27	  2	 58	 31	 51	 15	 52	 46	 56	  6	 22	 31	 17	 17	 29	 26	 39	 47	 10	 37	 28	 41	 35	 41	 34	 28	 15	 37	 31	 29	 14	 50	 35	 40	 13	 45	 40	 31	 35	 34	 28	 20	 62	 23	 39	 40	 44	 46	 37	 42	 27	 34	 18	 50	 59	 49	 19	 43	  5	 54	  1	 37	 23	 59	 26	 22	 16	 59	 51	 19	 57	  7	 44
 83	 34	 13	 37	  8	 31	 17	 34	 39	 17	 20	  9	 49	 22	 42	  8	 43	 41	 47	  6	 19	 21	 10	 11	 20	 17	 34	 38	  2	 29	 21	 34	 26	 32	 25	 22	  7	 28	 24	 21	  6	 42	 28	 32	 12	 39	 34	 21	 26	 27	 19	 15	 53	 19	 34	 31	 36	 38	 30	 33	 21	 26	  9	 41	 50	 42	 11	 35	 10	 44	 10	 31	 14	 50	 19	 18	 12	 50	 42	 12	 48	  5	 38	 10
 84	 13	 41	 37	 44	 37	 28	 11	 12	 37	 37	 50	  8	 21	 11	 40	 18	 36	 10	 46	 39	 21	 40	 37	 24	 26	 34	 20	 41	 24	 36	 22	 16	 18	 17	 33	 37	 21	 34	 34	 39	 15	 24	 16	 45	 30	 38	 21	 21	 29	 23	 36	 13	 37	 33	 11	 26	  9	 24	 10	 31	 25	 34	  4	  9	 29	 34	 29	 49	  4	 51	 30	 31	 11	 30	 38	 41	  9	 12	 39	 12	 45	 40	 50	 41
 85	 18	 20	 31	 21	 27	  9	 18	 23	 18	 20	 26	 31	  7	 26	 18	 29	 32	 30	 23	 21	  6	 18	 15	  7	  4	 27	 25	 18	 18	 19	 21	  9	 18	  8	 18	 14	 15	 20	 19	 17	 26	 16	 17	 23	 29	 30	  6	 13	 19	  2	 16	 36	 18	 26	 13	 25	 21	 19	 16	 14	 15	 10	 24	 32	 31	 12	 26	 25	 27	 27	 22	 10	 33	 12	 19	 19	 33	 26	 18	 32	 22	 33	 27	 18	 24
 86	 30	  8	 23	 22	 17	 20	 24	 28	 26	  8	 22	 40	 13	 38	  9	 30	 45	 41	 18	 29	 13	  8	 20	 10	 11	 39	 25	 14	 15	  7	 34	 21	 20	 20	 29	 17	 15	 10	  7	 10	 39	 30	 30	 26	 42	 20	 13	 14	 31	 15	 24	 44	 27	 39	 24	 21	 33	 32	 24	 26	 12	  9	 34	 42	 44	 18	 21	 24	 37	 24	 35	  5	 43	 24	 27	 24	 42	 30	  6	 38	 16	 24	 23	 15	 33	 14
 87	  5	 39	 46	 34	 43	 17	 21	 25	 24	 39	 42	 23	 22	 11	 36	 33	 19	 17	 39	 25	 21	 37	 26	 23	 22	 17	 32	 35	 31	 37	  6	 13	 27	 14	 18	 28	 27	 37	 36	 35	  9	  9	  3	 33	 14	 45	 21	 26	 13	 18	 23	 29	 23	 16	 13	 36	  9	  8	 17	 17	 29	 29	 15	 22	 14	 24	 39	 39	 19	 42	 13	 28	 21	 17	 24	 29	 22	 27	 37	 28	 38	 48	 42	 34	 17	 19	 33
 88	 37	  1	 25	 21	 19	 24	 31	 34	 28	  8	 18	 47	 19	 44	  6	 36	 50	 48	 14	 31	 20	  4	 22	 17	 17	 43	 31	 12	 21	  9	 40	 27	 26	 26	 32	 18	 22	 13	 10	  8	 46	 35	 36	 25	 47	 22	 20	 21	 36	 21	 26	 50	 30	 43	 31	 26	 39	 37	 31	 29	 19	 11	 41	 49	 49	 21	 26	 22	 43	 20	 39	 11	 50	 27	 29	 24	 49	 37	  2	 44	 13	 26	 19	 13	 40	 20	  7	 38
 89	 34	 16	 12	 33	  6	 29	 23	 24	 37	  7	 32	 39	 16	 40	 19	 24	 53	 42	 28	 39	 17	 17	 31	 16	 18	 48	 18	 25	 10	  6	 41	 25	 16	 25	 38	 28	 12	  3	  5	 20	 43	 37	 35	 37	 49	  9	 18	 13	 40	 21	 34	 41	 38	 47	 27	 12	 35	 39	 24	 35	  9	 19	 35	 41	 51	 29	 11	 35	 36	 34	 43	 15	 43	 33	 38	 35	 42	 26	 15	 34	 27	 13	 33	 26	 33	 21	 12	 38	 15
 90	 21	 20	 22	 29	 19	 19	 12	 16	 28	 16	 32	 28	  4	 27	 20	 20	 41	 30	 28	 31	  5	 19	 24	  5	  9	 36	 16	 23	  8	 15	 28	 12	  9	 12	 28	 22	  5	 14	 13	 20	 30	 25	 22	 31	 37	 21	  5	  3	 28	 10	 26	 32	 28	 35	 14	 15	 23	 27	 12	 24	  6	 15	 23	 30	 38	 21	 16	 33	 25	 33	 31	 11	 32	 22	 29	 28	 31	 19	 18	 26	 26	 24	 33	 24	 22	 11	 12	 25	 19	 14
 91	 25	 13	 30	 16	 25	 12	 24	 28	 18	 16	 20	 38	 11	 33	 10	 33	 37	 37	 16	 21	 11	 11	 12	  9	  6	 31	 28	 11	 19	 15	 27	 17	 21	 16	 20	 10	 18	 17	 15	  9	 34	 22	 24	 19	 35	 28	 11	 16	 23	  9	 15	 43	 19	 31	 21	 26	 28	 25	 22	 17	 16	  3	 31	 40	 37	 10	 27	 20	 34	 21	 27	  5	 40	 15	 19	 16	 40	 31	 11	 38	 14	 32	 20	 11	 31	  8	  9	 26	 13	 19	 13
 92	 32	 32	 15	 46	 18	 35	 16	 13	 45	 24	 47	 27	 21	 34	 34	  8	 54	 33	 43	 48	 22	 33	 41	 22	 26	 50	  4	 38	 11	 23	 40	 25	 11	 26	 44	 39	 13	 20	 21	 35	 38	 39	 33	 48	 50	 17	 22	 15	 43	 27	 43	 27	 45	 50	 24	  6	 30	 41	 20	 41	 14	 31	 27	 31	 49	 38	  8	 49	 26	 49	 46	 26	 33	 39	 46	 45	 31	 13	 30	 20	 41	 18	 48	 40	 24	 27	 26	 36	 31	 17	 18	 30
 93	 12	 48	 48	 46	 47	 29	 21	 23	 36	 45	 53	 13	 29	  4	 46	 30	 28	  5	 50	 38	 28	 46	 38	 31	 31	 27	 32	 45	 34	 44	 17	 20	 28	 21	 31	 39	 31	 43	 43	 45	  6	 21	 14	 46	 22	 48	 28	 30	 25	 27	 36	 19	 36	 27	 17	 38	  8	 20	 19	 29	 34	 38	  9	 11	 20	 36	 40	 51	 11	 54	 25	 37	  9	 29	 37	 41	 11	 24	 45	 22	 49	 51	 54	 45	 12	 29	 41	 13	 47	 43	 30	 36	 36
 94	 24	 22	 41	 11	 35	  7	 29	 34	  7	 26	 19	 41	 19	 33	 17	 40	 29	 38	 17	 10	 18	 19	  3	 17	 13	 23	 37	 13	 29	 26	 22	 19	 29	 18	 11	  5	 27	 28	 26	 15	 32	 17	 22	 11	 28	 38	 18	 24	 16	 13	  5	 46	  8	 23	 23	 36	 29	 19	 27	  9	 26	 12	 33	 41	 31	  2	 37	 16	 37	 19	 19	 16	 42	  8	  8	  7	 42	 38	 20	 43	 16	 42	 19	 12	 34	 12	 19	 24	 22	 30	 22	 11	 39	 35
 95	 25	 32	 50	 17	 45	 12	 35	 40	  4	 37	 26	 44	 26	 32	 27	 47	 21	 39	 25	  4	 26	 29	 11	 26	 22	 15	 44	 23	 37	 36	 19	 24	 37	 23	  5	 14	 35	 38	 36	 25	 30	 14	 22	 14	 21	 48	 25	 32	 11	 21	  7	 49	  3	 14	 27	 45	 29	 15	 31	  7	 35	 22	 35	 43	 25	 12	 46	 21	 39	 25	 12	 26	 43	  9	  4	 10	 43	 43	 30	 47	 25	 52	 25	 21	 37	 20	 30	 22	 32	 40	 30	 21	 47	 35	 11
 96	 19	 44	 37	 50	 37	 33	 13	 11	 43	 39	 55	  5	 25	 16	 44	 16	 41	 12	 51	 45	 25	 43	 42	 28	 30	 40	 19	 46	 25	 38	 28	 21	 19	 22	 39	 42	 23	 36	 36	 44	 20	 30	 22	 50	 36	 38	 25	 24	 35	 28	 41	  8	 43	 39	 17	 26	 15	 30	 14	 36	 26	 38	  9	  8	 34	 39	 29	 54	  5	 56	 36	 34	 11	 35	 43	 46	  8	 10	 42	  6	 50	 40	 55	 46	  7	 29	 37	 23	 44	 35	 25	 36	 23	 16	 39	 43
 97	 19	 23	 24	 31	 21	 19	  9	 13	 29	 19	 35	 25	  5	 24	 23	 18	 39	 27	 31	 32	  6	 23	 26	  7	 11	 35	 14	 26	  9	 18	 26	 10	  7	 10	 28	 24	  5	 17	 16	 23	 27	 24	 20	 33	 35	 23	  6	  4	 27	 11	 27	 28	 29	 34	 11	 15	 20	 25	  9	 25	  8	 18	 19	 27	 36	 22	 17	 35	 21	 36	 30	 14	 28	 22	 30	 30	 27	 16	 21	 23	 29	 26	 36	 26	 18	 11	 16	 22	 23	 16	  4	 16	 17	 27	 23	 31	 21
 98	 25	 50	 40	 56	 41	 39	 19	 16	 48	 44	 60	  6	 31	 20	 50	 18	 46	 15	 57	 51	 31	 49	 48	 33	 36	 44	 22	 51	 30	 43	 33	 27	 24	 28	 44	 48	 28	 41	 41	 49	 24	 36	 27	 56	 40	 42	 31	 29	 40	 33	 47	  2	 48	 44	 22	 30	 20	 36	 20	 42	 31	 44	 14	  9	 38	 45	 32	 60	 10	 62	 41	 40	 11	 41	 49	 52	  9	 13	 48	  6	 55	 43	 61	 52	 12	 35	 42	 28	 49	 39	 30	 41	 26	 19	 45	 48	  6	 27
 99	 18	 48	 43	 51	 43	 34	 18	 17	 43	 44	 57	  3	 29	 12	 47	 22	 38	  6	 53	 45	 29	 47	 43	 31	 33	 37	 25	 48	 31	 43	 26	 22	 25	 24	 38	 44	 28	 41	 41	 47	 16	 29	 20	 51	 32	 44	 28	 28	 33	 30	 42	  8	 42	 37	 18	 32	 13	 28	 17	 36	 31	 41	  8	  2	 30	 40	 35	 56	  5	 58	 34	 38	  4	 35	 43	 47	  2	 16	 46	 12	 52	 46	 57	 48	  8	 31	 41	 21	 47	 40	 29	 38	 29	 11	 40	 42	  7	 25	  9
100	 26	 14	 22	 25	 17	 18	 18	 22	 27	 11	 27	 35	  7	 33	 14	 25	 43	 36	 22	 29	  8	 13	 21	  6	  8	 37	 20	 18	 10	  9	 31	 16	 14	 15	 27	 19	 10	 10	  8	 14	 35	 27	 26	 28	 39	 19	  8	  8	 29	 11	 24	 38	 27	 37	 19	 18	 28	 29	 18	 24	  8	 11	 29	 36	 41	 19	 18	 28	 31	 28	 32	  5	 38	 22	 27	 25	 37	 25	 12	 32	 21	 23	 28	 19	 28	 11	  6	 28	 13	 11	  7	 10	 21	 35	 20	 29	 31	 10	 36	 35
