nVehicles:   9
nDepots:     1
nCustomers: 50
nPeriods:   12
VEHICLE_TYPE	FLEET_SIZE	CAPACITY
           4	         9	      38	
DEPOT   	X  	Y  	INV_COST	INITIAL_INV 	MIN_LEVEL_INV 	MAX_LEVEL_INV	PRODUCTION_0	PRODUCTION_1	PRODUCTION_2	PRODUCTION_3	PRODUCTION_4	PRODUCTION_5	PRODUCTION_6	PRODUCTION_7	PRODUCTION_8	PRODUCTION_9	PRODUCTION_10	PRODUCTION_11
       0	314	228	       0	        296	            0	         3934	         331	         331	         331	         331	         331	         331	         331	         331	         331	         331	          331	          331	
CUSTOMER	X  	Y  	INV_COST	INITIAL_INV	MIN_LEVEL_INV 	MAX_LEVEL_INV	DEMAND_0	DEMAND_1	DEMAND_2	DEMAND_3	DEMAND_4	DEMAND_5	DEMAND_6	DEMAND_7	DEMAND_8	DEMAND_9	DEMAND_10	DEMAND_11
       1	314	 18	    0.28	          4	            0	           18	       4	       5	       5	       4	       3	       4	       5	       6	       5	       3	        4	        4
       2	318	 17	    0.27	          1	            0	           44	       5	       7	       7	       6	       6	       6	       6	       7	       8	       6	        5	        6
       3	460	177	    0.27	          5	            0	           31	       4	       5	       5	       6	       5	       4	       3	       4	       5	       5	        5	        4
       4	413	358	     0.2	          6	            0	          106	       8	       9	      14	      10	       9	       6	      10	      10	      13	       8	        6	        7
       5	427	239	    0.13	         15	            0	           84	       6	      10	      12	       9	       7	       5	       6	       9	      10	       9	        6	        6
       6	249	 11	    0.09	          6	            0	           26	       5	       6	       6	       6	       7	       4	       4	       5	       5	       8	        7	        6
       7	 61	397	    0.11	          1	            0	           18	       5	       6	       7	       5	       4	       5	       5	       8	       6	       5	        4	        5
       8	140	 73	    0.15	          1	            0	           23	       5	       8	      10	       9	       9	      10	       6	       6	       6	       7	        9	       10
       9	110	492	    0.25	         10	            0	           20	       6	       8	       8	       8	       8	       7	       5	       5	       8	       8	       10	        7
      10	489	228	    0.07	          2	            0	           13	       4	       5	       5	       5	       3	       3	       5	       6	       4	       4	        3	        5
      11	186	140	    0.25	          8	            0	           32	       5	       8	       8	      10	       8	       6	       7	       9	      10	      10	        6	        6
      12	148	473	    0.25	          9	            0	           62	       8	       8	       9	       9	      10	       9	       7	       6	       7	       8	       11	        9
      13	233	197	    0.23	          8	            0	           35	       5	       6	       9	       7	       6	       5	       6	       7	       8	       8	        6	        6
      14	491	 52	    0.07	          2	            0	          102	       7	       8	      10	      13	      10	       8	       7	       7	       6	       8	        9	       11
      15	205	401	    0.24	          5	            0	           32	       5	       8	       7	       7	       6	       5	       7	       7	       8	       6	        5	        6
      16	  3	200	    0.11	         14	            0	           78	       8	      11	      11	      13	      10	       6	       6	      11	      11	      12	        8	        7
      17	169	114	    0.14	          7	            0	           17	       4	       6	       6	       6	       6	       4	       5	       6	       6	       8	        4	        5
      18	256	 51	    0.11	         13	            0	           43	       6	       9	      10	      12	       8	       6	       6	       8	       9	      11	        9	        9
      19	236	185	    0.17	          9	            0	           33	       4	       7	       9	       6	       5	       6	       8	       7	       6	       5	        6	        8
      20	425	134	    0.02	          1	            0	           44	       5	       5	       6	       6	       8	       5	       5	       4	       4	       4	        6	        7
      21	 41	274	    0.18	          9	            0	           59	       5	       7	      11	       8	      10	       6	       5	       6	       8	       8	        9	        7
      22	  2	487	    0.15	          9	            0	           37	       5	       5	       7	       6	       5	       4	       6	       8	       6	       4	        5	        6
      23	413	244	    0.21	          6	            0	           25	       4	       5	       7	       6	       4	       3	       5	       6	       5	       3	        5	        6
      24	443	 22	    0.28	          8	            0	           44	       6	       7	       7	       9	       6	       5	       5	       7	       8	       8	        5	        5
      25	368	178	    0.11	          7	            0	           51	       6	       8	       8	       6	       5	       4	       7	       9	       6	       5	        5	        9
      26	104	430	    0.06	          3	            0	           32	       4	       4	       6	       6	       4	       3	       4	       5	       6	       4	        3	        4
      27	459	138	     0.1	         10	            0	           18	       4	       6	       6	       8	       7	       5	       5	       4	       5	       6	        7	        8
      28	163	100	    0.16	         11	            0	           24	       5	       7	       8	       6	       5	       5	       5	       7	       9	       7	        5	        5
      29	401	339	     0.2	         10	            0	           33	       4	       6	       7	       6	       5	       4	       6	       8	       7	       5	        4	        4
      30	141	109	    0.21	          6	            0	           30	       3	       4	       5	       6	       4	       3	       5	       5	       6	       4	        4	        5
      31	113	 92	    0.04	          1	            0	           33	       5	       7	      11	       9	       6	       6	       7	      11	       8	       8	        6	        7
      32	293	103	    0.17	          2	            0	           36	       5	       7	       8	       9	       5	       4	       5	       9	       7	       7	        4	        6
      33	135	 19	    0.27	         15	            0	           63	       7	      10	      12	       7	       5	       6	      11	      13	      10	       6	        7	        9
      34	339	320	    0.06	          4	            0	           19	       5	       6	       8	       8	       7	       5	       4	       5	       8	       8	        8	        5
      35	111	 84	    0.27	          6	            0	           39	       5	       7	       7	       9	       7	       7	       6	       4	       6	       6	        7	        9
      36	449	 22	    0.03	          2	            0	           44	       4	       5	       8	       7	       5	       4	       6	       7	       6	       6	        4	        4
      37	110	102	    0.05	          7	            0	           31	       5	       6	       9	       7	       8	       7	       4	       4	       6	       8	        9	        7
      38	 63	265	    0.18	         13	            0	           29	       6	       9	      11	       9	       6	       6	       6	       7	      10	       9	        7	        5
      39	199	481	    0.29	          4	            0	           21	       5	       7	       7	       9	       8	       5	       5	       5	       6	       9	       10	        9
      40	357	383	    0.11	         11	            0	           36	       4	       7	       7	       7	       7	       5	       5	       8	       7	       7	        5	        4
      41	227	491	     0.2	         10	            0	           56	       6	       6	       8	       9	       8	       5	       4	       6	       6	       8	        9	        5
      42	 21	339	    0.16	          4	            0	           48	       8	      10	      13	      11	      11	       7	       8	       8	      10	      11	       10	        9
      43	 95	246	     0.1	          5	            0	           65	       6	       6	       7	       9	       7	       5	       5	       6	       6	       7	        9	        6
      44	443	 46	    0.05	          7	            0	           71	       7	       8	       8	      11	      10	       8	       7	       5	       5	       7	        9	        9
      45	 83	404	    0.27	          8	            0	           60	       4	       6	       7	       6	       5	       5	       7	       6	       5	       4	        6	        6
      46	249	402	    0.22	         12	            0	           77	       7	       7	      10	       7	       6	       6	       9	       8	       7	       6	        6	        9
      47	276	255	    0.08	          6	            0	           42	       5	       6	       5	       8	       6	       5	       5	       5	       4	       5	        6	        6
      48	205	111	    0.04	          8	            0	           39	       4	       5	       7	       8	       5	       4	       4	       6	       6	       7	        5	        5
      49	 52	135	    0.15	         10	            0	           49	       7	      11	      10	      11	      11	       9	       6	      11	      10	      10	       10	        7
      50	457	429	    0.25	          6	            0	           14	       3	       5	       5	       6	       4	       4	       3	       4	       5	       6	        5	        6
COST_MATRIX 
	  0	  1	  2	  3	  4	  5	  6	  7	  8	  9	 10	 11	 12	 13	 14	 15	 16	 17	 18	 19	 20	 21	 22	 23	 24	 25	 26	 27	 28	 29	 30	 31	 32	 33	 34	 35	 36	 37	 38	 39	 40	 41	 42	 43	 44	 45	 46	 47	 48	 49	 50
  0
  1	 22
  2	 22	  1
  3	 16	 22	 22
  4	 17	 36	 36	 19
  5	 12	 25	 25	  8	 12
  6	 23	  7	  7	 27	 39	 29
  7	 31	 46	 46	 46	 36	 40	 43
  8	 24	 19	 19	 34	 40	 34	 13	 34
  9	 34	 52	 52	 48	 34	 41	 51	 11	 43
 10	 18	 28	 28	  6	 16	  7	 33	 47	 39	 47
 11	 16	 18	 19	 28	 32	 27	 15	 29	  9	 37	 32
 12	 30	 49	 49	 44	 29	 37	 48	 12	 41	  5	 42	 34
 13	  9	 20	 20	 23	 25	 20	 19	 27	 16	 32	 26	  8	 29
 14	 25	 19	 18	 13	 32	 20	 25	 56	 36	 59	 18	 32	 55	 30
 15	 21	 40	 41	 34	 22	 28	 40	 15	 34	 14	 34	 27	 10	 21	 46
 16	 32	 37	 37	 46	 44	 43	 32	 21	 19	 32	 49	 20	 31	 24	 51	 29
 17	 19	 18	 18	 30	 35	 29	 14	 31	  6	 39	 34	  4	 36	 11	 33	 29	 19
 18	 19	  7	  8	 24	 35	 26	  5	 40	 12	 47	 30	 12	 44	 15	 24	 36	 30	 11
 19	  9	 19	 19	 23	 25	 20	 18	 28	 15	 34	 26	  7	 31	  2	 29	 22	 24	 10	 14
 20	 15	 17	 16	  6	 23	 11	 22	 45	 30	 48	 12	 24	 44	 21	 11	 35	 43	 26	 19	 20
 21	 28	 38	 38	 44	 39	 39	 34	 13	 23	 23	 46	 20	 23	 21	 51	 21	  9	 21	 31	 22	 41
 22	 41	 57	 57	 56	 44	 50	 54	 11	 44	 11	 56	 40	 15	 38	 66	 23	 29	 41	 51	 39	 56	 22
 23	 11	 25	 25	  9	 12	  2	 29	 39	 33	 40	  8	 25	 36	 19	 21	 27	 42	 28	 25	 19	 12	 38	 48
 24	 25	 13	 13	 16	 34	 22	 20	 54	 31	 58	 22	 29	 54	 28	  6	 45	 48	 29	 19	 27	 12	 48	 65	 23
 25	  8	 17	 17	 10	 19	  9	 21	 38	 26	 41	 14	 19	 37	 14	 18	 28	 37	 21	 17	 14	  8	 35	 48	  8	 18
 26	 30	 47	 47	 44	 32	 38	 45	  6	 36	  7	 44	 31	  7	 27	 55	 11	 26	 33	 41	 28	 44	 17	 12	 37	 54	 37
 27	 18	 19	 19	  4	 23	 11	 25	 48	 33	 50	 10	 28	 46	 24	 10	 37	 47	 30	 23	 23	  4	 44	 58	 12	 12	 10	 46
 28	 20	 18	 18	 31	 36	 30	 13	 32	  4	 40	 36	  5	 38	 12	 34	 31	 19	  2	 11	 12	 27	 22	 42	 29	 30	 22	 34	 30
 29	 15	 34	 34	 18	  3	 11	 37	 35	 38	 33	 15	 30	 29	 22	 31	 21	 43	 33	 33	 23	 21	 37	 43	 10	 32	 17	 32	 21	 34
 30	 21	 20	 20	 33	 37	 32	 15	 30	  4	 39	 37	  6	 37	 13	 36	 30	 17	  3	 13	 13	 29	 20	 41	 31	 32	 24	 33	 32	  3	 35
 31	 25	 22	 22	 36	 41	 35	 16	 31	  4	 41	 40	  9	 39	 16	 39	 33	 16	  7	 15	 16	 32	 20	 42	 34	 34	 27	 34	 35	  6	 38	  4
 32	 13	  9	  9	 19	 29	 20	 11	 38	 16	 43	 24	 12	 40	 12	 21	 32	 31	 13	  7	 10	 14	 31	 49	 19	 18	 11	 38	 17	 14	 26	 16	 19
 33	 28	 18	 19	 37	 44	 37	 12	 39	  6	 48	 42	 14	 46	 21	 36	 39	 23	 11	 13	 20	 32	 28	 49	 36	 31	 29	 42	 35	  9	 42	 10	  8	 18
 34	 10	 31	 31	 19	  9	 12	 33	 29	 32	 29	 18	 24	 25	 17	 31	 16	 36	 27	 29	 17	 21	 31	 38	 11	 32	 15	 26	 22	 29	  7	 29	 33	 23	 37
 35	 25	 22	 22	 37	 41	 36	 16	 32	  4	 41	 41	 10	 40	 17	 39	 34	 16	  7	 15	 17	 32	 21	 42	 35	 34	 28	 35	 36	  6	 39	  4	  1	 19	  7	 33
 36	 25	 14	 14	 16	 34	 22	 21	 54	 32	 58	 21	 29	 55	 28	  6	 46	 49	 30	 20	 27	 12	 48	 65	 23	  1	 18	 54	 12	 30	 33	 33	 35	 18	 32	 32	 35
 37	 24	 23	 23	 36	 40	 35	 17	 30	  5	 40	 40	  9	 38	 16	 39	 32	 15	  7	 16	 16	 32	 19	 40	 34	 35	 27	 33	 36	  6	 38	  4	  2	 19	  9	 32	  2	 35
 38	 26	 36	 36	 41	 37	 37	 32	 14	 21	 24	 43	 18	 23	 19	 48	 20	  9	 19	 29	 20	 39	  3	 24	 36	 46	 32	 18	 42	 20	 35	 18	 19	 29	 26	 29	 19	 46	 17
 39	 28	 48	 48	 41	 25	 34	 48	 17	 42	  9	 39	 35	  6	 29	 52	  9	 35	 37	 44	 30	 42	 27	 20	 32	 52	 35	 11	 44	 39	 25	 38	 40	 39	 47	 22	 41	 53	 39	 26
 40	 17	 37	 37	 24	  7	 17	 39	 30	 38	 27	 21	 30	 23	 23	 36	 16	 40	 33	 35	 24	 26	 34	 37	 15	 38	 21	 26	 27	 35	  7	 35	 38	 29	 43	  7	 39	 38	 38	 32	 19
 41	 28	 49	 49	 40	 23	 33	 49	 20	 43	 12	 38	 36	  9	 30	 52	 10	 37	 39	 45	 31	 41	 29	 23	 31	 52	 35	 14	 43	 40	 24	 40	 42	 40	 49	 21	 43	 52	 41	 28	  3	 17
 42	 32	 44	 44	 47	 40	 42	 40	  8	 30	 18	 49	 26	 19	 26	 56	 20	 15	 27	 38	 27	 46	  7	 15	 41	 53	 39	 13	 49	 28	 39	 26	 27	 37	 34	 32	 28	 54	 26	  9	 23	 34	 26
 43	 22	 32	 32	 38	 34	 34	 29	 16	 18	 25	 40	 14	 24	 15	 45	 20	 11	 16	 26	 16	 35	  7	 26	 32	 42	 29	 19	 38	 17	 32	 15	 16	 25	 24	 26	 17	 42	 15	  4	 26	 30	 28	 12
 44	 23	 14	 13	 14	 32	 20	 20	 52	 31	 56	 19	 28	 52	 26	  5	 43	 47	 29	 19	 25	  9	 47	 63	 21	  3	 16	 52	 10	 29	 30	 31	 34	 17	 31	 30	 34	  3	 34	 44	 50	 35	 50	 52	 41
 45	 30	 45	 46	 45	 34	 39	 43	  3	 34	 10	 45	 29	 10	 26	 54	 13	 22	 31	 40	 27	 44	 14	 12	 37	 53	 37	  4	 47	 32	 33	 31	 32	 37	 39	 27	 33	 53	 31	 15	 14	 28	 17	  9	 16	 51
 46	 19	 39	 40	 31	 17	 25	 40	 19	 35	 17	 30	 27	 13	 21	 43	  5	 32	 30	 36	 22	 33	 25	 27	 23	 43	 26	 15	 34	 32	 17	 32	 34	 31	 40	 13	 35	 43	 34	 24	 10	 11	 10	 24	 22	 41	 17
 47	  5	 25	 25	 20	 18	 16	 25	 26	 23	 29	 22	 15	 26	  8	 30	 17	 28	 18	 21	  9	 20	 24	 36	 14	 29	 12	 25	 22	 20	 16	 20	 24	 16	 28	 10	 24	 30	 23	 22	 24	 16	 25	 27	 19	 27	 25	 15
 48	 16	 15	 15	 27	 33	 26	 11	 33	  8	 40	 31	  4	 37	 10	 30	 30	 23	  4	  8	  9	 23	 24	 43	 25	 26	 18	 34	 26	  5	 31	  7	 10	  9	 12	 25	 10	 26	 10	 21	 38	 32	 39	 30	 18	 25	 32	 30	 17
 49	 28	 29	 30	 42	 43	 39	 24	 27	 11	 37	 45	 14	 36	 20	 45	 31	  9	 12	 23	 20	 38	 14	 36	 38	 41	 32	 30	 41	 12	 41	 10	  8	 25	 15	 35	  8	 42	  7	 14	 38	 40	 40	 21	 12	 41	 28	 34	 26	 16
 50	 25	 44	 44	 26	  9	 20	 47	 40	 48	 36	 21	 40	 32	 33	 38	 26	 51	 43	 43	 33	 30	 45	 46	 20	 41	 27	 36	 30	 45	 11	 45	 49	 37	 53	 17	 49	 41	 48	 43	 27	 12	 24	 45	 41	 39	 38	 21	 26	 41	 51
