nVehicles:  10
nDepots:     1
nCustomers: 25
nPeriods:   12
VEHICLE_TYPE	FLEET_SIZE	CAPACITY
           2	        10	      18	
DEPOT   	X  	Y  	INV_COST	INITIAL_INV 	MIN_LEVEL_INV 	MAX_LEVEL_INV	PRODUCTION_0	PRODUCTION_1	PRODUCTION_2	PRODUCTION_3	PRODUCTION_4	PRODUCTION_5	PRODUCTION_6	PRODUCTION_7	PRODUCTION_8	PRODUCTION_9	PRODUCTION_10	PRODUCTION_11
       0	458	372	       0	        188	            0	         2010	         169	         169	         169	         169	         169	         169	         169	         169	         169	         169	          169	          169	
CUSTOMER	X  	Y  	INV_COST	INITIAL_INV	MIN_LEVEL_INV 	MAX_LEVEL_INV	DEMAND_0	DEMAND_1	DEMAND_2	DEMAND_3	DEMAND_4	DEMAND_5	DEMAND_6	DEMAND_7	DEMAND_8	DEMAND_9	DEMAND_10	DEMAND_11
       1	216	211	    0.09	          9	            0	           28	       5	       7	       7	       7	       6	       5	       4	       4	       6	       8	        6	        5
       2	214	207	    0.06	          9	            0	           19	       4	       5	       6	       5	       4	       4	       3	       3	       4	       6	        7	        6
       3	125	489	    0.16	          6	            0	          101	       9	      10	      11	       9	       7	       7	       8	      12	      11	      11	        8	        6
       4	360	399	     0.2	          4	            0	           25	       4	       5	       5	       5	       4	       4	       4	       5	       7	       5	        4	        4
       5	 66	402	    0.06	          6	            0	           30	       7	       9	      10	      11	      10	       6	       5	       5	       7	      10	       12	       11
       6	428	250	    0.19	         10	            0	           19	       6	       7	      10	       8	       4	       4	       6	       7	       8	       7	        6	        4
       7	424	156	    0.01	          3	            0	           29	       4	       5	       5	       4	       3	       4	       6	       6	       4	       3	        4	        5
       8	330	387	    0.17	          8	            0	           62	       5	       8	       7	       4	       4	       6	       6	       6	       5	       4	        5	        6
       9	230	396	     0.2	         13	            0	           21	       5	       8	       6	       5	       4	       5	       8	       5	       5	       4	        6	        7
      10	140	239	    0.28	         10	            0	           42	       6	       8	       9	       7	       7	       5	       5	       5	       6	       7	        7	        8
      11	  4	241	    0.21	         10	            0	           95	       7	      10	      12	      14	      11	       8	       6	       6	       8	      11	       11	       11
      12	388	 50	    0.14	          5	            0	           55	       7	       9	      10	       8	       6	       8	       9	      10	       9	       8	        5	        8
      13	227	406	     0.2	          9	            0	           20	       4	       6	       5	       5	       4	       4	       4	       6	       6	       4	        4	        3
      14	255	461	    0.02	         10	            0	           57	       5	       7	       7	       6	       5	       5	       7	       9	       5	       5	        5	        8
      15	338	265	    0.29	          6	            0	           20	       5	       6	       5	       6	       5	       3	       3	       4	       4	       5	        6	        6
      16	291	325	    0.26	         14	            0	           30	       7	      11	       9	      11	       8	       5	       9	       9	      11	       8	        6	        6
      17	 36	173	    0.24	          4	            0	          106	       7	      10	      12	      10	       7	       8	       9	      13	      11	      10	        7	        8
      18	160	486	    0.13	          1	            0	           17	       4	       6	       6	       5	       4	       4	       6	       6	       6	       4	        4	        7
      19	211	396	    0.15	         14	            0	           61	       7	      10	      10	       8	       5	       9	       9	      12	       8	       6	        8	       12
      20	251	356	    0.01	          4	            0	           70	       7	      10	      11	      10	       9	       6	       5	       6	      10	      12	       12	        8
      21	193	 99	     0.1	         19	            0	           73	       8	      11	      13	      10	       7	       8	      12	      12	       9	       6	        9	       10
      22	214	  1	    0.22	          2	            0	           65	       4	       6	       7	       6	       5	       5	       3	       5	       5	       5	        7	        8
      23	397	494	    0.19	          7	            0	           25	       7	       6	       9	       6	       5	       5	       5	       8	       9	       9	        5	        6
      24	415	449	       0	         12	            0	           18	       7	       8	       7	       8	       7	       4	       4	       7	       8	       9	        9	        7
      25	210	 81	       0	          8	            0	           46	       4	       5	       6	       5	       3	       3	       5	       5	       4	       4	        4	        6
COST_MATRIX 
	  0	  1	  2	  3	  4	  5	  6	  7	  8	  9	 10	 11	 12	 13	 14	 15	 16	 17	 18	 19	 20	 21	 22	 23	 24	 25
  0
  1	 30
  2	 30	  1
  3	 36	 30	 30
  4	 11	 24	 25	 26
  5	 40	 25	 25	 11	 30
  6	 13	 22	 22	 39	 17	 40
  7	 22	 22	 22	 45	 26	 44	 10
  8	 13	 21	 22	 23	  4	 27	 17	 25
  9	 23	 19	 19	 15	 14	 17	 25	 31	 11
 10	 35	  9	  9	 26	 28	 18	 29	 30	 25	 19
 11	 48	 22	 22	 28	 39	 18	 43	 43	 36	 28	 14
 12	 33	 24	 24	 52	 36	 48	 21	 12	 35	 39	 32	 43
 13	 24	 20	 20	 14	 14	 17	 26	 32	 11	  2	 19	 28	 40
 14	 23	 26	 26	 14	 13	 20	 28	 35	 11	  7	 26	 34	 44	  7
 15	 17	 14	 14	 31	 14	 31	 10	 14	 13	 17	 20	 34	 23	 18	 22
 16	 18	 14	 15	 24	 11	 24	 16	 22	  8	 10	 18	 30	 30	 11	 15	  8
 17	 47	 19	 19	 33	 40	 24	 40	 39	 37	 30	 13	  8	 38	 31	 37	 32	 30
 18	 32	 29	 29	  4	 22	 13	 36	 43	 20	 12	 25	 30	 50	 11	 10	 29	 21	 34
 19	 25	 19	 19	 13	 15	 15	 27	 33	 12	  2	 18	 26	 39	  2	  8	 19	 11	 29	 11
 20	 21	 15	 16	 19	 12	 20	 21	 27	  9	  5	 17	 28	 34	  6	 11	 13	  6	 29	 16	  6
 21	 39	 12	 12	 40	 35	 33	 28	 24	 32	 30	 15	 24	 21	 31	 37	 23	 25	 18	 39	 30	 27
 22	 45	 22	 21	 50	 43	 43	 33	 27	 41	 40	 25	 32	 19	 41	 47	 30	 34	 25	 49	 40	 36	 11
 23	 14	 34	 35	 28	 11	 35	 25	 34	 13	 20	 37	 47	 45	 20	 15	 24	 20	 49	 24	 22	 21	 45	 53
 24	  9	 32	 32	 30	  8	 36	 20	 30	 11	 20	 35	 47	 40	 20	 17	 20	 18	 47	 26	 22	 19	 42	 50	  5
 25	 39	 14	 13	 42	 36	 36	 28	 23	 33	 32	 18	 27	 19	 33	 39	 23	 26	 20	 41	 32	 28	  3	  9	 46	 43
