nVehicles:  11
nDepots:     1
nCustomers: 25
nPeriods:   12
VEHICLE_TYPE	FLEET_SIZE	CAPACITY
           2	        11	      18	
DEPOT   	X  	Y  	INV_COST	INITIAL_INV 	MIN_LEVEL_INV 	MAX_LEVEL_INV	PRODUCTION_0	PRODUCTION_1	PRODUCTION_2	PRODUCTION_3	PRODUCTION_4	PRODUCTION_5	PRODUCTION_6	PRODUCTION_7	PRODUCTION_8	PRODUCTION_9	PRODUCTION_10	PRODUCTION_11
       0	490	302	       0	        370	            0	         2106	         177	         177	         177	         177	         177	         177	         177	         177	         177	         177	          177	          177	
CUSTOMER	X  	Y  	INV_COST	INITIAL_INV	MIN_LEVEL_INV 	MAX_LEVEL_INV	DEMAND_0	DEMAND_1	DEMAND_2	DEMAND_3	DEMAND_4	DEMAND_5	DEMAND_6	DEMAND_7	DEMAND_8	DEMAND_9	DEMAND_10	DEMAND_11
       1	191	436	    0.27	          2	            0	           21	       6	       6	       4	       4	       4	       5	       6	       5	       4	       3	        4	        6
       2	187	425	    0.19	          2	            0	           93	      11	      11	       7	       5	       6	       7	      11	      10	       9	       9	        5	        6
       3	192	464	    0.08	          1	            0	           50	      11	      11	       8	       7	       6	       9	      11	      12	       8	       6	        5	        8
       4	191	434	    0.02	          9	            0	           68	      11	       9	       8	       6	       6	       7	       9	      10	       9	      10	       10	        8
       5	191	437	    0.24	         10	            0	           83	      11	      11	       9	       7	       8	       8	      13	      11	       9	       9	        6	        7
       6	194	439	    0.17	         12	            0	           38	       8	       6	       5	       3	       5	       6	       8	       5	       4	       5	        6	        8
       7	195	432	    0.16	          3	            0	           47	       9	       9	       5	       6	       7	       9	      10	       7	       5	       6	        9	       10
       8	123	483	     0.1	          4	            0	           53	      11	      11	       7	       7	       7	       9	      11	       9	       7	       6	        7	       10
       9	194	436	    0.09	          6	            0	           23	       9	       9	       6	       5	       5	       6	       7	       7	       8	       7	        7	        5
      10	194	435	    0.25	          7	            0	           83	      11	       9	      10	       7	       5	       8	       9	      12	       9	       7	        6	        8
      11	186	440	    0.01	          5	            0	           87	      11	      12	       7	       7	       7	      10	      11	      12	       8	       8	        7	        7
      12	215	455	    0.17	         12	            0	           64	      10	       8	       9	       7	       6	       7	       8	      11	       9	       6	        5	        6
      13	116	180	    0.03	         23	            0	           84	      12	      13	       8	       6	       6	      10	      12	      13	      13	       9	        6	        8
      14	315	 64	    0.03	         10	            0	           53	       7	       6	       5	       4	       3	       4	       6	       5	       4	       4	        3	        4
      15	226	472	     0.1	         11	            0	          110	      10	      12	       7	       7	       8	      12	      13	      12	       8	       8	        8	       12
      16	479	 93	    0.18	          1	            0	           84	      11	      10	       6	       6	       5	       6	       8	      10	      11	       8	        8	        5
      17	482	  5	    0.13	          3	            0	           30	       6	       5	       3	       3	       6	       6	       5	       3	       4	       6	        6	        4
      18	 36	333	    0.12	          4	            0	           16	       7	       5	       4	       4	       3	       5	       6	       5	       4	       4	        5	        5
      19	105	 87	    0.23	         10	            0	           25	       5	       5	       5	       4	       4	       4	       4	       5	       5	       6	        4	        4
      20	232	138	    0.01	          8	            0	           34	       8	       6	       5	       6	       7	       8	       8	       5	       6	       8	        8	        8
      21	165	 64	    0.22	          3	            0	           38	      10	       7	       6	       5	       6	       6	       6	       9	       9	       6	        5	        4
      22	 18	399	    0.03	          2	            0	           40	       6	       5	       4	       4	       3	       4	       5	       5	       6	       4	        3	        4
      23	 32	  8	    0.08	          4	            0	           40	       6	       7	       6	       4	       5	       5	       6	       7	       7	       4	        5	        4
      24	396	438	    0.01	          4	            0	           31	      12	      10	       9	       6	       6	       9	      12	      12	       9	       8	        6	        7
      25	478	138	    0.04	          9	            0	           68	       6	       8	       7	       6	       5	       4	       4	       5	       6	       7	        7	        5
COST_MATRIX 
	  0	  1	  2	  3	  4	  5	  6	  7	  8	  9	 10	 11	 12	 13	 14	 15	 16	 17	 18	 19	 20	 21	 22	 23	 24	 25
  0
  1	 33
  2	 33	  2
  3	 34	  3	  4
  4	 33	  1	  1	  4
  5	 33	  1	  2	  3	  1
  6	 33	  1	  2	  3	  1	  1
  7	 33	  1	  2	  4	  1	  1	  1
  8	 41	  9	  9	  8	  9	  9	  9	  9
  9	 33	  1	  2	  3	  1	  1	  1	  1	  9
 10	 33	  1	  2	  3	  1	  1	  1	  1	  9	  1
 11	 34	  1	  2	  3	  1	  1	  1	  2	  8	  1	  1
 12	 32	  4	  5	  3	  4	  4	  3	  4	 10	  3	  3	  4
 13	 40	 27	 26	 30	 27	 27	 28	 27	 31	 27	 27	 27	 30
 14	 30	 40	 39	 42	 40	 40	 40	 39	 47	 40	 40	 40	 41	 24
 15	 32	  6	  7	  4	  6	  5	  5	  6	 11	  5	  5	  6	  3	 32	 42
 16	 21	 45	 45	 47	 45	 45	 45	 45	 53	 45	 45	 46	 45	 38	 17	 46
 17	 30	 53	 52	 55	 52	 53	 53	 52	 60	 52	 52	 53	 53	 41	 18	 54	  9
 18	 46	 19	 18	 21	 19	 19	 20	 19	 18	 19	 19	 19	 22	 18	 39	 24	 51	 56
 19	 45	 36	 35	 39	 36	 37	 37	 36	 40	 37	 36	 37	 39	 10	 22	 41	 38	 39	 26
 20	 31	 31	 30	 33	 30	 31	 31	 30	 37	 31	 30	 31	 32	 13	 12	 34	 26	 29	 28	 14
 21	 41	 38	 37	 41	 38	 38	 38	 37	 43	 38	 38	 38	 40	 13	 16	 42	 32	 33	 30	  7	 10
 22	 49	 18	 18	 19	 18	 18	 19	 19	 14	 18	 18	 18	 21	 24	 45	 23	 56	 61	  7	 33	 34	 37
 23	 55	 46	 45	 49	 46	 46	 47	 46	 49	 46	 46	 46	 49	 20	 29	 51	 46	 46	 33	 11	 24	 15	 40
 24	 17	 21	 21	 21	 21	 21	 21	 21	 28	 21	 21	 22	 19	 39	 39	 18	 36	 45	 38	 46	 35	 44	 39	 57
 25	 17	 42	 41	 44	 42	 42	 42	 41	 50	 42	 42	 43	 42	 37	 18	 42	  5	 14	 49	 38	 25	 33	 53	 47	 32
