nVehicles:  26
nDepots:     1
nCustomers: 25
nPeriods:    9
VEHICLE_TYPE	FLEET_SIZE	CAPACITY
           1	        26	       8	
DEPOT   	X  	Y  	INV_COST	INITIAL_INV 	MIN_LEVEL_INV 	MAX_LEVEL_INV	PRODUCTION_0	PRODUCTION_1	PRODUCTION_2	PRODUCTION_3	PRODUCTION_4	PRODUCTION_5	PRODUCTION_6	PRODUCTION_7	PRODUCTION_8
       0	469	119	       0	        150	            0	          973	         109	         109	         109	         109	         109	         109	         109	         109	         109	
CUSTOMER	X  	Y  	INV_COST	INITIAL_INV	MIN_LEVEL_INV 	MAX_LEVEL_INV	DEMAND_0	DEMAND_1	DEMAND_2	DEMAND_3	DEMAND_4	DEMAND_5	DEMAND_6	DEMAND_7	DEMAND_8
       1	425	248	    0.15	          4	            0	           16	       4	       4	       4	       3	       2	       3	       3	       4	       5
       2	384	284	    0.26	          7	            0	           21	       5	       5	       5	       5	       4	       3	       4	       4	       7
       3	421	274	    0.01	          4	            0	            7	       2	       2	       3	       3	       3	       2	       2	       2	       2
       4	404	288	     0.2	         13	            0	           13	       5	       8	       7	       7	       5	       4	       4	       5	       7
       5	404	264	    0.04	          2	            0	           29	       4	       5	       6	       4	       4	       3	       5	       6	       6
       6	424	253	    0.06	          6	            0	           15	       3	       4	       5	       3	       3	       2	       4	       4	       4
       7	429	255	    0.22	          6	            0	           33	       4	       5	       5	       4	       3	       4	       6	       5	       4
       8	418	274	    0.17	          6	            0	           20	       5	       6	       6	       4	       4	       4	       5	       6	       4
       9	420	259	    0.04	          7	            0	           19	       4	       5	       5	       3	       3	       3	       3	       5	       4
      10	424	258	    0.01	          2	            0	            9	       2	       3	       3	       3	       2	       2	       2	       3	       3
      11	418	258	    0.06	          1	            0	           23	       3	       5	       5	       4	       4	       3	       3	       3	       4
      12	433	269	    0.09	          9	            0	           12	       4	       6	       5	       4	       4	       5	       5	       4	       4
      13	287	499	    0.01	          4	            0	           10	       4	       6	       5	       3	       4	       4	       5	       5	       3
      14	  4	479	    0.12	          2	            0	           20	       5	       6	       6	       4	       4	       5	       6	       6	       5
      15	138	200	    0.25	          8	            0	           13	       5	       8	       8	       6	       3	       5	       6	       6	       5
      16	 30	461	    0.05	          2	            0	           13	       2	       3	       4	       3	       2	       2	       2	       2	       3
      17	118	205	    0.21	          8	            0	           35	       5	       5	       6	       5	       4	       3	       3	       4	       6
      18	 40	328	    0.12	          2	            0	           16	       6	       8	       6	       4	       4	       6	       7	       5	       4
      19	459	122	    0.26	          4	            0	            9	       4	       7	       6	       4	       4	       4	       6	       5	       5
      20	398	260	    0.21	          8	            0	           32	       5	       7	       7	       4	       4	       5	       7	       7	       4
      21	 98	435	    0.22	          8	            0	           20	       4	       6	       5	       4	       3	       5	       5	       6	       3
      22	481	114	    0.24	          6	            0	           29	       6	       7	       6	       7	       4	       4	       5	       6	       7
      23	 67	493	    0.27	          2	            0	           22	       5	       5	       5	       4	       4	       4	       4	       5	       5
      24	 96	161	     0.1	          4	            0	           16	       3	       3	       3	       2	       2	       2	       3	       3	       3
      25	246	 38	    0.15	          1	            0	           10	       3	       4	       4	       4	       3	       3	       2	       4	       4
COST_MATRIX 
	  0	  1	  2	  3	  4	  5	  6	  7	  8	  9	 10	 11	 12	 13	 14	 15	 16	 17	 18	 19	 20	 21	 22	 23	 24	 25
  0
  1	 14
  2	 19	  6
  3	 17	  3	  4
  4	 19	  5	  3	  3
  5	 16	  3	  3	  2	  3
  6	 15	  1	  6	  3	  5	  3
  7	 15	  1	  6	  3	  5	  3	  1
  8	 17	  3	  4	  1	  2	  2	  3	  3
  9	 15	  2	  5	  2	  4	  2	  1	  1	  2
 10	 15	  2	  5	  2	  4	  3	  1	  1	  2	  1
 11	 15	  2	  5	  2	  4	  2	  1	  2	  2	  1	  1
 12	 16	  3	  6	  2	  4	  3	  2	  2	  2	  2	  2	  2
 13	 43	 29	 24	 27	 25	 27	 29	 29	 27	 28	 28	 28	 28
 14	 59	 49	 43	 47	 45	 46	 48	 49	 47	 48	 48	 47	 48	 29
 15	 35	 30	 26	 30	 29	 28	 30	 30	 29	 29	 30	 29	 31	 34	 31
 16	 56	 45	 40	 44	 42	 43	 45	 45	 44	 44	 45	 44	 45	 26	  4	 29
 17	 37	 31	 28	 32	 30	 30	 31	 32	 31	 31	 32	 31	 33	 34	 30	  3	 28
 18	 48	 40	 35	 39	 37	 37	 40	 40	 39	 39	 40	 39	 40	 31	 16	 17	 14	 15
 19	  2	 14	 18	 16	 18	 16	 14	 14	 16	 15	 15	 15	 15	 42	 58	 34	 55	 36	 47
 20	 16	  3	  3	  3	  3	  1	  3	  4	  3	  3	  3	  3	  4	 27	 46	 27	 42	 29	 37	 16
 21	 49	 38	 33	 37	 34	 36	 38	 38	 36	 37	 38	 37	 38	 20	 11	 24	  8	 24	 13	 48	 35
 22	  2	 15	 20	 18	 20	 17	 16	 16	 18	 16	 16	 16	 17	 44	 61	 36	 57	 38	 50	  3	 17	 50
 23	 55	 44	 38	 42	 40	 41	 44	 44	 42	 43	 43	 43	 43	 23	  7	 31	  5	 30	 17	 54	 41	  7	 57
 24	 38	 35	 32	 35	 34	 33	 35	 35	 35	 34	 35	 34	 36	 39	 34	  6	 31	  5	 18	 37	 32	 28	 39	 34
 25	 24	 28	 29	 30	 30	 28	 28	 29	 30	 29	 29	 28	 30	 47	 51	 20	 48	 22	 36	 23	 27	 43	 25	 49	 20
