nVehicles:  23
nDepots:     1
nCustomers: 25
nPeriods:   12
VEHICLE_TYPE	FLEET_SIZE	CAPACITY
           1	        23	       8	
DEPOT   	X  	Y  	INV_COST	INITIAL_INV 	MIN_LEVEL_INV 	MAX_LEVEL_INV	PRODUCTION_0	PRODUCTION_1	PRODUCTION_2	PRODUCTION_3	PRODUCTION_4	PRODUCTION_5	PRODUCTION_6	PRODUCTION_7	PRODUCTION_8	PRODUCTION_9	PRODUCTION_10	PRODUCTION_11
       0	172	107	       0	        258	            0	         1996	         167	         167	         167	         167	         167	         167	         167	         167	         167	         167	          167	          167	
CUSTOMER	X  	Y  	INV_COST	INITIAL_INV	MIN_LEVEL_INV 	MAX_LEVEL_INV	DEMAND_0	DEMAND_1	DEMAND_2	DEMAND_3	DEMAND_4	DEMAND_5	DEMAND_6	DEMAND_7	DEMAND_8	DEMAND_9	DEMAND_10	DEMAND_11
       1	 98	 85	    0.22	          2	            0	           78	       0	       0	       0	       0	       0	       0	       0	       0	       6	       6	        4	        6
       2	101	 84	    0.05	          7	            0	           38	       4	       5	       8	       8	       8	       6	       5	       6	       8	       8	        6	        5
       3	 56	 72	    0.06	          5	            0	           48	       3	       4	       5	       6	       3	       3	       4	       5	       5	       3	        3	        6
       4	 93	 72	    0.18	          1	            0	           17	       3	       4	       6	       6	       7	       5	       5	       4	       5	       6	        8	        6
       5	 95	 85	    0.04	          8	            0	           50	       4	       4	       6	       7	       5	       4	       4	       5	       5	       5	        4	        4
       6	105	120	    0.12	          3	            0	           81	       7	       6	      10	      10	       9	       7	       5	       8	      10	      10	        9	        7
       7	 93	 94	    0.11	          2	            0	           13	       4	       4	       6	       6	       7	       4	       4	       4	       6	       6	        6	        4
       8	128	 80	    0.16	          4	            0	           18	       3	       4	       4	       5	       5	       5	       6	       4	       4	       3	        3	        4
       9	 97	 86	    0.18	          5	            0	           69	       7	       7	       8	       8	      10	       9	      12	       8	       6	       7	        6	        9
      10	105	 87	    0.15	          4	            0	           59	       0	       0	       0	       0	       0	       0	       0	       3	       6	       5	        3	        6
      11	 92	 77	    0.25	          9	            0	           45	       5	       5	       8	      10	       9	       9	       9	       5	       5	       7	        8	        8
      12	 95	 97	    0.04	          4	            0	           21	       3	       3	       4	       5	       6	       6	       5	       3	       4	       3	        3	        6
      13	191	 88	     0.2	          4	            0	           28	       3	       3	       5	       5	       5	       4	       4	       5	       5	       5	        3	        5
      14	 38	164	    0.22	          7	            0	           34	       4	       5	       6	       9	       7	       8	       6	       4	       4	       6	        7	        9
      15	104	377	    0.11	          8	            0	           80	       4	       5	       7	       6	       7	       4	       3	       5	       7	       7	        7	        6
      16	353	442	    0.15	          1	            0	           88	       3	       4	       4	       8	       4	       3	       4	       4	       8	       7	        6	        6
      17	  4	123	    0.12	          7	            0	           74	       4	       5	       6	       7	       8	       8	       7	       6	       6	       5	        6	       10
      18	352	125	     0.3	          2	            0	           18	       4	       4	       5	       6	       5	       6	       3	       3	       4	       5	        5	        5
      19	111	342	    0.12	          7	            0	           36	       4	       4	       5	       7	       7	       6	       4	       4	       4	       6	        8	        6
      20	224	149	    0.29	          4	            0	           50	       0	       0	       0	       2	       2	       0	       2	       3	       5	       8	        8	        7
      21	135	 90	    0.21	          9	            0	           62	       2	       2	       3	       4	       6	       7	       6	       5	       4	       6	        7	        8
      22	146	328	    0.15	          1	            0	           19	       4	       5	       5	       7	       7	       7	       6	       4	       4	       5	        7	        8
      23	355	304	       0	          8	            0	           32	       0	       0	       4	       6	       3	       4	       4	       6	       9	       7	        5	        8
      24	241	409	     0.2	         13	            0	          106	       0	       0	       0	       0	       0	       0	       0	       0	       0	       5	        8	       11
      25	381	279	    0.17	         12	            0	           49	       3	       3	       4	       5	       4	       4	       2	       3	       6	       8	        9	        6
COST_MATRIX 
	  0	  1	  2	  3	  4	  5	  6	  7	  8	  9	 10	 11	 12	 13	 14	 15	 16	 17	 18	 19	 20	 21	 22	 23	 24	 25
  0
  1	  8
  2	  8	  1
  3	 13	  5	  5
  4	  9	  2	  2	  4
  5	  9	  1	  1	  5	  2
  6	  7	  4	  4	  7	  5	  4
  7	  9	  2	  2	  5	  3	  1	  3
  8	  6	  4	  3	  8	  4	  4	  5	  4
  9	  8	  1	  1	  5	  2	  1	  4	  1	  4
 10	  7	  1	  1	  6	  2	  2	  4	  2	  3	  1
 11	  9	  2	  2	  4	  1	  1	  5	  2	  4	  2	  2
 12	  8	  2	  2	  5	  3	  2	  3	  1	  4	  2	  2	  3
 13	  3	 10	 10	 14	 10	 10	 10	 10	  7	 10	  9	 10	 10
 14	 15	 10	 11	 10	 11	 10	  9	  9	 13	 10	 11	 11	  9	 18
 15	 28	 30	 30	 31	 31	 30	 26	 29	 30	 30	 30	 31	 29	 31	 23
 16	 39	 44	 44	 48	 46	 45	 41	 44	 43	 44	 44	 45	 44	 39	 43	 26
 17	 17	 11	 11	  8	 11	 10	 11	 10	 14	 11	 11	 10	 10	 20	  6	 28	 48
 18	 19	 26	 26	 31	 27	 27	 25	 27	 23	 26	 25	 27	 26	 17	 32	 36	 32	 35
 19	 25	 26	 26	 28	 28	 26	 23	 25	 27	 26	 26	 27	 25	 27	 20	  4	 27	 25	 33
 20	  7	 15	 14	 19	 16	 15	 13	 15	 12	 15	 14	 16	 14	  7	 19	 26	 33	 23	 14	 23
 21	  5	  4	  4	  9	  5	  5	  5	  5	  2	  4	  4	  5	  5	  6	 13	 29	 42	 14	 22	 26	 11
 22	 23	 25	 25	 28	 27	 25	 22	 24	 25	 25	 25	 26	 24	 25	 20	  7	 24	 25	 29	  4	 20	 24
 23	 27	 34	 34	 38	 35	 34	 32	 34	 32	 34	 34	 35	 34	 28	 35	 27	 14	 40	 18	 25	 21	 31	 22
 24	 31	 36	 36	 39	 37	 36	 32	 35	 35	 36	 35	 37	 35	 33	 32	 15	 12	 38	 31	 15	 27	 34	 13	 16
 25	 28	 35	 35	 39	 36	 35	 32	 35	 33	 35	 34	 36	 34	 27	 37	 30	 17	 41	 16	 28	 21	 32	 25	  4	 20
