nVehicles:   6
nDepots:     1
nCustomers: 25
nPeriods:    9
VEHICLE_TYPE	FLEET_SIZE	CAPACITY
           4	         6	      38	
DEPOT   	X  	Y  	INV_COST	INITIAL_INV 	MIN_LEVEL_INV 	MAX_LEVEL_INV	PRODUCTION_0	PRODUCTION_1	PRODUCTION_2	PRODUCTION_3	PRODUCTION_4	PRODUCTION_5	PRODUCTION_6	PRODUCTION_7	PRODUCTION_8
       0	226	 16	       0	        196	            0	         1627	         185	         185	         185	         185	         185	         185	         185	         185	         185	
CUSTOMER	X  	Y  	INV_COST	INITIAL_INV	MIN_LEVEL_INV 	MAX_LEVEL_INV	DEMAND_0	DEMAND_1	DEMAND_2	DEMAND_3	DEMAND_4	DEMAND_5	DEMAND_6	DEMAND_7	DEMAND_8
       1	174	350	     0.2	         13	            0	           45	       7	       8	      11	       9	       6	       6	      10	      11	       8
       2	175	360	    0.17	         13	            0	           63	       6	       8	       9	       9	       7	       5	       5	       7	      10
       3	171	361	     0.2	          2	            0	           62	       7	       8	      12	      12	      10	       7	       7	       7	      10
       4	194	363	    0.09	          4	            0	           47	       5	       6	       8	       7	       5	       5	       5	       8	       7
       5	175	348	    0.29	         13	            0	           59	       7	       9	      10	      12	       8	       7	       7	      12	      11
       6	196	350	    0.22	          6	            0	           51	       5	       7	       9	      10	       7	       6	       5	       6	       8
       7	193	384	    0.16	          2	            0	           29	       3	       5	       5	       5	       3	       3	       5	       5	       5
       8	172	355	    0.21	         15	            0	           32	       6	       9	      15	      11	       8	       9	      11	      11	       9
       9	207	352	    0.03	         13	            0	           35	       7	      10	      12	      12	      12	       8	       7	       8	       7
      10	172	339	    0.19	          8	            0	           54	       7	      11	      11	      14	      11	       7	       6	       7	      10
      11	199	357	    0.25	          7	            0	           17	       4	       5	       6	       6	       6	       6	       5	       4	       3
      12	196	366	    0.19	          3	            0	           29	       6	      11	      13	       9	       8	       7	      10	      11	      10
      13	447	 40	    0.29	          8	            0	           40	       4	       5	       5	       5	       4	       3	       4	       5	       6
      14	318	364	    0.27	         12	            0	           54	       7	       8	      10	      12	       9	       8	       7	       7	       9
      15	475	 26	    0.14	          6	            0	           23	       4	       5	       7	       7	       6	       6	       4	       5	       4
      16	 89	  3	    0.18	          7	            0	           53	       5	       8	       9	      10	       8	       5	       6	       6	      10
      17	 66	412	    0.13	          2	            0	           52	       7	       9	      11	      13	      13	      11	       7	       8	       9
      18	340	 70	    0.27	         12	            0	           34	       7	       9	      10	      12	      11	       9	       9	       7	       8
      19	176	395	    0.02	          6	            0	           42	       5	       6	       6	       6	       5	       4	       5	       6	       8
      20	141	486	    0.25	          8	            0	           23	       4	       6	       7	       9	       5	       4	       4	       7	       9
      21	151	109	    0.07	          9	            0	           24	       4	       5	       6	       5	       3	       4	       4	       6	       5
      22	187	 83	    0.15	          7	            0	           26	       3	       4	       6	       6	       4	       3	       4	       6	       5
      23	 85	390	    0.28	          7	            0	           36	       5	       8	      10	       9	       9	       7	       6	       6	       9
      24	250	186	    0.13	         11	            0	           13	       6	       7	       9	      10	       8	       9	       6	       5	       5
      25	255	381	    0.27	          9	            0	           77	       7	      10	      12	       8	       8	       7	       9	      12	      10
COST_MATRIX 
	  0	  1	  2	  3	  4	  5	  6	  7	  8	  9	 10	 11	 12	 13	 14	 15	 16	 17	 18	 19	 20	 21	 22	 23	 24	 25
  0
  1	 34
  2	 35	  2
  3	 35	  2	  1
  4	 35	  3	  2	  3
  5	 34	  1	  2	  2	  3
  6	 34	  3	  3	  3	  2	  3
  7	 37	  4	  4	  4	  3	  5	  4
  8	 35	  1	  1	  1	  3	  1	  3	  4
  9	 34	  4	  4	  4	  2	  4	  2	  4	  4
 10	 33	  2	  3	  3	  4	  1	  3	  5	  2	  4
 11	 35	  3	  3	  3	  1	  3	  1	  3	  3	  1	  4
 12	 36	  3	  3	  3	  1	  3	  2	  2	  3	  2	  4	  1
 13	 23	 42	 42	 43	 42	 42	 40	 43	 42	 40	 41	 41	 42
 14	 36	 15	 15	 15	 13	 15	 13	 13	 15	 12	 15	 12	 13	 35
 15	 25	 45	 45	 46	 44	 45	 43	 46	 45	 43	 44	 44	 44	  4	 38
 16	 14	 36	 37	 37	 38	 36	 37	 40	 37	 37	 35	 38	 38	 36	 43	 39
 17	 43	 13	 13	 12	 14	 13	 15	 14	 13	 16	 13	 15	 14	 54	 26	 57	 41
 18	 13	 33	 34	 34	 33	 33	 32	 35	 34	 32	 32	 32	 33	 12	 30	 15	 26	 44
 19	 39	  5	  4	  4	  4	  5	  5	  3	  5	  6	  6	  5	  4	 45	 15	 48	 41	 12	 37
 20	 48	 14	 14	 13	 14	 15	 15	 12	 14	 15	 16	 15	 14	 55	 22	 57	 49	 11	 47	 10
 21	 12	 25	 26	 26	 26	 25	 25	 28	 25	 25	 24	 26	 27	 31	 31	 34	 13	 32	 20	 29	 38
 22	  8	 27	 28	 28	 29	 27	 27	 31	 28	 27	 26	 28	 29	 27	 32	 30	 13	 36	 16	 32	 41	  5
 23	 40	 10	 10	 10	 12	 10	 12	 11	 10	 13	 11	 12	 12	 51	 24	 54	 39	  3	 41	 10	 12	 29	 33
 24	 18	 19	 19	 20	 19	 18	 18	 21	 19	 18	 18	 18	 19	 25	 20	 28	 25	 30	 15	 23	 32	 13	 13	 27
 25	 37	  9	  9	  9	  7	  9	  7	  7	  9	  6	 10	  7	  7	 40	  7	 42	 42	 20	 33	  9	 16	 30	 31	 18	 20
