nVehicles:   9
nDepots:     1
nCustomers: 50
nPeriods:    6
VEHICLE_TYPE	FLEET_SIZE	CAPACITY
           4	         9	      38	
DEPOT   	X  	Y  	INV_COST	INITIAL_INV 	MIN_LEVEL_INV 	MAX_LEVEL_INV	PRODUCTION_0	PRODUCTION_1	PRODUCTION_2	PRODUCTION_3	PRODUCTION_4	PRODUCTION_5
       0	468	479	       0	        223	            0	         1930	         328	         328	         328	         328	         328	         328	
CUSTOMER	X  	Y  	INV_COST	INITIAL_INV	MIN_LEVEL_INV 	MAX_LEVEL_INV	DEMAND_0	DEMAND_1	DEMAND_2	DEMAND_3	DEMAND_4	DEMAND_5
       1	318	 12	    0.19	          1	            0	           20	       4	       4	       5	       6	       6	       5
       2	307	  4	    0.17	          8	            0	           12	       5	       4	       4	       7	       8	       6
       3	311	  4	    0.16	          5	            0	           13	       7	       6	       6	       9	       8	       7
       4	303	 42	    0.24	         10	            0	           43	       6	       4	       6	       8	       9	      11
       5	300	 34	    0.25	         14	            0	           26	       8	       7	      11	      12	       9	       7
       6	307	  6	     0.1	          3	            0	           29	       6	       5	       8	       7	      11	      11
       7	310	  2	    0.24	          2	            0	           26	       4	       4	       7	       8	       6	       4
       8	286	 13	    0.24	          7	            0	           16	       4	       3	       6	       5	       4	       3
       9	317	  9	    0.12	          4	            0	            7	       3	       3	       4	       5	       6	       4
      10	328	  2	    0.01	         14	            0	           44	       8	       6	       8	       9	      13	      12
      11	294	 15	    0.29	          8	            0	           25	       4	       4	       4	       6	       7	       7
      12	353	  5	    0.13	          1	            0	           33	       4	       5	       4	       5	       7	       8
      13	320	402	    0.28	          7	            0	            7	       4	       3	       4	       5	       5	       4
      14	337	408	    0.12	          1	            0	           13	       4	       3	       4	       4	       5	       6
      15	305	420	    0.17	          9	            0	           12	       5	       5	       4	       7	       6	       7
      16	325	413	    0.25	          3	            0	           21	       4	       5	       5	       5	       7	       6
      17	344	409	    0.11	         10	            0	           42	       8	       6	      10	      12	      10	       6
      18	336	393	    0.17	          3	            0	           38	       5	       5	       6	       7	       9	       6
      19	347	411	    0.15	         10	            0	           36	       8	       7	       9	      13	      10	       9
      20	321	417	    0.09	         11	            0	           26	       7	       6	       8	       9	      10	      11
      21	344	421	    0.25	         10	            0	           29	       7	       6	       8	       8	      11	      10
      22	329	405	    0.05	          4	            0	            9	       3	       4	       5	       6	       5	       3
      23	321	425	    0.29	          6	            0	           10	       4	       4	       4	       5	       7	       6
      24	336	417	    0.21	          7	            0	           16	       9	       8	      10	      11	      12	       6
      25	  0	  0	    0.07	          6	            0	           18	       5	       5	       5	       6	       7	      10
      26	 61	181	    0.18	          5	            0	           34	       7	       5	       9	      10	       9	       7
      27	  3	432	    0.26	          3	            0	           14	       4	       4	       4	       5	       6	       5
      28	  5	 93	    0.02	          7	            0	           17	       5	       4	       6	       8	       6	       5
      29	225	 31	    0.02	          2	            0	           19	       4	       4	       4	       5	       6	       4
      30	492	142	    0.23	         11	            0	           24	       5	       6	       6	       8	      10	      11
      31	222	286	    0.19	          9	            0	           33	       5	       4	       5	       7	       7	       6
      32	 64	400	    0.27	         10	            0	           36	       7	       7	       7	      10	      11	      12
      33	187	360	    0.25	          9	            0	           14	       5	       5	       6	       8	      10	       7
      34	413	474	    0.29	         14	            0	           53	       8	       8	       8	      10	      12	       9
      35	270	170	    0.06	          8	            0	           33	       5	       4	       6	       7	       8	       5
      36	235	333	    0.18	          4	            0	           35	       7	       5	       6	       7	       9	       9
      37	211	260	    0.25	          9	            0	           20	       5	       5	       6	       8	       8	       9
      38	396	167	       0	          1	            0	           33	       9	       6	       7	      11	      13	      14
      39	285	 50	    0.28	          3	            0	           24	       6	       5	       7	       7	       7	       5
      40	140	194	    0.24	         10	            0	           23	       7	       5	       7	       7	       9	      10
      41	195	124	    0.27	          2	            0	            9	       5	       4	       4	       6	       8	       6
      42	 19	125	    0.08	          9	            0	           10	       5	       5	       6	       9	       9	      10
      43	 76	194	    0.03	          1	            0	           36	       5	       5	       8	      10	       8	       5
      44	158	302	    0.29	         13	            0	           33	       7	       7	       6	       8	      10	      12
      45	371	466	    0.01	          4	            0	           16	       4	       3	       5	       6	       5	       4
      46	178	 93	    0.03	          4	            0	           23	       3	       3	       5	       6	       6	       4
      47	351	484	    0.26	          6	            0	           21	       4	       3	       4	       4	       4	       7
      48	 18	464	    0.06	          8	            0	           26	       4	       4	       5	       6	       7	       6
      49	119	152	    0.04	         12	            0	           30	       7	       5	       5	       9	      10	      10
      50	300	 87	    0.01	          5	            0	           23	       5	       5	       6	       8	       9	       8
COST_MATRIX 
	  0	  1	  2	  3	  4	  5	  6	  7	  8	  9	 10	 11	 12	 13	 14	 15	 16	 17	 18	 19	 20	 21	 22	 23	 24	 25	 26	 27	 28	 29	 30	 31	 32	 33	 34	 35	 36	 37	 38	 39	 40	 41	 42	 43	 44	 45	 46	 47	 48	 49	 50
  0
  1	 50
  2	 51	  2
  3	 51	  2	  1
  4	 47	  4	  4	  4
  5	 48	  3	  4	  4	  1
  6	 50	  2	  1	  1	  4	  3
  7	 51	  2	  1	  1	  5	  4	  1
  8	 51	  4	  3	  3	  4	  3	  3	  3
  9	 50	  1	  2	  1	  4	  4	  2	  1	  4
 10	 50	  2	  3	  2	  5	  5	  3	  2	  5	  2
 11	 50	  3	  2	  3	  3	  2	  2	  3	  1	  3	  4
 12	 49	  4	  5	  5	  7	  7	  5	  5	  7	  4	  3	  6
 13	 17	 40	 40	 40	 37	 37	 40	 41	 40	 40	 41	 39	 40
 14	 15	 40	 41	 41	 37	 38	 41	 41	 40	 40	 41	 40	 41	  2
 15	 18	 41	 42	 42	 38	 39	 42	 42	 41	 42	 42	 41	 42	  3	  4
 16	 16	 41	 41	 41	 38	 38	 41	 42	 41	 41	 42	 40	 41	  2	  2	  3
 17	 15	 40	 41	 41	 37	 38	 41	 41	 41	 41	 41	 40	 41	  3	  1	  5	  2
 18	 16	 39	 40	 39	 36	 37	 39	 40	 39	 39	 40	 39	 39	  2	  2	  5	  3	  2
 19	 14	 41	 41	 41	 38	 38	 41	 42	 41	 41	 41	 40	 41	  3	  2	  5	  3	  1	  3
 20	 16	 41	 42	 42	 38	 39	 42	 42	 41	 41	 42	 41	 42	  2	  2	  2	  1	  3	  3	  3
 21	 14	 41	 42	 42	 39	 39	 42	 43	 42	 42	 42	 41	 42	  4	  2	  4	  3	  2	  3	  2	  3
 22	 16	 40	 41	 41	 37	 38	 40	 41	 40	 40	 41	 40	 41	  1	  1	  3	  1	  2	  2	  2	  2	  3
 23	 16	 42	 43	 43	 39	 40	 42	 43	 42	 42	 43	 42	 43	  3	  3	  2	  2	  3	  4	  3	  1	  3	  3
 24	 15	 41	 42	 42	 38	 39	 42	 42	 41	 41	 42	 41	 42	  3	  1	  4	  2	  2	  3	  2	  2	  1	  2	  2
 25	 67	 32	 31	 32	 31	 31	 31	 32	 29	 32	 33	 30	 36	 52	 53	 52	 53	 54	 52	 54	 53	 55	 53	 54	 54
 26	 51	 31	 31	 31	 28	 29	 31	 31	 29	 31	 33	 29	 35	 35	 36	 35	 36	 37	 35	 37	 36	 38	 35	 36	 37	 20
 27	 47	 53	 53	 53	 50	 50	 53	 53	 51	 53	 54	 51	 56	 32	 34	 31	 33	 35	 34	 35	 32	 35	 33	 32	 34	 44	 26
 28	 61	 33	 32	 32	 31	 31	 32	 32	 30	 33	 34	 30	 36	 45	 46	 45	 46	 47	 45	 47	 46	 48	 45	 46	 47	 10	 11	 34
 29	 51	 10	  9	 10	  8	  8	  9	  9	  7	 10	 11	  8	 14	 39	 40	 40	 40	 40	 38	 40	 40	 41	 39	 41	 41	 23	 23	 46	 23
 30	 34	 22	 24	 23	 22	 23	 23	 23	 25	 22	 22	 24	 20	 32	 31	 34	 32	 31	 30	 31	 33	 32	 31	 34	 32	 52	 44	 57	 49	 29
 31	 32	 30	 30	 30	 26	 27	 30	 30	 29	 30	 31	 29	 32	 16	 17	 16	 17	 18	 16	 18	 17	 19	 17	 18	 18	 37	 20	 27	 30	 26	 31
 32	 42	 47	 47	 47	 44	 44	 47	 47	 45	 47	 48	 45	 49	 26	 28	 25	 27	 29	 28	 29	 26	 29	 27	 26	 28	 41	 22	  7	 32	 41	 50	 20
 33	 31	 38	 38	 38	 34	 35	 38	 38	 37	 38	 39	 37	 40	 14	 16	 14	 15	 17	 16	 17	 15	 17	 15	 15	 16	 41	 22	 20	 33	 34	 38	  9	 13
 34	  6	 48	 49	 49	 45	 46	 48	 49	 48	 48	 48	 48	 48	 12	 11	 13	 11	 10	 12	 10	 11	  9	 11	 11	 10	 63	 46	 42	 56	 49	 35	 27	 36	 26
 35	 37	 17	 18	 18	 14	 14	 17	 18	 16	 17	 18	 16	 19	 24	 25	 26	 25	 26	 24	 26	 26	 27	 25	 27	 26	 32	 21	 38	 28	 15	 23	 13	 31	 21	 34
 36	 28	 34	 34	 34	 30	 31	 34	 34	 33	 34	 35	 33	 35	 11	 13	 12	 13	 14	 12	 14	 13	 15	 12	 13	 14	 41	 24	 26	 34	 31	 33	  5	 19	  6	 23	 17
 37	 34	 28	 28	 28	 24	 25	 28	 28	 26	 28	 29	 26	 30	 18	 20	 19	 20	 20	 19	 21	 20	 21	 19	 20	 21	 34	 17	 27	 27	 23	 31	  3	 21	 11	 30	 11	  8
 38	 33	 18	 19	 19	 16	 17	 19	 19	 19	 18	 18	 19	 17	 25	 25	 27	 26	 25	 24	 25	 27	 26	 25	 27	 26	 43	 34	 48	 40	 22	 10	 22	 41	 29	 31	 13	 24	 21
 39	 47	  6	  6	  6	  2	  3	  5	  6	  4	  6	  7	  4	  9	 36	 37	 38	 37	 37	 35	 37	 37	 38	 36	 38	 38	 29	 26	 48	 29	  7	 23	 25	 42	 33	 45	 13	 29	 23	 17
 40	 44	 26	 26	 26	 23	 23	 26	 26	 24	 26	 27	 24	 29	 28	 30	 28	 29	 30	 28	 30	 29	 31	 29	 30	 30	 24	  9	 28	 17	 19	 36	 13	 22	 18	 40	 14	 17	 10	 26	 21
 41	 45	 17	 17	 17	 14	 14	 17	 17	 15	 17	 19	 15	 20	 31	 32	 32	 32	 33	 31	 33	 32	 34	 32	 33	 33	 24	 15	 37	 20	 10	 30	 17	 31	 24	 42	  9	 22	 14	 21	 12	  9
 42	 58	 32	 32	 32	 30	 30	 32	 32	 29	 32	 34	 30	 36	 41	 43	 42	 43	 44	 42	 44	 43	 44	 42	 43	 44	 13	  8	 31	  4	 23	 48	 26	 28	 29	 53	 26	 30	 24	 38	 28	 14	 18
 43	 49	 31	 30	 31	 28	 28	 30	 31	 28	 31	 32	 29	 34	 33	 34	 33	 34	 35	 33	 35	 34	 36	 33	 34	 35	 21	  2	 25	 13	 23	 42	 18	 21	 20	 44	 20	 22	 16	 33	 26	  7	 14	  9
 44	 36	 34	 34	 34	 30	 31	 34	 34	 32	 34	 35	 32	 36	 20	 21	 19	 21	 22	 20	 22	 20	 23	 20	 21	 22	 35	 16	 21	 26	 28	 38	  7	 14	  7	 31	 18	  9	  7	 28	 29	 11	 19	 23	 14
 45	 10	 46	 47	 47	 43	 44	 47	 47	 47	 47	 47	 46	 47	  9	  7	  9	  8	  7	  9	  7	  8	  6	  8	  7	  7	 60	 43	 37	 53	 46	 35	 24	 32	 22	  5	 32	 20	 27	 31	 43	 36	 39	 50	 41	 27
 46	 49	 17	 16	 17	 14	 14	 16	 17	 14	 17	 18	 14	 20	 35	 36	 36	 36	 36	 34	 37	 36	 37	 35	 37	 37	 21	 15	 39	 18	  8	 32	 20	 33	 27	 45	 12	 25	 18	 24	 12	 11	  4	 17	 15	 21	 42
 47	 12	 48	 49	 49	 45	 46	 49	 49	 48	 48	 49	 48	 48	  9	  8	  8	  8	  8	 10	  8	  8	  7	  9	  7	  7	 60	 42	 36	 53	 48	 37	 24	 30	 21	  7	 33	 20	 27	 33	 44	 36	 40	 49	 40	 27	  3	 43
 48	 46	 55	 55	 55	 51	 52	 55	 55	 53	 55	 56	 53	 57	 31	 33	 30	 32	 34	 33	 34	 31	 33	 32	 31	 33	 47	 29	  4	 38	 48	 58	 28	  8	 20	 40	 39	 26	 29	 49	 50	 30	 39	 34	 28	 22	 36	 41	 34
 49	 48	 25	 24	 25	 22	 22	 24	 25	 22	 25	 26	 23	 28	 33	 34	 33	 34	 35	 33	 35	 34	 36	 33	 34	 35	 20	  7	 31	 13	 17	 38	 17	 26	 22	 44	 16	 22	 15	 28	 20	  5	  9	 11	  7	 16	 41	  9	 41	 33
 50	 43	  8	  9	  9	  5	  6	  9	  9	  8	  8	  9	  8	 10	 32	 33	 34	 33	 33	 31	 33	 34	 34	 32	 34	 34	 32	 26	 46	 30	 10	 20	 22	 40	 30	 41	  9	 26	 20	 13	  4	 20	 12	 29	 25	 26	 39	 13	 41	 48	 20
