nVehicles:   94
nDepots:      1
nCustomers: 100
nPeriods:    12
VEHICLE_TYPE	FLEET_SIZE	CAPACITY
           1	        94	       8	
DEPOT   	X  	Y  	INV_COST	INITIAL_INV 	MIN_LEVEL_INV 	MAX_LEVEL_INV	PRODUCTION_0	PRODUCTION_1	PRODUCTION_2	PRODUCTION_3	PRODUCTION_4	PRODUCTION_5	PRODUCTION_6	PRODUCTION_7	PRODUCTION_8	PRODUCTION_9	PRODUCTION_10	PRODUCTION_11
       0	207	245	       0	       1103	            0	         8296	         692	         692	         692	         692	         692	         692	         692	         692	         692	         692	          692	          692	
CUSTOMER	X  	Y  	INV_COST	INITIAL_INV	MIN_LEVEL_INV 	MAX_LEVEL_INV	DEMAND_0	DEMAND_1	DEMAND_2	DEMAND_3	DEMAND_4	DEMAND_5	DEMAND_6	DEMAND_7	DEMAND_8	DEMAND_9	DEMAND_10	DEMAND_11
       1	369	471	     0.2	          9	            0	           84	      10	       8	       7	       5	       7	      10	       8	       6	       5	       7	        8	        9
       2	378	481	     0.3	         17	            0	           68	       9	       8	       8	       7	       7	      10	       9	      12	      10	       7	        6	        8
       3	368	477	    0.03	         20	            0	           82	      14	       9	       8	       6	       9	      10	      14	      11	       9	       7	        7	       10
       4	377	493	    0.04	         22	            0	           81	      13	       9	       7	       7	      10	      12	       9	       7	       7	      11	       10	       12
       5	370	479	    0.07	          1	            0	           53	       0	       0	       0	       0	       0	       0	       0	       2	       1	       2	        2	        6
       6	367	477	    0.16	          3	            0	          110	       0	       0	       0	       0	       0	       0	       0	       2	       0	       0	        3	        8
       7	359	475	    0.16	          1	            0	           34	       5	       5	       4	       4	       3	       5	       6	       6	       5	       4	        4	        4
       8	289	461	    0.13	          7	            0	           65	       9	      10	       7	       5	       7	      10	      10	      10	      10	       8	        6	        6
       9	365	474	    0.27	          8	            0	           45	       5	       5	       4	       3	       4	       5	       6	       4	       4	       3	        4	        5
      10	367	471	    0.09	          8	            0	           69	      10	       8	       6	       5	       6	       8	      10	       9	       9	       5	        6	        7
      11	367	476	    0.12	          9	            0	           25	      10	       8	       6	       5	       5	       8	       8	       9	       9	       7	        5	        6
      12	371	477	    0.25	         11	            0	           54	       0	       0	       0	       0	       0	       1	       0	       0	       0	       7	        8	        7
      13	357	488	    0.24	          3	            0	           40	       0	       0	       0	       0	       0	       0	       1	       3	       1	       3	        6	       11
      14	370	481	    0.21	         15	            0	           56	       9	      10	       9	       6	       7	       8	      11	      13	       9	       7	        6	        7
      15	434	479	    0.16	          1	            0	           74	       0	       0	       0	       0	       3	       3	       3	       2	       3	       5	        8	        9
      16	412	500	    0.11	          3	            0	           41	      10	       7	       5	       4	       9	      10	       8	       6	       7	       7	        9	        8
      17	 15	 40	    0.06	          1	            0	           58	       7	       8	       7	       5	       5	       5	       6	       8	       6	       6	        4	        5
      18	 20	 43	    0.23	          8	            0	           68	       9	      11	       6	       6	      10	       9	       9	       6	       7	       9	        9	        9
      19	 26	 38	    0.13	         14	            0	           28	       9	      11	       7	       5	       8	       9	      10	       8	       6	       9	        8	       12
      20	 26	 46	    0.01	         13	            0	           47	      10	       9	       7	       6	       6	       6	      10	      10	       8	       7	        6	        6
      21	 17	 21	    0.08	         10	            0	           12	       6	       5	       4	       4	       4	       6	       5	       5	       3	       4	        5	        6
      22	  3	 29	    0.06	          5	            0	          108	       0	       0	       0	       0	       0	       0	       0	       3	       3	       3	        4	        5
      23	 28	 45	    0.15	         19	            0	           96	      11	       8	       7	       6	       6	       8	      11	       9	       6	       6	        9	       11
      24	 11	 29	    0.18	          7	            0	           30	       6	       5	       5	       4	       4	       3	       5	       5	       5	       6	        4	        3
      25	 24	 76	    0.05	         19	            0	           79	      10	      10	       9	       6	       7	       7	       8	      10	      10	      11	       10	        6
      26	  4	 41	    0.18	         20	            0	           22	      11	      10	       6	       5	       7	       7	       9	      10	       5	       5	        6	        8
      27	  7	 44	    0.26	          9	            0	           49	       6	       5	       5	       3	       6	       6	       6	       5	       4	       5	        6	        8
      28	  4	 40	     0.1	          3	            0	           42	       7	       7	       5	       4	       5	       6	       7	       6	       6	       5	        5	        4
      29	 14	 38	    0.29	         10	            0	           13	       5	       5	       5	       4	       4	       4	       4	       4	       5	       5	        4	        3
      30	 39	 31	    0.07	          8	            0	           14	       7	       8	       6	       4	       4	       4	       5	       6	       6	       6	        7	        5
      31	 17	 30	    0.04	          6	            0	           48	       6	       6	       5	       4	       4	       7	       7	       7	       4	       4	        4	        7
      32	 33	 19	    0.19	          9	            0	           94	       0	       0	       0	       0	       0	       0	       1	       5	       4	       5	        5	        5
      33	173	471	    0.06	         12	            0	           61	       9	       8	       6	       4	       6	       7	       6	       6	       4	       7	        9	        6
      34	165	459	    0.26	          8	            0	           31	      11	       9	       9	       6	       9	       9	       9	       9	       6	       7	        8	        9
      35	171	470	    0.25	          8	            0	           20	       7	       7	       6	       4	       4	       5	       6	       8	       5	       4	        4	        5
      36	173	464	    0.07	          8	            0	           26	       5	       6	       4	       3	       3	       5	       5	       4	       3	       3	        4	        5
      37	165	466	    0.22	          2	            0	           61	       7	       6	       4	       4	       5	       8	       6	       5	       4	       5	        6	        7
      38	163	466	    0.04	          9	            0	           70	       7	       7	       5	       6	       7	       9	       6	       5	       5	       8	        9	        8
      39	177	451	    0.11	          7	            0	           57	       5	       6	       4	       3	       4	       6	       7	       6	       5	       4	        4	        4
      40	172	473	    0.13	          4	            0	           50	       6	       4	       4	       4	       5	       5	       5	       5	       3	       4	        4	        5
      41	167	479	    0.05	         12	            0	           29	       7	       8	       7	       6	       5	       7	       7	       9	       9	       6	        5	        5
      42	171	479	    0.07	          4	            0	           57	       1	       0	       0	       0	       0	       2	       4	       5	       3	       5	        6	        8
      43	166	473	    0.05	          2	            0	           76	       8	       8	       4	       6	       7	       9	       6	       4	       5	       7	        9	        7
      44	167	457	    0.11	          6	            0	           90	       2	       0	       1	       0	       0	       0	       1	       3	       4	       9	        8	        6
      45	176	482	    0.18	          9	            0	           54	       6	       7	       5	       4	       4	       6	       7	       8	       6	       5	        4	        4
      46	173	470	    0.17	         23	            0	           36	      13	      11	       8	       8	      10	      12	      11	       7	       8	       9	       10	        8
      47	183	464	    0.07	          6	            0	           68	       6	       4	       3	       2	       1	       6	       7	       6	       3	       4	        8	        9
      48	169	442	    0.06	          6	            0	           28	       8	       6	       4	       3	       5	       5	       8	       6	       4	       4	        5	        7
      49	  0	  0	    0.11	         10	            0	           66	       7	       8	       7	       5	       6	       7	      11	       8	       6	       5	        8	       10
      50	  0	  0	     0.3	          6	            0	           48	       8	       6	       4	       6	       6	       7	       5	       4	       7	       9	        8	        5
      51	294	244	    0.19	         10	            0	           82	       9	      10	       6	       6	       5	       7	      10	       9	       9	       7	        6	        5
      52	206	 75	    0.06	         15	            0	           74	       9	       7	       6	       5	       5	       5	       6	       9	       7	       8	        7	        6
      53	 71	490	    0.28	          7	            0	           58	       8	       6	       5	       4	       5	       6	       5	       4	       4	       7	        7	        5
      54	384	319	    0.25	         12	            0	           31	       6	       6	       4	       4	       3	       4	       5	       5	       5	       5	        4	        4
      55	479	195	    0.27	         15	            0	           42	       9	      11	       7	       5	       8	      12	      12	       8	       6	       6	        7	       11
      56	158	307	    0.28	          9	            0	           38	       5	       4	       4	       4	       3	       4	       6	       5	       5	       4	        4	        4
      57	345	374	    0.02	          3	            0	           47	       0	       0	       0	       0	       0	       0	       2	       3	       4	       4	        5	        6
      58	438	156	    0.17	          6	            0	           45	       5	       4	       4	       4	       4	       5	       6	       6	       4	       4	        4	        5
      59	320	432	    0.02	          4	            0	           25	       6	       6	       4	       3	       5	       6	       6	       4	       4	       5	        4	        6
      60	266	222	    0.12	          6	            0	           16	       6	       5	       3	       4	       5	       5	       5	       4	       4	       5	        5	        5
      61	457	 53	    0.15	          3	            0	           14	       6	       7	       5	       4	       4	       5	       5	       7	       7	       7	        7	        4
      62	271	455	    0.21	          8	            0	           39	       6	       6	       4	       3	       5	       8	       7	       5	       4	       5	        7	        7
      63	389	125	    0.04	          7	            0	           57	       7	       6	       5	       4	       5	       7	       6	       6	       4	       4	        5	        7
      64	 29	128	    0.05	          5	            0	           40	       6	       5	       4	       5	       6	       7	       5	       4	       6	       8	        6	        5
      65	 39	 27	    0.09	         10	            0	           47	       7	       7	       4	       4	       9	      10	       7	       5	       6	       7	        8	        7
      66	394	490	    0.11	          3	            0	           20	       7	       6	       6	       4	       3	       5	       6	       6	       6	       6	        4	        4
      67	148	 54	    0.27	         13	            0	           71	       9	       8	       5	       5	       5	       8	       8	       8	       6	       5	        5	        7
      68	 17	192	     0.2	         14	            0	           57	       7	       7	       3	       0	       0	       4	       4	       6	       7	       6	        5	        7
      69	 30	118	    0.03	          5	            0	           67	       7	       8	       6	       5	       5	       7	       8	       8	       6	       5	        5	        9
      70	148	 56	    0.15	          5	            0	           39	       7	       6	       5	       5	       6	       7	       6	       4	       4	       4	        6	        7
      71	490	282	     0.2	          1	            0	           18	       6	       7	       5	       4	       5	       8	       6	       4	       3	       5	        6	        7
      72	243	439	    0.19	          4	            0	           59	       0	       0	       0	       0	       0	       0	       0	       3	       4	       8	        7	        8
      73	301	493	    0.12	          9	            0	           35	       5	       6	       4	       4	       4	       5	       6	       5	       4	       3	        3	        4
      74	427	269	    0.04	          4	            0	           23	       7	       7	       4	       5	       7	       8	       6	       5	       6	       7	        8	        7
      75	393	 33	    0.03	         12	            0	           50	       6	       6	       5	       4	       6	       8	       8	       6	       4	       5	        8	       10
      76	431	 92	    0.02	         24	            0	           37	       2	       0	       0	       0	       0	       3	       2	       0	       1	       3	        7	       10
      77	135	 26	    0.27	          7	            0	           33	       6	       3	       1	       1	       3	       6	       6	       4	       4	       8	        9	        7
      78	342	 80	    0.16	          6	            0	           65	       8	       7	       5	       5	       7	       7	       6	       5	       5	       6	        7	        6
      79	116	461	    0.16	         10	            0	           86	       4	       3	       3	       1	       1	       6	       5	       5	       5	       4	        7	        9
      80	217	407	    0.04	          6	            0	           48	       8	       6	       5	       6	       6	       8	       7	       5	       6	       8	        8	        5
      81	420	245	     0.2	         12	            0	           46	       6	       6	       4	       3	       4	       6	       6	       5	       4	       3	        4	        6
      82	166	121	    0.05	          2	            0	           72	       7	       7	       6	       5	       7	       8	       9	       8	       7	       6	        6	        7
      83	282	282	    0.01	          7	            0	           16	       7	       7	       6	       5	       4	       4	       5	       8	       6	       6	        4	        4
      84	  6	491	    0.09	         10	            0	           54	       6	       5	       3	       2	       6	       5	       6	       4	       4	       7	        8	       10
      85	370	115	    0.01	         11	            0	           59	       8	       6	       6	       5	       5	       6	       7	       6	       6	       4	        5	        6
      86	195	143	    0.04	         12	            0	           37	       8	       7	       4	       2	       3	       4	       7	       6	       7	       4	        6	        8
      87	263	271	    0.26	          4	            0	           39	       6	       4	       4	       3	       2	       3	       4	       5	       7	       6	        6	        5
      88	 92	435	    0.23	          2	            0	           28	       6	       4	       4	       4	       4	       4	       6	       5	       5	       4	        3	        5
      89	217	412	    0.27	         16	            0	           33	       9	       7	       6	       4	       6	       7	      10	       8	       7	       5	        6	        8
      90	381	467	    0.27	         11	            0	           51	       6	       6	       4	       4	       3	       3	       4	       6	       5	       4	        4	        3
      91	221	452	    0.07	          6	            0	           89	       8	       4	       3	       2	       4	       4	       8	       8	       5	       4	        6	        8
      92	322	328	    0.04	         13	            0	           20	       7	       6	       5	       4	       5	       6	       8	       8	       6	       5	        6	        8
      93	230	429	    0.05	          2	            0	           75	       9	       8	       6	       5	       5	       6	       8	       7	       8	       6	        5	        4
      94	424	199	    0.06	          3	            0	           89	       2	       2	       1	       1	       1	       2	       4	       5	       5	       5	        5	        7
      95	153	151	     0.1	         15	            0	           33	       5	       7	       5	       3	       2	       4	       6	       6	       7	       6	        5	        6
      96	294	 41	    0.16	         14	            0	           54	       7	       7	       5	       4	       4	       7	       6	       6	       4	       4	        6	        7
      97	264	383	    0.16	         13	            0	           23	       3	       4	       3	       1	       2	       2	       3	       6	       5	       7	        7	        5
      98	220	144	     0.1	         16	            0	           60	       6	       8	       4	       4	       3	       6	       8	       8	       7	       8	        6	        6
      99	388	 77	    0.06	          1	            0	           54	       5	       5	       4	       3	       4	       5	       5	       4	       4	       4	        6	        5
     100	213	202	    0.18	         16	            0	           67	       9	       7	       5	       6	       7	       8	       7	       5	       5	       5	        8	        7
COST_MATRIX 
	  0	  1	  2	  3	  4	  5	  6	  7	  8	  9	 10	 11	 12	 13	 14	 15	 16	 17	 18	 19	 20	 21	 22	 23	 24	 25	 26	 27	 28	 29	 30	 31	 32	 33	 34	 35	 36	 37	 38	 39	 40	 41	 42	 43	 44	 45	 46	 47	 48	 49	 50	 51	 52	 53	 54	 55	 56	 57	 58	 59	 60	 61	 62	 63	 64	 65	 66	 67	 68	 69	 70	 71	 72	 73	 74	 75	 76	 77	 78	 79	 80	 81	 82	 83	 84	 85	 86	 87	 88	 89	 90	 91	 92	 93	 94	 95	 96	 97	 98	 99	100
  0
  1	 28
  2	 30	  2
  3	 29	  1	  2
  4	 31	  3	  2	  2
  5	 29	  1	  1	  1	  2
  6	 29	  1	  2	  1	  2	  1
  7	 28	  2	  2	  1	  3	  2	  1
  8	 24	  9	 10	  9	 10	  9	  8	  8
  9	 28	  1	  2	  1	  3	  1	  1	  1	  8
 10	 28	  1	  2	  1	  3	  1	  1	  1	  8	  1
 11	 29	  1	  2	  1	  2	  1	  1	  1	  8	  1	  1
 12	 29	  1	  1	  1	  2	  1	  1	  2	  9	  1	  1	  1
 13	 29	  3	  3	  2	  3	  2	  2	  2	  8	  2	  2	  2	  2
 14	 29	  2	  1	  1	  2	  1	  1	  2	  9	  1	  2	  1	  1	  2
 15	 33	  7	  6	  7	  6	  7	  7	  8	 15	  7	  7	  7	  7	  8	  7
 16	 33	  6	  4	  5	  4	  5	  6	  6	 13	  6	  6	  6	  5	  6	  5	  4
 17	 29	 56	 58	 57	 58	 57	 57	 56	 51	 56	 56	 57	 57	 57	 57	 61	 61
 18	 28	 56	 57	 56	 58	 56	 56	 55	 50	 56	 56	 56	 56	 56	 57	 61	 61	  1
 19	 28	 56	 57	 56	 58	 56	 56	 55	 50	 56	 56	 56	 56	 56	 57	 61	 61	  2	  1
 20	 27	 55	 56	 56	 57	 56	 55	 55	 50	 55	 55	 55	 56	 56	 56	 60	 60	  2	  1	  1
 21	 30	 58	 59	 58	 60	 58	 58	 57	 52	 58	 58	 58	 58	 58	 58	 62	 63	  2	  3	  2	  3
 22	 30	 58	 59	 58	 60	 59	 58	 58	 52	 58	 58	 58	 58	 58	 59	 63	 63	  2	  3	  3	  3	  2
 23	 27	 55	 56	 55	 57	 56	 55	 55	 50	 55	 55	 55	 56	 56	 56	 60	 60	  2	  1	  1	  1	  3	  3
 24	 30	 57	 59	 58	 60	 58	 58	 57	 52	 57	 57	 58	 58	 58	 58	 62	 62	  2	  2	  2	  3	  2	  1	  3
 25	 25	 53	 54	 53	 55	 54	 53	 53	 47	 53	 53	 53	 54	 53	 54	 58	 58	  4	  4	  4	  4	  6	  6	  4	  5
 26	 29	 57	 58	 57	 59	 58	 57	 57	 51	 57	 57	 57	 57	 57	 58	 62	 62	  2	  2	  3	  3	  3	  2	  3	  2	  5
 27	 29	 56	 58	 57	 59	 57	 57	 56	 51	 56	 56	 57	 57	 57	 57	 61	 61	  1	  2	  2	  2	  3	  2	  3	  2	  4	  1
 28	 29	 57	 58	 57	 59	 58	 57	 57	 51	 57	 57	 57	 58	 58	 58	 62	 62	  2	  2	  3	  3	  3	  2	  3	  2	  5	  1	  1
 29	 29	 56	 58	 57	 59	 57	 57	 56	 51	 56	 56	 57	 57	 57	 57	 61	 61	  1	  1	  2	  2	  2	  2	  2	  1	  4	  2	  1	  2
 30	 28	 56	 57	 56	 58	 56	 56	 55	 50	 56	 55	 56	 56	 56	 56	 60	 60	  3	  3	  2	  2	  3	  4	  2	  3	  5	  4	  4	  4	  3
 31	 29	 57	 58	 57	 59	 58	 57	 57	 51	 57	 57	 57	 58	 58	 58	 62	 62	  2	  2	  2	  2	  1	  2	  2	  1	  5	  2	  2	  2	  1	  3
 32	 29	 57	 58	 57	 59	 58	 57	 57	 52	 57	 57	 57	 57	 58	 58	 62	 62	  3	  3	  3	  3	  2	  4	  3	  3	  6	  4	  4	  4	  3	  2	  2
 33	 23	 20	 21	 20	 21	 20	 20	 19	 12	 20	 20	 20	 20	 19	 20	 27	 25	 46	 46	 46	 45	 48	 48	 46	 48	 43	 47	 46	 47	 47	 46	 47	 48
 34	 22	 21	 22	 21	 22	 21	 21	 20	 13	 21	 21	 21	 21	 20	 21	 27	 26	 45	 45	 45	 44	 47	 46	 44	 46	 41	 45	 45	 45	 45	 45	 46	 46	  2
 35	 23	 20	 21	 20	 21	 20	 20	 19	 12	 20	 20	 20	 21	 19	 20	 27	 25	 46	 46	 46	 45	 48	 48	 45	 47	 43	 47	 46	 47	 46	 46	 47	 48	  1	  2
 36	 23	 20	 21	 20	 21	 20	 20	 19	 12	 20	 20	 20	 20	 19	 20	 27	 25	 46	 45	 46	 45	 47	 47	 45	 47	 42	 46	 46	 46	 46	 46	 47	 47	  1	  1	  1
 37	 23	 21	 22	 21	 22	 21	 21	 20	 13	 21	 21	 21	 21	 20	 21	 27	 25	 46	 45	 46	 45	 47	 47	 45	 47	 42	 46	 46	 46	 46	 46	 47	 47	  1	  1	  1	  1
 38	 23	 21	 22	 21	 22	 21	 21	 20	 13	 21	 21	 21	 21	 20	 21	 28	 26	 46	 45	 45	 45	 47	 47	 45	 47	 42	 46	 45	 46	 46	 46	 46	 47	  2	  1	  1	  2	  1
 39	 21	 20	 21	 20	 21	 20	 20	 19	 12	 19	 20	 20	 20	 19	 20	 26	 25	 45	 44	 44	 44	 46	 46	 44	 46	 41	 45	 45	 45	 45	 45	 46	 46	  3	  2	  2	  2	  2	  3
 40	 24	 20	 21	 20	 21	 20	 20	 19	 12	 20	 20	 20	 20	 19	 20	 27	 25	 47	 46	 46	 46	 48	 48	 46	 48	 43	 47	 46	 47	 47	 47	 47	 48	  1	  2	  1	  1	  1	  2	  3
 41	 24	 21	 22	 21	 22	 21	 21	 20	 13	 20	 21	 21	 21	 20	 21	 27	 25	 47	 47	 47	 46	 49	 48	 46	 48	 43	 47	 47	 47	 47	 47	 48	 48	  2	  3	  1	  2	  2	  2	  3	  1
 42	 24	 20	 21	 20	 21	 20	 20	 19	 12	 20	 20	 20	 21	 19	 20	 27	 25	 47	 47	 47	 46	 49	 49	 46	 48	 43	 47	 47	 47	 47	 47	 48	 49	  1	  3	  1	  2	  2	  2	  3	  1	  1
 43	 24	 21	 22	 21	 22	 21	 21	 20	 13	 20	 21	 21	 21	 20	 21	 27	 25	 46	 46	 46	 45	 48	 48	 45	 48	 43	 47	 46	 47	 47	 46	 47	 48	  1	  2	  1	  2	  1	  1	  3	  1	  1	  1
 44	 22	 21	 22	 21	 22	 21	 21	 20	 13	 20	 21	 21	 21	 20	 21	 27	 25	 45	 44	 45	 44	 47	 46	 44	 46	 41	 45	 45	 45	 45	 45	 46	 46	  2	  1	  2	  1	  1	  1	  2	  2	  3	  3	  2
 45	 24	 20	 21	 20	 21	 20	 20	 19	 12	 19	 20	 20	 20	 19	 20	 26	 24	 48	 47	 47	 47	 49	 49	 47	 49	 44	 48	 47	 48	 48	 48	 48	 49	  2	  3	  2	  2	  2	  3	  4	  1	  1	  1	  2	  3
 46	 23	 20	 21	 20	 21	 20	 20	 19	 12	 20	 20	 20	 20	 19	 20	 27	 25	 46	 46	 46	 45	 48	 48	 45	 47	 43	 47	 46	 47	 47	 46	 47	 48	  1	  2	  1	  1	  1	  2	  2	  1	  2	  1	  1	  2	  2
 47	 23	 19	 20	 19	 20	 19	 19	 18	 11	 19	 19	 19	 19	 18	 19	 26	 24	 46	 46	 46	 45	 48	 48	 45	 47	 42	 46	 46	 47	 46	 46	 47	 47	  2	  2	  2	  2	  2	  3	  2	  2	  3	  2	  2	  2	  2	  2
 48	 21	 21	 22	 21	 22	 21	 21	 20	 13	 20	 21	 21	 21	 20	 21	 27	 25	 44	 43	 43	 43	 45	 45	 43	 45	 40	 44	 43	 44	 44	 44	 44	 45	  3	  2	  3	  3	  3	  3	  2	  4	  4	  4	  4	  2	  5	  3	  3
 49	 33	 60	 62	 61	 63	 61	 61	 60	 55	 60	 60	 61	 61	 61	 61	 65	 65	  5	  5	  5	  6	  3	  3	  6	  4	  8	  5	  5	  5	  5	  5	  4	  4	 51	 49	 51	 50	 50	 50	 49	 51	 51	 51	 51	 49	 52	 51	 50	 48
 50	 33	 60	 62	 61	 63	 61	 61	 60	 55	 60	 60	 61	 61	 61	 61	 65	 65	  5	  5	  5	  6	  3	  3	  6	  4	  8	  5	  5	  5	  5	  5	  4	  4	 51	 49	 51	 50	 50	 50	 49	 51	 51	 51	 51	 49	 52	 51	 50	 48	  1
 51	  9	 24	 26	 25	 27	 25	 25	 24	 22	 25	 24	 25	 25	 26	 25	 28	 29	 35	 34	 34	 34	 36	 37	 34	 36	 32	 36	 35	 36	 35	 34	 36	 35	 26	 26	 26	 26	 26	 26	 24	 26	 27	 27	 27	 25	 27	 26	 25	 24	 39	 39
 52	 18	 43	 45	 44	 46	 44	 44	 43	 40	 43	 43	 44	 44	 44	 44	 47	 48	 20	 19	 19	 19	 20	 21	 19	 21	 19	 21	 21	 21	 20	 18	 20	 19	 40	 39	 40	 40	 40	 40	 38	 40	 41	 41	 41	 39	 41	 40	 39	 37	 22	 22	 20
 53	 29	 30	 31	 30	 31	 30	 30	 29	 22	 30	 30	 30	 31	 29	 30	 37	 35	 46	 45	 46	 45	 48	 47	 45	 47	 42	 46	 46	 46	 46	 47	 47	 48	 11	 10	 11	 11	 10	 10	 12	 11	 10	 11	 10	 11	 11	 11	 12	 11	 50	 50	 34	 44
 54	 20	 16	 17	 16	 18	 17	 16	 16	 18	 16	 16	 16	 16	 18	 17	 17	 19	 47	 46	 46	 46	 48	 48	 45	 48	 44	 48	 47	 48	 47	 45	 47	 47	 27	 26	 27	 26	 27	 27	 25	 27	 27	 27	 27	 26	 27	 26	 25	 25	 50	 50	 12	 31	 36
 55	 28	 30	 31	 31	 32	 31	 31	 31	 33	 31	 30	 31	 31	 32	 31	 29	 32	 49	 49	 48	 48	 50	 51	 48	 50	 48	 50	 50	 50	 50	 47	 50	 48	 42	 42	 42	 41	 42	 42	 40	 42	 43	 42	 42	 41	 42	 42	 40	 40	 52	 52	 20	 30	 51	 16
 56	  8	 27	 29	 28	 29	 28	 27	 27	 21	 27	 27	 27	 28	 27	 28	 33	 32	 31	 30	 30	 30	 32	 32	 30	 32	 27	 31	 31	 31	 31	 31	 32	 32	 17	 16	 17	 16	 16	 16	 15	 17	 18	 18	 17	 16	 18	 17	 16	 14	 35	 35	 15	 24	 21	 23	 34
 57	 19	 10	 12	 11	 13	 11	 11	 11	 11	 11	 10	 11	 11	 12	 11	 14	 15	 47	 47	 47	 46	 49	 49	 46	 49	 44	 48	 48	 48	 48	 46	 48	 48	 20	 20	 20	 20	 21	 21	 19	 20	 21	 21	 21	 20	 21	 20	 19	 19	 51	 51	 14	 33	 30	  7	 23	 20
 58	 25	 33	 34	 33	 35	 34	 33	 33	 34	 33	 33	 33	 33	 35	 34	 33	 35	 44	 44	 43	 43	 45	 46	 43	 45	 43	 45	 45	 45	 45	 42	 44	 43	 42	 41	 42	 41	 42	 42	 40	 42	 43	 42	 42	 41	 42	 42	 40	 40	 47	 47	 17	 25	 50	 18	  6	 32	 24
 59	 22	  7	  8	  7	  9	  7	  7	  6	  5	  7	  7	  7	  7	  7	  8	 13	 12	 50	 50	 50	 49	 52	 52	 49	 51	 47	 51	 50	 51	 50	 49	 51	 51	 16	 16	 16	 16	 16	 17	 15	 16	 17	 16	 16	 16	 16	 16	 15	 16	 54	 54	 19	 38	 26	 13	 29	 21	  7	 31
 60	  7	 27	 29	 28	 30	 28	 28	 27	 25	 28	 27	 28	 28	 29	 28	 31	 32	 32	 31	 31	 30	 33	 33	 30	 32	 29	 32	 32	 32	 32	 30	 32	 31	 27	 26	 27	 26	 27	 27	 25	 27	 28	 28	 28	 26	 28	 27	 26	 25	 35	 35	  4	 16	 34	 16	 22	 14	 18	 19	 22
 61	 32	 43	 44	 44	 45	 44	 44	 44	 45	 44	 43	 44	 44	 45	 44	 43	 45	 45	 44	 44	 44	 45	 46	 43	 45	 44	 46	 46	 46	 45	 42	 45	 43	 51	 51	 51	 50	 51	 51	 49	 51	 52	 52	 52	 50	 52	 51	 50	 49	 47	 47	 26	 26	 59	 28	 15	 40	 34	 11	 41	 26
 62	 22	 10	 12	 10	 12	 11	 10	 10	  2	 10	 10	 10	 11	 10	 11	 17	 15	 49	 49	 49	 48	 51	 51	 48	 50	 46	 50	 49	 50	 49	 49	 50	 50	 10	 11	 11	 10	 11	 11	 10	 11	 11	 11	 11	 11	 10	 10	  9	 11	 53	 53	 22	 39	 21	 18	 34	 19	 11	 35	  6	 24	 45
 63	 22	 35	 36	 36	 37	 36	 36	 36	 36	 35	 35	 36	 36	 37	 36	 36	 38	 39	 38	 38	 38	 39	 40	 37	 40	 37	 40	 40	 40	 39	 37	 39	 38	 41	 41	 41	 41	 41	 41	 39	 42	 42	 42	 42	 40	 42	 41	 40	 39	 41	 41	 16	 19	 49	 20	 12	 30	 26	  6	 32	 16	 10	 36
 64	 22	 49	 50	 49	 51	 49	 49	 48	 43	 49	 49	 49	 49	 49	 50	 54	 54	  9	  9	 10	  9	 11	 11	  9	 11	  6	 10	  9	 10	 10	 10	 10	 11	 38	 36	 38	 37	 37	 37	 36	 38	 38	 38	 38	 36	 39	 38	 37	 35	 14	 14	 29	 19	 37	 41	 46	 23	 41	 41	 43	 26	 44	 41	 37
 65	 28	 56	 57	 56	 58	 57	 56	 56	 51	 56	 56	 56	 56	 57	 57	 61	 61	  3	  3	  2	  3	  3	  4	  3	  3	  6	  4	  4	  4	  3	  1	  3	  2	 47	 46	 47	 46	 46	 46	 45	 47	 47	 48	 47	 45	 48	 47	 47	 44	  5	  5	 34	 18	 47	 46	 48	 31	 47	 42	 50	 30	 42	 49	 37	 11
 66	 31	  4	  2	  3	  2	  3	  3	  4	 11	  4	  4	  4	  3	  4	  3	  5	  3	 59	 59	 59	 58	 61	 61	 58	 60	 56	 60	 60	 60	 60	 59	 60	 60	 23	 24	 23	 23	 24	 24	 23	 23	 23	 23	 23	 23	 22	 23	 22	 24	 63	 63	 27	 46	 33	 18	 31	 30	 13	 34	 10	 30	 45	 13	 37	 52	 59
 67	 20	 48	 49	 48	 50	 48	 48	 48	 44	 48	 48	 48	 48	 49	 49	 52	 52	 14	 13	 13	 13	 14	 15	 13	 14	 13	 15	 15	 15	 14	 12	 14	 13	 42	 41	 42	 42	 42	 42	 40	 42	 43	 43	 42	 41	 43	 42	 42	 39	 16	 16	 24	  7	 45	 36	 36	 26	 38	 31	 42	 21	 31	 42	 26	 15	 12	 51
 68	 20	 45	 47	 46	 47	 46	 46	 45	 39	 45	 45	 46	 46	 46	 46	 51	 51	 16	 15	 16	 15	 18	 17	 15	 17	 12	 16	 15	 16	 16	 17	 17	 18	 32	 31	 32	 32	 32	 32	 31	 33	 33	 33	 32	 31	 34	 32	 32	 30	 20	 20	 29	 23	 31	 39	 47	 19	 38	 43	 39	 26	 47	 37	 38	  7	 17	 49	 20
 69	 22	 49	 51	 50	 52	 50	 50	 49	 43	 49	 49	 50	 50	 50	 50	 55	 55	  8	  8	  9	  8	 10	 10	  8	 10	  5	  9	  8	  9	  9	  9	  9	 10	 39	 37	 38	 38	 38	 38	 37	 39	 39	 39	 39	 37	 40	 38	 38	 36	 13	 13	 30	 19	 38	 41	 46	 23	 41	 41	 43	 26	 44	 42	 36	  2	 10	 53	 14	  8
 70	 20	 48	 49	 48	 50	 48	 48	 47	 43	 48	 47	 48	 48	 48	 48	 52	 52	 14	 13	 13	 13	 14	 15	 13	 14	 13	 15	 15	 15	 14	 12	 14	 13	 42	 41	 42	 41	 42	 42	 40	 42	 43	 43	 42	 41	 43	 42	 41	 39	 16	 16	 24	  7	 45	 36	 36	 26	 38	 31	 42	 21	 31	 42	 26	 14	 12	 50	  1	 19	 14
 71	 29	 23	 23	 24	 24	 24	 24	 24	 27	 23	 23	 23	 23	 25	 24	 21	 24	 54	 53	 53	 53	 55	 55	 52	 55	 51	 55	 54	 55	 54	 52	 54	 53	 37	 38	 38	 37	 38	 38	 36	 38	 38	 38	 38	 37	 38	 37	 36	 36	 57	 57	 20	 36	 47	 12	  9	 34	 18	 14	 23	 24	 24	 28	 19	 49	 52	 23	 42	 49	 49	 41
 72	 20	 14	 15	 14	 15	 14	 13	 13	  6	 13	 13	 13	 14	 13	 14	 20	 18	 46	 46	 46	 45	 48	 48	 45	 48	 43	 47	 47	 47	 47	 46	 47	 47	  8	  9	  8	  8	  9	  9	  7	  8	  9	  9	  9	  8	  8	  8	  7	  8	 51	 51	 21	 37	 18	 19	 34	 16	 13	 35	  8	 22	 45	  4	 35	 38	 46	 16	 40	 34	 39	 40	 30
 73	 27	  8	  8	  7	  8	  8	  7	  7	  4	  7	  7	  7	  8	  6	  8	 14	 12	 54	 54	 54	 53	 56	 56	 53	 55	 51	 55	 54	 55	 54	 54	 55	 55	 13	 15	 14	 14	 14	 15	 14	 14	 14	 14	 14	 14	 13	 14	 13	 15	 58	 58	 25	 43	 24	 20	 35	 24	 13	 37	  7	 28	 47	  5	 38	 46	 54	 10	 47	 42	 47	 47	 29	  8
 74	 23	 22	 22	 22	 23	 22	 22	 22	 24	 22	 22	 22	 22	 23	 22	 22	 24	 48	 47	 47	 46	 48	 49	 46	 49	 45	 49	 48	 49	 48	 46	 48	 47	 33	 33	 33	 33	 33	 33	 31	 33	 34	 34	 34	 33	 33	 33	 32	 32	 51	 51	 14	 30	 42	  7	 10	 28	 14	 12	 20	 17	 22	 25	 15	 43	 46	 23	 36	 42	 43	 36	  7	 26	 26
 75	 29	 44	 45	 45	 47	 45	 45	 45	 45	 45	 44	 45	 45	 46	 45	 45	 47	 38	 38	 37	 37	 38	 40	 37	 39	 38	 39	 39	 39	 38	 36	 38	 37	 50	 49	 50	 49	 49	 50	 48	 50	 50	 50	 50	 49	 50	 49	 48	 47	 40	 40	 24	 20	 56	 29	 19	 37	 35	 14	 41	 23	  7	 44	 10	 38	 36	 46	 25	 41	 38	 25	 27	 44	 47	 24
 76	 28	 39	 40	 40	 41	 40	 40	 39	 40	 39	 39	 39	 39	 41	 40	 39	 41	 42	 42	 41	 41	 43	 44	 41	 43	 41	 44	 43	 44	 43	 40	 42	 41	 46	 46	 46	 46	 46	 47	 44	 47	 47	 47	 47	 46	 47	 46	 45	 44	 45	 45	 21	 23	 54	 24	 12	 35	 30	  7	 36	 22	  5	 40	  6	 41	 40	 40	 29	 43	 41	 29	 20	 40	 43	 18	  8
 77	 24	 51	 52	 51	 53	 52	 51	 51	 47	 51	 51	 51	 51	 52	 52	 55	 55	 13	 12	 11	 12	 12	 14	 11	 13	 13	 14	 13	 14	 13	 10	 12	 11	 45	 44	 45	 44	 45	 45	 43	 45	 46	 46	 45	 44	 46	 45	 45	 42	 14	 14	 27	  9	 47	 39	 39	 29	 41	 33	 45	 24	 33	 46	 28	 15	 10	 54	  4	 21	 14	  4	 44	 43	 50	 38	 26	 31
 78	 22	 40	 41	 40	 42	 40	 40	 40	 39	 40	 40	 40	 40	 41	 41	 41	 43	 33	 33	 32	 32	 34	 35	 32	 34	 32	 35	 34	 35	 34	 31	 33	 32	 43	 42	 43	 42	 43	 43	 41	 43	 44	 44	 44	 42	 44	 43	 42	 41	 36	 36	 18	 14	 50	 25	 18	 30	 30	 13	 36	 17	 12	 39	  7	 32	 31	 42	 20	 35	 32	 20	 26	 38	 42	 21	  7	  9	 22
 79	 24	 26	 27	 26	 27	 26	 26	 25	 18	 25	 26	 26	 26	 25	 26	 32	 30	 44	 43	 44	 43	 46	 45	 43	 45	 40	 44	 44	 44	 44	 44	 45	 45	  6	  5	  6	  6	  5	  5	  7	  6	  6	  6	  6	  6	  7	  6	  7	  6	 48	 48	 29	 40	  6	 31	 46	 16	 25	 45	 21	 29	 54	 16	 44	 35	 45	 28	 41	 29	 36	 41	 42	 13	 19	 37	 51	 49	 44	 45
 80	 17	 17	 18	 17	 19	 17	 17	 16	 10	 17	 17	 17	 17	 17	 17	 23	 22	 42	 42	 42	 41	 44	 44	 41	 44	 39	 43	 42	 43	 43	 42	 43	 43	  8	  8	  8	  8	  8	  8	  6	  8	  9	  9	  9	  8	  9	  8	  7	  6	 47	 47	 19	 34	 17	 19	 34	 12	 14	 34	 11	 20	 43	  8	 34	 34	 42	 20	 36	 30	 35	 36	 31	  5	 13	 26	 42	 39	 39	 36	 12
 81	 22	 24	 24	 24	 26	 24	 24	 24	 26	 24	 24	 24	 24	 26	 25	 24	 26	 46	 45	 45	 45	 47	 47	 45	 47	 44	 47	 46	 47	 46	 44	 46	 45	 34	 34	 34	 34	 34	 34	 32	 34	 35	 35	 35	 34	 35	 34	 33	 32	 49	 49	 13	 28	 43	  9	  8	 27	 15	 10	 22	 16	 20	 26	 13	 41	 44	 25	 34	 41	 42	 34	  8	 27	 28	  3	 22	 16	 36	 19	 38	 26
 82	 14	 41	 42	 41	 43	 42	 41	 41	 37	 41	 41	 41	 42	 42	 42	 45	 46	 18	 17	 17	 16	 18	 19	 16	 19	 15	 19	 18	 19	 18	 16	 18	 17	 36	 34	 35	 35	 35	 35	 34	 36	 36	 36	 36	 34	 37	 35	 35	 33	 21	 21	 18	  7	 39	 30	 33	 19	 31	 28	 35	 15	 30	 36	 23	 14	 16	 44	  7	 17	 14	  7	 37	 33	 40	 31	 25	 27	 10	 19	 35	 30	 29
 83	  9	 21	 23	 22	 24	 22	 22	 21	 18	 21	 21	 22	 22	 22	 22	 25	 26	 37	 36	 36	 35	 38	 38	 35	 38	 34	 37	 37	 37	 37	 35	 37	 37	 22	 22	 22	 22	 22	 22	 20	 23	 23	 23	 23	 21	 23	 22	 21	 20	 40	 40	  4	 23	 30	 11	 22	 13	 12	 21	 16	  7	 29	 18	 19	 30	 36	 24	 27	 28	 31	 27	 21	 17	 22	 15	 28	 25	 30	 22	 25	 15	 15	 20
 84	 32	 37	 38	 37	 38	 37	 37	 36	 29	 36	 37	 37	 37	 36	 37	 43	 41	 46	 45	 46	 45	 48	 47	 45	 47	 42	 46	 45	 46	 46	 47	 47	 48	 17	 17	 17	 17	 17	 16	 18	 17	 17	 17	 17	 17	 18	 17	 18	 18	 50	 50	 38	 47	  7	 42	 56	 24	 36	 55	 32	 38	 63	 27	 53	 37	 47	 39	 46	 30	 38	 46	 53	 25	 30	 48	 60	 59	 49	 54	 12	 23	 49	 41	 35
 85	 21	 36	 37	 37	 38	 37	 37	 37	 36	 36	 36	 37	 37	 38	 37	 37	 39	 37	 36	 36	 36	 37	 38	 35	 37	 35	 38	 37	 38	 37	 35	 37	 36	 41	 41	 41	 41	 41	 41	 39	 41	 42	 42	 42	 40	 42	 41	 40	 39	 39	 39	 15	 17	 48	 21	 14	 29	 27	  8	 33	 15	 11	 36	  3	 35	 35	 38	 24	 37	 35	 23	 21	 35	 39	 17	  9	  7	 26	  5	 43	 33	 14	 21	 19	 53
 86	 11	 38	 39	 38	 40	 38	 38	 38	 34	 38	 38	 38	 38	 39	 39	 42	 42	 21	 21	 20	 20	 22	 23	 20	 22	 19	 22	 22	 22	 21	 20	 22	 21	 33	 32	 33	 33	 33	 33	 31	 34	 34	 34	 34	 32	 34	 33	 33	 31	 25	 25	 15	  7	 37	 26	 29	 17	 28	 25	 32	 11	 28	 33	 20	 17	 20	 41	 11	 19	 17	 10	 33	 30	 37	 27	 23	 25	 14	 16	 33	 27	 25	  4	 17	 40	 18
 87	  7	 23	 24	 24	 25	 24	 24	 23	 20	 23	 23	 23	 24	 24	 24	 27	 28	 34	 34	 34	 33	 36	 36	 33	 35	 31	 35	 35	 35	 35	 33	 35	 35	 22	 22	 22	 22	 22	 22	 20	 23	 23	 23	 23	 21	 23	 22	 21	 20	 38	 38	  5	 21	 30	 14	 23	 12	 14	 21	 18	  5	 30	 19	 20	 28	 34	 26	 25	 26	 28	 25	 23	 17	 23	 17	 28	 25	 28	 21	 25	 15	 16	 18	  3	 34	 19	 15
 88	 23	 28	 29	 28	 30	 29	 28	 27	 20	 28	 28	 28	 29	 28	 29	 35	 33	 41	 40	 41	 40	 43	 42	 40	 42	 37	 41	 41	 41	 41	 41	 42	 43	  9	  8	  9	  9	  8	  8	  9	  9	  9	 10	  9	  8	 10	  9	 10	  8	 45	 45	 28	 38	  6	 32	 46	 15	 27	 45	 23	 28	 53	 19	 43	 32	 42	 31	 39	 26	 33	 39	 43	 16	 22	 38	 51	 49	 42	 44	  4	 13	 38	 33	 25	 11	 43	 31	 24
 89	 17	 17	 18	 17	 18	 17	 17	 16	  9	 17	 17	 17	 17	 16	 17	 23	 22	 43	 42	 42	 42	 44	 44	 42	 44	 39	 43	 43	 43	 43	 43	 44	 44	  8	  8	  8	  7	  8	  8	  6	  8	  9	  9	  8	  7	  9	  8	  7	  6	 47	 47	 19	 34	 17	 20	 35	 13	 14	 34	 11	 20	 44	  7	 34	 35	 43	 20	 37	 30	 35	 37	 31	  4	 12	 26	 42	 39	 40	 36	 12	  1	 27	 30	 15	 23	 34	 27	 15	 13
 90	 29	  2	  2	  2	  3	  2	  2	  3	 10	  2	  2	  2	  2	  4	  2	  6	  5	 57	 56	 56	 56	 58	 58	 56	 58	 53	 57	 57	 57	 57	 56	 57	 57	 21	 22	 22	 21	 22	 22	 21	 21	 22	 22	 22	 22	 21	 21	 20	 22	 61	 61	 24	 43	 32	 15	 29	 28	 10	 32	  8	 28	 43	 12	 35	 49	 56	  3	 48	 46	 50	 48	 22	 15	  9	 21	 44	 38	 51	 39	 27	 18	 23	 41	 21	 38	 36	 38	 23	 30	 18
 91	 21	 15	 16	 15	 17	 16	 15	 14	  7	 15	 15	 15	 16	 15	 16	 22	 20	 47	 46	 46	 46	 48	 48	 46	 48	 43	 47	 47	 47	 47	 46	 47	 48	  6	  6	  6	  5	  6	  6	  5	  6	  7	  6	  6	  6	  6	  6	  4	  6	 51	 51	 23	 38	 16	 22	 37	 16	 15	 37	 11	 24	 47	  6	 37	 38	 47	 18	 41	 34	 39	 41	 32	  3	  9	 28	 46	 42	 44	 40	 11	  5	 29	 34	 19	 22	 37	 32	 19	 14	  5	 17
 92	 15	 16	 17	 16	 18	 16	 16	 16	 14	 16	 15	 16	 16	 17	 17	 19	 20	 43	 42	 42	 41	 44	 44	 41	 44	 40	 43	 43	 43	 43	 42	 43	 43	 21	 21	 21	 21	 21	 22	 20	 21	 22	 22	 22	 21	 22	 21	 20	 20	 46	 46	  9	 28	 30	  7	 21	 17	  6	 21	 11	 12	 31	 14	 22	 36	 42	 18	 33	 34	 36	 33	 18	 14	 17	 13	 31	 26	 36	 25	 25	 14	 13	 26	  7	 36	 22	 23	  9	 26	 14	 16	 16
 93	 19	 15	 16	 15	 17	 15	 15	 14	  7	 15	 15	 15	 15	 15	 15	 22	 20	 45	 44	 45	 44	 47	 46	 44	 46	 41	 45	 45	 45	 45	 45	 46	 46	  8	  8	  8	  7	  8	  8	  6	  8	  9	  8	  8	  7	  8	  8	  6	  7	 49	 49	 20	 36	 18	 19	 35	 15	 13	 35	 10	 22	 44	  5	 35	 37	 45	 18	 39	 32	 37	 39	 30	  2	 10	 26	 43	 40	 42	 37	 12	  3	 27	 32	 16	 24	 35	 29	 17	 14	  3	 16	  3	 14
 94	 23	 28	 29	 29	 30	 29	 29	 29	 30	 29	 28	 29	 29	 30	 29	 29	 31	 44	 44	 43	 43	 45	 46	 43	 45	 42	 45	 45	 45	 45	 43	 45	 44	 38	 37	 38	 37	 38	 38	 36	 38	 39	 38	 38	 37	 38	 37	 36	 36	 47	 47	 14	 26	 46	 13	  6	 29	 20	  5	 26	 16	 15	 30	  9	 41	 43	 30	 32	 41	 41	 32	 11	 31	 32	  8	 17	 11	 34	 15	 41	 30	  5	 27	 17	 51	 10	 24	 18	 41	 30	 28	 33	 17	 31
 95	 11	 39	 40	 40	 41	 40	 39	 39	 34	 39	 39	 39	 40	 40	 40	 44	 44	 18	 18	 17	 17	 19	 20	 17	 19	 15	 19	 19	 19	 18	 17	 19	 18	 33	 31	 32	 32	 32	 32	 31	 33	 33	 33	 33	 31	 34	 32	 32	 30	 22	 22	 17	 10	 35	 29	 33	 16	 30	 29	 33	 14	 32	 33	 24	 13	 17	 42	 10	 15	 13	 10	 37	 31	 38	 30	 27	 29	 13	 21	 32	 27	 29	  4	 19	 38	 22	  5	 17	 30	 27	 39	 31	 25	 29	 28
 96	 23	 44	 45	 45	 46	 45	 45	 44	 43	 44	 44	 45	 45	 46	 45	 46	 48	 28	 28	 27	 27	 28	 30	 27	 29	 28	 30	 29	 30	 29	 26	 28	 27	 45	 44	 45	 44	 45	 45	 43	 45	 46	 46	 46	 44	 46	 45	 44	 43	 30	 30	 21	 10	 51	 30	 25	 30	 34	 19	 40	 19	 17	 42	 13	 28	 26	 47	 15	 32	 28	 15	 32	 41	 46	 27	 10	 15	 16	  7	 46	 38	 24	 16	 25	 54	 11	 15	 24	 45	 38	 44	 42	 29	 40	 21	 18
 97	 15	 14	 16	 15	 16	 15	 14	 14	  9	 14	 14	 14	 15	 15	 15	 20	 19	 43	 42	 42	 42	 44	 44	 42	 44	 39	 43	 43	 44	 43	 42	 44	 44	 13	 13	 13	 13	 13	 14	 12	 13	 14	 14	 14	 13	 14	 13	 12	 12	 47	 47	 15	 32	 23	 14	 29	 14	  9	 29	  8	 17	 39	  8	 29	 35	 43	 17	 35	 32	 36	 35	 25	  6	 12	 20	 38	 34	 38	 32	 17	  6	 21	 28	 11	 28	 29	 25	 12	 18	  6	 15	  9	  8	  6	 25	 26	 35
 98	 11	 36	 38	 37	 39	 37	 37	 36	 33	 37	 36	 37	 37	 38	 37	 40	 41	 23	 23	 23	 22	 24	 25	 22	 24	 21	 24	 24	 24	 24	 22	 24	 23	 34	 32	 33	 33	 33	 33	 31	 34	 34	 34	 34	 32	 35	 33	 33	 31	 27	 27	 13	  8	 38	 24	 27	 18	 27	 22	 31	 10	 26	 32	 18	 20	 22	 39	 12	 21	 20	 12	 31	 30	 36	 25	 21	 22	 15	 14	 34	 27	 23	  6	 16	 41	 16	  3	 14	 32	 27	 37	 31	 22	 29	 22	  7	 13	 25
 99	 25	 40	 41	 41	 42	 41	 41	 40	 40	 40	 40	 40	 41	 42	 41	 41	 43	 38	 37	 37	 37	 38	 39	 37	 39	 37	 39	 39	 39	 38	 36	 38	 36	 45	 45	 45	 45	 45	 45	 43	 46	 46	 46	 46	 44	 46	 45	 44	 43	 40	 40	 20	 19	 53	 25	 15	 33	 31	 10	 37	 19	  8	 40	  5	 37	 36	 42	 25	 39	 37	 25	 23	 39	 43	 20	  5	  5	 26	  5	 48	 38	 18	 23	 24	 57	  5	 21	 24	 47	 38	 40	 42	 26	 39	 13	 25	 11	 34	 19
100	  5	 32	 33	 32	 34	 32	 32	 31	 27	 32	 31	 32	 32	 33	 33	 36	 36	 26	 26	 25	 25	 27	 28	 25	 27	 23	 27	 26	 27	 26	 25	 27	 26	 28	 27	 28	 27	 27	 27	 26	 28	 29	 29	 28	 26	 29	 28	 27	 25	 30	 30	 10	 13	 33	 21	 27	 12	 22	 23	 26	  6	 29	 26	 20	 20	 25	 35	 17	 20	 21	 16	 29	 24	 31	 23	 25	 25	 20	 18	 28	 21	 22	 10	 11	 36	 18	  7	  9	 27	 22	 32	 26	 17	 23	 22	  8	 19	 19	  6	 22
