nVehicles:  11
nDepots:     1
nCustomers: 25
nPeriods:    6
VEHICLE_TYPE	FLEET_SIZE	CAPACITY
           2	        11	      18	
DEPOT   	X  	Y  	INV_COST	INITIAL_INV 	MIN_LEVEL_INV 	MAX_LEVEL_INV	PRODUCTION_0	PRODUCTION_1	PRODUCTION_2	PRODUCTION_3	PRODUCTION_4	PRODUCTION_5
       0	381	396	       0	        155	            0	         1092	         185	         185	         185	         185	         185	         185	
CUSTOMER	X  	Y  	INV_COST	INITIAL_INV	MIN_LEVEL_INV 	MAX_LEVEL_INV	DEMAND_0	DEMAND_1	DEMAND_2	DEMAND_3	DEMAND_4	DEMAND_5
       1	332	268	    0.12	          7	            0	           22	       4	       6	       7	       7	       6	       5
       2	279	280	    0.11	          6	            0	           10	       8	       8	      10	       9	       8	       7
       3	281	284	    0.25	          2	            0	           22	       8	       7	      11	      11	       9	       6
       4	288	237	    0.24	          8	            0	           50	       7	       9	      10	       8	       6	      10
       5	295	258	    0.25	          7	            0	           50	       6	       9	      10	       9	       9	       8
       6	301	263	    0.22	         16	            0	           36	       7	       9	      13	       8	       8	       7
       7	304	246	    0.15	          7	            0	           21	       4	       7	       9	       8	       7	       5
       8	304	241	    0.26	          4	            0	           20	       4	       6	       7	       6	       5	       4
       9	305	254	    0.05	          4	            0	           20	       6	       9	       9	       8	       9	       7
      10	331	235	    0.05	         11	            0	           39	       5	       6	       7	       8	       8	       6
      11	291	253	       0	         13	            0	           13	       6	      12	      12	      12	      12	       8
      12	338	227	    0.19	          3	            0	           25	       5	       7	       7	       7	       6	       4
      13	270	329	     0.1	         10	            0	           10	       6	       8	      10	       9	       6	       5
      14	277	 73	    0.21	         11	            0	           16	       5	       8	      10	      11	       9	       5
      15	 97	 12	    0.11	          4	            0	           18	       4	       6	       8	       6	       4	       5
      16	486	290	    0.28	         13	            0	           13	       9	      11	      13	      10	       8	       7
      17	161	136	    0.25	          5	            0	           40	       9	       9	      12	       9	       8	       8
      18	355	267	    0.04	          1	            0	           13	       4	       5	       8	       6	       4	       4
      19	155	 74	    0.05	          5	            0	           16	       6	       9	       9	       8	       5	       7
      20	 31	 52	    0.27	          4	            0	           24	       6	      10	      10	      10	       7	       6
      21	350	150	    0.15	         13	            0	           22	       5	       8	       7	       7	       6	       4
      22	441	224	    0.07	          1	            0	           26	       5	       6	       8	       6	       5	       6
      23	466	430	    0.22	         11	            0	           11	       7	      10	       9	       9	       9	       8
      24	107	191	    0.24	          2	            0	           23	       4	       6	       6	       8	       8	       6
      25	  7	337	    0.27	          8	            0	            8	       5	       6	       8	       6	       6	       4
COST_MATRIX 
	  0	  1	  2	  3	  4	  5	  6	  7	  8	  9	 10	 11	 12	 13	 14	 15	 16	 17	 18	 19	 20	 21	 22	 23	 24	 25
  0
  1	 14
  2	 16	  6
  3	 16	  6	  1
  4	 19	  6	  5	  5
  5	 17	  4	  3	  3	  3
  6	 16	  4	  3	  3	  3	  1
  7	 17	  4	  5	  5	  2	  2	  2
  8	 18	  4	  5	  5	  2	  2	  3	  1
  9	 17	  4	  4	  4	  3	  2	  1	  1	  2
 10	 17	  4	  7	  8	  5	  5	  5	  3	  3	  4
 11	 17	  5	  3	  4	  2	  1	  2	  2	  2	  2	  5
 12	 18	  5	  8	  9	  6	  6	  6	  4	  4	  5	  2	  6
 13	 13	  9	  5	  5	 10	  8	  8	  9	 10	  9	 12	  8	 13
 14	 34	 21	 21	 22	 17	 19	 20	 18	 18	 19	 18	 19	 17	 26
 15	 48	 35	 33	 33	 30	 32	 33	 32	 31	 32	 33	 31	 33	 37	 20
 16	 15	 16	 21	 21	 21	 20	 19	 19	 19	 19	 17	 20	 17	 22	 31	 48
 17	 35	 22	 19	 20	 17	 19	 19	 19	 18	 19	 20	 18	 20	 23	 14	 14	 36
 18	 14	  3	  8	  8	  8	  7	  6	  6	  6	  6	  5	  7	  5	 11	 21	 37	 14	 24
 19	 40	 27	 25	 25	 22	 24	 24	 23	 23	 24	 24	 23	 24	 28	 13	  9	 40	  7	 28
 20	 50	 38	 34	 35	 32	 34	 35	 34	 34	 35	 36	 33	 36	 37	 25	  8	 52	 16	 39	 13
 21	 25	 12	 15	 16	 11	 13	 13	 11	 11	 12	  9	 12	  8	 20	 11	 29	 20	 19	 12	 21	 34
 22	 19	 12	 18	 18	 16	 15	 15	 14	 14	 14	 12	 16	 11	 21	 23	 41	  8	 30	 10	 33	 45	 12
 23	 10	 22	 24	 24	 27	 25	 24	 25	 25	 24	 24	 25	 24	 23	 41	 56	 15	 43	 20	 48	 58	 31	 21
 24	 35	 24	 20	 20	 19	 20	 21	 21	 21	 21	 23	 20	 24	 22	 21	 18	 40	  8	 26	 13	 16	 25	 34	 44
 25	 38	 34	 28	 28	 30	 30	 31	 32	 32	 31	 34	 30	 35	 27	 38	 34	 49	 26	 36	 31	 29	 40	 45	 47	 18
