nVehicles:  100
nDepots:      1
nCustomers: 100
nPeriods:     6
VEHICLE_TYPE	FLEET_SIZE	CAPACITY
           4	       100	      38	
DEPOT   	X  	Y  	INV_COST	INITIAL_INV 	MIN_LEVEL_INV 	MAX_LEVEL_INV	PRODUCTION_0	PRODUCTION_1	PRODUCTION_2	PRODUCTION_3	PRODUCTION_4	PRODUCTION_5
       0	372	 13	       0	        794	            0	         3622	         610	         610	         610	         610	         610	         610	
CUSTOMER	X  	Y  	INV_COST	INITIAL_INV	MIN_LEVEL_INV 	MAX_LEVEL_INV	DEMAND_0	DEMAND_1	DEMAND_2	DEMAND_3	DEMAND_4	DEMAND_5
       1	497	395	    0.22	          7	            0	           15	       7	       5	       6	       7	      11	      11
       2	496	404	    0.12	          9	            0	            9	       7	       5	       5	       7	       9	       7
       3	495	404	    0.12	          9	            0	           11	       9	       7	       6	       7	       9	      11
       4	468	417	    0.26	          4	            0	           23	       4	       4	       4	       6	       6	       5
       5	468	399	    0.18	          7	            0	           32	       7	       5	       5	       8	      10	       7
       6	497	401	    0.29	          8	            0	           32	       5	       4	       5	       6	       7	       7
       7	494	365	    0.14	          9	            0	           38	       6	       5	       6	       8	      10	       7
       8	497	402	    0.07	          8	            0	           23	       7	       4	       7	       8	       6	       5
       9	488	396	    0.16	          6	            0	           20	       4	       4	       4	       5	       5	       7
      10	498	394	    0.15	          4	            0	           15	       6	       6	       6	       6	       9	      10
      11	483	399	    0.29	          9	            0	           31	       7	       5	       4	       6	       7	       9
      12	499	404	    0.15	          3	            0	           22	       9	       7	       8	      11	      11	       8
      13	493	459	    0.08	          6	            0	           13	       5	       3	       3	       4	       5	       6
      14	472	402	    0.25	          6	            0	           49	       8	       6	       6	       9	      11	      10
      15	491	452	    0.14	          6	            0	            6	       4	       4	       4	       5	       6	       4
      16	483	438	       0	          6	            0	           21	       6	       5	       8	       8	       8	       8
      17	379	267	    0.04	          1	            0	           26	       4	       3	       3	       5	       6	       6
      18	401	287	    0.23	         15	            0	           30	       9	       6	       7	       9	      10	      10
      19	404	321	     0.3	          1	            0	           19	       4	       5	       5	       7	       8	       6
      20	366	314	    0.11	         11	            0	           24	       8	       6	       6	       9	      10	       9
      21	323	204	    0.13	          2	            0	           14	       5	       4	       5	       6	       6	       6
      22	396	271	    0.21	          2	            0	           20	       3	       3	       3	       4	       4	       4
      23	377	288	    0.17	          7	            0	           50	       7	       7	       8	       8	      12	       8
      24	383	280	     0.2	          6	            0	           12	       4	       3	       4	       5	       5	       4
      25	391	302	     0.1	          3	            0	           14	       4	       3	       4	       6	       6	       5
      26	410	254	    0.21	          6	            0	           24	       7	       6	       7	       8	       8	       8
      27	399	276	    0.14	          8	            0	           30	       5	       4	       4	       6	       6	       6
      28	390	272	    0.04	          9	            0	           18	       6	       5	       6	       8	       9	      11
      29	422	273	    0.08	          5	            0	           35	       6	       6	       7	      10	      11	       6
      30	373	298	    0.23	         11	            0	           20	       7	       5	       5	       6	       6	       9
      31	391	277	    0.13	          5	            0	           22	       6	       4	       4	       5	       8	       9
      32	397	272	    0.02	          2	            0	            9	       5	       3	       3	       6	       6	       4
      33	324	195	    0.18	          2	            0	           17	       4	       3	       3	       5	       5	       4
      34	343	246	    0.23	          9	            0	           31	       7	       5	       5	       7	       9	       7
      35	342	250	    0.02	          2	            0	           18	       4	       3	       3	       6	       6	       6
      36	314	239	    0.08	          5	            0	           14	       5	       4	       5	       4	       6	       7
      37	356	251	    0.01	         10	            0	           31	       7	       7	       6	       7	      12	      11
      38	350	236	    0.21	          5	            0	           27	       4	       4	       4	       6	       7	       7
      39	339	241	    0.23	          4	            0	           14	       7	       5	       7	      10	      10	       6
      40	334	241	    0.07	          2	            0	            7	       4	       3	       3	       4	       5	       6
      41	342	268	    0.15	          4	            0	            8	       6	       5	       5	       7	       7	       7
      42	350	248	    0.03	         11	            0	           22	       7	       5	       7	      10	      11	       8
      43	306	269	    0.19	          4	            0	           26	       8	       5	       8	      11	       9	       7
      44	348	249	    0.15	          9	            0	           26	       6	       6	       6	       8	       9	       6
      45	346	247	    0.08	          6	            0	           28	       8	       5	       6	       6	       8	      11
      46	348	242	    0.27	          4	            0	           26	       6	       5	       6	       7	       7	       7
      47	367	289	    0.27	          2	            0	           12	       6	       5	       4	       6	       6	       8
      48	352	244	     0.3	          1	            0	           35	       7	       4	       6	       6	       6	       8
      49	  0	  0	    0.29	          2	            0	           17	       8	       7	       7	       8	       9	      10
      50	  0	  0	    0.06	         11	            0	           14	       7	       5	       6	       8	       7	       5
      51	  4	392	    0.03	          7	            0	           47	       8	       5	       7	       9	      11	       8
      52	185	313	    0.13	          2	            0	           22	       4	       4	       5	       5	       6	       6
      53	198	 89	    0.05	          8	            0	           27	       5	       5	       5	       6	       7	      10
      54	222	438	    0.28	          7	            0	           10	       5	       3	       5	       5	       8	       6
      55	 37	410	    0.24	          2	            0	           14	       8	       5	       5	       7	       9	       8
      56	461	234	    0.28	          7	            0	           16	       5	       4	       5	       7	       7	       5
      57	  8	461	    0.24	          8	            0	           33	       7	       6	       6	       7	       7	       9
      58	459	493	    0.13	          4	            0	           11	       4	       4	       4	       4	       5	       5
      59	 15	269	    0.11	          3	            0	           20	       3	       2	       3	       3	       4	       5
      60	437	369	    0.28	          4	            0	           14	       7	       5	       5	       6	       6	       8
      61	 58	200	    0.17	          4	            0	           30	       5	       4	       5	       5	       7	       6
      62	471	264	       0	          4	            0	           11	       6	       4	       5	       7	       6	       5
      63	117	215	    0.22	          8	            0	           33	       5	       5	       5	       6	       6	       7
      64	 55	315	    0.11	          3	            0	           17	       5	       4	       5	       6	       6	       5
      65	330	 39	    0.17	          3	            0	           15	       4	       3	       3	       5	       5	       4
      66	212	288	    0.02	          4	            0	           28	       5	       4	       4	       4	       5	       6
      67	 82	454	    0.11	          3	            0	           25	       6	       6	       7	       7	       8	       6
      68	 85	210	    0.18	          8	            0	           11	       6	       3	       4	       6	       7	       6
      69	484	274	    0.15	         11	            0	           31	       6	       5	       6	       7	       8	       8
      70	380	315	    0.07	          7	            0	           12	       6	       5	       5	       7	       7	       7
      71	451	 41	    0.08	          2	            0	           17	       4	       4	       4	       5	       6	       6
      72	115	179	    0.08	          2	            0	           20	       5	       5	       6	       7	       7	       6
      73	110	398	    0.01	          7	            0	           28	       4	       4	       4	       6	       6	       4
      74	 73	288	    0.29	          1	            0	           20	       6	       5	       6	       7	       8	       8
      75	477	132	    0.18	          2	            0	           12	       5	       4	       4	       4	       6	       5
      76	456	189	    0.14	          8	            0	           24	       5	       4	       6	       7	       6	       4
      77	113	  8	    0.23	          2	            0	            9	       3	       3	       3	       4	       4	       4
      78	441	290	    0.01	          2	            0	           39	       7	       6	       7	       8	      11	       6
      79	223	363	    0.26	          6	            0	           36	       7	       5	       4	       6	       8	       9
      80	 28	184	     0.2	          5	            0	           32	       6	       6	       5	       7	      11	      11
      81	278	200	    0.12	          2	            0	           27	       4	       5	       4	       5	       7	       6
      82	 71	385	    0.02	          4	            0	           36	       5	       4	       5	       6	       7	      10
      83	474	 71	    0.02	          8	            0	           29	       5	       5	       5	       7	       7	       6
      84	333	367	    0.25	          4	            0	           29	       6	       6	       7	       8	      10	       9
      85	153	295	    0.02	          9	            0	           36	       8	       6	       7	      10	       7	       6
      86	168	325	    0.29	          2	            0	           32	       4	       4	       4	       7	       7	       7
      87	176	129	    0.04	          7	            0	           32	       5	       5	       5	       8	       8	       7
      88	150	 98	    0.26	          5	            0	           19	       6	       6	       6	       8	      10	      11
      89	309	193	    0.23	         14	            0	           25	       7	       7	       6	       7	      10	      11
      90	186	 80	     0.2	          4	            0	           18	       3	       3	       3	       3	       4	       4
      91	116	249	    0.17	          5	            0	           11	       5	       5	       5	       5	       6	       7
      92	167	 28	    0.22	          6	            0	           15	       4	       4	       4	       5	       8	       5
      93	179	364	    0.23	          2	            0	           30	       7	       5	       6	      10	       8	       7
      94	421	405	    0.19	          6	            0	           25	       5	       3	       4	       4	       4	       6
      95	326	316	    0.16	         11	            0	           16	       7	       4	       5	       8	       7	       7
      96	 16	226	    0.15	          4	            0	           13	       4	       4	       5	       5	       5	       4
      97	166	 87	    0.29	          3	            0	           23	       7	       4	       6	       9	      10	       6
      98	181	464	    0.08	         10	            0	           25	       6	       6	       5	       8	       7	       9
      99	340	186	    0.14	         10	            0	           10	       6	       5	       6	       8	       9	       6
     100	 21	162	    0.16	          7	            0	           26	       5	       4	       4	       4	       6	       7
COST_MATRIX 
	  0	  1	  2	  3	  4	  5	  6	  7	  8	  9	 10	 11	 12	 13	 14	 15	 16	 17	 18	 19	 20	 21	 22	 23	 24	 25	 26	 27	 28	 29	 30	 31	 32	 33	 34	 35	 36	 37	 38	 39	 40	 41	 42	 43	 44	 45	 46	 47	 48	 49	 50	 51	 52	 53	 54	 55	 56	 57	 58	 59	 60	 61	 62	 63	 64	 65	 66	 67	 68	 69	 70	 71	 72	 73	 74	 75	 76	 77	 78	 79	 80	 81	 82	 83	 84	 85	 86	 87	 88	 89	 90	 91	 92	 93	 94	 95	 96	 97	 98	 99	100
  0
  1	 41
  2	 42	  1
  3	 41	  1	  1
  4	 42	  4	  4	  3
  5	 40	  3	  3	  3	  2
  6	 41	  1	  1	  1	  4	  3
  7	 38	  4	  4	  4	  6	  5	  4
  8	 41	  1	  1	  1	  4	  3	  1	  4
  9	 41	  1	  2	  2	  3	  3	  2	  4	  2
 10	 41	  1	  2	  2	  4	  4	  1	  3	  1	  2
 11	 41	  2	  2	  2	  3	  2	  2	  4	  2	  1	  2
 12	 42	  1	  1	  1	  4	  4	  1	  4	  1	  2	  2	  2
 13	 47	  7	  6	  6	  5	  7	  6	 10	  6	  7	  7	  7	  6
 14	 41	  3	  3	  3	  2	  1	  3	  5	  3	  2	  3	  2	  3	  7
 15	 46	  6	  5	  5	  5	  6	  6	  9	  6	  6	  6	  6	  5	  1	  6
 16	 44	  5	  4	  4	  3	  5	  4	  8	  4	  5	  5	  4	  4	  3	  4	  2
 17	 26	 18	 19	 18	 18	 16	 18	 16	 18	 17	 18	 17	 19	 23	 17	 22	 21
 18	 28	 15	 16	 16	 15	 14	 15	 13	 15	 14	 15	 14	 16	 20	 14	 19	 18	  3
 19	 31	 12	 13	 13	 12	 11	 13	 11	 13	 12	 12	 12	 13	 17	 11	 16	 15	  6	  4
 20	 31	 16	 16	 16	 15	 14	 16	 14	 16	 15	 16	 15	 17	 20	 14	 19	 18	  5	  5	  4
 21	 20	 26	 27	 27	 26	 25	 27	 24	 27	 26	 26	 26	 27	 31	 25	 30	 29	  9	 12	 15	 12
 22	 26	 16	 17	 17	 17	 15	 17	 14	 17	 16	 16	 16	 17	 22	 16	 21	 19	  2	  2	  6	  6	 10
 23	 28	 17	 17	 17	 16	 15	 17	 15	 17	 16	 17	 16	 17	 21	 15	 20	 19	  3	  3	  5	  3	 10	  3
 24	 27	 17	 17	 17	 17	 15	 17	 14	 17	 16	 17	 16	 17	 22	 16	 21	 19	  2	  2	  5	  4	 10	  2	  2
 25	 29	 15	 15	 15	 14	 13	 15	 13	 15	 14	 15	 14	 15	 19	 13	 19	 17	  4	  2	  3	  3	 12	  4	  2	  3
 26	 25	 17	 18	 18	 18	 16	 18	 14	 18	 17	 17	 17	 18	 23	 17	 22	 20	  4	  4	  7	  8	 11	  3	  5	  4	  6
 27	 27	 16	 17	 17	 16	 15	 16	 14	 16	 15	 16	 15	 17	 21	 15	 20	 19	  3	  2	  5	  6	 11	  1	  3	  2	  3	  3
 28	 26	 17	 17	 17	 17	 15	 17	 14	 17	 16	 17	 16	 18	 22	 16	 21	 20	  2	  2	  6	  5	 10	  1	  3	  2	  4	  3	  1
 29	 27	 15	 16	 15	 16	 14	 15	 12	 15	 14	 15	 14	 16	 20	 14	 20	 18	  5	  3	  6	  7	 13	  3	  5	  4	  5	  3	  3	  4
 30	 29	 16	 17	 17	 16	 14	 17	 14	 17	 16	 16	 15	 17	 21	 15	 20	 18	  4	  4	  4	  2	 11	  4	  2	  3	  2	  6	  4	  4	  6
 31	 27	 16	 17	 17	 16	 15	 17	 14	 17	 16	 16	 16	 17	 21	 15	 21	 19	  2	  2	  5	  5	 10	  1	  2	  1	  3	  3	  1	  1	  4	  3
 32	 27	 16	 17	 17	 17	 15	 17	 14	 17	 16	 16	 16	 17	 22	 16	 21	 19	  2	  2	  5	  6	 11	  1	  3	  2	  4	  3	  1	  1	  3	  4	  1
 33	 19	 27	 28	 28	 27	 25	 27	 25	 27	 26	 27	 26	 28	 32	 26	 31	 30	 10	 12	 15	 13	  1	 11	 11	 11	 13	 11	 12	 11	 13	 12	 11	 11
 34	 24	 22	 22	 22	 22	 20	 22	 20	 22	 21	 22	 21	 23	 27	 21	 26	 24	  5	  8	 10	  8	  5	  6	  6	  6	  8	  7	  7	  6	  9	  7	  6	  6	  6
 35	 24	 22	 22	 22	 21	 20	 22	 20	 22	 21	 22	 21	 22	 26	 21	 26	 24	  5	  7	 10	  7	  5	  6	  6	  6	  8	  7	  7	  6	  9	  6	  6	  6	  6	  1
 36	 24	 25	 25	 25	 24	 23	 25	 22	 25	 24	 25	 24	 25	 29	 23	 28	 27	  8	 10	 13	 10	  4	  9	  8	  9	 10	 10	 10	  9	 12	  9	  9	  9	  5	  3	  4
 37	 24	 21	 21	 21	 21	 19	 21	 18	 21	 20	 21	 20	 21	 25	 20	 25	 23	  3	  6	  9	  7	  6	  5	  5	  4	  7	  6	  5	  4	  7	  5	  5	  5	  7	  2	  2	  5
 38	 23	 22	 23	 23	 22	 21	 23	 20	 23	 22	 22	 22	 23	 27	 21	 26	 25	  5	  8	 11	  8	  5	  6	  6	  6	  8	  7	  7	  6	  9	  7	  6	  6	  5	  2	  2	  4	  2
 39	 24	 23	 23	 23	 22	 21	 23	 20	 23	 22	 23	 22	 23	 27	 21	 27	 25	  5	  8	 11	  8	  5	  7	  7	  6	  9	  8	  7	  6	  9	  7	  7	  7	  5	  1	  1	  3	  2	  2
 40	 24	 23	 23	 23	 23	 21	 23	 21	 23	 22	 23	 22	 24	 27	 22	 27	 25	  6	  9	 11	  8	  4	  7	  7	  7	  9	  8	  8	  7	 10	  7	  7	  8	  5	  2	  2	  3	  3	  2	  1
 41	 26	 21	 21	 21	 20	 19	 21	 19	 21	 20	 21	 20	 21	 25	 19	 24	 23	  4	  7	  9	  6	  7	  6	  5	  5	  6	  7	  6	  5	  9	  5	  5	  6	  8	  3	  2	  5	  3	  4	  3	  3
 42	 24	 21	 22	 22	 21	 20	 22	 19	 22	 21	 21	 21	 22	 26	 20	 25	 24	  4	  7	 10	  7	  6	  6	  5	  5	  7	  7	  6	  5	  8	  6	  6	  6	  6	  1	  1	  4	  1	  2	  2	  2	  3
 43	 27	 23	 24	 24	 22	 21	 24	 22	 24	 23	 23	 22	 24	 27	 22	 27	 25	  8	 10	 12	  8	  7	 10	  8	  8	 10	 11	 10	  9	 12	  8	  9	 10	  8	  5	  5	  4	  6	  6	  5	  4	  4	  5
 44	 24	 21	 22	 22	 21	 20	 22	 19	 22	 21	 21	 21	 22	 26	 20	 25	 24	  4	  7	 10	  7	  6	  6	  5	  5	  7	  7	  6	  5	  8	  6	  6	  6	  6	  1	  1	  4	  1	  2	  2	  2	  2	  1	  5
 45	 24	 22	 22	 22	 21	 20	 22	 19	 22	 21	 22	 21	 22	 26	 20	 26	 24	  4	  7	 10	  7	  5	  6	  6	  5	  8	  7	  7	  6	  9	  6	  6	  6	  6	  1	  1	  4	  2	  2	  1	  2	  3	  1	  5	  1
 46	 24	 22	 22	 22	 22	 20	 22	 20	 22	 21	 22	 21	 23	 27	 21	 26	 24	  4	  7	 10	  8	  5	  6	  6	  6	  8	  7	  7	  6	  9	  7	  6	  6	  6	  1	  2	  4	  2	  1	  1	  2	  3	  1	  5	  1	  1
 47	 28	 17	 18	 18	 17	 15	 18	 15	 18	 17	 17	 16	 18	 22	 16	 21	 19	  3	  4	  5	  3	 10	  4	  2	  2	  3	  6	  4	  3	  6	  2	  3	  4	 11	  5	  5	  8	  4	  6	  6	  6	  4	  5	  7	  5	  5	  6
 48	 24	 21	 22	 22	 21	 20	 22	 19	 22	 21	 21	 21	 22	 26	 20	 26	 24	  4	  7	 10	  8	  5	  6	  6	  5	  7	  6	  6	  5	  8	  6	  6	  6	  6	  1	  2	  4	  1	  1	  2	  2	  3	  1	  6	  1	  1	  1	  5
 49	 38	 64	 64	 64	 63	 62	 64	 62	 64	 63	 64	 63	 65	 68	 62	 67	 66	 47	 50	 52	 49	 39	 48	 48	 48	 50	 49	 49	 48	 51	 48	 48	 49	 38	 43	 43	 40	 44	 43	 42	 42	 44	 43	 41	 43	 43	 43	 47	 43
 50	 38	 64	 64	 64	 63	 62	 64	 62	 64	 63	 64	 63	 65	 68	 62	 67	 66	 47	 50	 52	 49	 39	 48	 48	 48	 50	 49	 49	 48	 51	 48	 48	 49	 38	 43	 43	 40	 44	 43	 42	 42	 44	 43	 41	 43	 43	 43	 47	 43	  1
 51	 53	 50	 50	 50	 47	 47	 50	 50	 50	 49	 50	 48	 50	 50	 47	 50	 49	 40	 42	 41	 38	 38	 42	 39	 40	 40	 43	 42	 41	 44	 39	 41	 42	 38	 37	 37	 35	 38	 38	 37	 37	 37	 38	 33	 38	 38	 38	 38	 38	 40	 40
 52	 36	 33	 33	 33	 31	 30	 33	 32	 33	 32	 33	 32	 33	 35	 31	 34	 33	 20	 22	 22	 19	 18	 22	 20	 21	 21	 24	 22	 21	 25	 19	 21	 22	 19	 18	 17	 15	 19	 19	 18	 17	 17	 18	 13	 18	 18	 18	 19	 19	 37	 37	 20
 53	 19	 43	 44	 44	 43	 42	 44	 41	 44	 43	 43	 43	 44	 48	 42	 47	 46	 26	 29	 32	 29	 17	 27	 27	 27	 29	 27	 28	 27	 29	 28	 27	 28	 17	 22	 22	 19	 23	 22	 21	 21	 23	 22	 21	 22	 22	 22	 27	 22	 22	 22	 36	 23
 54	 46	 28	 28	 28	 25	 25	 28	 29	 28	 27	 28	 27	 28	 28	 26	 27	 27	 24	 24	 22	 20	 26	 25	 22	 23	 22	 27	 24	 24	 26	 21	 24	 25	 27	 23	 23	 22	 24	 24	 23	 23	 21	 23	 19	 23	 23	 24	 21	 24	 50	 50	 23	 14	 35
 55	 52	 47	 46	 46	 44	 44	 47	 46	 47	 46	 47	 45	 47	 46	 44	 46	 45	 38	 39	 38	 35	 36	 39	 37	 37	 38	 41	 39	 38	 41	 36	 38	 39	 36	 35	 35	 33	 36	 36	 35	 35	 34	 36	 31	 36	 35	 36	 36	 36	 42	 42	  4	 18	 36	 19
 56	 24	 17	 18	 18	 19	 17	 18	 14	 18	 17	 17	 17	 18	 23	 17	 23	 21	  9	  9	 11	 13	 15	  8	 10	 10	 10	  6	  8	  9	  6	 11	  9	  8	 15	 12	 13	 15	 11	 12	 13	 13	 13	 12	 16	 12	 12	 12	 11	 11	 52	 52	 49	 29	 31	 32	 46
 57	 58	 50	 50	 50	 47	 47	 50	 50	 50	 49	 50	 48	 50	 49	 47	 49	 48	 42	 43	 43	 39	 41	 44	 41	 42	 42	 46	 44	 43	 46	 40	 43	 44	 42	 40	 40	 38	 41	 41	 40	 40	 39	 41	 36	 41	 41	 41	 40	 41	 47	 47	  7	 24	 42	 22	  6	 51
 58	 49	 11	 10	 10	  8	 10	 10	 14	 10	 11	 11	 10	 10	  5	 10	  6	  7	 24	 22	 19	 21	 32	 24	 23	 23	 21	 25	 23	 24	 23	 22	 23	 23	 33	 28	 27	 30	 27	 28	 28	 29	 26	 27	 28	 27	 28	 28	 23	 28	 68	 68	 47	 33	 49	 25	 44	 26	 46
 59	 44	 50	 50	 50	 48	 48	 50	 49	 51	 49	 50	 49	 51	 52	 48	 51	 50	 37	 39	 40	 36	 32	 39	 37	 37	 38	 40	 39	 38	 41	 36	 38	 39	 32	 33	 33	 31	 35	 34	 33	 33	 33	 34	 30	 34	 34	 34	 36	 34	 27	 27	 13	 18	 26	 27	 15	 45	 20	 50
 60	 37	  7	  7	  7	  6	  5	  7	  6	  7	  6	  7	  6	  8	 11	  5	 10	  9	 12	  9	  6	  9	 21	 11	 11	 11	  9	 12	 11	 11	 10	 10	 11	 11	 21	 16	 16	 18	 15	 16	 17	 17	 14	 15	 17	 15	 16	 16	 11	 16	 58	 58	 44	 26	 37	 23	 41	 14	 44	 13	 44
 61	 37	 49	 49	 49	 47	 46	 49	 47	 49	 48	 49	 47	 49	 51	 47	 51	 49	 33	 36	 37	 33	 27	 35	 34	 34	 35	 36	 35	 34	 38	 33	 35	 35	 27	 29	 29	 26	 31	 30	 29	 28	 30	 30	 26	 30	 30	 30	 33	 30	 21	 21	 20	 17	 18	 29	 22	 41	 27	 50	  9	 42
 62	 27	 14	 15	 15	 16	 14	 14	 11	 15	 14	 14	 14	 15	 20	 14	 19	 18	 10	  8	  9	 12	 16	  8	 10	  9	  9	  7	  8	  9	  5	 11	  9	  8	 17	 13	 13	 16	 12	 13	 14	 14	 13	 13	 17	 13	 13	 13	 11	 13	 54	 54	 49	 30	 33	 31	 46	  4	 51	 23	 46	 12	 42
 63	 33	 43	 43	 43	 41	 40	 43	 41	 43	 42	 43	 41	 43	 45	 41	 45	 43	 27	 30	 31	 27	 21	 29	 28	 28	 29	 30	 29	 28	 32	 27	 29	 29	 21	 23	 23	 20	 25	 24	 23	 22	 24	 24	 20	 24	 24	 24	 27	 24	 25	 25	 21	 12	 15	 25	 22	 35	 27	 45	 12	 36	  7	 36
 64	 44	 45	 45	 45	 43	 43	 46	 45	 46	 45	 45	 44	 46	 47	 43	 46	 45	 33	 35	 35	 32	 30	 35	 33	 33	 34	 37	 35	 34	 37	 32	 34	 35	 30	 30	 30	 27	 31	 31	 30	 29	 30	 31	 26	 31	 30	 31	 32	 31	 32	 32	 10	 14	 27	 21	 10	 42	 16	 45	  7	 39	 12	 42	 12
 65	  5	 40	 41	 41	 41	 39	 40	 37	 40	 40	 40	 40	 41	 46	 39	 45	 43	 24	 26	 30	 28	 17	 25	 26	 25	 27	 23	 25	 25	 26	 27	 25	 25	 16	 21	 22	 21	 22	 20	 21	 21	 23	 21	 24	 22	 21	 21	 26	 21	 34	 34	 49	 32	 15	 42	 48	 24	 54	 48	 40	 35	 32	 27	 28	 39
 66	 32	 31	 31	 31	 29	 28	 31	 30	 31	 30	 31	 30	 31	 33	 29	 33	 31	 17	 19	 20	 16	 14	 19	 17	 18	 18	 21	 19	 18	 22	 17	 18	 19	 15	 14	 14	 12	 15	 15	 14	 14	 14	 15	 10	 15	 15	 15	 16	 15	 36	 36	 24	  4	 20	 16	 22	 26	 27	 33	 20	 24	 18	 27	 12	 16	 28
 67	 53	 42	 42	 42	 39	 39	 42	 43	 42	 42	 43	 41	 42	 42	 40	 41	 41	 36	 37	 35	 32	 35	 37	 34	 35	 35	 39	 37	 36	 39	 34	 36	 37	 36	 34	 34	 32	 35	 35	 34	 33	 32	 34	 30	 34	 34	 35	 33	 35	 47	 47	 10	 18	 39	 15	  7	 44	  8	 38	 20	 37	 26	 44	 25	 15	 49	 22
 68	 35	 46	 46	 46	 44	 43	 46	 44	 46	 45	 46	 45	 46	 48	 44	 48	 46	 30	 33	 34	 30	 24	 32	 31	 31	 32	 33	 33	 32	 35	 31	 32	 32	 24	 27	 27	 24	 28	 27	 26	 26	 27	 27	 23	 27	 27	 27	 30	 27	 23	 23	 20	 15	 17	 27	 21	 38	 27	 47	 10	 39	  3	 39	  4	 11	 30	 15	 25
 69	 29	 13	 14	 14	 15	 13	 13	 10	 13	 13	 13	 13	 14	 19	 13	 18	 17	 11	  9	 10	 13	 18	  9	 11	 11	 10	  8	  9	 10	  7	 12	 10	  9	 18	 15	 15	 18	 14	 14	 15	 16	 15	 14	 18	 14	 15	 14	 12	 14	 56	 56	 50	 31	 35	 31	 47	  5	 52	 23	 47	 11	 44	  2	 38	 44	 29	 28	 45	 41
 70	 31	 15	 15	 15	 14	 13	 15	 13	 15	 14	 15	 14	 15	 19	 13	 18	 17	  5	  4	  3	  2	 13	  5	  3	  4	  2	  7	  5	  5	  6	  2	  4	  5	 14	  8	  8	 11	  7	  9	  9	  9	  7	  8	  9	  8	  8	  8	  3	  8	 50	 50	 39	 20	 30	 21	 36	 12	 40	 20	 37	  8	 35	 11	 29	 33	 29	 18	 33	 32	 12
 71	  9	 36	 37	 37	 38	 36	 37	 33	 37	 36	 36	 36	 37	 43	 37	 42	 40	 24	 26	 29	 29	 21	 24	 26	 25	 27	 22	 25	 24	 24	 27	 25	 24	 20	 24	 24	 25	 24	 22	 23	 24	 26	 24	 28	 24	 24	 23	 27	 23	 46	 46	 57	 39	 26	 46	 56	 20	 62	 46	 50	 33	 43	 23	 38	 49	 13	 35	 56	 41	 24	 29
 72	 31	 44	 45	 45	 43	 42	 45	 43	 45	 44	 44	 43	 45	 48	 43	 47	 46	 28	 31	 33	 29	 21	 30	 29	 29	 31	 31	 31	 30	 33	 29	 30	 30	 21	 24	 24	 21	 26	 25	 24	 23	 25	 25	 22	 25	 25	 25	 28	 25	 22	 22	 25	 16	 13	 29	 25	 36	 31	 47	 14	 38	  7	 37	  4	 15	 26	 15	 28	  5	 39	 30	 37
 73	 47	 39	 39	 39	 36	 36	 39	 39	 39	 38	 39	 38	 39	 39	 37	 39	 38	 30	 32	 31	 27	 29	 32	 29	 30	 30	 34	 32	 31	 34	 29	 31	 32	 30	 28	 28	 26	 29	 29	 28	 28	 27	 29	 24	 29	 29	 29	 28	 29	 42	 42	 11	 12	 33	 12	  8	 39	 12	 37	 17	 33	 21	 39	 19	 10	 43	 16	  7	 19	 40	 29	 50	 22
 74	 41	 44	 44	 44	 42	 42	 44	 43	 44	 43	 44	 43	 45	 46	 42	 45	 44	 31	 33	 34	 30	 27	 33	 31	 32	 32	 34	 33	 32	 35	 31	 32	 33	 27	 28	 28	 25	 29	 29	 28	 27	 27	 28	 24	 28	 28	 28	 30	 29	 30	 30	 13	 12	 24	 22	 13	 40	 19	 44	  7	 38	  9	 40	  9	  4	 36	 14	 17	  8	 42	 31	 46	 12	 12
 75	 16	 27	 28	 28	 29	 27	 27	 24	 28	 27	 27	 27	 28	 33	 28	 33	 31	 17	 18	 21	 22	 18	 17	 19	 18	 20	 14	 17	 17	 16	 20	 17	 17	 17	 18	 18	 20	 17	 17	 18	 18	 20	 18	 22	 18	 18	 17	 20	 17	 50	 50	 54	 35	 29	 40	 53	 11	 58	 37	 49	 25	 43	 14	 37	 46	 18	 31	 51	 40	 15	 21	 10	 37	 46	 44
 76	 20	 22	 22	 22	 23	 22	 22	 19	 22	 21	 21	 22	 22	 28	 22	 27	 26	 11	 12	 15	 16	 14	 11	 13	 12	 14	  8	 11	 11	 10	 14	 11	 11	 14	 13	 13	 16	 12	 12	 13	 14	 14	 13	 18	 13	 13	 13	 14	 12	 50	 50	 50	 30	 28	 35	 48	  5	 53	 31	 45	 19	 40	  8	 34	 43	 20	 27	 46	 38	  9	 15	 15	 35	 41	 40	  7
 77	 26	 55	 56	 56	 55	 53	 55	 53	 56	 54	 55	 54	 56	 59	 54	 59	 57	 38	 41	 43	 40	 29	 39	 39	 39	 41	 39	 40	 39	 41	 39	 39	 39	 29	 34	 34	 31	 35	 33	 33	 33	 35	 34	 33	 34	 34	 34	 38	 34	 12	 12	 40	 32	 12	 45	 41	 42	 47	 60	 28	 49	 20	 45	 21	 32	 22	 30	 45	 21	 46	 41	 34	 18	 40	 29	 39	 39
 78	 29	 12	 13	 13	 13	 12	 13	 10	 13	 12	 12	 12	 13	 18	 12	 17	 16	  7	  5	  5	  8	 15	  5	  7	  6	  6	  5	  5	  6	  3	  7	  6	  5	 16	 11	 11	 14	 10	 11	 12	 12	 11	 11	 14	 11	 11	 11	  8	 11	 53	 53	 45	 26	 32	 27	 43	  6	 47	 21	 43	  8	 40	  4	 34	 39	 28	 23	 40	 37	  5	  7	 25	 35	 35	 37	 17	 11	 44
 79	 39	 28	 28	 28	 26	 25	 28	 28	 28	 27	 28	 27	 28	 29	 26	 29	 28	 19	 20	 19	 16	 19	 20	 18	 19	 18	 22	 20	 20	 22	 17	 19	 20	 20	 17	 17	 16	 18	 18	 17	 17	 16	 18	 13	 17	 17	 18	 17	 18	 43	 43	 23	  7	 28	  8	 20	 28	 24	 27	 23	 22	 24	 27	 19	 18	 35	  8	 17	 21	 28	 17	 40	 22	 12	 17	 35	 30	 38	 23
 80	 39	 52	 52	 52	 50	 49	 52	 50	 52	 51	 52	 51	 52	 55	 50	 54	 53	 37	 39	 41	 37	 30	 38	 37	 37	 39	 39	 39	 38	 41	 37	 38	 38	 30	 33	 33	 30	 34	 33	 32	 32	 33	 33	 30	 33	 33	 33	 36	 33	 19	 19	 21	 21	 20	 32	 23	 44	 28	 54	  9	 45	  4	 46	 10	 14	 34	 22	 28	  7	 47	 38	 45	  9	 23	 12	 46	 43	 20	 43	 27
 81	 21	 30	 30	 30	 29	 28	 30	 28	 30	 29	 30	 29	 31	 34	 29	 33	 32	 13	 16	 18	 15	  5	 14	 14	 14	 16	 15	 15	 14	 17	 14	 14	 14	  5	  8	  9	  6	 10	  9	  8	  7	 10	  9	  8	  9	  9	  9	 13	  9	 35	 35	 34	 15	 14	 25	 32	 19	 38	 35	 28	 24	 23	 21	 17	 26	 17	 12	 33	 20	 22	 16	 24	 17	 26	 23	 22	 18	 26	 19	 18	 26
 82	 48	 43	 43	 43	 40	 40	 43	 43	 43	 42	 43	 42	 43	 43	 41	 43	 42	 33	 35	 34	 31	 32	 35	 33	 33	 34	 37	 35	 34	 37	 32	 34	 35	 32	 31	 31	 29	 32	 32	 31	 30	 30	 32	 27	 31	 31	 32	 32	 32	 40	 40	  7	 14	 33	 17	  5	 42	 10	 41	 13	 37	 19	 42	 18	  8	 44	 18	  7	 18	 43	 32	 52	 22	  5	 10	 48	 44	 38	 39	 16	 21	 28
 83	 12	 33	 34	 34	 35	 33	 34	 30	 34	 33	 33	 33	 34	 39	 34	 39	 37	 22	 23	 26	 27	 21	 22	 24	 23	 25	 20	 22	 22	 21	 25	 23	 22	 20	 22	 23	 24	 22	 21	 22	 23	 24	 22	 26	 22	 22	 22	 25	 22	 48	 48	 57	 38	 28	 45	 56	 17	 61	 43	 50	 31	 44	 20	 39	 49	 15	 35	 55	 42	 21	 27	  4	 38	 49	 46	  7	 12	 37	 23	 39	 47	 24	 52
 84	 36	 17	 17	 17	 15	 14	 17	 17	 17	 16	 17	 16	 18	 19	 15	 18	 17	 12	 11	  9	  7	 17	 12	 10	 11	  9	 14	 12	 12	 13	  8	 11	 12	 18	 13	 12	 13	 12	 14	 13	 13	 10	 13	 11	 12	 13	 13	  9	 13	 50	 50	 33	 16	 31	 14	 30	 19	 34	 18	 34	 11	 33	 18	 27	 29	 33	 15	 27	 30	 18	  8	 35	 29	 23	 28	 28	 22	 43	 14	 12	 36	 18	 27	 33
 85	 36	 36	 36	 36	 34	 34	 36	 35	 37	 35	 36	 35	 37	 38	 34	 38	 36	 23	 25	 26	 22	 20	 25	 23	 24	 24	 27	 25	 24	 27	 23	 24	 25	 20	 20	 20	 18	 21	 21	 20	 19	 20	 21	 16	 21	 20	 21	 22	 21	 34	 34	 18	  4	 22	 16	 17	 32	 23	 37	 15	 30	 14	 32	  9	 11	 32	  6	 18	 11	 34	 23	 40	 13	 12	  9	 37	 33	 29	 29	 10	 17	 16	 13	 40	 20
 86	 38	 34	 34	 34	 32	 31	 34	 33	 34	 33	 34	 33	 35	 36	 32	 35	 34	 22	 24	 24	 20	 20	 24	 22	 22	 23	 26	 24	 23	 26	 21	 23	 24	 21	 20	 19	 17	 21	 21	 20	 19	 19	 20	 15	 20	 20	 20	 21	 21	 37	 37	 18	  3	 24	 13	 16	 31	 21	 34	 17	 28	 17	 31	 13	 12	 33	  6	 16	 15	 33	 22	 41	 16	 10	 11	 37	 32	 33	 28	  7	 20	 17	 12	 40	 18	  4
 87	 23	 42	 43	 43	 42	 40	 43	 40	 43	 42	 42	 41	 43	 46	 41	 46	 44	 25	 28	 30	 27	 17	 27	 26	 26	 28	 27	 27	 26	 29	 26	 27	 27	 17	 21	 21	 18	 22	 21	 20	 20	 22	 22	 20	 21	 21	 21	 25	 22	 22	 22	 32	 19	  5	 32	 32	 31	 38	 47	 22	 36	 14	 33	 11	 23	 18	 17	 34	 13	 35	 28	 29	  8	 28	 19	 31	 29	 14	 32	 24	 16	 13	 28	 31	 29	 17	 20
 88	 24	 46	 47	 47	 46	 44	 47	 44	 47	 46	 46	 45	 47	 50	 45	 50	 48	 29	 32	 34	 31	 21	 31	 30	 30	 32	 31	 31	 30	 33	 30	 31	 31	 20	 25	 25	 22	 26	 25	 24	 24	 26	 26	 24	 25	 25	 25	 29	 25	 18	 18	 33	 22	  5	 35	 34	 34	 39	 51	 22	 40	 14	 37	 13	 24	 19	 20	 37	 13	 38	 32	 31	  9	 31	 21	 33	 32	 10	 35	 28	 15	 17	 30	 33	 33	 20	 23	  5
 89	 20	 28	 29	 29	 28	 27	 29	 26	 29	 28	 28	 27	 29	 33	 27	 32	 31	 11	 14	 16	 14	  2	 12	 12	 12	 14	 12	 13	 12	 14	 13	 12	 12	  2	  7	  7	  5	  8	  6	  6	  6	  9	  7	  8	  7	  7	  7	 12	  7	 37	 37	 37	 18	 16	 26	 35	 16	 41	 34	 31	 22	 26	 18	 20	 29	 16	 14	 35	 23	 20	 15	 21	 20	 29	 26	 18	 15	 27	 17	 20	 29	  4	 31	 21	 18	 19	 20	 15	 19
 90	 20	 45	 45	 45	 44	 43	 45	 42	 45	 44	 45	 44	 46	 49	 44	 49	 47	 27	 30	 33	 30	 19	 29	 29	 29	 31	 29	 29	 29	 31	 29	 29	 29	 18	 23	 24	 21	 25	 23	 23	 22	 25	 24	 23	 24	 24	 23	 28	 24	 21	 21	 37	 24	  2	 36	 37	 32	 43	 50	 26	 39	 18	 34	 16	 27	 15	 21	 39	 17	 36	 31	 27	 13	 33	 24	 30	 30	 11	 34	 29	 19	 16	 33	 29	 33	 22	 25	  6	  5	 17
 91	 35	 41	 42	 41	 40	 39	 42	 40	 42	 40	 41	 40	 42	 44	 39	 43	 42	 27	 29	 30	 26	 22	 29	 27	 27	 29	 30	 29	 28	 31	 27	 28	 29	 22	 23	 23	 20	 25	 24	 23	 22	 23	 24	 20	 24	 24	 24	 26	 24	 28	 28	 19	 10	 18	 22	 18	 35	 24	 43	 11	 35	  8	 36	  4	  9	 30	 11	 21	  5	 37	 28	 40	  8	 15	  6	 38	 35	 25	 33	 16	 11	 17	 15	 40	 25	  6	 10	 14	 16	 21	 19
 92	 21	 50	 50	 50	 50	 48	 50	 47	 50	 49	 50	 49	 51	 55	 49	 54	 52	 32	 35	 38	 35	 24	 34	 34	 34	 36	 34	 34	 34	 36	 34	 34	 34	 23	 29	 29	 26	 30	 28	 28	 28	 30	 29	 28	 29	 29	 29	 33	 29	 17	 17	 40	 29	  7	 42	 41	 36	 47	 55	 29	 44	 21	 39	 20	 31	 17	 27	 44	 20	 41	 36	 29	 16	 38	 28	 33	 34	  6	 38	 34	 21	 21	 37	 31	 38	 27	 30	 11	  8	 22	  6	 23
 93	 41	 32	 32	 32	 30	 30	 33	 32	 33	 32	 33	 31	 33	 33	 30	 33	 32	 23	 24	 23	 20	 22	 24	 22	 23	 23	 26	 24	 24	 26	 21	 23	 24	 23	 21	 20	 19	 21	 22	 21	 20	 19	 21	 16	 21	 21	 21	 21	 22	 41	 41	 18	  6	 28	  9	 15	 32	 20	 31	 19	 26	 21	 31	 17	 14	 36	  9	 14	 19	 32	 21	 43	 20	  8	 14	 38	 33	 37	 28	  5	 24	 20	 12	 42	 16	  8	  5	 24	 27	 22	 29	 14	 34
 94	 40	  8	  8	  8	  5	  5	  8	  9	  8	  7	  8	  7	  8	 10	  6	  9	  8	 15	 12	  9	 11	 23	 14	 13	 14	 11	 16	 14	 14	 14	 12	 14	 14	 24	 18	 18	 20	 17	 19	 19	 19	 16	 18	 18	 18	 18	 18	 13	 18	 59	 59	 42	 26	 39	 21	 39	 18	 42	 10	 43	  4	 42	 15	 36	 38	 38	 24	 35	 39	 15	 10	 37	 39	 32	 37	 28	 22	 51	 12	 21	 46	 25	 36	 34	 10	 29	 27	 37	 41	 24	 41	 35	 46	 25
 95	 31	 19	 20	 20	 18	 17	 20	 18	 20	 19	 19	 18	 20	 22	 17	 22	 20	  8	  9	  8	  5	 12	  9	  6	  7	  7	 11	  9	  8	 11	  6	  8	  9	 13	  8	  7	  8	  8	  9	  8	  8	  6	  8	  6	  8	  8	  8	  5	  8	 46	 46	 34	 15	 27	 17	 31	 16	 35	 23	 32	 13	 30	 16	 24	 28	 28	 12	 29	 27	 17	  6	 31	 26	 24	 26	 24	 19	 38	 12	 12	 33	 13	 27	 29	  6	 18	 16	 24	 29	 13	 28	 23	 33	 16	 14
 96	 42	 51	 52	 52	 50	 49	 52	 50	 52	 51	 52	 50	 52	 54	 49	 53	 52	 37	 39	 40	 37	 31	 39	 37	 38	 39	 40	 39	 38	 41	 37	 38	 39	 31	 33	 33	 30	 35	 34	 33	 32	 33	 34	 30	 34	 34	 34	 36	 34	 23	 23	 17	 20	 23	 30	 19	 45	 24	 52	  5	 45	  5	 46	 11	 10	 37	 21	 24	  8	 48	 38	 48	 11	 20	  9	 48	 45	 24	 43	 25	  5	 27	 17	 49	 35	 16	 19	 19	 19	 30	 23	 11	 25	 22	 45	 33
 97	 22	 46	 46	 46	 45	 44	 46	 43	 46	 45	 46	 45	 46	 50	 44	 49	 48	 28	 31	 34	 31	 20	 30	 30	 30	 32	 30	 31	 30	 32	 30	 30	 30	 20	 24	 24	 22	 26	 24	 24	 23	 26	 25	 23	 25	 25	 24	 29	 25	 19	 19	 35	 23	  4	 36	 35	 33	 41	 51	 24	 40	 16	 36	 14	 26	 18	 21	 38	 15	 37	 32	 29	 11	 32	 23	 32	 31	 10	 35	 29	 17	 16	 32	 31	 33	 21	 24	  5	  2	 18	  3	 17	  6	 28	 41	 28	 21
 98	 49	 33	 33	 32	 30	 30	 33	 33	 33	 32	 33	 31	 33	 32	 30	 32	 31	 28	 29	 27	 24	 30	 29	 27	 28	 27	 32	 29	 29	 31	 26	 29	 29	 31	 28	 27	 27	 28	 29	 28	 28	 26	 28	 24	 28	 28	 28	 26	 28	 50	 50	 20	 16	 38	  5	 16	 37	 18	 28	 26	 28	 30	 36	 26	 20	 46	 18	 10	 28	 36	 25	 51	 30	 10	 21	 45	 39	 47	 32	 11	 32	 29	 14	 50	 19	 18	 14	 34	 37	 30	 39	 23	 44	 11	 25	 21	 29	 38
 99	 18	 27	 27	 27	 27	 25	 27	 24	 27	 26	 27	 26	 27	 32	 26	 31	 29	  9	 12	 15	 14	  3	 11	 11	 11	 13	 10	 11	 10	 12	 12	 11	 11	  2	  7	  7	  6	  7	  6	  6	  6	  9	  7	  9	  7	  7	  6	 11	  6	 39	 39	 40	 21	 18	 28	 38	 14	 44	 33	 34	 21	 29	 16	 23	 32	 15	 17	 38	 26	 17	 14	 19	 23	 32	 29	 15	 12	 29	 15	 22	 32	  7	 34	 18	 19	 22	 23	 18	 21	  4	 19	 24	 24	 25	 24	 14	 33	 21	 33
100	 39	 53	 54	 54	 52	 51	 54	 52	 54	 53	 54	 52	 54	 56	 52	 56	 54	 38	 41	 42	 38	 31	 40	 38	 39	 40	 40	 40	 39	 42	 38	 39	 40	 31	 34	 34	 31	 35	 34	 33	 33	 34	 35	 31	 34	 34	 34	 37	 35	 17	 17	 24	 23	 20	 35	 25	 45	 30	 55	 11	 47	  6	 47	 11	 16	 34	 23	 30	  9	 48	 40	 45	 10	 26	 14	 46	 44	 18	 44	 29	  3	 26	 23	 47	 38	 19	 22	 16	 15	 29	 19	 13	 20	 26	 47	 35	  7	 17	 35	 32
