nVehicles:  10
nDepots:     1
nCustomers: 50
nPeriods:   12
VEHICLE_TYPE	FLEET_SIZE	CAPACITY
           4	        10	      38	
DEPOT   	X  	Y  	INV_COST	INITIAL_INV 	MIN_LEVEL_INV 	MAX_LEVEL_INV	PRODUCTION_0	PRODUCTION_1	PRODUCTION_2	PRODUCTION_3	PRODUCTION_4	PRODUCTION_5	PRODUCTION_6	PRODUCTION_7	PRODUCTION_8	PRODUCTION_9	PRODUCTION_10	PRODUCTION_11
       0	247	497	       0	        473	            0	         4126	         347	         347	         347	         347	         347	         347	         347	         347	         347	         347	          347	          347	
CUSTOMER	X  	Y  	INV_COST	INITIAL_INV	MIN_LEVEL_INV 	MAX_LEVEL_INV	DEMAND_0	DEMAND_1	DEMAND_2	DEMAND_3	DEMAND_4	DEMAND_5	DEMAND_6	DEMAND_7	DEMAND_8	DEMAND_9	DEMAND_10	DEMAND_11
       1	306	397	    0.27	          3	            0	           38	       4	       4	       6	       7	       6	       4	       5	       6	       7	       4	        4	        5
       2	400	393	    0.03	          4	            0	           28	       5	       5	       6	       8	       8	       6	       4	       4	       5	       8	        7	        6
       3	333	363	     0.2	          1	            0	           22	       3	       4	       3	       5	       6	       5	       6	       4	       3	       4	        4	        5
       4	316	353	    0.29	          2	            0	           38	       6	       7	      10	      10	      10	       9	       6	       8	      10	      11	       11	        7
       5	338	373	    0.07	         11	            0	           39	       6	       6	       7	      10	       9	      10	       8	       5	       6	       7	        8	       10
       6	332	360	    0.09	          8	            0	           67	       5	       5	       6	       7	       6	       5	       4	       6	       8	       6	        5	        5
       7	326	352	    0.22	          8	            0	           59	       5	       6	       9	       9	      10	       7	       7	       7	      11	       9	        8	        8
       8	328	359	    0.12	          5	            0	           57	       6	       6	      10	      14	      10	       8	       8	       6	      10	      14	       12	       10
       9	355	406	    0.17	          2	            0	           27	       4	       4	       4	       4	       5	       6	       6	       5	       3	       3	        3	        4
      10	342	349	     0.1	          2	            0	           46	       3	       3	       5	       6	       5	       6	       4	       4	       4	       5	        6	        5
      11	355	370	       0	          3	            0	           49	       5	       4	       5	       7	       8	       6	       5	       3	       5	       7	        6	        6
      12	343	363	    0.24	          5	            0	           34	       4	       4	       5	       6	       7	       8	       7	       6	       4	       4	        5	        6
      13	 47	160	    0.28	          6	            0	           26	       4	       4	       5	       7	       6	       5	       4	       5	       6	       8	        5	        4
      14	147	120	    0.01	         10	            0	           72	       6	       6	       8	      11	      10	       7	       6	      11	      13	      11	        7	        6
      15	131	170	    0.15	          9	            0	           58	       6	       6	       7	       9	       9	       8	       5	       5	       8	       9	       10	        9
      16	140	134	    0.14	          1	            0	           76	       6	       7	       8	      10	       9	       7	       6	       6	       8	      11	        8	        7
      17	226	107	    0.17	          8	            0	           15	       4	       4	       5	       7	       6	       7	       5	       5	       5	       4	        6	        6
      18	146	120	    0.26	          8	            0	           29	       4	       5	       6	       8	       6	       5	       4	       5	       6	       7	        5	        4
      19	152	141	    0.23	         11	            0	           20	       6	       5	       7	      10	       7	       6	       7	       8	       8	       7	        6	        6
      20	128	129	    0.06	          1	            0	           25	       5	       5	       6	       8	       8	       7	       5	       5	       8	       9	        9	        5
      21	147	126	    0.19	          9	            0	           46	       6	       6	       7	      10	      12	      11	       6	       6	       7	      10	       12	       11
      22	145	128	    0.24	          1	            0	           17	       4	       4	       5	       6	       8	       7	       6	       4	       5	       6	        7	        8
      23	129	143	    0.29	          5	            0	           42	       3	       3	       3	       6	       6	       6	       6	       4	       3	       3	        4	        5
      24	145	125	    0.16	          5	            0	           53	       4	       4	       6	       6	       4	       3	       4	       6	       5	       5	        4	        5
      25	  0	  0	    0.26	          7	            0	           79	       6	       6	       9	      11	      13	       9	       7	      10	      11	      10	        9	        7
      26	226	201	    0.11	          8	            0	           41	       4	       4	       5	       6	       7	       7	       6	       4	       4	       6	        6	        6
      27	424	 83	    0.14	          9	            0	           57	       6	       5	       7	       7	       5	       5	       6	       7	       8	       6	        5	        8
      28	389	235	    0.13	          4	            0	           34	       4	       4	       5	       6	       7	       6	       5	       4	       5	       7	        7	        7
      29	 24	395	    0.24	          7	            0	           30	       6	       6	       8	       9	       9	       6	       5	       7	       9	      11	        7	        6
      30	245	170	    0.07	         11	            0	           56	       6	       8	       9	      13	      10	       6	       7	       8	      10	      10	        9	        7
      31	483	217	    0.15	          4	            0	           47	       5	       4	       6	       7	       7	       4	       4	       7	       7	       7	        4	        5
      32	392	252	    0.11	         10	            0	           30	       6	       6	       8	      11	       9	       5	       7	       9	       8	       7	        5	        7
      33	324	273	    0.01	          1	            0	           29	       4	       4	       4	       6	       7	       6	       6	       5	       4	       3	        4	        6
      34	240	255	    0.14	          2	            0	           69	       5	       5	       7	       9	       8	       5	       7	       8	       6	       6	        5	        7
      35	468	 70	    0.21	          7	            0	           58	       5	       5	       7	       7	       9	       9	       6	       5	       5	       5	        7	        9
      36	343	 30	    0.24	         12	            0	           68	       8	       7	       9	       9	      11	      12	       8	       8	       6	       6	        8	       10
      37	256	265	    0.18	         11	            0	           25	       6	       6	      10	       9	      12	       7	       6	       6	      10	      12	       11	        9
      38	114	480	    0.16	          7	            0	           75	       8	       7	       9	      12	      14	      12	      10	       7	       7	      11	       13	       14
      39	458	358	    0.13	          8	            0	           24	       4	       4	       5	       6	       7	       7	       6	       6	       5	       4	        6	        7
      40	124	  8	    0.28	          9	            0	           77	       6	       7	       8	      10	      11	       9	       7	       6	       8	      10	       13	       11
      41	311	167	    0.01	         11	            0	           72	       7	       7	       9	      12	       9	       9	       6	       9	      11	      11	        9	        6
      42	217	428	    0.02	         10	            0	           27	       4	       6	       6	       9	       6	       5	       5	       6	       9	       8	        6	        4
      43	 90	 99	    0.13	         13	            0	           68	       7	       7	       8	      14	      13	       9	       6	       7	       8	      12	       12	        9
      44	 80	370	    0.09	          9	            0	           53	       5	       4	       5	       8	       9	       8	       4	       4	       7	       7	        9	        5
      45	490	412	     0.3	          2	            0	           73	       7	       7	      10	      11	       8	       6	       6	       7	      10	      11	        6	        7
      46	275	 84	    0.22	         12	            0	           87	       7	       8	       8	      13	      13	      10	       8	       6	       9	      12	       13	       12
      47	182	411	    0.02	          8	            0	          103	       6	       7	       9	      11	      11	      11	       7	       7	       9	      12	       12	       11
      48	106	368	    0.06	         11	            0	           33	       6	       5	       6	       9	       7	       5	       5	       7	       9	       8	        4	        6
      49	144	326	    0.12	          6	            0	           25	       4	       4	       6	       7	       8	       7	       5	       4	       4	       4	        7	        7
      50	436	366	    0.19	          5	            0	           76	       9	       8	      10	      11	      11	       9	       8	       6	      10	      11	       13	       11
COST_MATRIX 
	  0	  1	  2	  3	  4	  5	  6	  7	  8	  9	 10	 11	 12	 13	 14	 15	 16	 17	 18	 19	 20	 21	 22	 23	 24	 25	 26	 27	 28	 29	 30	 31	 32	 33	 34	 35	 36	 37	 38	 39	 40	 41	 42	 43	 44	 45	 46	 47	 48	 49	 50
  0
  1	 12
  2	 19	 10
  3	 16	  5	  8
  4	 16	  5	 10	  2
  5	 16	  5	  7	  2	  3
  6	 17	  5	  8	  1	  2	  2
  7	 17	  5	  9	  2	  2	  3	  2
  8	 17	  5	  8	  1	  2	  2	  1	  1
  9	 15	  5	  5	  5	  7	  4	  6	  7	  6
 10	 18	  7	  8	  2	  3	  3	  2	  2	  2	  6
 11	 17	  6	  6	  3	  5	  2	  3	  4	  3	  4	  3
 12	 17	  6	  7	  2	  3	  2	  2	  3	  2	  5	  2	  2
 13	 40	 36	 43	 36	 34	 37	 35	 34	 35	 40	 36	 38	 36
 14	 40	 32	 38	 31	 29	 32	 31	 30	 30	 36	 31	 33	 32	 11
 15	 35	 29	 35	 28	 27	 29	 28	 27	 28	 33	 28	 31	 29	  9	  6
 16	 38	 32	 37	 30	 29	 32	 30	 29	 30	 35	 30	 32	 31	 10	  2	  4
 17	 40	 31	 34	 28	 27	 29	 28	 27	 28	 33	 27	 30	 29	 19	  9	 12	 10
 18	 40	 32	 38	 31	 29	 32	 31	 30	 31	 36	 31	 33	 32	 11	  1	  6	  2	  9
 19	 37	 30	 36	 29	 27	 30	 29	 28	 29	 34	 29	 31	 30	 11	  3	  4	  2	  9	  3
 20	 39	 33	 38	 32	 30	 33	 31	 30	 31	 36	 31	 34	 32	  9	  3	  5	  2	 11	  3	  3
 21	 39	 32	 37	 31	 29	 32	 30	 29	 30	 35	 30	 33	 31	 11	  1	  5	  2	  9	  1	  2	  2
 22	 39	 32	 37	 31	 29	 32	 30	 29	 30	 35	 30	 33	 31	 11	  1	  5	  1	  9	  1	  2	  2	  1
 23	 38	 31	 37	 31	 29	 32	 30	 29	 30	 35	 30	 33	 31	  9	  3	  3	  2	 11	  3	  3	  2	  3	  3
 24	 39	 32	 37	 31	 29	 32	 31	 30	 30	 36	 30	 33	 31	 11	  1	  5	  2	  9	  1	  2	  2	  1	  1	  3
 25	 56	 51	 57	 50	 48	 51	 49	 48	 49	 54	 49	 52	 50	 17	 19	 22	 20	 26	 19	 21	 19	 20	 20	 20	 20
 26	 30	 22	 26	 20	 18	 21	 20	 19	 19	 25	 19	 22	 20	 19	 12	 10	 11	 10	 12	 10	 13	 11	 11	 12	 12	 31
 27	 46	 34	 32	 30	 30	 31	 30	 29	 30	 34	 28	 30	 30	 39	 28	 31	 29	 20	 29	 28	 30	 29	 29	 31	 29	 44	 24
 28	 30	 19	 16	 14	 14	 15	 14	 14	 14	 18	 13	 14	 14	 36	 27	 27	 27	 21	 27	 26	 29	 27	 27	 28	 27	 46	 17	 16
 29	 25	 29	 38	 32	 30	 32	 31	 31	 31	 34	 33	 34	 33	 24	 31	 25	 29	 36	 31	 29	 29	 30	 30	 28	 30	 40	 29	 51	 40
 30	 33	 24	 28	 22	 20	 23	 21	 20	 21	 27	 21	 23	 22	 20	 12	 12	 12	  7	 12	 10	 13	 11	 11	 12	 11	 30	  4	 20	 16	 32
 31	 37	 26	 20	 21	 22	 22	 21	 21	 22	 23	 20	 20	 21	 44	 35	 36	 36	 28	 36	 34	 37	 35	 35	 37	 36	 53	 26	 15	 10	 50	 25
 32	 29	 17	 15	 13	 13	 14	 13	 12	 13	 16	 11	 13	 13	 36	 28	 28	 28	 23	 28	 27	 30	 28	 28	 29	 28	 47	 18	 18	  2	 40	 17	 10
 33	 24	 13	 15	 10	  9	 11	  9	  8	  9	 14	  8	 11	 10	 30	 24	 22	 24	 20	 24	 22	 25	 24	 24	 24	 24	 43	 13	 22	  8	 33	 13	 17	  8
 34	 25	 16	 22	 15	 13	 16	 14	 13	 14	 19	 14	 17	 15	 22	 17	 14	 16	 15	 17	 15	 17	 16	 16	 16	 17	 36	  6	 26	 16	 26	  9	 25	 16	  9
 35	 49	 37	 34	 33	 33	 33	 33	 32	 33	 36	 31	 33	 32	 44	 33	 36	 34	 25	 33	 33	 35	 33	 33	 35	 33	 48	 28	  5	 19	 56	 25	 15	 20	 25	 30
 36	 48	 37	 37	 34	 33	 35	 34	 33	 33	 38	 32	 35	 34	 33	 22	 26	 23	 15	 22	 23	 24	 22	 23	 25	 22	 35	 21	 10	 22	 49	 18	 24	 23	 25	 25	 14
 37	 24	 15	 20	 13	 11	 14	 13	 12	 12	 18	 13	 15	 14	 24	 19	 16	 18	 17	 19	 17	 19	 18	 18	 18	 18	 37	  8	 25	 14	 27	 10	 24	 14	  7	  2	 29	 26
 38	 14	 21	 30	 25	 24	 25	 25	 25	 25	 26	 27	 27	 26	 33	 37	 32	 35	 39	 37	 35	 36	 36	 36	 34	 36	 50	 31	 51	 37	 13	 34	 46	 36	 30	 26	 55	 51	 26
 39	 26	 16	  7	 13	 15	 13	 13	 14	 14	 12	 12	 11	 12	 46	 40	 38	 39	 35	 40	 38	 41	 39	 39	 40	 40	 59	 29	 28	 15	 44	 29	 15	 13	 16	 25	 29	 35	 23	 37
 40	 51	 43	 48	 42	 40	 43	 41	 40	 41	 47	 41	 43	 42	 18	 12	 17	 13	 15	 12	 14	 13	 13	 13	 14	 12	 13	 22	 31	 35	 40	 21	 42	 37	 34	 28	 35	 23	 29	 48	 49
 41	 34	 24	 25	 20	 19	 21	 20	 19	 20	 25	 19	 21	 20	 27	 18	 19	 18	 11	 18	 17	 19	 17	 18	 19	 18	 36	 10	 15	 11	 37	  7	 18	 12	 11	 12	 19	 15	 12	 37	 25	 25
 42	  8	 10	 19	 14	 13	 14	 14	 14	 14	 14	 15	 15	 15	 32	 32	 28	 31	 33	 32	 30	 32	 32	 31	 30	 32	 48	 23	 41	 26	 20	 26	 34	 25	 19	 18	 44	 42	 17	 12	 26	 44	 28
 43	 43	 37	 43	 36	 34	 37	 36	 35	 36	 41	 36	 38	 37	  8	  7	  9	  7	 14	  6	  8	  5	  7	  7	  6	  7	 14	 18	 34	 33	 31	 18	 42	 34	 30	 22	 38	 27	 24	 39	 46	 10	 24	 36
 44	 21	 23	 33	 26	 24	 26	 26	 25	 25	 28	 27	 28	 27	 22	 26	 21	 25	 31	 26	 25	 25	 26	 26	 24	 26	 38	 23	 45	 34	  7	 26	 44	 34	 27	 20	 50	 43	 21	 12	 38	 37	 31	 15	 28
 45	 26	 19	 10	 17	 19	 16	 17	 18	 18	 14	 17	 15	 16	 51	 46	 44	 45	 41	 46	 44	 46	 45	 45	 46	 45	 65	 34	 34	 21	 47	 35	 20	 19	 22	 30	 35	 41	 28	 39	  7	 55	 31	 28	 51	 42
 46	 42	 32	 34	 29	 28	 30	 29	 28	 29	 34	 28	 30	 29	 25	 14	 17	 15	  6	 14	 14	 16	 14	 14	 16	 14	 29	 13	 15	 19	 40	 10	 25	 21	 20	 18	 20	  9	 19	 43	 33	 17	 10	 35	 19	 35	 40
 47	 11	 13	 22	 16	 15	 17	 16	 16	 16	 18	 18	 18	 17	 29	 30	 25	 29	 31	 30	 28	 29	 29	 29	 28	 29	 45	 22	 41	 28	 16	 25	 36	 27	 20	 17	 45	 42	 17	 10	 29	 41	 28	  4	 33	 11	 31	 34
 48	 20	 21	 30	 23	 22	 24	 23	 23	 23	 26	 24	 25	 24	 22	 26	 20	 24	 29	 26	 24	 25	 25	 25	 23	 25	 39	 21	 43	 32	  9	 25	 41	 31	 24	 18	 47	 42	 19	 12	 36	 37	 29	 13	 27	  3	 39	 34	  9
 49	 20	 18	 27	 20	 18	 20	 20	 19	 19	 23	 20	 22	 21	 20	 21	 16	 20	 24	 21	 19	 20	 21	 20	 19	 21	 36	 15	 38	 27	 14	 19	 36	 26	 19	 12	 42	 36	 13	 16	 32	 32	 24	 13	 24	  8	 36	 28	 10	  6
 50	 23	 14	  5	 11	 13	 10	 11	 12	 11	 10	 10	  9	 10	 45	 38	 37	 38	 34	 39	 37	 39	 38	 38	 38	 38	 57	 27	 29	 14	 42	 28	 16	 13	 15	 23	 30	 35	 21	 35	  3	 48	 24	 23	 44	 36	  8	 33	 26	 34	 30
