nVehicles:  21
nDepots:     1
nCustomers: 50
nPeriods:    6
VEHICLE_TYPE	FLEET_SIZE	CAPACITY
           2	        21	      18	
DEPOT   	X  	Y  	INV_COST	INITIAL_INV 	MIN_LEVEL_INV 	MAX_LEVEL_INV	PRODUCTION_0	PRODUCTION_1	PRODUCTION_2	PRODUCTION_3	PRODUCTION_4	PRODUCTION_5
       0	115	359	       0	        433	            0	         2190	         368	         368	         368	         368	         368	         368	
CUSTOMER	X  	Y  	INV_COST	INITIAL_INV	MIN_LEVEL_INV 	MAX_LEVEL_INV	DEMAND_0	DEMAND_1	DEMAND_2	DEMAND_3	DEMAND_4	DEMAND_5
       1	483	185	    0.24	         20	            0	           51	       8	      12	      11	       9	       7	       7
       2	483	180	    0.18	          3	            0	           14	       4	       6	       6	       5	       4	       4
       3	483	186	    0.02	         13	            0	           35	       8	      13	      10	       9	       8	       7
       4	491	210	     0.2	          9	            0	           24	       8	      11	      12	       9	       6	       6
       5	483	182	    0.21	          1	            0	            7	       4	       6	       6	       6	       4	       4
       6	482	170	    0.24	          2	            0	           35	       6	       8	      10	       9	       7	       5
       7	489	186	    0.01	          5	            0	           14	       5	       6	       8	       7	       5	       5
       8	477	175	    0.04	          6	            0	           12	       4	       5	       5	       5	       3	       4
       9	490	194	    0.14	          2	            0	           47	       8	      10	      11	       8	       5	       5
      10	444	195	    0.19	         16	            0	           52	       9	       9	      11	       9	       6	       8
      11	479	175	    0.12	         12	            0	           22	       7	       7	       7	       8	       6	       5
      12	489	189	    0.02	          4	            0	           32	       6	       7	       8	       5	       4	       5
      13	 66	200	     0.2	          2	            0	           20	       9	      10	      10	      14	      12	       8
      14	109	223	    0.05	         16	            0	           16	      10	      11	      14	       8	       7	       9
      15	 93	200	     0.3	         23	            0	           55	       9	      14	      13	      10	       7	      10
      16	 67	234	    0.12	          8	            0	           26	       4	       6	       6	       7	       5	       3
      17	 61	167	    0.09	         12	            0	           14	       8	       9	       9	       7	       6	       7
      18	 84	263	    0.02	         12	            0	           32	       5	       9	       8	       6	       4	       7
      19	 12	120	    0.04	         14	            0	           23	       6	       9	       8	       7	       7	       6
      20	 86	198	    0.11	          2	            0	           18	       7	      10	      10	       6	       6	       7
      21	 80	216	    0.03	         11	            0	           24	       6	       9	      11	       8	       7	       7
      22	 51	200	    0.19	          6	            0	           40	       8	       9	       8	       8	       8	       5
      23	 80	215	    0.02	         12	            0	           46	       7	      10	      14	       9	      10	       8
      24	 77	209	    0.27	          6	            0	           37	       7	      12	      12	      12	       9	       6
      25	  0	  0	    0.01	         15	            0	           28	       7	       8	      10	       8	       5	       6
      26	187	 29	    0.04	          1	            0	           30	       8	       8	      10	      11	      10	       7
      27	 49	437	    0.26	         13	            0	           13	       6	       9	       8	       7	       6	       5
      28	366	449	    0.12	         15	            0	           37	       7	      11	      14	       8	       8	       9
      29	193	195	    0.16	          2	            0	           10	       6	       7	       9	       7	       7	       6
      30	297	416	    0.08	          4	            0	           29	       8	      10	      11	       6	       7	       9
      31	286	105	    0.27	          9	            0	            9	       5	       6	       5	       5	       3	       4
      32	488	282	    0.22	          2	            0	           10	       5	       6	       8	       6	       6	       5
      33	455	234	    0.07	          5	            0	            9	       6	       8	       7	       6	       5	       5
      34	114	201	    0.11	          8	            0	           22	       4	       6	       6	       5	       3	       3
      35	316	171	    0.08	          4	            0	           31	       5	       6	       5	       6	       5	       4
      36	286	263	    0.11	          3	            0	           42	       8	      10	      10	      11	      10	       6
      37	313	355	    0.21	          5	            0	           26	       4	       5	       6	       5	       4	       3
      38	185	 53	    0.04	         14	            0	           46	       6	       8	       9	       8	      10	       5
      39	412	308	    0.07	          6	            0	           14	       3	       5	       6	       4	       4	       4
      40	332	445	    0.13	          9	            0	           36	       7	       7	      10	      10	       8	       6
      41	313	256	    0.08	          7	            0	           30	       7	       9	       9	       7	       5	       7
      42	321	 58	    0.04	          3	            0	           41	       8	      10	       9	       9	       6	      10
      43	146	482	    0.18	         10	            0	           32	       5	       6	      10	       9	       6	       5
      44	481	144	    0.04	         18	            0	           56	       9	      12	      12	       9	       8	       6
      45	196	222	    0.26	         11	            0	           22	       9	      11	      13	      10	       7	       8
      46	129	161	    0.02	          4	            0	           22	       8	      10	       9	       7	       6	       7
      47	 35	450	     0.2	         13	            0	           24	       6	       7	       9	       5	       5	       5
      48	173	466	    0.16	          1	            0	           46	       8	      11	      13	      12	       7	       7
      49	 44	159	     0.1	          4	            0	           12	       4	       4	       6	       5	       3	       3
      50	292	439	     0.2	         10	            0	           10	       6	       8	       7	       7	       5	       5
COST_MATRIX 
	  0	  1	  2	  3	  4	  5	  6	  7	  8	  9	 10	 11	 12	 13	 14	 15	 16	 17	 18	 19	 20	 21	 22	 23	 24	 25	 26	 27	 28	 29	 30	 31	 32	 33	 34	 35	 36	 37	 38	 39	 40	 41	 42	 43	 44	 45	 46	 47	 48	 49	 50
  0
  1	 41
  2	 41	  1
  3	 41	  1	  1
  4	 41	  3	  4	  3
  5	 41	  1	  1	  1	  3
  6	 42	  2	  2	  2	  5	  2
  7	 42	  1	  1	  1	  3	  1	  2
  8	 41	  2	  1	  2	  4	  1	  1	  2
  9	 41	  2	  2	  2	  2	  2	  3	  1	  3
 10	 37	  5	  5	  5	  5	  5	  5	  5	  4	  5
 11	 41	  2	  1	  2	  4	  1	  1	  2	  1	  3	  5
 12	 42	  1	  2	  1	  3	  1	  3	  1	  2	  1	  5	  2
 13	 17	 42	 42	 42	 43	 42	 42	 43	 42	 43	 38	 42	 43
 14	 14	 38	 38	 38	 39	 38	 38	 39	 38	 39	 34	 38	 39	  5
 15	 17	 40	 40	 40	 40	 40	 40	 40	 39	 40	 36	 39	 40	  3	  3
 16	 14	 42	 42	 42	 43	 42	 42	 43	 42	 43	 38	 42	 43	  4	  5	  5
 17	 20	 43	 43	 43	 44	 43	 43	 43	 42	 43	 39	 42	 43	  4	  8	  5	  7
 18	 11	 41	 41	 41	 42	 41	 41	 42	 41	 42	 37	 41	 42	  7	  5	  7	  4	 10
 19	 27	 48	 48	 48	 49	 48	 48	 49	 47	 49	 44	 48	 49	 10	 15	 12	 13	  7	 17
 20	 17	 40	 40	 40	 41	 40	 40	 41	 40	 41	 36	 40	 41	  3	  4	  1	  5	  4	  7	 11
 21	 15	 41	 41	 41	 42	 41	 41	 42	 40	 42	 37	 41	 41	  3	  3	  3	  3	  6	  5	 12	  2
 22	 18	 44	 44	 44	 45	 44	 44	 44	 43	 44	 40	 43	 44	  2	  7	  5	  4	  4	  8	  9	  4	  4
 23	 15	 41	 41	 41	 42	 41	 41	 42	 40	 42	 37	 41	 41	  3	  4	  2	  3	  6	  5	 12	  2	  1	  4
 24	 16	 41	 41	 41	 42	 41	 41	 42	 41	 42	 37	 41	 42	  2	  4	  2	  3	  5	  6	 12	  2	  1	  3	  1
 25	 38	 52	 52	 52	 54	 52	 52	 53	 51	 53	 49	 51	 53	 22	 25	 23	 25	 18	 28	 13	 22	 24	 21	 23	 23
 26	 34	 34	 34	 34	 36	 34	 33	 35	 33	 35	 31	 33	 35	 21	 21	 20	 24	 19	 26	 20	 20	 22	 22	 22	 22	 19
 27	 11	 51	 51	 51	 50	 51	 51	 51	 51	 51	 47	 51	 51	 24	 23	 25	 21	 28	 18	 32	 25	 23	 24	 23	 23	 44	 44
 28	 27	 29	 30	 29	 27	 30	 31	 30	 30	 29	 27	 30	 29	 39	 35	 37	 37	 42	 34	 49	 38	 37	 41	 37	 38	 58	 46	 32
 29	 19	 30	 30	 30	 30	 30	 30	 30	 29	 30	 26	 29	 30	 13	  9	 11	 14	 14	 13	 20	 11	 12	 15	 12	 12	 28	 17	 29	 31
 30	 20	 30	 31	 30	 29	 30	 31	 30	 31	 30	 27	 31	 30	 32	 27	 30	 30	 35	 27	 42	 31	 30	 33	 30	 31	 52	 41	 25	  8	 25
 31	 31	 22	 22	 22	 24	 22	 21	 22	 21	 23	 19	 21	 22	 24	 22	 22	 26	 24	 26	 28	 23	 24	 26	 24	 24	 31	 13	 41	 36	 13	 32
 32	 39	 10	 11	 10	  8	 11	 12	 10	 11	  9	 10	 11	 10	 43	 39	 41	 43	 45	 41	 51	 42	 42	 45	 42	 42	 57	 40	 47	 21	 31	 24	 27
 33	 37	  6	  7	  6	  5	  6	  7	  6	  7	  6	  5	  7	  6	 40	 35	 37	 39	 40	 38	 46	 38	 38	 41	 38	 38	 52	 34	 46	 24	 27	 25	 22	  6
 34	 16	 37	 37	 37	 38	 37	 37	 38	 37	 38	 34	 37	 38	  5	  3	  3	  6	  7	  7	 14	  3	  4	  7	  4	  4	 24	 19	 25	 36	  8	 29	 20	 39	 35
 35	 28	 17	 17	 17	 18	 17	 17	 18	 17	 18	 14	 17	 18	 26	 22	 23	 26	 26	 25	 31	 24	 25	 27	 25	 25	 36	 20	 38	 29	 13	 25	  8	 21	 16	 21
 36	 20	 22	 22	 22	 22	 22	 22	 22	 22	 22	 18	 22	 22	 23	 19	 21	 23	 25	 21	 31	 22	 22	 25	 22	 22	 39	 26	 30	 21	 12	 16	 16	 21	 18	 19	 10
 37	 20	 25	 25	 24	 23	 25	 26	 25	 25	 24	 21	 25	 25	 30	 25	 27	 28	 32	 25	 39	 28	 28	 31	 28	 28	 48	 35	 28	 11	 21	  7	 26	 19	 19	 26	 19	 10
 38	 32	 33	 33	 33	 35	 33	 32	 34	 32	 34	 30	 32	 34	 19	 19	 18	 22	 17	 24	 19	 18	 20	 20	 20	 19	 20	  3	 41	 44	 15	 38	 12	 38	 33	 17	 18	 24	 33
 39	 31	 15	 15	 15	 13	 15	 16	 15	 15	 14	 12	 15	 15	 37	 32	 34	 36	 38	 34	 45	 35	 35	 38	 35	 35	 52	 36	 39	 15	 25	 16	 24	  9	  9	 32	 17	 14	 11	 35
 40	 24	 31	 31	 30	 29	 31	 32	 31	 31	 30	 28	 31	 31	 37	 32	 35	 34	 39	 31	 46	 35	 35	 38	 35	 35	 56	 45	 29	  4	 29	  5	 35	 23	 25	 33	 28	 19	 10	 42	 16
 41	 23	 19	 19	 19	 19	 19	 19	 19	 19	 19	 15	 19	 19	 26	 21	 23	 25	 27	 23	 34	 24	 24	 27	 24	 25	 41	 26	 33	 21	 14	 17	 16	 18	 15	 21	  9	  3	 10	 24	 12	 19
 42	 37	 21	 21	 21	 23	 21	 20	 22	 20	 22	 19	 20	 22	 30	 27	 27	 31	 29	 32	 32	 28	 29	 31	 29	 29	 33	 14	 47	 40	 19	 36	  6	 28	 23	 26	 12	 21	 30	 14	 27	 39	 20
 43	 13	 45	 46	 45	 44	 46	 46	 46	 46	 45	 42	 46	 46	 30	 27	 29	 27	 33	 23	 39	 30	 28	 30	 28	 29	 51	 46	 11	 23	 30	 17	 41	 40	 40	 29	 36	 26	 21	 44	 32	 19	 29	 46
 44	 43	  5	  4	  5	  7	  4	  3	  5	  4	  6	  7	  4	  5	 42	 39	 40	 43	 43	 42	 47	 40	 41	 44	 41	 41	 51	 32	 53	 33	 30	 33	 20	 14	 10	 38	 17	 23	 27	 31	 18	 34	 21	 19	 48
 45	 16	 29	 30	 29	 30	 29	 30	 30	 29	 30	 25	 29	 30	 14	  9	 11	 13	 15	 12	 22	 12	 12	 15	 12	 12	 30	 20	 27	 29	  3	 22	 15	 30	 26	  9	 14	 10	 18	 17	 24	 27	 13	 21	 27	 30
 46	 20	 36	 36	 36	 37	 36	 36	 37	 35	 37	 32	 36	 37	  8	  7	  6	 10	  7	 12	 13	  6	  8	  9	  8	  8	 21	 15	 29	 38	  8	 31	 17	 38	 34	  5	 19	 19	 27	 13	 32	 35	 21	 22	 33	 36	 10
 47	 13	 53	 53	 53	 52	 53	 53	 53	 53	 53	 49	 53	 53	 26	 24	 26	 22	 29	 20	 34	 26	 24	 26	 24	 25	 46	 45	  2	 34	 30	 27	 43	 49	 48	 27	 40	 32	 30	 43	 41	 30	 34	 49	 12	 55	 28	 31
 48	 13	 42	 43	 42	 41	 43	 43	 43	 43	 42	 39	 43	 43	 29	 26	 28	 26	 32	 23	 39	 29	 27	 30	 27	 28	 50	 44	 13	 20	 28	 14	 38	 37	 37	 28	 33	 24	 18	 42	 29	 17	 26	 44	  4	 45	 25	 31	 14
 49	 22	 44	 44	 44	 45	 44	 44	 45	 44	 45	 41	 44	 45	  5	 10	  7	  8	  2	 12	  6	  6	  7	  5	  7	  6	 17	 20	 28	 44	 16	 37	 25	 47	 42	  9	 28	 27	 34	 18	 40	 41	 29	 30	 34	 44	 17	  9	 30	 34
 50	 20	 32	 33	 32	 31	 33	 33	 33	 33	 32	 29	 33	 32	 33	 29	 32	 31	 36	 28	 43	 32	 31	 34	 31	 32	 53	 43	 25	  8	 27	  3	 34	 26	 27	 30	 27	 18	  9	 41	 18	  5	 19	 39	 16	 36	 24	 33	 26	 13	 38
