nVehicles:  10
nDepots:     1
nCustomers: 25
nPeriods:    9
VEHICLE_TYPE	FLEET_SIZE	CAPACITY
           2	        10	      18	
DEPOT   	X  	Y  	INV_COST	INITIAL_INV 	MIN_LEVEL_INV 	MAX_LEVEL_INV	PRODUCTION_0	PRODUCTION_1	PRODUCTION_2	PRODUCTION_3	PRODUCTION_4	PRODUCTION_5	PRODUCTION_6	PRODUCTION_7	PRODUCTION_8
       0	124	216	       0	        341	            0	         1458	         164	         164	         164	         164	         164	         164	         164	         164	         164	
CUSTOMER	X  	Y  	INV_COST	INITIAL_INV	MIN_LEVEL_INV 	MAX_LEVEL_INV	DEMAND_0	DEMAND_1	DEMAND_2	DEMAND_3	DEMAND_4	DEMAND_5	DEMAND_6	DEMAND_7	DEMAND_8
       1	145	 51	    0.16	         11	            0	           15	       5	       7	       7	       6	       6	       5	       3	       4	       7
       2	148	 53	    0.16	          8	            0	           21	       6	       6	       6	       6	       4	       5	       5	       5	       7
       3	141	 58	    0.16	         11	            0	           11	       5	       7	       7	       6	       5	       4	       5	       7	       6
       4	149	 51	    0.06	          6	            0	           65	       6	      11	       9	       8	       6	       6	       7	      10	      11
       5	176	 43	       0	         14	            0	           58	       7	       9	       8	       9	       6	       5	       6	       5	       5
       6	147	 56	    0.21	          9	            0	           31	       7	      10	       9	       7	       5	       7	      11	      10	       7
       7	127	 47	    0.26	          1	            0	           29	       4	       6	       5	       3	       3	       4	       5	       6	       4
       8	149	 52	    0.22	         12	            0	           41	       7	      11	       7	       6	       6	       8	      11	       8	       6
       9	147	 50	    0.03	         15	            0	           59	       6	       9	      10	       5	       6	       9	       8	       8	       6
      10	147	 55	    0.08	          5	            0	           16	       6	       7	       6	       6	       4	       4	       4	       6	       7
      11	153	 28	    0.19	          8	            0	           20	       5	       5	       6	       5	       4	       3	       3	       5	       6
      12	180	 31	    0.09	         15	            0	           72	      10	       9	       9	      12	      10	       6	       6	       8	       9
      13	194	168	    0.27	          5	            0	           37	       8	       8	      11	      10	       7	       5	       6	       9	      11
      14	127	498	    0.07	          9	            0	           36	       4	       5	       6	       5	       4	       4	       3	       3	       3
      15	489	248	    0.03	          8	            0	           18	       4	       5	       6	       3	       3	       5	       5	       5	       5
      16	379	147	    0.08	          6	            0	           32	       7	      10	      11	      11	       7	       6	       5	       6	       7
      17	149	431	    0.08	          2	            0	           59	       9	      12	      11	       7	       6	       7	       8	      13	       9
      18	169	375	    0.14	         14	            0	           16	       6	       8	       7	       6	       6	       5	       4	       5	       6
      19	 98	449	     0.1	          1	            0	           42	       4	       5	       7	       6	       4	       3	       4	       5	       5
      20	436	 99	     0.2	          5	            0	           16	       5	       6	       6	       5	       4	       3	       4	       6	       6
      21	123	443	    0.25	          1	            0	           16	       5	       7	       7	       7	       5	       4	       4	       6	       5
      22	231	154	    0.18	          9	            0	           49	       9	      12	      10	       8	       6	       6	      10	       9	      11
      23	361	434	    0.23	         12	            0	           21	       9	       7	       9	       8	       7	       6	       5	       5	       8
      24	385	467	    0.14	          6	            0	           20	      11	       9	      13	      12	       9	       9	       7	       6	       7
      25	316	393	    0.01	          4	            0	           36	       4	       5	       6	       5	       5	       4	       3	       3	       4
COST_MATRIX 
	  0	  1	  2	  3	  4	  5	  6	  7	  8	  9	 10	 11	 12	 13	 14	 15	 16	 17	 18	 19	 20	 21	 22	 23	 24	 25
  0
  1	 17
  2	 17	  1
  3	 16	  1	  1
  4	 17	  1	  1	  2
  5	 19	  4	  3	  4	  3
  6	 17	  1	  1	  1	  1	  4
  7	 17	  2	  3	  2	  3	  5	  3
  8	 17	  1	  1	  2	  1	  3	  1	  3
  9	 17	  1	  1	  2	  1	  3	  1	  3	  1
 10	 17	  1	  1	  1	  1	  4	  1	  3	  1	  1
 11	 20	  3	  3	  4	  3	  3	  3	  4	  3	  3	  3
 12	 20	  5	  4	  5	  4	  2	  5	  6	  4	  4	  5	  3
 13	  9	 13	 13	 13	 13	 13	 13	 14	 13	 13	 13	 15	 14
 14	 29	 45	 45	 45	 45	 46	 45	 46	 45	 45	 45	 48	 47	 34
 15	 37	 40	 40	 40	 40	 38	 40	 42	 40	 40	 40	 41	 38	 31	 44
 16	 27	 26	 25	 26	 25	 23	 25	 28	 25	 26	 25	 26	 24	 19	 44	 15
 17	 22	 39	 38	 38	 39	 39	 38	 39	 38	 39	 38	 41	 41	 27	  8	 39	 37
 18	 17	 33	 33	 32	 33	 34	 32	 34	 33	 33	 33	 35	 35	 21	 13	 35	 31	  6
 19	 24	 41	 40	 40	 41	 42	 40	 41	 41	 41	 40	 43	 43	 30	  6	 44	 42	  6	 11
 20	 34	 30	 30	 30	 30	 27	 30	 32	 30	 30	 30	 30	 27	 26	 51	 16	  8	 44	 39	 49
 21	 23	 40	 40	 39	 40	 41	 39	 40	 40	 40	 39	 42	 42	 29	  6	 42	 40	  3	  9	  3	 47
 22	 13	 14	 14	 14	 14	 13	 13	 15	 14	 14	 13	 15	 14	  4	 36	 28	 15	 29	 23	 33	 22	 31
 23	 33	 44	 44	 44	 44	 44	 44	 46	 44	 44	 44	 46	 45	 32	 25	 23	 29	 22	 21	 27	 35	 24	 31
 24	 37	 49	 48	 48	 48	 48	 48	 50	 48	 49	 48	 50	 49	 36	 26	 25	 33	 24	 24	 29	 38	 27	 35	  5
 25	 27	 39	 38	 38	 39	 38	 38	 40	 38	 39	 38	 40	 39	 26	 22	 23	 26	 18	 15	 23	 32	 20	 26	  7	 11
