nVehicles:  21
nDepots:     1
nCustomers: 50
nPeriods:   12
VEHICLE_TYPE	FLEET_SIZE	CAPACITY
           2	        21	      18	
DEPOT   	X  	Y  	INV_COST	INITIAL_INV 	MIN_LEVEL_INV 	MAX_LEVEL_INV	PRODUCTION_0	PRODUCTION_1	PRODUCTION_2	PRODUCTION_3	PRODUCTION_4	PRODUCTION_5	PRODUCTION_6	PRODUCTION_7	PRODUCTION_8	PRODUCTION_9	PRODUCTION_10	PRODUCTION_11
       0	372	334	       0	        576	            0	         4482	         375	         375	         375	         375	         375	         375	         375	         375	         375	         375	          375	          375	
CUSTOMER	X  	Y  	INV_COST	INITIAL_INV	MIN_LEVEL_INV 	MAX_LEVEL_INV	DEMAND_0	DEMAND_1	DEMAND_2	DEMAND_3	DEMAND_4	DEMAND_5	DEMAND_6	DEMAND_7	DEMAND_8	DEMAND_9	DEMAND_10	DEMAND_11
       1	423	349	    0.28	          5	            0	           36	       9	       9	       7	       9	      11	      11	       7	       5	      10	      12	        8	        7
       2	429	285	    0.04	         10	            0	           21	      11	       9	       6	       6	       6	       8	       7	       8	       6	       6	        9	       10
       3	407	334	    0.03	         18	            0	           55	       9	       9	       6	       6	       6	       6	       7	       9	       8	       9	        8	        5
       4	421	335	    0.08	          2	            0	           28	       8	       5	       5	       6	       7	       7	       4	       5	       7	       8	        6	        4
       5	416	330	    0.22	         15	            0	           53	      11	       7	       5	       6	      10	      10	       7	       7	       6	      12	       11	        8
       6	408	324	    0.08	          4	            0	           31	       5	       5	       4	       3	       5	       5	       5	       3	       3	       3	        6	        5
       7	425	332	    0.03	         15	            0	           40	      12	      11	       6	       7	       7	       8	       9	      11	       9	       8	        6	        8
       8	419	333	    0.27	          6	            0	           40	       9	       7	       6	       6	       8	      10	      12	       8	       6	       7	       10	       12
       9	414	329	    0.02	         18	            0	           66	      14	       8	       9	       7	       9	       9	      11	      13	       9	       8	        6	        8
      10	414	332	    0.23	         10	            0	           34	       6	       5	       4	       3	       3	       5	       4	       6	       6	       5	        4	        3
      11	421	337	    0.11	          3	            0	           66	       9	       9	       6	       6	       6	       8	       8	       9	       5	       5	        7	        9
      12	420	337	    0.12	          9	            0	           45	       7	       5	       4	       4	       4	       6	       6	       7	       8	       7	        5	        5
      13	109	446	    0.03	          7	            0	           89	      10	      10	       7	       7	       6	       7	      10	      11	      12	      11	        7	        7
      14	117	455	    0.02	         10	            0	           67	       9	       6	       4	       6	       6	       7	       6	       4	       6	       9	        7	        5
      15	134	467	    0.02	          4	            0	           49	       7	       6	       4	       6	       8	       8	       5	       5	       6	       8	        9	        7
      16	142	454	    0.13	         20	            0	           55	      13	       9	       9	       8	       6	       9	      10	      13	      10	      13	       11	        8
      17	111	455	    0.01	          8	            0	           85	      12	      10	       7	       7	      13	      14	      11	       7	       7	      11	       13	        9
      18	119	452	    0.04	          5	            0	           57	       7	       6	       4	       5	       7	       7	       8	       7	       5	       5	        7	        8
      19	114	453	    0.14	          9	            0	           83	       9	       9	       6	       6	       8	      10	       9	       7	       7	       9	        9	       11
      20	 94	466	    0.29	         17	            0	           68	      13	      11	       7	       7	       8	      10	      11	      12	       8	       6	        9	       11
      21	114	456	    0.09	         10	            0	           29	       6	       4	       3	       4	       5	       6	       3	       3	       5	       6	        5	        3
      22	111	468	     0.1	         14	            0	           59	       8	       7	       6	       6	       7	      10	       9	      10	       5	       5	        6	        7
      23	123	453	     0.2	          5	            0	           56	       9	       9	       6	       5	       6	       9	       8	      10	       7	       6	        5	        5
      24	116	472	     0.1	          7	            0	           36	       9	       7	       6	       6	       8	       9	       8	       7	       6	       7	        9	        9
      25	  0	  0	    0.02	          5	            0	           28	      14	       9	       7	       7	      12	      12	      10	       7	       7	      11	       13	       10
      26	423	499	    0.28	          4	            0	           46	       9	       8	       5	       6	      10	      11	       7	       6	       6	       8	       11	        9
      27	231	349	    0.05	         16	            0	           78	       8	       8	       6	       6	       7	      10	      10	       9	       6	       5	        6	        8
      28	442	106	    0.17	         16	            0	           81	      11	      11	       8	       7	      13	      13	       9	       6	       6	      11	       11	        9
      29	350	287	    0.25	         14	            0	           90	      12	       9	       8	       6	       6	      10	      13	      12	       9	       7	        7	        8
      30	 40	269	    0.18	         10	            0	           25	       9	       6	       6	       5	       5	       6	       8	       7	       7	       7	        5	        5
      31	223	 88	    0.06	          3	            0	           33	       5	       4	       3	       3	       5	       6	       5	       4	       3	       4	        5	        4
      32	467	 83	    0.15	          6	            0	           43	      10	       8	       5	       7	       9	      10	       7	       5	       9	      11	        8	        5
      33	400	158	    0.15	         14	            0	           53	       9	      10	       7	       7	       7	       8	       8	      11	      11	       9	        8	        6
      34	106	438	    0.26	          6	            0	           70	       9	       7	       6	       6	       9	       8	       9	       5	       7	       7	       10	        7
      35	463	420	    0.22	         17	            0	           61	      13	       8	       6	       8	      11	      10	       8	       8	       8	      13	       12	        8
      36	366	258	    0.09	         17	            0	           80	      11	       8	       5	       5	       8	      11	       8	       6	       6	       7	        8	        9
      37	185	 23	    0.18	          9	            0	           43	      12	       9	       6	       6	       7	       9	      11	      12	      11	       9	        8	        7
      38	229	298	    0.02	          1	            0	           41	       6	       4	       3	       4	       4	       5	       4	       3	       5	       6	        5	        4
      39	356	470	    0.04	          7	            0	          105	      10	      11	       7	       6	       7	      10	      11	      11	      10	       8	        8	        7
      40	175	196	    0.26	          5	            0	           77	       8	       9	       6	       5	       7	       8	      10	      10	       8	       6	        6	        6
      41	183	488	    0.05	          8	            0	           81	       8	       9	       5	       5	       8	       8	       8	       6	       5	       6	        9	       10
      42	119	446	    0.06	          9	            0	           65	      11	       9	       6	       6	       6	       8	      10	       9	      10	       8	        7	        5
      43	190	275	    0.03	         17	            0	           61	      12	       9	       8	       8	      10	      12	      13	      11	       7	       8	       12	       11
      44	469	 19	    0.16	          6	            0	           54	       6	       5	       5	       4	       4	       5	       5	       7	       8	       7	        5	        5
      45	341	197	    0.21	         16	            0	           40	      11	       8	       7	       6	       7	      11	      10	       8	       8	       6	        7	       11
      46	 45	154	     0.1	          6	            0	           28	       8	       6	       5	       5	       9	      11	      10	       7	       6	       5	        7	       11
      47	158	 58	    0.07	          4	            0	          110	      12	      10	       6	       6	      12	      10	      11	       8	       6	      10	       11	       10
      48	294	291	    0.28	          2	            0	           37	       6	       5	       3	       4	       5	       6	       4	       3	       4	       6	        6	        5
      49	341	337	    0.14	          2	            0	           69	       8	       6	       4	       6	       6	       6	       5	       4	       5	       8	        6	        5
      50	400	232	    0.12	          5	            0	           68	       8	       6	       4	       4	       6	       6	       7	       6	       4	       5	        7	        7
COST_MATRIX 
	  0	  1	  2	  3	  4	  5	  6	  7	  8	  9	 10	 11	 12	 13	 14	 15	 16	 17	 18	 19	 20	 21	 22	 23	 24	 25	 26	 27	 28	 29	 30	 31	 32	 33	 34	 35	 36	 37	 38	 39	 40	 41	 42	 43	 44	 45	 46	 47	 48	 49	 50
  0
  1	  6
  2	  8	  7
  3	  4	  3	  6
  4	  5	  2	  6	  2
  5	  5	  3	  5	  1	  1
  6	  4	  3	  5	  2	  2	  2
  7	  6	  2	  5	  2	  1	  1	  2
  8	  5	  2	  5	  2	  1	  1	  2	  1
  9	  5	  3	  5	  1	  1	  1	  1	  2	  1
 10	  5	  2	  5	  1	  1	  1	  2	  2	  1	  1
 11	  5	  2	  6	  2	  1	  1	  2	  1	  1	  2	  1
 12	  5	  2	  6	  2	  1	  1	  2	  1	  1	  2	  1	  1
 13	 29	 33	 36	 32	 34	 33	 33	 34	 33	 33	 33	 34	 33
 14	 29	 33	 36	 32	 33	 33	 32	 34	 33	 33	 33	 33	 33	  2
 15	 28	 32	 35	 31	 32	 32	 31	 33	 32	 32	 32	 32	 32	  4	  3
 16	 26	 30	 34	 30	 31	 31	 30	 31	 31	 30	 30	 31	 31	  4	  3	  2
 17	 29	 33	 37	 32	 34	 33	 33	 34	 34	 33	 33	 34	 34	  1	  1	  3	  4
 18	 28	 33	 36	 32	 33	 33	 32	 33	 33	 32	 32	 33	 33	  2	  1	  3	  3	  1
 19	 29	 33	 36	 32	 33	 33	 33	 34	 33	 33	 33	 33	 33	  1	  1	  3	  3	  1	  1
 20	 31	 35	 39	 34	 36	 35	 35	 36	 36	 35	 35	 36	 36	  3	  3	  5	  5	  3	  3	  3
 21	 29	 33	 36	 32	 33	 33	 33	 34	 33	 33	 33	 33	 33	  2	  1	  3	  3	  1	  1	  1	  3
 22	 30	 34	 37	 33	 34	 34	 34	 35	 34	 34	 34	 34	 34	  3	  2	  3	  4	  2	  2	  2	  2	  2
 23	 28	 32	 35	 31	 33	 32	 32	 33	 32	 32	 32	 32	 32	  2	  1	  2	  2	  2	  1	  1	  4	  1	  2
 24	 30	 34	 37	 33	 34	 34	 33	 34	 34	 34	 33	 34	 34	  3	  2	  2	  4	  2	  3	  2	  3	  2	  1	  3
 25	 50	 55	 52	 53	 54	 54	 53	 54	 54	 53	 54	 54	 54	 46	 47	 49	 48	 47	 47	 47	 48	 48	 49	 47	 49
 26	 18	 16	 22	 17	 17	 17	 18	 17	 17	 18	 17	 17	 17	 32	 31	 30	 29	 32	 31	 32	 34	 32	 32	 31	 31	 66
 27	 15	 20	 21	 18	 20	 19	 18	 20	 19	 19	 19	 20	 19	 16	 16	 16	 14	 17	 16	 16	 19	 16	 17	 15	 17	 42	 25
 28	 24	 25	 18	 24	 23	 23	 23	 23	 23	 23	 23	 24	 24	 48	 48	 48	 46	 49	 48	 48	 51	 48	 50	 48	 50	 46	 40	 33
 29	  6	 10	  8	  8	  9	  8	  7	  9	  9	  8	  8	  9	  9	 29	 29	 29	 27	 30	 29	 29	 32	 30	 30	 29	 30	 46	 23	 14	 21
 30	 34	 40	 39	 38	 39	 39	 38	 40	 39	 38	 38	 39	 39	 19	 21	 22	 22	 20	 20	 20	 21	 21	 22	 21	 22	 28	 45	 21	 44	 32
 31	 29	 33	 29	 31	 32	 31	 30	 32	 32	 31	 31	 32	 32	 38	 39	 39	 38	 39	 38	 39	 40	 39	 40	 38	 40	 24	 46	 27	 22	 24	 26
 32	 27	 27	 21	 26	 26	 26	 25	 26	 26	 26	 26	 26	 26	 51	 52	 51	 50	 52	 51	 52	 54	 52	 53	 51	 53	 48	 42	 36	  4	 24	 47	 25
 33	 18	 20	 14	 18	 18	 18	 17	 18	 18	 18	 18	 19	 19	 41	 42	 41	 40	 42	 41	 42	 44	 42	 43	 41	 43	 44	 35	 26	  7	 14	 38	 20	 11
 34	 29	 33	 36	 32	 34	 33	 33	 34	 34	 33	 33	 34	 33	  1	  3	  5	  4	  2	  2	  2	  4	  2	  4	  3	  4	 46	 33	 16	 48	 29	 19	 37	 51	 41
 35	 13	  9	 14	 11	 10	 11	 12	 10	 10	 11	 11	 10	 10	 36	 35	 34	 33	 36	 35	 36	 38	 36	 36	 35	 36	 63	  9	 25	 32	 18	 45	 41	 34	 27	 36
 36	  8	 11	  7	  9	 10	  9	  8	 10	 10	  9	  9	 10	 10	 32	 32	 32	 30	 33	 32	 32	 35	 33	 34	 32	 33	 45	 25	 17	 17	  4	 33	 23	 21	 11	 32	 19
 37	 37	 41	 36	 39	 40	 39	 38	 40	 39	 39	 39	 40	 40	 43	 44	 45	 44	 44	 44	 44	 46	 44	 46	 44	 46	 19	 54	 33	 28	 32	 29	  8	 29	 26	 43	 49	 30
 38	 15	 21	 21	 19	 20	 19	 19	 20	 20	 19	 19	 20	 20	 20	 20	 20	 18	 20	 19	 20	 22	 20	 21	 19	 21	 38	 28	  6	 29	 13	 20	 22	 33	 23	 19	 27	 15	 28
 39	 14	 14	 20	 15	 15	 16	 16	 16	 16	 16	 15	 15	 15	 25	 24	 23	 22	 25	 24	 25	 27	 25	 25	 24	 25	 59	  8	 18	 38	 19	 38	 41	 41	 32	 26	 12	 22	 48	 22
 40	 25	 30	 27	 27	 29	 28	 27	 29	 28	 28	 28	 29	 29	 26	 27	 28	 27	 27	 27	 27	 29	 27	 28	 27	 29	 27	 40	 17	 29	 20	 16	 12	 32	 23	 26	 37	 21	 18	 12	 33
 41	 25	 28	 32	 28	 29	 29	 28	 29	 29	 29	 28	 29	 29	  9	  8	  6	  6	  8	  8	  8	 10	  8	  8	  7	  7	 53	 25	 15	 47	 27	 27	 41	 50	 40	 10	 29	 30	 47	 20	 18	 30
 42	 28	 32	 35	 31	 33	 32	 32	 33	 33	 32	 32	 33	 33	  2	  1	  3	  3	  2	  1	  1	  4	  2	  3	  1	  3	 47	 31	 15	 47	 29	 20	 38	 51	 41	  2	 35	 32	 43	 19	 24	 26	  8
 43	 20	 25	 24	 23	 24	 24	 23	 25	 24	 24	 24	 24	 24	 19	 20	 21	 19	 20	 20	 20	 22	 20	 21	 20	 22	 34	 33	  9	 31	 17	 16	 19	 34	 25	 19	 31	 18	 26	  5	 26	  9	 22	 19
 44	 33	 34	 27	 33	 32	 32	 32	 32	 32	 32	 32	 33	 33	 56	 57	 56	 55	 57	 56	 57	 59	 57	 58	 56	 58	 47	 49	 41	 10	 30	 50	 26	  7	 16	 56	 41	 27	 29	 37	 47	 35	 55	 56	 38
 45	 15	 18	 13	 16	 16	 16	 15	 16	 16	 16	 16	 17	 17	 35	 35	 35	 33	 35	 34	 35	 37	 35	 36	 34	 36	 40	 32	 19	 14	 10	 31	 17	 17	  8	 34	 26	  7	 24	 16	 28	 17	 34	 34	 17	 22
 46	 38	 43	 41	 41	 42	 42	 41	 42	 42	 41	 41	 42	 42	 30	 31	 33	 32	 31	 31	 31	 32	 31	 33	 31	 33	 17	 52	 27	 40	 34	 12	 19	 43	 36	 30	 50	 34	 20	 24	 45	 14	 37	 31	 19	 45	 30
 47	 35	 40	 36	 38	 39	 38	 37	 39	 38	 38	 38	 39	 39	 40	 40	 41	 40	 40	 40	 40	 42	 41	 42	 40	 42	 17	 52	 31	 29	 30	 25	  8	 32	 27	 39	 48	 29	  5	 26	 46	 14	 44	 39	 22	 32	 23	 15
 48	  9	 15	 14	 13	 14	 13	 12	 14	 14	 13	 13	 14	 14	 25	 25	 24	 23	 25	 24	 25	 27	 25	 26	 24	 26	 42	 25	  9	 24	  6	 26	 22	 28	 18	 24	 22	  8	 29	  7	 19	 16	 23	 24	 11	 33	 11	 29	 27
 49	  4	  9	 11	  7	  9	  8	  7	  9	  8	  8	  8	  9	  8	 26	 26	 25	 24	 26	 26	 26	 28	 26	 27	 25	 27	 48	 19	 12	 26	  6	 31	 28	 29	 19	 26	 15	  9	 36	 12	 14	 22	 22	 25	 17	 35	 15	 35	 34	  7
 50	 11	 12	  7	 11	 11	 10	 10	 11	 11	 10	 11	 11	 11	 37	 37	 36	 35	 37	 36	 37	 39	 37	 38	 36	 38	 47	 27	 21	 14	  8	 37	 23	 17	  8	 36	 20	  5	 30	 19	 25	 23	 34	 36	 22	 23	  7	 37	 30	 13	 13
