nVehicles:  48
nDepots:     1
nCustomers: 50
nPeriods:    6
VEHICLE_TYPE	FLEET_SIZE	CAPACITY
           1	        48	       8	
DEPOT   	X  	Y  	INV_COST	INITIAL_INV 	MIN_LEVEL_INV 	MAX_LEVEL_INV	PRODUCTION_0	PRODUCTION_1	PRODUCTION_2	PRODUCTION_3	PRODUCTION_4	PRODUCTION_5
       0	 53	392	       0	        443	            0	         2104	         352	         352	         352	         352	         352	         352	
CUSTOMER	X  	Y  	INV_COST	INITIAL_INV	MIN_LEVEL_INV 	MAX_LEVEL_INV	DEMAND_0	DEMAND_1	DEMAND_2	DEMAND_3	DEMAND_4	DEMAND_5
       1	122	 92	     0.1	          1	            0	            9	       5	       7	       9	       7	       6	       5
       2	106	 58	    0.06	          8	            0	           29	       5	       7	       9	      11	       9	      10
       3	144	 68	    0.15	          9	            0	           25	       5	       6	       7	       6	       4	       5
       4	127	 53	    0.24	         12	            0	           55	       8	       8	      11	      12	       8	       8
       5	128	 70	    0.29	         10	            0	           28	       4	       8	      10	      12	       8	       7
       6	126	 66	    0.23	          2	            0	           29	       5	       4	       6	       8	       5	       5
       7	144	 85	    0.15	          4	            0	            7	       4	       5	       7	       6	       6	       5
       8	114	 67	     0.2	          1	            0	           33	       5	       6	       8	       9	       7	       7
       9	122	 79	    0.19	          1	            0	           16	       5	       5	       6	       7	       8	       8
      10	 94	 76	    0.11	          4	            0	           10	       5	       6	       9	       9	       6	       4
      11	126	 69	    0.16	          2	            0	           10	       5	       5	       5	       7	       6	       5
      12	 93	135	    0.03	          2	            0	           15	       4	       5	       5	       5	       5	       4
      13	169	449	    0.13	          9	            0	           36	       5	       5	       7	       8	       8	       6
      14	175	443	    0.11	         11	            0	           19	       7	       8	      11	      10	       9	       7
      15	176	438	     0.2	          2	            0	           19	       3	       3	       4	       5	       5	       5
      16	157	443	    0.26	          1	            0	           14	       4	       6	       6	       8	       6	       5
      17	173	445	    0.17	          3	            0	           31	       6	       5	       7	       9	      11	       8
      18	168	450	    0.05	          4	            0	           34	       4	       5	       7	       9	      10	       8
      19	162	443	    0.23	          6	            0	           22	       4	       3	       4	       6	       5	       4
      20	169	453	    0.25	          3	            0	           32	       5	       6	       9	       8	       6	       5
      21	162	444	    0.25	         13	            0	           37	       6	       7	       9	      10	      10	       7
      22	161	442	    0.27	          4	            0	           14	       5	       7	       9	      11	       8	       7
      23	 73	486	       0	         10	            0	           22	       6	      10	      11	      10	      11	       8
      24	157	437	    0.19	          6	            0	           13	       4	       4	       6	       6	       6	       4
      25	  0	  0	    0.28	          1	            0	           25	       6	       7	       8	       8	       6	       6
      26	 93	343	    0.12	          1	            0	           15	       3	       4	       6	       5	       5	       4
      27	 23	 87	       0	          8	            0	           14	       4	       5	       5	       7	       6	       6
      28	314	  3	    0.18	         13	            0	           41	       7	       7	      11	      11	      11	       8
      29	448	200	    0.23	          6	            0	           48	       6	       8	       9	      12	      11	       7
      30	458	118	    0.13	          1	            0	           21	       1	       2	       5	       8	       6	       6
      31	 80	296	    0.29	         10	            0	           12	       5	       6	       9	       8	       9	       8
      32	298	281	    0.28	          6	            0	           27	       3	       4	       5	       7	       5	       4
      33	 89	298	     0.1	          2	            0	           23	       3	       5	       5	       5	       3	       4
      34	  9	157	    0.24	          1	            0	           24	       0	       0	       5	       5	       4	       6
      35	472	122	    0.06	          9	            0	            9	       5	       5	       7	       9	       8	       8
      36	 38	292	    0.01	         10	            0	           45	       7	       7	      11	      12	       7	       5
      37	 38	179	    0.22	          1	            0	           40	       5	       7	       7	       8	       8	       8
      38	190	157	    0.09	         11	            0	           19	       5	       6	       8	       7	       7	       8
      39	458	191	    0.11	          6	            0	           10	       3	       3	       5	       6	       5	       3
      40	315	388	    0.03	          2	            0	           10	       6	       8	       8	       9	       9	       8
      41	156	 11	    0.21	          9	            0	           12	       2	       3	       5	       8	       7	       7
      42	202	134	    0.28	          1	            0	           23	       3	       4	       5	       5	       5	       4
      43	272	 55	    0.17	          7	            0	           33	       5	       5	       6	       7	       6	       5
      44	328	146	    0.08	         15	            0	           23	       2	       3	       6	       7	       9	       7
      45	362	386	    0.29	         13	            0	           27	       5	       6	      11	      11	       7	       6
      46	375	433	    0.23	          4	            0	           26	       5	       6	       6	       8	       9	       7
      47	369	142	    0.13	          1	            0	           14	       3	       4	       4	       5	       6	       5
      48	344	416	    0.12	          9	            0	           41	       3	       4	       6	       8	       6	       6
      49	381	498	    0.09	          5	            0	           16	       1	       1	       3	       8	       7	       5
      50	322	151	       0	          2	            0	           29	       3	       6	       7	      10	       7	       6
COST_MATRIX 
	  0	  1	  2	  3	  4	  5	  6	  7	  8	  9	 10	 11	 12	 13	 14	 15	 16	 17	 18	 19	 20	 21	 22	 23	 24	 25	 26	 27	 28	 29	 30	 31	 32	 33	 34	 35	 36	 37	 38	 39	 40	 41	 42	 43	 44	 45	 46	 47	 48	 49	 50
  0
  1	 31
  2	 34	  4
  3	 34	  4	  4
  4	 35	  4	  3	  3
  5	 34	  3	  3	  2	  2
  6	 34	  3	  3	  2	  2	  1
  7	 33	  3	  5	  2	  4	  3	  3
  8	 34	  3	  2	  4	  2	  2	  2	  4
  9	 33	  2	  3	  3	  3	  2	  2	  3	  2
 10	 32	  4	  3	  6	  5	  4	  4	  6	  3	  3
 11	 34	  3	  3	  2	  2	  1	  1	  3	  2	  2	  4
 12	 27	  6	  8	  9	  9	  8	  8	  8	  8	  7	  6	  8
 13	 13	 37	 40	 39	 40	 39	 39	 37	 39	 38	 39	 39	 33
 14	 14	 36	 40	 38	 40	 38	 39	 36	 39	 37	 38	 38	 32	  1
 15	 14	 36	 39	 38	 39	 38	 38	 36	 38	 37	 38	 38	 32	  2	  1
 16	 12	 36	 39	 38	 40	 38	 38	 36	 38	 37	 38	 38	 32	  2	  2	  2
 17	 14	 36	 40	 38	 40	 38	 39	 37	 39	 37	 38	 38	 33	  1	  1	  1	  2
 18	 13	 37	 40	 39	 40	 39	 39	 37	 39	 38	 39	 39	 33	  1	  1	  2	  2	  1
 19	 13	 36	 39	 38	 40	 38	 38	 36	 38	 37	 38	 38	 32	  1	  2	  2	  1	  2	  1
 20	 14	 37	 40	 39	 41	 39	 39	 37	 39	 38	 39	 39	 33	  1	  2	  2	  2	  1	  1	  2
 21	 13	 36	 40	 38	 40	 38	 38	 36	 39	 37	 38	 38	 32	  1	  2	  2	  1	  2	  1	  1	  2
 22	 12	 36	 39	 38	 40	 38	 38	 36	 38	 37	 38	 38	 32	  2	  2	  2	  1	  2	  2	  1	  2	  1
 23	 10	 40	 43	 43	 44	 42	 43	 41	 43	 41	 42	 43	 36	 11	 12	 12	 10	 11	 11	 10	 11	 10	 10
 24	 12	 35	 39	 37	 39	 37	 38	 36	 38	 36	 37	 37	 31	  2	  2	  2	  1	  2	  2	  1	  3	  1	  1	 10
 25	 40	 16	 13	 16	 14	 15	 15	 17	 14	 15	 13	 15	 17	 48	 48	 48	 47	 48	 49	 48	 49	 48	 48	 50	 47
 26	  7	 26	 29	 28	 30	 28	 28	 27	 28	 27	 27	 28	 21	 14	 13	 13	 12	 13	 14	 13	 14	 13	 13	 15	 12	 36
 27	 31	 10	  9	 13	 11	 11	 11	 13	 10	 10	  8	 11	  9	 40	 39	 39	 39	 39	 40	 39	 40	 39	 39	 41	 38	  9	 27
 28	 47	 22	 22	 19	 20	 20	 20	 19	 21	 21	 24	 20	 26	 47	 47	 46	 47	 47	 48	 47	 48	 47	 47	 54	 47	 32	 41	 31
 29	 44	 35	 38	 34	 36	 35	 35	 33	 36	 35	 38	 35	 37	 38	 37	 37	 38	 37	 38	 38	 38	 38	 38	 48	 38	 50	 39	 44	 24
 30	 49	 34	 36	 32	 34	 34	 34	 32	 35	 34	 37	 34	 37	 44	 44	 43	 45	 44	 45	 44	 45	 45	 44	 54	 44	 48	 43	 44	 19	  9
 31	 10	 21	 24	 24	 25	 24	 24	 23	 24	 23	 23	 24	 17	 18	 18	 18	 17	 18	 18	 17	 19	 17	 17	 20	 17	 31	  5	 22	 38	 39	 42
 32	 27	 26	 30	 27	 29	 28	 28	 25	 29	 27	 29	 28	 26	 22	 21	 20	 22	 21	 22	 22	 22	 22	 22	 31	 22	 41	 22	 34	 28	 18	 23	 22
 33	 11	 21	 25	 24	 25	 24	 24	 22	 24	 23	 23	 24	 17	 18	 17	 17	 17	 17	 18	 17	 18	 17	 17	 19	 16	 32	  5	 23	 38	 38	 42	  1	 21
 34	 24	 14	 14	 17	 16	 15	 15	 16	 14	 14	 12	 15	  9	 34	 34	 33	 33	 34	 34	 33	 34	 33	 33	 34	 32	 16	 21	  8	 35	 45	 46	 16	 32	 17
 35	 50	 36	 38	 34	 36	 35	 36	 34	 37	 36	 39	 36	 38	 45	 44	 44	 45	 45	 45	 45	 45	 45	 45	 55	 45	 49	 44	 46	 20	  9	  2	 43	 24	 43	 47
 36	 11	 22	 25	 25	 26	 24	 25	 24	 24	 23	 23	 24	 17	 21	 21	 21	 20	 21	 21	 20	 21	 20	 20	 20	 19	 30	  8	 21	 40	 43	 46	  5	 27	  6	 14	 47
 37	 22	 13	 14	 16	 16	 15	 15	 15	 14	 14	 12	 15	  8	 31	 30	 30	 29	 30	 31	 30	 31	 30	 30	 31	 29	 19	 18	 10	 33	 42	 43	 13	 28	 13	  4	 44	 12
 38	 28	 10	 13	 11	 13	 11	 12	  9	 12	 11	 13	 11	 10	 30	 29	 29	 29	 29	 30	 29	 30	 29	 29	 35	 29	 25	 21	 19	 20	 27	 28	 18	 17	 18	 19	 29	 21	 16
 39	 46	 36	 38	 34	 36	 36	 36	 34	 37	 36	 39	 36	 37	 39	 38	 38	 40	 39	 39	 39	 40	 39	 39	 49	 39	 50	 40	 45	 24	  2	  8	 40	 19	 39	 46	  8	 44	 43	 28
 40	 27	 36	 40	 37	 39	 37	 38	 35	 38	 37	 39	 38	 34	 16	 16	 15	 17	 16	 16	 17	 16	 17	 17	 27	 17	 50	 23	 42	 39	 24	 31	 26	 11	 25	 39	 31	 30	 35	 27	 25
 41	 40	  9	  7	  6	  6	  7	  7	  8	  8	  8	  9	  7	 14	 44	 44	 43	 44	 44	 44	 44	 45	 44	 44	 49	 43	 16	 34	 16	 16	 35	 33	 30	 31	 30	 21	 34	 31	 21	 15	 36	 41
 42	 30	 10	 13	  9	 12	 10	 11	  8	 12	 10	 13	 11	 11	 32	 32	 31	 32	 32	 32	 32	 33	 32	 32	 38	 31	 25	 24	 19	 18	 26	 26	 21	 18	 20	 20	 28	 23	 18	  3	 27	 28	 14
 43	 41	 16	 17	 13	 15	 15	 15	 14	 16	 16	 18	 15	 20	 41	 40	 40	 41	 41	 41	 41	 42	 41	 41	 48	 40	 28	 34	 26	  7	 23	 20	 31	 23	 31	 29	 22	 34	 27	 14	 24	 34	 13	 11
 44	 37	 22	 24	 20	 23	 22	 22	 20	 23	 22	 25	 22	 24	 35	 34	 33	 35	 34	 35	 35	 35	 35	 34	 43	 34	 36	 31	 32	 15	 14	 14	 29	 14	 29	 32	 15	 33	 30	 14	 14	 25	 22	 13	 11
 45	 31	 38	 42	 39	 41	 40	 40	 38	 41	 39	 41	 40	 37	 21	 20	 20	 22	 20	 21	 21	 21	 21	 21	 31	 22	 53	 28	 46	 39	 21	 29	 30	 13	 29	 43	 29	 34	 39	 29	 22	  5	 43	 30	 35	 25
 46	 33	 43	 47	 44	 46	 44	 45	 42	 45	 44	 46	 45	 42	 21	 21	 20	 22	 21	 21	 22	 21	 22	 22	 31	 22	 58	 30	 50	 44	 25	 33	 33	 18	 32	 46	 33	 37	 43	 34	 26	  8	 48	 35	 40	 30	  5
 47	 41	 26	 28	 24	 26	 26	 26	 24	 27	 26	 29	 26	 28	 37	 36	 36	 37	 37	 37	 37	 37	 37	 37	 46	 37	 40	 35	 36	 15	 10	 10	 33	 16	 33	 37	 11	 37	 34	 18	 11	 26	 26	 17	 14	  5	 25	 30
 48	 30	 40	 43	 41	 43	 41	 42	 39	 42	 41	 43	 41	 38	 18	 18	 17	 19	 18	 18	 19	 18	 19	 19	 28	 19	 54	 27	 46	 42	 24	 32	 29	 15	 29	 43	 33	 34	 39	 31	 26	  5	 45	 32	 37	 28	  4	  4	 28
 49	 35	 49	 52	 50	 52	 50	 51	 48	 51	 50	 52	 50	 47	 22	 22	 22	 24	 22	 22	 23	 22	 23	 23	 31	 24	 63	 33	 55	 50	 31	 39	 37	 24	 36	 51	 39	 41	 47	 40	 32	 13	 54	 41	 46	 36	 12	  7	 36	  9
 50	 37	 21	 24	 20	 22	 22	 22	 19	 23	 22	 25	 22	 23	 34	 33	 33	 34	 33	 34	 34	 34	 34	 34	 42	 34	 36	 30	 31	 15	 14	 14	 29	 14	 28	 32	 16	 32	 29	 14	 15	 24	 22	 13	 11	  1	 24	 29	  5	 27	 36
