nVehicles:   93
nDepots:      1
nCustomers: 100
nPeriods:     9
VEHICLE_TYPE	FLEET_SIZE	CAPACITY
           1	        93	       8	
DEPOT   	X  	Y  	INV_COST	INITIAL_INV 	MIN_LEVEL_INV 	MAX_LEVEL_INV	PRODUCTION_0	PRODUCTION_1	PRODUCTION_2	PRODUCTION_3	PRODUCTION_4	PRODUCTION_5	PRODUCTION_6	PRODUCTION_7	PRODUCTION_8
       0	149	392	       0	        982	            0	         6139	         683	         683	         683	         683	         683	         683	         683	         683	         683	
CUSTOMER	X  	Y  	INV_COST	INITIAL_INV	MIN_LEVEL_INV 	MAX_LEVEL_INV	DEMAND_0	DEMAND_1	DEMAND_2	DEMAND_3	DEMAND_4	DEMAND_5	DEMAND_6	DEMAND_7	DEMAND_8
       1	425	317	    0.11	         14	            0	           25	       9	       6	       7	       7	       9	       8	       5	       6	       8
       2	420	325	    0.22	         11	            0	           46	       8	       7	       8	       9	      10	      10	       8	       9	      11
       3	384	333	    0.26	          8	            0	           14	       5	       3	       4	       5	       6	       5	       4	       4	       5
       4	414	321	    0.24	          3	            0	           61	       4	       3	       3	       8	       8	       4	       4	       7	      10
       5	425	267	    0.17	          9	            0	           63	       7	       5	       6	       9	      11	       9	       5	       6	       8
       6	426	319	    0.09	          1	            0	           12	       6	       5	       4	       5	       8	       7	       9	       8	       6
       7	420	328	    0.26	          1	            0	           34	       6	       4	       4	       5	       6	       7	       8	       7	       5
       8	408	325	    0.23	          1	            0	           48	       8	       5	       6	       6	       8	       9	       7	       5	       6
       9	423	321	    0.07	          6	            0	           23	       4	       3	       3	       6	       6	       5	       3	       4	       5
      10	405	261	    0.14	          4	            0	           38	       6	       4	       4	       5	       6	       8	       6	       4	       4
      11	426	316	    0.18	          6	            0	           10	       4	       4	       3	       4	       6	       5	       5	       4	       4
      12	434	322	       0	          4	            0	           22	       5	       3	       4	       6	       7	       5	       4	       4	       6
      13	395	331	    0.23	         10	            0	           20	       6	       4	       5	       5	       8	       6	       5	       4	       5
      14	430	347	    0.16	         12	            0	           35	       9	       5	       7	      10	      13	      10	       6	       6	      10
      15	415	337	    0.05	          7	            0	           36	       4	       4	       4	       5	       5	       4	       3	       4	       5
      16	424	319	    0.29	          9	            0	           54	       7	       4	       4	       7	       8	       9	       7	       4	       4
      17	276	 92	    0.29	          7	            0	           26	       7	       5	       6	       7	       9	       8	       5	       4	       6
      18	295	117	     0.1	          4	            0	           18	       4	       4	       3	       6	       6	       4	       3	       4	       6
      19	303	125	    0.16	         14	            0	           72	       9	       5	       7	      11	       9	       9	       6	       7	      10
      20	314	157	    0.03	         12	            0	           35	       6	       6	       5	       6	       7	       8	       6	       4	       6
      21	330	 48	    0.03	         11	            0	           65	       9	       6	       7	       9	       9	       8	       6	       6	       6
      22	312	100	    0.22	         14	            0	           78	       9	       6	      10	      13	      14	       9	       6	       9	      10
      23	297	114	    0.11	          9	            0	           60	       9	       6	       5	       6	       8	       9	      10	       7	       6
      24	298	145	    0.18	          3	            0	           52	       7	       6	       6	       4	       6	      11	       9	       9	       9
      25	312	123	    0.04	          9	            0	           16	       7	       6	       6	       7	       9	      10	       7	       5	       8
      26	287	116	     0.1	          8	            0	           33	       8	       5	       7	      11	      10	       7	       7	       7	      10
      27	302	 91	    0.05	          4	            0	           37	       6	       4	       6	       8	       8	       5	       5	       6	       8
      28	308	120	     0.2	          9	            0	           38	       7	       6	       4	       4	       6	       6	       9	       9	       8
      29	367	198	    0.19	         14	            0	           17	       9	       6	       6	      10	       9	       9	       6	       7	      10
      30	302	120	    0.01	          3	            0	           17	       5	       4	       4	       6	       7	       6	       5	       5	       4
      31	300	119	    0.23	          1	            0	           64	       5	       2	       3	       4	       5	       8	       8	       7	       4
      32	301	115	    0.17	          8	            0	           40	       7	       6	       4	       5	       8	       9	       9	       9	       6
      33	435	125	    0.12	          7	            0	           53	       8	       5	       6	       7	      10	       7	       6	       5	       9
      34	431	 95	    0.19	          5	            0	           31	       6	       5	       6	       7	       9	       8	       8	       7	       6
      35	423	100	    0.11	          6	            0	           37	       3	       0	       1	       3	       7	       7	       5	       4	       7
      36	426	 97	    0.02	          9	            0	           42	       6	       4	       4	       5	       7	       7	       6	       4	       4
      37	414	100	    0.16	          8	            0	           75	       7	       3	       3	       6	       8	       8	      10	       7	       6
      38	438	131	    0.23	         11	            0	           40	       6	       4	       4	       7	       8	       8	       5	       6	      10
      39	401	 78	    0.17	         13	            0	           71	       5	       5	       4	       7	       9	      11	       8	       6	       7
      40	421	 98	    0.16	          6	            0	           28	       5	       4	       5	       5	       7	       7	       6	       4	       4
      41	411	113	    0.11	          8	            0	           58	       9	       5	       5	       6	       9	      11	       8	       5	       5
      42	431	103	       0	         10	            0	           58	       8	       7	       5	       8	      11	      12	      11	       7	       7
      43	441	125	    0.18	          5	            0	           30	       6	       4	       3	       6	       9	      10	       8	       9	       6
      44	422	106	    0.16	          8	            0	            9	       5	       3	       4	       5	       5	       5	       5	       4	       4
      45	438	 99	    0.28	          3	            0	           28	       5	       5	       3	       5	       6	       6	       5	       5	       4
      46	433	 66	    0.04	          5	            0	           36	       4	       4	       3	       3	       4	       5	       6	       5	       4
      47	441	 90	    0.12	         11	            0	           38	       7	       7	       7	       9	       9	       8	       6	       9	      11
      48	413	108	    0.25	         15	            0	           37	       8	       5	       4	       5	       7	       9	      10	       8	       7
      49	  0	  0	    0.11	         10	            0	           37	       9	       7	       6	      11	      10	      10	       7	       6	      10
      50	  0	  0	    0.27	          5	            0	           43	       5	       5	       6	       8	       8	       8	       5	       5	       6
      51	314	320	    0.03	          7	            0	           32	       4	       3	       4	       6	       5	       5	       4	       3	       4
      52	 53	  7	    0.09	          5	            0	           27	       6	       4	       4	       6	       7	       6	       6	       4	       4
      53	469	216	    0.19	         15	            0	           42	       9	       6	       8	      12	       9	       9	       6	       6	      11
      54	222	342	    0.16	          3	            0	           25	       7	       6	       6	      10	      10	       8	       6	       6	       8
      55	  7	463	    0.06	          9	            0	           21	       6	       4	       6	       8	       8	      11	       8	       7	       6
      56	260	447	    0.13	          9	            0	           46	       5	       3	       2	       6	       9	       9	       5	       5	       7
      57	293	130	    0.13	         10	            0	           55	       9	       7	       8	      10	      10	      10	       8	       6	       7
      58	217	 43	    0.02	          3	            0	           53	       5	       4	       3	       3	       4	       6	       9	       8	       7
      59	376	314	    0.15	          2	            0	           11	       6	       4	       4	       6	       8	       6	       4	       5	       7
      60	126	117	     0.3	          5	            0	           32	       5	       5	       4	       5	       7	       7	       8	       6	       7
      61	334	120	    0.06	         11	            0	           58	       5	       3	       4	       5	       8	       8	       9	       7	       7
      62	171	292	    0.25	          8	            0	           29	       9	       5	       6	       8	      11	      10	      10	       7	       6
      63	464	154	    0.04	         10	            0	           55	       6	       5	       6	       8	       8	       7	       5	       5	       7
      64	366	193	    0.26	          4	            0	           25	       0	       0	       0	       3	       4	       3	       2	       5	       8
      65	164	275	    0.26	          8	            0	           29	       5	       4	       4	       6	       7	       6	       5	       4	       6
      66	100	 51	    0.01	          6	            0	           16	       6	       6	       4	       4	       6	       8	      10	       9	       7
      67	476	379	     0.2	          4	            0	           47	       4	       0	       3	       3	       5	       7	       6	       4	       5
      68	443	377	    0.18	          7	            0	           36	       5	       3	       4	       4	       6	       5	       4	       4	       4
      69	289	361	    0.26	          4	            0	           32	       4	       3	       3	       4	       5	       5	       5	       6	       5
      70	385	272	    0.24	          9	            0	           36	       6	       4	       4	       5	       5	       7	       6	       5	       5
      71	434	144	    0.14	          5	            0	           29	       6	       6	       6	       6	      10	       8	       8	       7	       6
      72	 61	 63	    0.15	          9	            0	           21	       1	       0	       0	       2	       7	       4	       3	       4	       9
      73	  4	446	    0.26	          7	            0	           33	       5	       3	       4	       7	       6	       6	       6	       5	       9
      74	388	308	    0.22	          4	            0	           22	       6	       4	       5	       7	       8	       8	       7	       5	       7
      75	157	430	    0.16	          2	            0	           19	       4	       3	       4	       6	       6	       4	       3	       6	       6
      76	123	464	     0.1	          4	            0	           43	       5	       5	       4	       7	       6	       7	       4	       3	       5
      77	 74	346	    0.02	          3	            0	           47	       6	       4	       4	       5	       7	       7	       5	       5	       5
      78	337	481	    0.02	          7	            0	           28	       6	       4	       4	       5	       8	       5	       4	       5	       5
      79	318	111	    0.04	          4	            0	           51	       7	       5	       5	       6	       7	       6	       5	       4	       7
      80	292	 91	    0.12	          5	            0	           28	       5	       3	       3	       6	       5	       6	       4	       4	       7
      81	332	123	    0.06	          3	            0	           19	       5	       5	       4	       5	       7	       8	       7	       5	       5
      82	461	491	    0.16	          4	            0	           46	       7	       6	       5	       6	       8	       8	       7	       6	       6
      83	461	330	    0.12	          3	            0	           21	       4	       3	       3	       5	       5	       6	       4	       4	       3
      84	498	369	    0.01	          1	            0	           57	       6	       4	       4	       6	       8	       7	       6	       5	       6
      85	291	400	     0.1	          4	            0	           35	       5	       5	       4	       6	       7	       8	       8	       7	       6
      86	179	117	    0.08	         10	            0	           21	       3	       1	       2	       6	       7	       5	       3	       7	      12
      87	317	414	    0.04	         12	            0	           29	       6	       6	       5	       7	       6	       9	       7	       7	       5
      88	 95	441	     0.3	         13	            0	           50	       3	       3	       2	       2	       6	       5	       8	       5	       5
      89	436	367	    0.28	          8	            0	           15	       5	       4	       4	       6	       7	       7	       7	       5	       4
      90	 28	453	    0.04	          4	            0	           40	       6	       5	       4	       8	       8	       7	       6	       4	       6
      91	409	473	    0.07	          4	            0	           47	       5	       4	       4	       5	       6	       8	       6	       7	       5
      92	481	  3	     0.2	          4	            0	           23	       5	       3	       3	       5	       7	       7	       8	       6	       5
      93	 69	316	    0.24	          6	            0	           26	       5	       3	       4	       5	       7	       6	       4	       3	       4
      94	383	367	    0.01	          6	            0	           27	       3	       1	       2	       3	       5	       6	       8	       7	       8
      95	385	402	    0.04	          5	            0	           17	       6	       4	       4	       6	       8	       5	       4	       4	       5
      96	230	157	    0.07	          4	            0	           59	       4	       2	       4	       6	       6	       7	       7	       6	       6
      97	181	 67	    0.29	          5	            0	           19	       5	       5	       4	       6	       6	       7	       5	       5	       4
      98	310	366	    0.22	          7	            0	           22	       5	       3	       4	       5	       5	       5	       4	       4	       6
      99	187	171	    0.01	          1	            0	           54	       1	       0	       0	       4	       4	       3	       3	       6	      10
     100	477	245	     0.1	         14	            0	           65	       2	       0	       0	       0	       3	       3	       8	       8	       7
COST_MATRIX 
	  0	  1	  2	  3	  4	  5	  6	  7	  8	  9	 10	 11	 12	 13	 14	 15	 16	 17	 18	 19	 20	 21	 22	 23	 24	 25	 26	 27	 28	 29	 30	 31	 32	 33	 34	 35	 36	 37	 38	 39	 40	 41	 42	 43	 44	 45	 46	 47	 48	 49	 50	 51	 52	 53	 54	 55	 56	 57	 58	 59	 60	 61	 62	 63	 64	 65	 66	 67	 68	 69	 70	 71	 72	 73	 74	 75	 76	 77	 78	 79	 80	 81	 82	 83	 84	 85	 86	 87	 88	 89	 90	 91	 92	 93	 94	 95	 96	 97	 98	 99	100
  0
  1	 29
  2	 28	  1
  3	 25	  5	  4
  4	 28	  2	  1	  4
  5	 31	  6	  6	  8	  6
  6	 29	  1	  1	  5	  2	  6
  7	 28	  2	  1	  4	  1	  7	  2
  8	 27	  2	  2	  3	  1	  7	  2	  2
  9	 29	  1	  1	  5	  1	  6	  1	  1	  2
 10	 29	  6	  7	  8	  7	  3	  7	  7	  7	  7
 11	 29	  1	  2	  5	  2	  5	  1	  2	  3	  1	  6
 12	 30	  2	  2	  6	  3	  6	  1	  2	  3	  2	  7	  2
 13	 26	  4	  3	  2	  3	  8	  4	  3	  2	  3	  8	  4	  5
 14	 29	  4	  3	  5	  4	  9	  3	  3	  4	  3	  9	  4	  3	  4
 15	 28	  3	  2	  4	  2	  8	  3	  2	  2	  2	  8	  3	  3	  3	  2
 16	 29	  1	  1	  5	  2	  6	  1	  1	  2	  1	  7	  1	  2	  4	  3	  3
 17	 33	 27	 28	 27	 27	 23	 28	 28	 27	 28	 22	 27	 28	 27	 30	 29	 28
 18	 32	 24	 25	 24	 24	 20	 25	 25	 24	 25	 19	 24	 25	 24	 27	 26	 24	  4
 19	 31	 23	 24	 23	 23	 19	 23	 24	 23	 23	 18	 23	 24	 23	 26	 24	 23	  5	  2
 20	 29	 20	 20	 19	 20	 16	 20	 21	 20	 20	 14	 20	 21	 20	 23	 21	 20	  8	  5	  4
 21	 39	 29	 30	 30	 29	 24	 29	 30	 29	 29	 23	 29	 30	 30	 32	 31	 29	  7	  8	  9	 12
 22	 34	 25	 25	 25	 25	 21	 25	 26	 25	 25	 19	 25	 26	 25	 28	 26	 25	  4	  3	  3	  6	  6
 23	 32	 24	 25	 24	 24	 20	 25	 25	 24	 25	 19	 24	 25	 24	 27	 26	 25	  4	  1	  2	  5	  8	  3
 24	 29	 22	 22	 21	 22	 18	 22	 22	 22	 22	 16	 22	 23	 21	 25	 23	 22	  6	  3	  3	  3	 11	  5	  4
 25	 32	 23	 23	 23	 23	 19	 23	 24	 23	 23	 17	 23	 24	 23	 26	 24	 23	  5	  2	  1	  4	  8	  3	  2	  3
 26	 31	 25	 25	 24	 25	 21	 25	 26	 25	 25	 19	 25	 26	 25	 28	 26	 25	  3	  1	  2	  5	  9	  3	  2	  4	  3
 27	 34	 26	 27	 26	 26	 22	 26	 27	 26	 26	 20	 26	 27	 26	 29	 28	 26	  3	  3	  4	  7	  6	  2	  3	  6	  4	  3
 28	 32	 23	 24	 23	 23	 19	 24	 24	 23	 24	 18	 23	 24	 23	 26	 25	 24	  5	  2	  1	  4	  8	  3	  2	  3	  1	  3	  3
 29	 30	 14	 14	 14	 14	 10	 14	 15	 14	 14	  8	 14	 15	 14	 17	 15	 14	 14	 11	 10	  7	 16	 12	 11	  9	 10	 12	 13	 10
 30	 32	 24	 24	 23	 24	 20	 24	 24	 24	 24	 18	 24	 25	 24	 27	 25	 24	  4	  1	  1	  4	  8	  3	  1	  3	  2	  2	  3	  1	 11
 31	 32	 24	 24	 23	 24	 20	 24	 25	 24	 24	 18	 24	 25	 24	 27	 25	 24	  4	  1	  1	  5	  8	  3	  1	  3	  2	  2	  3	  1	 11	  1
 32	 32	 24	 25	 24	 24	 20	 24	 25	 24	 24	 18	 24	 25	 24	 27	 25	 24	  4	  1	  2	  5	  8	  2	  1	  4	  2	  2	  3	  1	 11	  1	  1
 33	 40	 20	 21	 22	 20	 15	 20	 21	 21	 20	 14	 20	 20	 21	 23	 22	 20	 17	 15	 14	 13	 14	 13	 14	 14	 13	 15	 14	 13	 10	 14	 14	 14
 34	 41	 23	 24	 25	 23	 18	 23	 24	 24	 23	 17	 23	 23	 24	 26	 25	 23	 16	 14	 14	 14	 12	 12	 14	 15	 13	 15	 13	 13	 13	 14	 14	 14	  4
 35	 41	 22	 23	 24	 23	 17	 22	 23	 23	 23	 17	 22	 23	 24	 25	 24	 22	 15	 13	 13	 13	 11	 12	 13	 14	 12	 14	 13	 12	 12	 13	 13	 13	  3	  1
 36	 41	 23	 23	 24	 23	 18	 23	 24	 23	 23	 17	 22	 23	 24	 26	 25	 23	 16	 14	 13	 13	 11	 12	 14	 14	 12	 15	 13	 13	 12	 13	 13	 13	  3	  1	  1
 37	 40	 22	 23	 24	 23	 17	 22	 23	 23	 23	 17	 22	 23	 24	 25	 24	 22	 14	 13	 12	 12	 10	 11	 12	 13	 11	 13	 12	 11	 11	 12	 12	 12	  4	  2	  1	  2
 38	 39	 19	 20	 21	 20	 14	 19	 20	 20	 20	 14	 19	 20	 21	 22	 21	 19	 17	 15	 14	 13	 14	 13	 15	 15	 13	 16	 15	 14	 10	 14	 14	 14	  1	  4	  4	  4	  4
 39	 41	 25	 25	 26	 25	 20	 25	 26	 25	 25	 19	 24	 25	 26	 28	 26	 25	 13	 12	 11	 12	  8	 10	 12	 13	 10	 13	 10	 11	 13	 11	 11	 11	  6	  4	  4	  4	  3	  7
 40	 41	 22	 23	 24	 23	 17	 23	 24	 23	 23	 17	 22	 23	 24	 25	 24	 23	 15	 13	 13	 13	 11	 11	 13	 14	 12	 14	 12	 12	 12	 13	 13	 13	  4	  2	  1	  1	  1	  4	  3
 41	 39	 21	 22	 23	 21	 16	 21	 22	 22	 21	 15	 21	 22	 22	 24	 23	 21	 14	 12	 11	 11	 11	 10	 12	 12	 10	 13	 12	 11	 10	 11	 12	 12	  3	  3	  2	  3	  2	  4	  4	  2
 42	 41	 22	 23	 24	 22	 17	 22	 23	 23	 22	 17	 22	 22	 24	 25	 24	 22	 16	 14	 13	 13	 12	 12	 14	 14	 13	 15	 13	 13	 12	 14	 14	 14	  3	  1	  1	  1	  2	  3	  4	  2	  3
 43	 40	 20	 21	 22	 20	 15	 20	 21	 21	 20	 15	 20	 20	 22	 23	 22	 20	 17	 15	 14	 14	 14	 14	 15	 15	 13	 16	 15	 14	 11	 14	 15	 15	  1	  4	  4	  4	  4	  1	  7	  4	  4	  3
 44	 40	 22	 22	 24	 22	 17	 22	 23	 22	 22	 16	 22	 22	 23	 25	 24	 22	 15	 13	 13	 12	 11	 12	 13	 13	 12	 14	 13	 12	 11	 13	 13	 13	  3	  2	  1	  1	  2	  3	  4	  1	  2	  1	  3
 45	 42	 22	 23	 25	 23	 17	 23	 23	 23	 23	 17	 22	 23	 24	 25	 24	 23	 17	 15	 14	 14	 12	 13	 15	 15	 13	 16	 14	 14	 13	 14	 14	 14	  3	  1	  2	  2	  3	  4	  5	  2	  4	  1	  3	  2
 46	 44	 26	 26	 28	 26	 21	 26	 27	 27	 26	 20	 26	 26	 27	 29	 28	 26	 16	 15	 15	 15	 11	 13	 15	 16	 14	 16	 14	 14	 15	 15	 15	 15	  6	  3	  4	  4	  4	  7	  4	  4	  6	  4	  6	  5	  4
 47	 43	 23	 24	 25	 24	 18	 23	 24	 24	 24	 18	 23	 24	 25	 26	 25	 23	 17	 15	 15	 15	 12	 13	 15	 16	 14	 16	 14	 14	 14	 15	 15	 15	  4	  2	  3	  2	  3	  5	  5	  3	  4	  2	  4	  3	  1	  3
 48	 39	 21	 22	 23	 22	 16	 22	 23	 22	 22	 16	 21	 22	 23	 24	 23	 22	 14	 12	 12	 12	 11	 11	 12	 13	 11	 13	 12	 11	 11	 12	 12	 12	  3	  3	  2	  2	  1	  4	  4	  2	  1	  2	  4	  1	  3	  5	  4
 49	 42	 54	 54	 51	 53	 51	 54	 54	 53	 54	 49	 54	 55	 52	 56	 54	 54	 30	 32	 33	 36	 34	 33	 32	 34	 34	 31	 32	 34	 42	 33	 33	 33	 46	 45	 44	 44	 43	 46	 41	 44	 43	 45	 46	 44	 45	 44	 46	 43
 50	 42	 54	 54	 51	 53	 51	 54	 54	 53	 54	 49	 54	 55	 52	 56	 54	 54	 30	 32	 33	 36	 34	 33	 32	 34	 34	 31	 32	 34	 42	 33	 33	 33	 46	 45	 44	 44	 43	 46	 41	 44	 43	 45	 46	 44	 45	 44	 46	 43	  1
 51	 19	 12	 11	  8	 11	 13	 12	 11	 10	 11	 11	 12	 13	  9	 12	 11	 12	 24	 21	 20	 17	 28	 23	 21	 18	 20	 21	 23	 21	 14	 21	 21	 21	 23	 26	 25	 25	 25	 23	 26	 25	 23	 25	 24	 24	 26	 29	 27	 24	 45	 45
 52	 40	 49	 49	 47	 48	 46	 49	 49	 48	 49	 44	 49	 50	 48	 51	 49	 49	 24	 27	 28	 31	 29	 28	 27	 29	 29	 26	 27	 28	 37	 28	 28	 28	 40	 39	 39	 39	 38	 41	 36	 38	 38	 40	 41	 39	 40	 39	 40	 38	  6	  6	 41
 53	 37	 12	 12	 15	 12	  7	 12	 13	 13	 12	  8	 11	 12	 14	 14	 14	 12	 23	 21	 19	 17	 22	 20	 20	 19	 19	 21	 21	 19	 11	 20	 20	 20	 10	 13	 13	 13	 13	 10	 16	 13	 12	 12	 10	 12	 13	 16	 13	 13	 52	 52	 19	 47
 54	  9	 21	 20	 17	 20	 22	 21	 20	 19	 21	 21	 21	 22	 18	 21	 20	 21	 26	 24	 24	 21	 32	 26	 25	 22	 24	 24	 27	 24	 21	 24	 24	 25	 31	 33	 32	 32	 31	 31	 32	 32	 30	 32	 31	 31	 33	 35	 34	 31	 41	 41	 10	 38	 28
 55	 16	 45	 44	 40	 44	 47	 45	 44	 43	 44	 45	 45	 45	 41	 44	 43	 45	 46	 46	 45	 44	 53	 48	 46	 44	 46	 45	 48	 46	 45	 46	 46	 46	 55	 57	 56	 56	 55	 55	 56	 56	 54	 56	 56	 55	 57	 59	 58	 54	 47	 47	 34	 46	 53	 25
 56	 13	 22	 21	 17	 20	 25	 21	 20	 20	 21	 24	 22	 22	 18	 20	 20	 21	 36	 34	 33	 30	 41	 36	 34	 31	 33	 34	 36	 34	 28	 33	 34	 34	 37	 40	 39	 39	 38	 37	 40	 39	 37	 39	 37	 38	 40	 42	 41	 38	 52	 52	 14	 49	 32	 12	 26
 57	 30	 23	 24	 23	 23	 20	 24	 24	 23	 24	 18	 23	 24	 23	 26	 25	 23	  5	  2	  2	  4	  9	  4	  2	  2	  3	  2	  5	  2	 11	  2	  2	  2	 15	 15	 14	 14	 13	 15	 12	 14	 12	 15	 15	 14	 15	 16	 16	 13	 33	 33	 20	 27	 20	 23	 44	 32
 58	 36	 35	 35	 34	 35	 31	 35	 35	 35	 35	 29	 35	 36	 34	 38	 36	 35	  8	 11	 12	 15	 12	 12	 11	 14	 13	 11	 10	 12	 22	 12	 12	 12	 24	 23	 22	 22	 21	 24	 19	 22	 21	 23	 24	 22	 23	 22	 23	 21	 23	 23	 30	 17	 31	 30	 47	 41	 12
 59	 25	  5	  5	  3	  4	  7	  6	  5	  4	  5	  7	  6	  6	  3	  7	  5	  5	 25	 22	 21	 17	 27	 23	 22	 19	 21	 22	 24	 21	 12	 21	 21	 22	 20	 23	 22	 23	 22	 20	 24	 23	 21	 22	 20	 22	 23	 26	 24	 21	 49	 49	  7	 45	 14	 16	 40	 18	 21	 32
 60	 28	 36	 37	 34	 36	 34	 37	 37	 36	 37	 32	 37	 37	 35	 39	 37	 37	 16	 17	 18	 20	 22	 19	 18	 18	 19	 17	 18	 19	 26	 18	 18	 18	 31	 31	 30	 31	 29	 32	 28	 30	 29	 31	 32	 30	 32	 32	 32	 29	 18	 18	 28	 14	 36	 25	 37	 36	 17	 12	 32
 61	 33	 22	 23	 22	 22	 18	 22	 23	 22	 22	 16	 22	 23	 22	 25	 24	 22	  7	  4	  4	  5	  8	  3	  4	  5	  3	  5	  5	  3	  9	  4	  4	  4	 11	 11	 10	 10	  9	 11	  8	  9	  8	 10	 11	  9	 11	 12	 12	  8	 36	 36	 21	 31	 17	 25	 48	 34	  5	 15	 20	 21
 62	 11	 26	 26	 22	 25	 26	 26	 26	 24	 26	 24	 26	 27	 23	 27	 25	 26	 23	 22	 22	 20	 30	 24	 22	 20	 23	 22	 24	 22	 22	 22	 22	 22	 32	 33	 32	 33	 31	 32	 32	 32	 30	 33	 32	 32	 33	 35	 34	 31	 34	 34	 15	 31	 31	  8	 24	 18	 21	 26	 21	 19	 24
 63	 40	 17	 18	 20	 18	 12	 17	 18	 18	 18	 13	 17	 18	 19	 20	 19	 17	 20	 18	 17	 16	 18	 17	 18	 17	 16	 19	 18	 16	 11	 17	 17	 17	  5	  7	  7	  7	  8	  4	 10	  8	  7	  7	  4	  7	  7	 10	  7	  7	 49	 49	 23	 44	  7	 31	 56	 36	 18	 28	 19	 35	 14	 33
 64	 30	 14	 15	 15	 14	 10	 14	 15	 14	 15	  8	 14	 15	 15	 17	 16	 14	 14	 11	 10	  7	 15	 11	 11	  9	  9	 12	 13	 10	  1	 10	 10	 11	 10	 12	 11	 12	 11	 10	 13	 11	 10	 12	 11	 11	 12	 15	 13	 10	 42	 42	 14	 37	 11	 21	 45	 28	 10	 22	 13	 26	  8	 22	 11
 65	 12	 27	 27	 23	 26	 27	 27	 27	 25	 27	 25	 27	 28	 24	 28	 26	 27	 22	 21	 21	 20	 29	 23	 21	 19	 22	 21	 24	 22	 22	 21	 21	 22	 31	 33	 32	 32	 31	 31	 31	 32	 30	 32	 32	 31	 33	 35	 34	 30	 33	 33	 16	 30	 32	  9	 25	 20	 20	 24	 22	 17	 24	  2	 33	 22
 66	 35	 42	 43	 41	 42	 40	 43	 43	 42	 43	 38	 43	 44	 41	 45	 43	 43	 19	 21	 22	 24	 24	 22	 21	 22	 23	 20	 21	 22	 31	 22	 22	 22	 35	 34	 33	 33	 32	 35	 31	 33	 32	 34	 35	 33	 35	 34	 35	 32	 12	 12	 35	  7	 41	 32	 43	 43	 21	 12	 39	  8	 25	 26	 38	 31	 24
 67	 33	  9	  8	 11	  9	 13	  8	  8	  9	  8	 14	  9	  8	 10	  6	  8	  8	 35	 32	 31	 28	 37	 33	 32	 30	 31	 33	 34	 31	 22	 32	 32	 32	 26	 29	 29	 29	 29	 26	 32	 29	 28	 28	 26	 28	 29	 32	 30	 28	 61	 61	 18	 57	 17	 26	 48	 23	 31	 43	 12	 44	 30	 32	 23	 22	 33	 50
 68	 30	  7	  6	  8	  7	 12	  7	  6	  7	  6	 13	  7	  6	  7	  4	  5	  7	 34	 30	 29	 26	 35	 31	 31	 28	 29	 31	 32	 30	 20	 30	 30	 30	 26	 29	 28	 29	 28	 25	 31	 28	 27	 28	 26	 28	 28	 32	 29	 28	 59	 59	 15	 54	 17	 23	 45	 20	 29	 41	 10	 41	 28	 29	 23	 20	 30	 48	  4
 69	 15	 15	 14	 10	 14	 17	 15	 14	 13	 14	 16	 15	 16	 12	 15	 13	 15	 27	 25	 24	 21	 32	 27	 25	 22	 24	 25	 28	 25	 19	 25	 25	 25	 28	 31	 30	 30	 29	 28	 31	 30	 28	 30	 29	 29	 31	 33	 32	 29	 47	 47	  5	 43	 24	  7	 30	 10	 24	 33	 10	 30	 25	 14	 28	 19	 16	 37	 19	 16
 70	 27	  7	  7	  7	  6	  5	  7	  7	  6	  7	  3	  7	  8	  6	  9	  8	  7	 22	 18	 17	 14	 24	 19	 19	 16	 17	 19	 20	 18	  8	 18	 18	 18	 16	 19	 18	 18	 18	 16	 20	 18	 17	 18	 16	 18	 19	 22	 20	 17	 48	 48	  9	 43	 11	 18	 43	 22	 17	 29	  5	 31	 17	 22	 15	  9	 23	 37	 15	 12	 14
 71	 38	 18	 19	 20	 18	 13	 18	 19	 19	 18	 13	 18	 18	 20	 21	 20	 18	 17	 15	 14	 13	 15	 13	 15	 14	 13	 15	 15	 13	  9	 14	 14	 14	  2	  5	  5	  5	  5	  2	  8	  5	  4	  5	  3	  4	  5	  8	  6	  5	 46	 46	 22	 41	  9	 30	 54	 35	 15	 24	 18	 31	 11	 31	  4	  9	 31	 35	 24	 24	 27	 14
 72	 35	 45	 45	 43	 44	 42	 45	 45	 44	 45	 40	 45	 46	 43	 47	 45	 45	 22	 25	 25	 27	 27	 26	 25	 26	 26	 24	 25	 26	 34	 25	 25	 25	 38	 38	 37	 37	 36	 39	 35	 37	 36	 38	 39	 37	 38	 38	 39	 36	  9	  9	 37	  6	 44	 33	 41	 44	 25	 16	 41	  9	 28	 26	 42	 34	 24	  5	 53	 50	 38	 39	 39
 73	 16	 45	 44	 40	 43	 46	 45	 44	 43	 44	 45	 45	 45	 41	 44	 43	 44	 45	 44	 44	 43	 52	 47	 45	 43	 45	 44	 47	 45	 44	 45	 45	 45	 54	 56	 55	 55	 54	 54	 55	 55	 53	 55	 55	 54	 56	 58	 57	 54	 45	 45	 34	 45	 52	 25	  2	 26	 43	 46	 40	 36	 47	 23	 55	 45	 24	 41	 48	 45	 30	 42	 53	 39
 74	 26	  4	  4	  3	  3	  6	  4	  4	  3	  4	  5	  4	  5	  3	  6	  4	  4	 25	 22	 21	 17	 27	 23	 22	 19	 21	 22	 24	 21	 12	 21	 21	 22	 19	 22	 22	 22	 21	 19	 24	 22	 20	 21	 20	 21	 22	 25	 23	 21	 50	 50	  8	 46	 13	 17	 42	 19	 21	 32	  2	 33	 20	 22	 18	 12	 23	 39	 12	  9	 12	  4	 18	 41	 41
 75	  4	 30	 29	 25	 28	 32	 30	 29	 28	 29	 31	 30	 30	 26	 29	 28	 29	 36	 35	 34	 32	 42	 37	 35	 32	 35	 34	 37	 35	 32	 35	 35	 35	 42	 44	 43	 43	 42	 42	 43	 43	 41	 43	 42	 42	 44	 46	 45	 42	 46	 46	 20	 44	 38	 11	 16	 11	 33	 40	 25	 32	 36	 14	 42	 32	 16	 39	 33	 30	 15	 28	 40	 38	 16	 27
 76	  8	 34	 33	 30	 33	 37	 34	 33	 32	 34	 35	 34	 35	 31	 33	 32	 34	 41	 39	 39	 37	 47	 42	 40	 37	 39	 39	 42	 40	 37	 39	 39	 40	 47	 49	 48	 48	 47	 46	 48	 48	 46	 48	 47	 47	 49	 51	 50	 46	 49	 49	 24	 47	 43	 16	 12	 14	 38	 44	 30	 35	 41	 18	 47	 37	 20	 42	 37	 34	 20	 33	 45	 41	 13	 31	  5
 77	  9	 36	 35	 32	 35	 36	 36	 35	 34	 35	 35	 36	 37	 33	 36	 35	 36	 33	 32	 32	 31	 40	 35	 33	 31	 33	 32	 35	 33	 33	 33	 33	 33	 43	 44	 43	 44	 42	 43	 43	 43	 41	 44	 43	 43	 44	 46	 45	 42	 36	 36	 25	 34	 42	 15	 14	 22	 31	 34	 31	 24	 35	 12	 44	 33	 12	 30	 41	 38	 22	 32	 42	 29	 13	 32	 12	 13
 78	 21	 19	 18	 16	 18	 24	 19	 18	 18	 19	 24	 19	 19	 17	 17	 17	 19	 40	 37	 36	 33	 44	 39	 37	 34	 36	 37	 40	 37	 29	 37	 37	 37	 37	 40	 40	 40	 39	 37	 41	 40	 38	 39	 38	 39	 40	 43	 41	 39	 59	 59	 17	 56	 30	 19	 34	  9	 36	 46	 18	 43	 37	 26	 36	 29	 27	 50	 18	 15	 13	 22	 36	 51	 34	 19	 19	 22	 30
 79	 33	 24	 24	 24	 24	 19	 24	 24	 24	 24	 18	 24	 25	 24	 27	 25	 24	  5	  3	  3	  5	  7	  2	  3	  4	  2	  4	  3	  2	 10	  2	  2	  2	 12	 12	 11	 11	 10	 13	  9	 11	 10	 12	 13	 11	 13	 13	 13	 10	 34	 34	 21	 29	 19	 26	 47	 35	  4	 13	 22	 20	  2	 24	 16	 10	 23	 23	 32	 30	 26	 18	 13	 27	 46	 21	 36	 41	 34	 38
 80	 34	 27	 27	 26	 27	 23	 27	 27	 27	 27	 21	 27	 28	 27	 30	 28	 27	  2	  3	  4	  7	  6	  3	  3	  6	  4	  3	  2	  4	 14	  4	  3	  3	 15	 14	 14	 14	 13	 16	 11	 13	 13	 14	 16	 14	 15	 15	 15	 13	 31	 31	 24	 26	 22	 27	 47	 36	  4	  9	 24	 17	  6	 24	 19	 13	 23	 20	 35	 33	 28	 21	 16	 24	 46	 24	 37	 41	 34	 40	  4
 81	 33	 22	 23	 22	 22	 18	 22	 23	 22	 22	 16	 22	 23	 22	 25	 23	 22	  7	  4	  3	  4	  8	  4	  4	  5	  3	  5	  5	  3	  9	  4	  4	  4	 11	 11	 10	 10	  9	 11	  9	 10	  8	 11	 11	 10	 11	 12	 12	  9	 36	 36	 20	 31	 17	 25	 48	 34	  4	 15	 20	 21	  1	 24	 14	  8	 23	 25	 30	 28	 25	 16	 11	 28	 47	 20	 36	 40	 35	 36	  2	  6
 82	 33	 18	 18	 18	 18	 23	 18	 17	 18	 18	 24	 18	 18	 18	 15	 17	 18	 44	 41	 40	 37	 47	 42	 42	 39	 40	 42	 44	 41	 31	 41	 41	 41	 37	 40	 40	 40	 40	 37	 42	 40	 39	 39	 37	 39	 40	 43	 41	 39	 68	 68	 23	 64	 28	 29	 46	 21	 40	 52	 20	 51	 40	 36	 34	 32	 37	 57	 12	 12	 22	 24	 35	 59	 46	 20	 32	 34	 42	 13	 41	 44	 39
 83	 32	  4	  5	  8	  5	  8	  4	  5	  6	  4	  9	  4	  3	  7	  4	  5	  4	 31	 28	 26	 23	 32	 28	 28	 25	 26	 28	 29	 26	 17	 27	 27	 27	 21	 24	 24	 24	 24	 21	 26	 24	 23	 23	 21	 23	 24	 27	 25	 23	 57	 57	 15	 53	 12	 24	 48	 24	 27	 38	  9	 40	 25	 30	 18	 17	 31	 46	  6	  6	 18	 10	 19	 49	 48	  8	 33	 37	 39	 20	 27	 30	 25	 17
 84	 35	  9	  9	 12	 10	 13	  9	  9	 11	  9	 15	  9	  8	 11	  8	  9	  9	 36	 33	 32	 29	 37	 33	 33	 31	 31	 33	 35	 32	 22	 32	 32	 33	 26	 29	 28	 29	 29	 25	 31	 29	 28	 28	 26	 28	 28	 31	 29	 28	 62	 62	 20	 58	 16	 28	 50	 26	 32	 44	 14	 45	 30	 34	 22	 23	 35	 51	  3	  6	 21	 15	 24	 54	 50	 13	 35	 39	 43	 20	 32	 35	 30	 13	  6
 85	 15	 16	 15	 12	 15	 19	 16	 15	 14	 16	 18	 16	 17	 13	 15	 14	 16	 31	 29	 28	 25	 36	 31	 29	 26	 28	 29	 31	 29	 22	 29	 29	 29	 32	 34	 33	 34	 33	 31	 35	 33	 32	 33	 32	 33	 34	 37	 35	 32	 50	 50	  9	 46	 26	 10	 30	  6	 28	 37	 13	 33	 29	 17	 31	 23	 18	 40	 19	 16	  4	 16	 30	 41	 30	 14	 14	 18	 23	 10	 30	 31	 29	 20	 19	 21
 86	 28	 32	 32	 30	 32	 29	 32	 33	 31	 32	 27	 32	 33	 31	 35	 33	 32	 11	 12	 13	 15	 17	 14	 12	 13	 14	 11	 13	 13	 21	 13	 13	 13	 26	 26	 25	 25	 24	 26	 23	 25	 24	 26	 27	 25	 26	 26	 27	 24	 22	 22	 25	 17	 31	 23	 39	 34	 12	  9	 28	  6	 16	 18	 29	 21	 16	 11	 40	 38	 27	 26	 26	 13	 38	 29	 32	 36	 26	 40	 14	 12	 16	 47	 36	 41	 31
 87	 17	 15	 14	 11	 14	 19	 15	 14	 13	 15	 18	 15	 15	 12	 14	 13	 15	 33	 30	 29	 26	 37	 32	 31	 27	 30	 30	 33	 30	 23	 30	 30	 30	 32	 34	 34	 34	 33	 31	 35	 34	 32	 34	 32	 33	 34	 37	 35	 33	 53	 53	 10	 49	 25	 12	 32	  7	 29	 39	 12	 36	 30	 20	 30	 23	 21	 43	 17	 14	  6	 16	 30	 44	 32	 13	 17	 21	 26	  7	 31	 33	 30	 17	 17	 19	  3	 33
 88	  8	 36	 35	 31	 35	 38	 36	 35	 34	 35	 36	 36	 36	 32	 35	 34	 36	 40	 39	 38	 36	 46	 41	 39	 36	 39	 38	 41	 39	 37	 39	 39	 39	 47	 49	 48	 48	 47	 47	 48	 48	 46	 48	 47	 47	 49	 51	 50	 47	 46	 46	 26	 44	 44	 17	 10	 17	 37	 42	 31	 33	 41	 17	 47	 37	 18	 40	 39	 36	 21	 34	 46	 38	 10	 33	  7	  4	 10	 25	 40	 41	 40	 37	 39	 41	 21	 34	 23
 89	 29	  6	  5	  7	  6	 11	  5	  5	  6	  5	 12	  6	  5	  6	  3	  4	  5	 32	 29	 28	 25	 34	 30	 29	 27	 28	 30	 31	 28	 19	 29	 29	 29	 25	 28	 27	 28	 27	 24	 30	 27	 26	 27	 25	 27	 27	 31	 28	 27	 57	 57	 14	 53	 16	 22	 44	 20	 28	 40	  9	 40	 27	 28	 22	 19	 29	 47	  5	  2	 15	 11	 23	 49	 44	  8	 29	 33	 37	 16	 29	 32	 27	 13	  5	  7	 15	 36	 13	 35
 90	 14	 42	 42	 38	 41	 44	 42	 42	 41	 42	 43	 43	 43	 39	 42	 41	 42	 44	 43	 43	 42	 51	 46	 44	 41	 44	 43	 46	 44	 43	 44	 44	 44	 53	 54	 53	 54	 53	 53	 53	 53	 52	 54	 53	 53	 55	 57	 55	 52	 46	 46	 32	 45	 51	 23	  3	 24	 42	 46	 38	 36	 46	 22	 53	 43	 23	 41	 46	 43	 28	 41	 52	 40	  3	 39	 14	 10	 12	 32	 45	 45	 45	 44	 46	 48	 27	 37	 30	  7	 42
 91	 28	 16	 15	 15	 16	 21	 16	 15	 15	 16	 22	 16	 16	 15	 13	 14	 16	 41	 38	 37	 33	 44	 39	 38	 35	 37	 38	 40	 37	 28	 37	 38	 38	 35	 38	 38	 38	 38	 35	 40	 38	 37	 38	 35	 37	 38	 41	 39	 37	 63	 63	 19	 59	 27	 23	 41	 16	 37	 48	 17	 46	 37	 30	 33	 29	 32	 53	 12	 11	 17	 21	 33	 54	 41	 17	 26	 29	 36	  8	 38	 40	 36	  6	 16	 14	 14	 43	 11	 32	 11	 39
 92	 52	 32	 33	 35	 33	 27	 33	 34	 34	 33	 27	 32	 33	 34	 35	 35	 33	 23	 22	 22	 23	 16	 20	 22	 24	 21	 23	 20	 21	 23	 22	 22	 22	 14	 11	 12	 11	 12	 14	 11	 12	 14	 12	 13	 12	 11	  8	 10	 13	 49	 49	 36	 43	 22	 43	 67	 50	 23	 27	 33	 38	 19	 43	 16	 23	 42	 39	 38	 38	 41	 29	 15	 43	 66	 32	 54	 59	 54	 50	 20	 21	 20	 49	 33	 37	 45	 33	 45	 59	 37	 64	 48
 93	 12	 36	 36	 32	 35	 36	 36	 36	 34	 36	 35	 36	 37	 33	 37	 35	 36	 31	 31	 31	 30	 38	 33	 31	 29	 32	 30	 33	 31	 33	 31	 31	 31	 42	 43	 42	 42	 41	 42	 41	 42	 40	 43	 42	 42	 43	 45	 44	 41	 33	 33	 25	 31	 42	 16	 16	 24	 30	 32	 31	 21	 33	 11	 43	 33	 11	 27	 42	 38	 23	 32	 41	 26	 15	 32	 15	 16	  4	 32	 33	 32	 33	 43	 40	 44	 24	 23	 27	 13	 38	 15	 38	 52
 94	 24	  7	  6	  4	  6	 11	  7	  6	  5	  7	 11	  7	  7	  4	  6	  5	  7	 30	 27	 26	 23	 33	 28	 27	 24	 26	 27	 29	 26	 17	 26	 27	 27	 25	 28	 27	 28	 27	 25	 29	 28	 26	 27	 25	 27	 28	 31	 29	 27	 54	 54	  9	 49	 18	 17	 39	 15	 26	 37	  6	 36	 26	 23	 23	 18	 24	 43	 10	  7	 10	 10	 23	 45	 39	  6	 24	 28	 31	 13	 27	 30	 25	 15	  9	 12	 10	 33	  9	 30	  6	 37	 11	 38	 32
 95	 24	 10	  9	  7	  9	 15	 10	  9	  9	  9	 15	 10	 10	  8	  8	  8	 10	 33	 30	 29	 26	 36	 32	 31	 28	 29	 31	 33	 30	 21	 30	 30	 30	 29	 32	 31	 31	 31	 28	 33	 31	 30	 31	 29	 30	 31	 34	 32	 30	 56	 56	 11	 52	 21	 18	 39	 14	 29	 40	  9	 39	 29	 25	 27	 21	 26	 46	 10	  7	 11	 14	 27	 47	 39	 10	 23	 27	 32	 10	 30	 33	 29	 12	 11	 12	 10	 36	  7	 30	  7	 37	  8	 42	 33	  4
 96	 25	 26	 26	 24	 25	 23	 26	 26	 25	 26	 21	 26	 27	 24	 28	 26	 26	  8	  8	  8	  9	 15	 10	  8	  7	  9	  8	 10	  9	 15	  9	  8	  9	 21	 22	 21	 21	 20	 21	 19	 20	 19	 21	 22	 20	 22	 23	 23	 19	 28	 28	 19	 24	 25	 19	 38	 30	  7	 12	 22	 12	 12	 15	 24	 15	 14	 17	 34	 31	 22	 20	 21	 20	 37	 22	 29	 33	 25	 35	 10	 10	 11	 41	 29	 35	 26	  7	 28	 32	 30	 36	 37	 30	 23	 26	 29
 97	 33	 35	 36	 34	 35	 32	 36	 36	 35	 36	 30	 35	 36	 34	 38	 36	 36	 10	 13	 14	 17	 16	 14	 13	 15	 15	 12	 13	 14	 23	 14	 13	 13	 27	 26	 25	 25	 24	 27	 23	 25	 24	 26	 27	 25	 26	 26	 27	 24	 20	 20	 29	 15	 33	 28	 44	 39	 13	  5	 32	  8	 17	 23	 30	 23	 21	  9	 43	 41	 32	 29	 27	 13	 42	 32	 37	 41	 30	 45	 15	 12	 17	 51	 39	 44	 36	  6	 38	 39	 40	 42	 47	 31	 28	 37	 40	 11
 98	 17	 13	 12	  9	 12	 16	 13	 12	 11	 13	 15	 13	 14	 10	 13	 11	 13	 28	 25	 25	 21	 32	 27	 26	 23	 25	 26	 28	 25	 18	 25	 25	 26	 28	 30	 29	 30	 29	 27	 31	 30	 28	 29	 28	 29	 30	 33	 31	 28	 48	 48	  5	 45	 22	 10	 32	 10	 24	 34	  9	 31	 25	 16	 27	 19	 18	 38	 17	 14	  3	 13	 26	 40	 32	 10	 17	 22	 24	 12	 26	 28	 25	 20	 16	 19	  4	 29	  5	 23	 13	 30	 15	 41	 25	  8	  9	 23	 33
 99	 23	 28	 28	 26	 28	 26	 29	 29	 27	 28	 24	 28	 29	 27	 31	 29	 28	 12	 13	 13	 13	 19	 15	 13	 12	 14	 12	 15	 14	 19	 13	 13	 13	 26	 26	 25	 26	 24	 26	 24	 25	 24	 26	 26	 25	 27	 27	 27	 24	 26	 26	 20	 22	 29	 18	 35	 29	 12	 14	 24	  9	 16	 13	 28	 19	 11	 15	 36	 33	 22	 23	 25	 17	 34	 25	 27	 30	 21	 35	 15	 14	 16	 43	 32	 37	 26	  6	 28	 29	 32	 33	 38	 34	 19	 28	 31	  5	 11	 24
100	 36	  9	 10	 13	 10	  6	  9	 11	 11	 10	  8	  9	  9	 12	 12	 12	 10	 26	 23	 22	 19	 25	 22	 23	 21	 21	 23	 24	 22	 12	 22	 22	 22	 13	 16	 16	 16	 16	 13	 19	 16	 15	 15	 13	 15	 16	 19	 16	 16	 54	 54	 18	 49	  4	 28	 52	 30	 22	 33	 13	 38	 19	 31	 10	 13	 32	 43	 14	 14	 23	 10	 11	 46	 52	 11	 37	 42	 42	 28	 21	 25	 19	 25	  9	 13	 25	 33	 24	 43	 13	 50	 24	 25	 42	 16	 19	 27	 35	 21	 30
