nVehicles:  25
nDepots:     1
nCustomers: 25
nPeriods:    6
VEHICLE_TYPE	FLEET_SIZE	CAPACITY
           1	        25	       8	
DEPOT   	X  	Y  	INV_COST	INITIAL_INV 	MIN_LEVEL_INV 	MAX_LEVEL_INV	PRODUCTION_0	PRODUCTION_1	PRODUCTION_2	PRODUCTION_3	PRODUCTION_4	PRODUCTION_5
       0	359	420	       0	        376	            0	         1054	         177	         177	         177	         177	         177	         177	
CUSTOMER	X  	Y  	INV_COST	INITIAL_INV	MIN_LEVEL_INV 	MAX_LEVEL_INV	DEMAND_0	DEMAND_1	DEMAND_2	DEMAND_3	DEMAND_4	DEMAND_5
       1	 63	235	    0.07	         19	            0	           34	      14	      13	       8	       7	       7	      12
       2	 59	243	    0.06	          9	            0	           10	      10	       8	       8	       6	       5	       4
       3	 51	258	     0.1	          6	            0	           11	       5	       6	       5	       4	       3	       3
       4	 51	247	     0.1	          6	            0	           29	       8	       7	       6	       4	       4	       4
       5	 51	246	    0.14	         17	            0	           18	      11	       9	       8	       6	       9	      11
       6	 33	251	    0.05	          1	            0	           19	       6	       8	       7	       7	       5	       6
       7	 37	242	       0	         11	            0	           12	       9	       9	       7	       6	       6	       5
       8	 48	235	    0.08	          4	            0	           24	       6	       5	       4	       3	       4	       6
       9	 79	277	    0.02	          4	            0	           17	       7	       7	       5	       4	       6	       6
      10	 37	222	     0.2	          6	            0	           26	       8	       9	       5	       5	       6	       8
      11	 64	252	    0.18	          9	            0	           21	       8	       8	       6	       5	       7	      10
      12	 49	243	    0.09	          6	            0	           24	       7	       9	       5	       5	       6	       6
      13	190	342	    0.07	          2	            0	           55	       1	       2	       2	       3	       6	       9
      14	288	106	    0.08	          1	            0	           32	       7	       6	       6	       4	       4	       6
      15	 40	442	     0.1	         10	            0	           15	       8	       8	       7	       5	       4	       7
      16	264	148	    0.01	         13	            0	           13	       8	       9	       8	       4	       4	       5
      17	446	305	    0.19	          7	            0	           38	       9	       9	       7	       7	      10	      12
      18	390	229	    0.12	          9	            0	            9	       9	       8	       7	       5	       5	       5
      19	370	350	    0.06	         13	            0	           38	       7	       8	       5	       5	       6	       7
      20	  6	101	    0.22	          8	            0	           32	      11	       9	       8	       6	       5	       5
      21	393	 48	    0.22	         10	            0	           37	       9	      12	       9	       6	       6	       7
      22	129	123	    0.13	          1	            0	           10	       5	       5	       4	       3	       4	       5
      23	 84	454	    0.19	          3	            0	           44	       1	       3	       2	       3	       4	       6
      24	256	340	     0.3	          5	            0	           18	       9	       7	       6	       6	       7	       8
      25	466	376	    0.15	         16	            0	           22	       9	       9	       8	       6	       5	       8
COST_MATRIX 
	  0	  1	  2	  3	  4	  5	  6	  7	  8	  9	 10	 11	 12	 13	 14	 15	 16	 17	 18	 19	 20	 21	 22	 23	 24	 25
  0
  1	 35
  2	 35	  1
  3	 35	  3	  2
  4	 36	  2	  1	  2
  5	 36	  2	  1	  2	  1
  6	 37	  4	  3	  2	  2	  2
  7	 37	  3	  3	  3	  2	  2	  1
  8	 37	  2	  2	  3	  2	  2	  3	  2
  9	 32	  5	  4	  4	  5	  5	  6	  6	  6
 10	 38	  3	  4	  4	  3	  3	  3	  3	  2	  7
 11	 34	  2	  2	  2	  2	  2	  4	  3	  3	  3	  5
 12	 36	  2	  2	  2	  1	  1	  2	  2	  1	  5	  3	  2
 13	 19	 17	 17	 17	 17	 17	 19	 19	 18	 13	 20	 16	 18
 14	 33	 26	 27	 29	 28	 28	 30	 29	 28	 28	 28	 27	 28	 26
 15	 32	 21	 20	 19	 20	 20	 20	 21	 21	 17	 23	 20	 20	 19	 42
 16	 29	 22	 23	 24	 24	 24	 26	 25	 24	 23	 24	 23	 24	 21	  5	 37
 17	 15	 39	 40	 40	 40	 40	 42	 42	 41	 37	 42	 39	 41	 26	 26	 43	 25
 18	 20	 33	 34	 35	 34	 34	 36	 36	 35	 32	 36	 33	 35	 23	 16	 41	 15	 10
 19	  8	 33	 33	 34	 34	 34	 36	 36	 35	 31	 36	 33	 34	 19	 26	 35	 23	  9	 13
 20	 48	 15	 16	 17	 16	 16	 16	 15	 15	 20	 13	 17	 15	 31	 29	 35	 27	 49	 41	 45
 21	 38	 38	 39	 41	 40	 40	 42	 41	 40	 39	 40	 39	 40	 36	 12	 53	 17	 27	 19	 31	 40
 22	 38	 14	 14	 16	 15	 15	 17	 16	 14	 17	 14	 15	 15	 23	 16	 34	 14	 37	 29	 34	 13	 28
 23	 28	 23	 22	 20	 21	 22	 21	 22	 23	 18	 24	 21	 22	 16	 41	  5	 36	 40	 38	 31	 37	 52	 34
 24	 14	 22	 22	 23	 23	 23	 25	 24	 24	 19	 25	 22	 23	  7	 24	 24	 20	 20	 18	 12	 35	 33	 26	 21
 25	 12	 43	 43	 44	 44	 44	 46	 45	 45	 40	 46	 43	 44	 28	 33	 44	 31	  8	 17	 10	 54	 34	 43	 39	 22
