nVehicles:   5
nDepots:     1
nCustomers: 25
nPeriods:    6
VEHICLE_TYPE	FLEET_SIZE	CAPACITY
           4	         5	      38	
DEPOT   	X  	Y  	INV_COST	INITIAL_INV 	MIN_LEVEL_INV 	MAX_LEVEL_INV	PRODUCTION_0	PRODUCTION_1	PRODUCTION_2	PRODUCTION_3	PRODUCTION_4	PRODUCTION_5
       0	446	331	       0	        270	            0	          958	         166	         166	         166	         166	         166	         166	
CUSTOMER	X  	Y  	INV_COST	INITIAL_INV	MIN_LEVEL_INV 	MAX_LEVEL_INV	DEMAND_0	DEMAND_1	DEMAND_2	DEMAND_3	DEMAND_4	DEMAND_5
       1	302	340	    0.07	          7	            0	            7	       5	       7	       7	       7	       5	       4
       2	305	338	    0.25	          5	            0	           15	       3	       4	       4	       5	       6	       5
       3	291	318	    0.23	          9	            0	           24	       4	       5	       6	       6	       5	       5
       4	292	344	    0.24	          4	            0	           47	       6	       9	      11	      12	      10	       8
       5	309	342	    0.22	         12	            0	           39	       5	       7	       9	       9	       6	       4
       6	304	419	    0.24	         12	            0	           16	       6	       9	      10	      11	       8	       7
       7	302	339	    0.06	          7	            0	           17	       6	      10	      14	      10	       9	       7
       8	305	325	    0.23	         12	            0	           31	       6	       7	       8	       7	       6	       4
       9	295	333	    0.22	          3	            0	           15	       4	       6	       5	       8	       8	       5
      10	263	373	    0.14	          7	            0	           25	       4	       6	       7	       7	       5	       3
      11	278	345	    0.05	          3	            0	           20	       5	       6	       8	       6	       4	       5
      12	304	341	    0.17	          8	            0	           21	       6	       8	       9	       9	       8	       8
      13	 95	 41	    0.02	          2	            0	           47	       6	       8	      10	      11	       9	       7
      14	102	350	    0.15	         14	            0	           17	       5	       9	      11	       7	       7	       6
      15	291	336	    0.14	          2	            0	           43	       5	       6	      10	       9	       8	       6
      16	374	 20	    0.04	          5	            0	            9	       3	       5	       6	       5	       4	       4
      17	 96	 21	     0.1	          8	            0	           21	       4	       4	       5	       5	       3	       4
      18	348	199	    0.27	          1	            0	           30	       5	       6	       8	       7	       7	       5
      19	168	484	    0.03	          2	            0	            8	       4	       6	       7	       6	       4	       6
      20	281	234	     0.1	          5	            0	           16	       6	      10	      13	       8	       5	       8
      21	 53	499	    0.21	         11	            0	           25	       6	       8	       8	      10	       8	       8
      22	418	438	    0.07	          9	            0	           21	       5	       7	       9	       9	       6	       6
      23	400	288	    0.19	          7	            0	           16	       5	       8	       8	       8	       5	       6
      24	127	467	    0.11	          8	            0	           16	       4	       6	       6	       7	       5	       5
      25	228	393	    0.08	         10	            0	           21	       4	       7	       6	       5	       4	       5
COST_MATRIX 
	  0	  1	  2	  3	  4	  5	  6	  7	  8	  9	 10	 11	 12	 13	 14	 15	 16	 17	 18	 19	 20	 21	 22	 23	 24	 25
  0
  1	 15
  2	 15	  1
  3	 16	  3	  3
  4	 16	  2	  2	  3
  5	 14	  1	  1	  4	  2
  6	 17	  8	  9	 11	  8	  8
  7	 15	  1	  1	  3	  2	  1	  9
  8	 15	  2	  2	  2	  3	  2	 10	  2
  9	 16	  1	  2	  2	  2	  2	  9	  1	  2
 10	 19	  6	  6	  7	  5	  6	  7	  6	  7	  6
 11	 17	  3	  3	  3	  2	  4	  8	  3	  4	  3	  4
 12	 15	  1	  1	  3	  2	  1	  8	  1	  2	  2	  6	  3
 13	 46	 37	 37	 34	 37	 37	 44	 37	 36	 36	 38	 36	 37
 14	 35	 21	 21	 20	 20	 21	 22	 21	 21	 20	 17	 18	 21	 31
 15	 16	  2	  2	  2	  1	  2	  9	  2	  2	  1	  5	  2	  2	 36	 19
 16	 32	 33	 33	 31	 34	 33	 41	 33	 32	 33	 38	 34	 33	 28	 43	 33
 17	 47	 38	 38	 36	 38	 39	 45	 38	 37	 38	 39	 38	 39	  3	 33	 38	 28
 18	 17	 15	 15	 14	 16	 15	 23	 15	 14	 15	 20	 17	 15	 30	 29	 15	 19	 31
 19	 32	 20	 21	 21	 19	 21	 16	 20	 21	 20	 15	 18	 20	 45	 15	 20	 51	 47	 34
 20	 20	 11	 11	  9	 12	 12	 19	 11	 10	 10	 15	 12	 11	 27	 22	 11	 24	 29	  8	 28
 21	 43	 30	 30	 30	 29	 31	 27	 30	 31	 30	 25	 28	 30	 46	 16	 29	 58	 48	 43	 12	 35
 22	 12	 16	 16	 18	 16	 15	 12	 16	 16	 17	 17	 17	 15	 52	 33	 17	 43	 53	 25	 26	 25	 38
 23	  7	 12	 11	 12	 13	 11	 17	 12	 11	 12	 17	 14	 11	 40	 31	 12	 27	 41	 11	 31	 14	 41	 16
 24	 35	 22	 22	 23	 21	 23	 19	 22	 23	 22	 17	 20	 22	 43	 12	 21	 52	 45	 35	  5	 28	  9	 30	 33
 25	 23	 10	 10	 10	  9	 10	  9	 10	 11	  9	  5	  7	 10	 38	 14	  9	 41	 40	 23	 11	 17	 21	 20	 21	 13
