nVehicles:   41
nDepots:      1
nCustomers: 100
nPeriods:     9
VEHICLE_TYPE	FLEET_SIZE	CAPACITY
           2	        41	      18	
DEPOT   	X  	Y  	INV_COST	INITIAL_INV 	MIN_LEVEL_INV 	MAX_LEVEL_INV	PRODUCTION_0	PRODUCTION_1	PRODUCTION_2	PRODUCTION_3	PRODUCTION_4	PRODUCTION_5	PRODUCTION_6	PRODUCTION_7	PRODUCTION_8
       0	 22	292	       0	        969	            0	         6129	         683	         683	         683	         683	         683	         683	         683	         683	         683	
CUSTOMER	X  	Y  	INV_COST	INITIAL_INV	MIN_LEVEL_INV 	MAX_LEVEL_INV	DEMAND_0	DEMAND_1	DEMAND_2	DEMAND_3	DEMAND_4	DEMAND_5	DEMAND_6	DEMAND_7	DEMAND_8
       1	 71	402	    0.26	          2	            0	           72	      10	       6	       7	       8	      10	      12	       9	       7	       7
       2	 90	357	    0.26	          3	            0	           61	       9	       6	       6	      11	      10	      14	      11	       7	       7
       3	 90	341	    0.08	         16	            0	           65	      11	       6	       7	       8	      13	      13	      11	       8	       8
       4	 78	373	    0.15	          6	            0	           35	       6	       4	       4	       5	       8	       7	       5	       4	       4
       5	 83	355	    0.18	          2	            0	           29	       6	       4	       5	       6	       7	       4	       4	       5	       6
       6	 96	358	    0.07	         10	            0	           62	       7	       6	       6	       7	       8	       9	      10	       6	       5
       7	 33	317	    0.15	         14	            0	           23	      10	       6	       6	       7	       8	      11	      10	       9	       9
       8	 85	353	    0.13	         10	            0	           56	       7	       7	       6	       6	       8	       8	      10	       8	      10
       9	 78	359	    0.26	         11	            0	           40	      10	       7	       6	       8	       9	      12	      12	       9	       9
      10	 92	366	    0.22	          8	            0	           29	       7	       5	       5	       6	       7	       8	       6	       6	       6
      11	 87	343	    0.06	          7	            0	           46	       6	       5	       4	       5	       6	       8	       6	       4	       3
      12	105	346	    0.26	          4	            0	           13	       6	       6	       5	       5	       9	       8	       6	       5	       5
      13	 71	353	     0.1	          4	            0	           49	       8	       5	       4	       7	       9	      10	      10	       8	       6
      14	 89	351	    0.18	          6	            0	           64	       9	       7	       6	       7	       7	      12	      12	       9	       9
      15	 99	358	    0.04	          4	            0	           25	       4	       4	       3	       4	       6	       5	       6	       4	       3
      16	135	345	    0.21	          4	            0	           15	       5	       3	       3	       4	       5	       6	       5	       4	       4
      17	112	144	    0.19	          6	            0	           58	       7	       5	       5	       6	       6	       9	       8	       7	       5
      18	102	164	    0.26	         11	            0	           60	       9	       6	       8	      11	      12	      10	       9	       7	       7
      19	113	166	     0.3	          3	            0	           20	       6	       4	       4	       6	       7	       4	       4	       6	       7
      20	117	154	    0.21	          2	            0	           13	       6	       5	       5	       4	       5	       8	       8	       8	       6
      21	115	154	    0.24	         15	            0	           33	      10	       8	       6	      10	      12	      10	      12	       7	       6
      22	111	146	    0.24	          8	            0	           25	       5	       5	       4	       4	       6	       6	       7	       7	       5
      23	114	145	    0.03	          4	            0	           24	       4	       3	       3	       6	       7	       4	       4	       3	       5
      24	116	146	    0.16	         19	            0	           75	      11	       8	       7	       8	      10	      12	      13	       8	       8
      25	114	156	    0.16	         15	            0	           26	       9	       6	       5	       7	       8	      11	       7	       6	       6
      26	140	194	    0.14	          3	            0	           68	       9	       7	       7	       7	       8	      11	      12	      11	       8
      27	126	155	    0.29	         13	            0	           17	       7	       7	       6	       7	       9	      10	       9	       9	       5
      28	111	152	    0.18	          5	            0	           12	       6	       4	       3	       5	       8	       7	       6	       5	       4
      29	101	145	    0.27	          7	            0	           23	      10	       5	       6	       7	      12	      12	       8	       7	       6
      30	113	141	    0.28	          2	            0	           49	      10	       8	       6	       9	      12	      12	       8	       6	       9
      31	115	148	    0.05	          2	            0	           30	       6	       5	       5	       6	       9	       8	       6	       5	       5
      32	121	153	    0.16	          5	            0	           20	       5	       4	       4	       5	       7	       7	       4	       5	       4
      33	403	494	    0.23	         11	            0	           60	       8	       5	       5	       6	       7	       7	       7	       9	       6
      34	406	489	    0.14	         18	            0	           53	      10	       8	       6	       7	       9	      11	      11	       9	       9
      35	413	492	    0.29	          3	            0	           32	       4	       3	       3	       4	       6	       5	       5	       3	       3
      36	405	490	    0.01	          6	            0	           32	       6	       4	       5	       7	       9	       7	       6	       5	       6
      37	409	487	    0.24	         12	            0	           16	       8	       5	       5	       5	       7	       8	       7	       8	       7
      38	395	500	    0.02	          2	            0	           29	      10	       7	       6	      10	       9	      12	       9	       7	       8
      39	389	483	    0.03	          7	            0	           51	       9	       6	       6	       6	       8	       8	      10	      13	       9
      40	405	488	    0.06	          6	            0	           34	       5	       4	       4	       7	       8	       6	       5	       5	       7
      41	421	477	    0.06	          1	            0	           14	       4	       3	       4	       5	       5	       4	       3	       4	       6
      42	405	489	    0.13	          7	            0	           30	      10	       6	       8	       9	       9	       8	       7	       7	      13
      43	416	478	     0.2	          2	            0	           44	       6	       5	       5	       5	       6	       7	       7	       7	       6
      44	425	484	    0.29	          1	            0	           29	       9	       6	       9	       9	      11	      10	       7	       6	       9
      45	407	489	    0.11	          1	            0	           45	       6	       6	       4	       6	       6	      10	       9	       6	       5
      46	397	492	    0.18	          1	            0	           53	       9	       6	       5	       6	       6	       9	       9	      11	       8
      47	406	488	    0.11	          8	            0	           38	       8	       6	       6	       6	      11	       8	       8	       5	       7
      48	441	475	    0.16	         10	            0	           55	       7	       6	       4	       5	       6	       7	       9	       7	       6
      49	  0	  0	    0.16	          7	            0	           32	       7	       6	       5	       7	       7	       8	       6	       5	       5
      50	  0	  0	    0.08	          4	            0	           53	      10	       7	       7	       8	      10	      14	      12	       8	       7
      51	292	237	    0.11	          2	            0	           34	       4	       4	       3	       6	       5	       5	       4	       4	       6
      52	 30	113	    0.03	          3	            0	           41	       8	       5	       5	       7	       7	       7	       4	       7	       8
      53	296	210	    0.14	         14	            0	           61	       9	       8	       7	       8	      10	      11	       9	       7	       8
      54	389	128	    0.07	          5	            0	           57	       7	       5	       6	       5	       8	       8	       9	       7	       5
      55	309	286	    0.22	          5	            0	           33	       4	       4	       3	       4	       5	       5	       5	       4	       4
      56	244	340	    0.28	          2	            0	           31	       4	       3	       3	       4	       4	       5	       6	       6	       4
      57	182	 69	    0.09	          6	            0	           14	       6	       4	       4	       5	       6	       8	       6	       6	       5
      58	120	393	     0.2	          3	            0	           39	       6	       4	       5	       6	       7	       8	       6	       4	       6
      59	292	462	    0.08	         10	            0	           30	       6	       6	       5	       7	       8	       9	       8	       5	       5
      60	214	 27	    0.16	         15	            0	           51	      12	       9	       7	       7	      10	      10	      12	      11	       9
      61	307	194	    0.17	          8	            0	           38	       8	       7	       5	       6	       9	       8	       8	       8	       5
      62	205	213	    0.18	          1	            0	           45	       7	       6	       5	       5	       8	      10	       8	       6	       5
      63	 11	413	    0.06	          8	            0	           22	       5	       4	       3	       5	       6	       6	       4	       3	       4
      64	193	164	    0.29	          2	            0	           42	       7	       4	       5	       8	       9	       8	       5	       5	       7
      65	203	495	    0.19	          1	            0	           36	       6	       4	       4	       4	       7	       6	       8	       5	       4
      66	262	381	    0.23	          9	            0	           29	      11	       7	       6	       8	       8	      10	      11	       9	       7
      67	446	409	    0.07	          5	            0	           56	       7	       5	       4	       4	       5	       7	       8	       9	       8
      68	 48	268	    0.11	          5	            0	           20	       5	       4	       4	       6	       8	       7	       6	       5	       4
      69	124	 11	    0.07	          6	            0	           29	       4	       4	       4	       4	       6	       6	       5	       4	       4
      70	454	235	    0.21	          2	            0	           35	       7	       6	       5	       7	       8	       5	       5	       6	       9
      71	127	133	     0.3	          3	            0	           20	       8	       5	       4	       6	       6	       8	       7	       6	       5
      72	240	362	    0.05	          9	            0	           31	      10	       6	       6	       8	      11	      12	       7	       6	       6
      73	127	 77	    0.14	         11	            0	           39	       6	       5	       6	       7	       7	       6	       5	       6	       8
      74	317	340	    0.21	          1	            0	           52	       8	       6	       7	       6	      10	       9	      11	       9	       8
      75	142	100	    0.12	          7	            0	           24	       8	       5	       5	       8	       9	       8	       8	       6	       5
      76	400	 58	    0.24	          9	            0	           36	      12	       9	       8	      11	      10	      13	       8	       6	       7
      77	476	154	    0.26	          1	            0	           38	       6	       5	       4	       5	       5	       8	       7	       5	       5
      78	435	430	    0.04	          3	            0	           41	       8	       5	       6	       8	       8	       9	       7	       6	       6
      79	331	295	    0.06	          1	            0	           18	       6	       4	       4	       5	       6	       6	       7	       7	       5
      80	 37	123	    0.13	         12	            0	           41	       7	       7	       6	       8	       8	       9	       6	       5	       5
      81	422	427	    0.23	          7	            0	           65	      10	       7	       6	       8	      10	      10	      11	      10	       7
      82	 29	211	    0.19	          6	            0	           26	       5	       4	       4	       4	       7	       7	       7	       5	       5
      83	211	254	    0.26	         13	            0	           32	       8	       5	       4	       6	       8	       8	       6	       4	       5
      84	380	253	    0.22	          8	            0	           42	       5	       5	       4	       4	       7	       7	       7	       5	       4
      85	293	321	    0.18	          5	            0	           21	       9	       6	       7	       9	      13	       8	       7	       8	      12
      86	285	 28	    0.17	         10	            0	           11	       5	       5	       4	       6	       6	       7	       4	       3	       5
      87	 55	171	    0.07	          3	            0	           25	       7	       7	       6	       9	       9	       8	       7	       6	       7
      88	270	452	    0.04	          6	            0	           59	      11	       8	       8	       9	      13	      11	       7	       6	       8
      89	375	131	     0.1	          9	            0	           18	       7	       6	       5	       6	       8	       8	       9	       5	       4
      90	140	434	    0.21	          3	            0	           11	       6	       4	       4	       7	       6	       4	       3	       5	       8
      91	 40	486	    0.08	          1	            0	           37	       8	       6	       5	       7	       9	      10	       5	       6	       8
      92	334	248	    0.13	          9	            0	           25	       5	       5	       4	       5	       6	       6	       3	       5	       8
      93	 39	265	    0.24	         11	            0	           46	       9	       6	       5	       6	       7	       8	      11	       9	       8
      94	296	312	    0.16	          8	            0	           26	       7	       4	       4	       7	       7	       7	       4	       4	       5
      95	262	 52	    0.15	          6	            0	           21	       8	       5	       7	       9	       9	       6	       6	       9	       9
      96	231	487	     0.1	          1	            0	           60	       8	       5	       5	       5	       6	       9	       9	       8	       5
      97	464	 57	    0.12	          7	            0	           26	       7	       7	       5	       7	      10	      10	      10	       6	       5
      98	248	 56	    0.22	         16	            0	           24	      10	       8	       6	       7	       9	      12	      12	       9	       8
      99	170	450	     0.3	         14	            0	           32	       8	       6	       6	       6	      10	      11	       7	       7	       6
     100	182	301	    0.14	         14	            0	           33	      10	       6	       7	       8	      11	      12	      11	       8	       6
COST_MATRIX 
	  0	  1	  2	  3	  4	  5	  6	  7	  8	  9	 10	 11	 12	 13	 14	 15	 16	 17	 18	 19	 20	 21	 22	 23	 24	 25	 26	 27	 28	 29	 30	 31	 32	 33	 34	 35	 36	 37	 38	 39	 40	 41	 42	 43	 44	 45	 46	 47	 48	 49	 50	 51	 52	 53	 54	 55	 56	 57	 58	 59	 60	 61	 62	 63	 64	 65	 66	 67	 68	 69	 70	 71	 72	 73	 74	 75	 76	 77	 78	 79	 80	 81	 82	 83	 84	 85	 86	 87	 88	 89	 90	 91	 92	 93	 94	 95	 96	 97	 98	 99	100
  0
  1	 13
  2	 10	  5
  3	  9	  7	  2
  4	 10	  3	  3	  4
  5	  9	  5	  1	  2	  2
  6	 10	  6	  1	  2	  3	  2
  7	  3	 10	  7	  7	  8	  7	  8
  8	  9	  6	  1	  2	  3	  1	  2	  7
  9	  9	  5	  2	  3	  2	  1	  2	  7	  1
 10	 11	  5	  1	  3	  2	  2	  1	  8	  2	  2
 11	  9	  7	  2	  1	  4	  2	  2	  6	  2	  2	  3
 12	 10	  7	  2	  2	  4	  3	  2	  8	  3	  3	  3	  2
 13	  8	  5	  2	  3	  3	  2	  3	  6	  2	  1	  3	  2	  4
 14	  9	  6	  1	  2	  3	  1	  1	  7	  1	  2	  2	  1	  2	  2
 15	 11	  6	  1	  2	  3	  2	  1	  8	  2	  3	  2	  2	  2	  3	  2
 16	 13	  9	  5	  5	  7	  6	  5	 11	  6	  6	  5	  5	  4	  7	  5	  4
 17	 18	 27	 22	 20	 24	 22	 22	 20	 22	 22	 23	 21	 21	 22	 21	 22	 21
 18	 16	 25	 20	 18	 22	 20	 20	 17	 19	 20	 21	 18	 19	 20	 19	 20	 19	  3
 19	 16	 24	 20	 18	 21	 20	 20	 18	 19	 20	 21	 18	 19	 20	 19	 20	 19	  3	  2
 20	 17	 26	 21	 19	 23	 21	 21	 19	 21	 21	 22	 20	 20	 21	 20	 21	 20	  2	  2	  2
 21	 17	 26	 21	 19	 23	 21	 21	 19	 21	 21	 22	 20	 20	 21	 20	 21	 20	  2	  2	  2	  1
 22	 18	 26	 22	 20	 23	 22	 22	 19	 21	 22	 23	 20	 21	 22	 21	 22	 21	  1	  3	  3	  2	  1
 23	 18	 27	 22	 20	 24	 22	 22	 20	 22	 22	 23	 20	 21	 22	 21	 22	 21	  1	  3	  3	  1	  1	  1
 24	 18	 26	 22	 20	 24	 22	 22	 20	 21	 22	 23	 20	 21	 22	 21	 22	 20	  1	  3	  3	  1	  1	  1	  1
 25	 17	 25	 21	 19	 22	 21	 21	 19	 20	 21	 22	 19	 20	 21	 20	 21	 20	  2	  2	  2	  1	  1	  2	  2	  2
 26	 16	 22	 18	 16	 19	 18	 17	 17	 17	 18	 18	 16	 16	 18	 17	 17	 16	  6	  5	  4	  5	  5	  6	  6	  6	  5
 27	 18	 26	 21	 19	 23	 21	 21	 19	 21	 21	 22	 20	 20	 21	 20	 21	 20	  2	  3	  2	  1	  2	  2	  2	  2	  2	  5
 28	 17	 26	 21	 20	 23	 21	 21	 19	 21	 21	 22	 20	 20	 21	 21	 21	 20	  1	  2	  2	  1	  1	  1	  1	  1	  1	  6	  2
 29	 17	 26	 22	 20	 23	 22	 22	 19	 21	 22	 23	 20	 21	 22	 21	 22	 21	  2	  2	  3	  2	  2	  2	  2	  2	  2	  7	  3	  2
 30	 18	 27	 22	 21	 24	 22	 22	 20	 22	 23	 23	 21	 21	 22	 22	 22	 21	  1	  3	  3	  2	  2	  1	  1	  1	  2	  6	  2	  2	  2
 31	 18	 26	 22	 20	 23	 21	 22	 19	 21	 22	 22	 20	 20	 21	 21	 22	 20	  1	  3	  2	  1	  1	  1	  1	  1	  1	  6	  2	  1	  2	  1
 32	 18	 26	 21	 20	 23	 21	 21	 19	 21	 22	 22	 20	 20	 21	 21	 21	 20	  2	  3	  2	  1	  1	  2	  2	  1	  1	  5	  1	  2	  3	  2	  1
 33	 44	 35	 35	 35	 35	 35	 34	 42	 35	 36	 34	 36	 34	 37	 35	 34	 31	 46	 45	 44	 45	 45	 46	 46	 46	 45	 40	 44	 45	 47	 46	 46	 45
 34	 44	 35	 35	 35	 35	 35	 34	 42	 35	 36	 34	 36	 34	 37	 35	 34	 31	 46	 45	 44	 45	 45	 46	 46	 45	 45	 40	 44	 45	 46	 46	 45	 45	  1
 35	 44	 36	 36	 36	 36	 36	 35	 42	 36	 37	 35	 36	 35	 37	 36	 35	 32	 47	 46	 45	 45	 46	 46	 46	 46	 45	 41	 45	 46	 47	 47	 46	 45	  2	  1
 36	 44	 35	 35	 35	 35	 35	 34	 42	 35	 36	 34	 36	 34	 37	 35	 34	 31	 46	 45	 44	 45	 45	 46	 46	 45	 45	 40	 44	 45	 46	 46	 45	 45	  1	  1	  1
 37	 44	 35	 35	 36	 36	 36	 34	 42	 36	 36	 34	 36	 34	 37	 35	 34	 31	 46	 45	 44	 45	 45	 46	 46	 45	 45	 40	 44	 45	 47	 46	 45	 45	  1	  1	  1	  1
 38	 43	 34	 34	 35	 35	 35	 34	 41	 35	 35	 34	 35	 33	 36	 35	 33	 31	 46	 45	 44	 45	 45	 46	 46	 46	 45	 40	 44	 45	 47	 46	 45	 45	  2	  2	  2	  2	  2
 39	 42	 33	 33	 34	 33	 34	 32	 40	 34	 34	 32	 34	 32	 35	 33	 32	 29	 44	 43	 43	 43	 43	 44	 44	 44	 43	 39	 43	 44	 45	 44	 44	 43	  2	  2	  3	  2	  3	  2
 40	 44	 35	 35	 35	 35	 35	 34	 41	 35	 36	 34	 35	 34	 37	 35	 34	 31	 46	 45	 44	 45	 45	 46	 45	 45	 45	 40	 44	 45	 46	 46	 45	 44	  1	  1	  1	  1	  1	  2	  2
 41	 44	 36	 36	 36	 36	 36	 35	 42	 36	 37	 35	 36	 35	 38	 36	 35	 32	 46	 45	 44	 45	 45	 46	 46	 46	 45	 40	 44	 45	 47	 46	 45	 45	  3	  2	  2	  3	  2	  4	  4	  2
 42	 44	 35	 35	 35	 35	 35	 34	 41	 35	 36	 34	 35	 34	 37	 35	 34	 31	 46	 45	 44	 45	 45	 46	 46	 45	 45	 40	 44	 45	 46	 46	 45	 44	  1	  1	  1	  1	  1	  2	  2	  1	  3
 43	 44	 36	 35	 36	 36	 36	 35	 42	 36	 36	 35	 36	 34	 37	 36	 34	 32	 46	 45	 44	 45	 45	 46	 45	 45	 45	 40	 44	 45	 46	 46	 45	 44	  3	  2	  2	  2	  2	  4	  3	  2	  1	  2
 44	 45	 37	 36	 37	 37	 37	 36	 43	 37	 37	 36	 37	 35	 38	 37	 35	 33	 47	 46	 45	 46	 46	 47	 47	 46	 46	 41	 45	 46	 47	 47	 46	 45	  3	  2	  2	  3	  2	  4	  4	  3	  1	  3	  2
 45	 44	 35	 35	 35	 35	 36	 34	 42	 35	 36	 34	 36	 34	 37	 35	 34	 31	 46	 45	 44	 45	 45	 46	 46	 45	 45	 40	 44	 45	 47	 46	 45	 45	  1	  1	  1	  1	  1	  2	  2	  1	  2	  1	  2	  2
 46	 43	 34	 34	 35	 35	 35	 33	 41	 35	 35	 34	 35	 33	 36	 34	 33	 31	 45	 45	 44	 44	 45	 45	 45	 45	 44	 40	 44	 45	 46	 46	 45	 44	  1	  1	  2	  1	  2	  1	  2	  1	  3	  1	  3	  3	  2
 47	 44	 35	 35	 35	 35	 35	 34	 42	 35	 36	 34	 36	 34	 37	 35	 34	 31	 46	 45	 44	 45	 45	 46	 46	 45	 45	 40	 44	 45	 46	 46	 45	 44	  1	  1	  1	  1	  1	  2	  2	  1	  2	  1	  2	  2	  1	  1
 48	 46	 38	 38	 38	 38	 38	 37	 44	 38	 39	 37	 38	 36	 39	 38	 37	 34	 47	 47	 46	 46	 46	 47	 47	 47	 46	 42	 45	 47	 48	 47	 47	 46	  5	  4	  4	  4	  4	  6	  6	  4	  3	  4	  3	  2	  4	  5	  4
 49	 30	 41	 37	 36	 39	 37	 38	 32	 37	 37	 38	 36	 37	 37	 37	 38	 38	 19	 20	 21	 20	 20	 19	 19	 19	 20	 24	 20	 19	 18	 19	 19	 20	 64	 64	 65	 64	 64	 64	 63	 64	 64	 64	 64	 65	 64	 64	 64	 65
 50	 30	 41	 37	 36	 39	 37	 38	 32	 37	 37	 38	 36	 37	 37	 37	 38	 38	 19	 20	 21	 20	 20	 19	 19	 19	 20	 24	 20	 19	 18	 19	 19	 20	 64	 64	 65	 64	 64	 64	 63	 64	 64	 64	 64	 65	 64	 64	 64	 65	  1
 51	 28	 28	 24	 23	 26	 25	 24	 28	 24	 25	 24	 24	 22	 25	 24	 23	 20	 21	 21	 20	 20	 20	 21	 21	 20	 20	 16	 19	 20	 22	 21	 20	 20	 28	 28	 29	 28	 28	 29	 27	 28	 28	 28	 28	 29	 28	 28	 28	 29	 38	 38
 52	 18	 30	 26	 24	 27	 25	 26	 21	 25	 26	 27	 24	 25	 25	 25	 26	 26	  9	  9	 10	 10	 10	  9	  9	 10	 10	 14	 11	  9	  8	  9	 10	 10	 54	 54	 54	 54	 54	 54	 52	 54	 54	 54	 54	 55	 54	 53	 54	 55	 12	 12	 29
 53	 29	 30	 26	 25	 28	 26	 25	 29	 26	 27	 26	 25	 24	 27	 26	 25	 22	 20	 20	 19	 19	 19	 20	 20	 20	 19	 16	 18	 20	 21	 20	 20	 19	 31	 30	 31	 31	 30	 31	 29	 30	 30	 30	 30	 31	 31	 30	 30	 31	 37	 37	  3	 29
 54	 41	 42	 38	 37	 40	 39	 38	 41	 38	 39	 39	 38	 36	 39	 38	 38	 34	 28	 29	 28	 28	 28	 28	 28	 28	 28	 26	 27	 28	 29	 28	 28	 27	 37	 37	 37	 37	 36	 38	 36	 37	 36	 37	 36	 36	 37	 37	 37	 36	 41	 41	 15	 36	 13
 55	 29	 27	 24	 23	 25	 24	 23	 28	 24	 25	 24	 23	 22	 25	 23	 23	 19	 25	 25	 23	 24	 24	 25	 25	 24	 24	 20	 23	 24	 26	 25	 24	 24	 23	 23	 24	 23	 23	 24	 22	 23	 23	 23	 22	 23	 23	 23	 23	 24	 43	 43	  6	 33	  8	 18
 56	 23	 19	 16	 16	 17	 17	 15	 22	 16	 17	 16	 16	 14	 18	 16	 15	 11	 24	 23	 22	 23	 23	 24	 24	 24	 23	 18	 22	 24	 25	 24	 24	 23	 23	 23	 23	 23	 23	 23	 21	 22	 23	 22	 23	 24	 23	 22	 22	 24	 42	 42	 12	 32	 15	 26	  9
 57	 28	 36	 31	 29	 33	 31	 31	 29	 31	 31	 32	 30	 29	 31	 30	 31	 28	 11	 13	 12	 11	 11	 11	 11	 11	 12	 14	 11	 11	 12	 10	 11	 11	 48	 48	 49	 48	 48	 49	 47	 48	 48	 48	 48	 49	 48	 48	 48	 49	 20	 20	 21	 16	 19	 22	 26	 28
 58	 15	  5	  5	  7	  5	  6	  5	 12	  6	  6	  4	  6	  5	  7	  6	  5	  6	 25	 23	 23	 24	 24	 25	 25	 25	 24	 21	 24	 25	 25	 26	 25	 25	 31	 31	 31	 31	 31	 30	 29	 31	 32	 31	 31	 32	 31	 30	 31	 34	 42	 42	 24	 30	 26	 38	 22	 14	 33
 59	 32	 23	 23	 24	 24	 24	 23	 30	 24	 24	 23	 24	 23	 25	 24	 22	 20	 37	 36	 35	 36	 36	 37	 37	 37	 36	 31	 35	 36	 38	 37	 37	 36	 12	 12	 13	 12	 12	 11	 10	 12	 13	 12	 13	 14	 12	 11	 12	 15	 55	 55	 23	 44	 26	 35	 18	 14	 41	 19
 60	 33	 41	 36	 34	 38	 36	 36	 35	 36	 36	 37	 35	 34	 36	 35	 36	 33	 16	 18	 18	 16	 17	 16	 16	 16	 17	 19	 16	 17	 17	 16	 16	 16	 51	 51	 51	 51	 50	 51	 49	 50	 50	 50	 50	 51	 51	 50	 50	 51	 22	 22	 23	 21	 21	 21	 28	 32	  6	 38	 45
 61	 31	 32	 28	 27	 30	 28	 27	 31	 28	 29	 28	 27	 26	 29	 27	 27	 23	 21	 21	 20	 20	 20	 21	 20	 20	 20	 17	 19	 21	 22	 21	 20	 20	 32	 32	 32	 32	 32	 32	 31	 31	 31	 32	 31	 32	 32	 32	 32	 32	 37	 37	  5	 29	  2	 11	 10	 16	 18	 28	 27	 20
 62	 20	 24	 19	 18	 21	 19	 19	 21	 19	 20	 20	 18	 17	 20	 19	 18	 15	 12	 12	 11	 11	 11	 12	 12	 12	 11	  7	 10	 12	 13	 12	 12	 11	 35	 35	 35	 35	 35	 35	 33	 35	 35	 35	 34	 35	 35	 34	 35	 36	 30	 30	 10	 21	 10	 21	 13	 14	 15	 20	 27	 19	 11
 63	 13	  7	 10	 11	  8	 10	 11	 10	 10	  9	 10	 11	 12	  9	 10	 11	 15	 29	 27	 27	 28	 28	 29	 29	 29	 28	 26	 29	 28	 29	 30	 29	 29	 41	 41	 41	 41	 41	 40	 39	 41	 42	 41	 42	 43	 41	 40	 41	 44	 42	 42	 34	 31	 35	 48	 33	 25	 39	 12	 29	 44	 37	 28
 64	 22	 27	 22	 21	 24	 23	 22	 23	 22	 23	 23	 21	 21	 23	 22	 22	 20	  9	 10	  9	  8	  8	  9	  9	  8	  8	  7	  7	  9	 10	  9	  8	  8	 40	 39	 40	 39	 39	 40	 38	 39	 39	 39	 39	 40	 39	 39	 39	 40	 26	 26	 13	 18	 12	 20	 17	 19	 10	 25	 32	 14	 12	  6	 31
 65	 28	 17	 18	 20	 18	 19	 18	 25	 19	 19	 18	 20	 18	 20	 19	 18	 17	 37	 35	 35	 36	 36	 37	 37	 36	 36	 31	 35	 36	 37	 37	 36	 36	 21	 21	 22	 21	 21	 20	 19	 21	 22	 21	 22	 23	 21	 20	 21	 24	 54	 54	 28	 42	 30	 42	 24	 17	 43	 14	 10	 47	 32	 29	 21	 34
 66	 26	 20	 18	 18	 19	 19	 17	 24	 18	 19	 18	 18	 17	 20	 18	 17	 14	 29	 27	 27	 27	 28	 28	 28	 28	 27	 23	 27	 28	 29	 29	 28	 27	 19	 19	 19	 18	 19	 18	 17	 18	 19	 18	 19	 20	 19	 18	 18	 21	 47	 47	 15	 36	 18	 29	 11	  5	 33	 15	  9	 36	 20	 18	 26	 23	 13
 67	 44	 38	 36	 37	 37	 37	 36	 43	 37	 38	 36	 37	 35	 38	 37	 36	 32	 43	 43	 42	 42	 42	 43	 43	 43	 42	 38	 41	 43	 44	 43	 43	 42	 10	  9	  9	 10	  9	 11	 10	  9	  8	  9	  8	  8	  9	 10	  9	  7	 61	 61	 24	 52	 25	 29	 19	 22	 44	 33	 17	 45	 26	 32	 44	 36	 26	 19
 68	  4	 14	 10	  9	 11	 10	 11	  6	 10	 10	 11	  9	 10	  9	 10	 11	 12	 14	 12	 13	 14	 14	 14	 14	 14	 14	 12	 14	 14	 14	 15	 14	 14	 43	 43	 43	 43	 43	 42	 41	 42	 43	 42	 43	 44	 43	 42	 43	 45	 28	 28	 25	 16	 26	 37	 27	 21	 24	 15	 32	 30	 27	 17	 15	 18	 28	 25	 43
 69	 30	 40	 35	 34	 37	 35	 35	 32	 35	 36	 36	 34	 34	 35	 35	 35	 34	 14	 16	 16	 15	 15	 14	 14	 14	 15	 19	 15	 15	 14	 14	 14	 15	 56	 56	 57	 56	 56	 56	 55	 56	 56	 56	 56	 57	 56	 56	 56	 57	 13	 13	 29	 14	 27	 29	 34	 36	  9	 39	 49	 10	 26	 22	 42	 17	 50	 40	 52	 27
 70	 44	 42	 39	 38	 41	 39	 38	 43	 39	 40	 39	 39	 37	 41	 39	 38	 34	 36	 36	 35	 35	 35	 36	 36	 35	 35	 32	 34	 36	 37	 36	 35	 35	 27	 26	 27	 26	 26	 28	 26	 26	 25	 26	 25	 26	 26	 27	 26	 25	 52	 52	 17	 45	 16	 13	 16	 24	 32	 37	 28	 32	 16	 25	 48	 28	 37	 25	 18	 41	 40
 71	 20	 28	 23	 22	 25	 23	 23	 21	 23	 24	 24	 22	 22	 23	 23	 23	 22	  2	  4	  4	  3	  3	  3	  2	  2	  3	  7	  3	  3	  3	  2	  2	  3	 46	 46	 46	 46	 46	 46	 44	 46	 46	 46	 46	 47	 46	 45	 46	 47	 19	 19	 20	 10	 19	 27	 24	 24	  9	 27	 37	 14	 20	 12	 31	  8	 37	 29	 43	 16	 13	 35
 72	 23	 18	 16	 16	 17	 16	 15	 22	 16	 17	 15	 16	 14	 17	 16	 15	 11	 26	 25	 24	 25	 25	 26	 26	 25	 25	 20	 24	 25	 26	 26	 25	 25	 21	 21	 22	 21	 22	 21	 20	 21	 22	 21	 22	 23	 21	 21	 21	 24	 44	 44	 14	 33	 17	 28	 11	  3	 30	 13	 12	 34	 19	 16	 24	 21	 14	  3	 22	 22	 37	 25	 26
 73	 24	 33	 29	 27	 31	 29	 29	 26	 28	 29	 30	 27	 27	 29	 28	 29	 27	  7	 10	 10	  8	  8	  8	  7	  7	  9	 12	  8	  8	  8	  7	  8	  8	 51	 50	 51	 50	 50	 51	 49	 50	 50	 50	 50	 51	 50	 50	 50	 51	 15	 15	 23	 11	 22	 27	 28	 29	  6	 32	 42	 11	 22	 16	 36	 11	 43	 34	 47	 21	  7	 37	  6	 31
 74	 30	 26	 23	 23	 25	 24	 23	 29	 24	 24	 23	 24	 22	 25	 23	 22	 19	 29	 28	 27	 28	 28	 29	 29	 28	 28	 23	 27	 28	 30	 29	 28	 28	 18	 18	 18	 18	 18	 18	 17	 18	 18	 18	 17	 19	 18	 18	 18	 19	 47	 47	 11	 37	 14	 23	  6	  8	 31	 21	 13	 33	 15	 17	 32	 22	 20	  7	 15	 28	 39	 18	 29	  9	 33
 75	 23	 32	 27	 25	 29	 27	 27	 25	 26	 27	 28	 25	 25	 27	 26	 27	 25	  6	  8	  8	  6	  7	  6	  6	  6	  7	 10	  6	  7	  7	  6	  6	  6	 48	 48	 48	 48	 48	 48	 46	 47	 47	 47	 47	 48	 48	 47	 47	 48	 18	 18	 21	 12	 19	 25	 25	 27	  6	 30	 40	 11	 19	 13	 34	  9	 40	 31	 44	 20	 10	 34	  4	 28	  3	 30
 76	 45	 48	 44	 42	 46	 44	 43	 45	 44	 45	 44	 43	 42	 45	 43	 43	 40	 31	 32	 31	 30	 31	 31	 30	 30	 31	 30	 30	 31	 32	 30	 30	 30	 44	 44	 44	 44	 43	 45	 43	 44	 42	 44	 43	 43	 44	 44	 44	 42	 41	 41	 21	 38	 19	  8	 25	 33	 22	 44	 42	 19	 17	 25	 53	 24	 48	 36	 36	 41	 28	 19	 29	 35	 28	 30	 27
 77	 48	 48	 44	 43	 46	 45	 44	 48	 44	 45	 44	 44	 42	 46	 44	 43	 40	 37	 38	 37	 36	 37	 37	 37	 37	 37	 34	 36	 37	 38	 37	 37	 36	 35	 35	 35	 35	 34	 36	 35	 35	 33	 35	 33	 34	 35	 35	 35	 33	 51	 51	 21	 45	 19	 10	 22	 30	 31	 43	 36	 30	 18	 28	 54	 29	 44	 32	 26	 45	 38	  9	 35	 32	 36	 25	 34	 13
 78	 44	 37	 36	 36	 37	 36	 35	 42	 36	 37	 35	 36	 35	 38	 36	 35	 32	 44	 43	 42	 43	 43	 44	 43	 43	 43	 38	 42	 43	 44	 44	 43	 42	  8	  7	  7	  7	  7	  9	  8	  7	  5	  7	  6	  6	  7	  8	  7	  5	 62	 62	 25	 52	 27	 31	 20	 22	 45	 32	 15	 46	 27	 32	 43	 36	 25	 18	  3	 42	 53	 20	 43	 21	 47	 15	 45	 38	 28
 79	 31	 29	 25	 25	 27	 26	 25	 30	 26	 27	 25	 25	 24	 27	 25	 25	 21	 27	 27	 26	 26	 26	 27	 27	 27	 26	 22	 25	 27	 28	 27	 27	 26	 22	 21	 22	 21	 21	 22	 20	 21	 21	 21	 21	 22	 21	 21	 21	 22	 45	 45	  7	 36	 10	 18	  3	 10	 28	 24	 18	 30	 11	 16	 35	 20	 24	 12	 17	 29	 36	 14	 27	 12	 30	  5	 28	 25	 21	 18
 80	 17	 29	 24	 23	 26	 24	 25	 20	 24	 24	 25	 23	 24	 24	 24	 25	 25	  8	  8	  9	  9	  9	  8	  9	  9	  9	 13	 10	  8	  7	  8	  9	  9	 53	 52	 53	 52	 53	 52	 51	 52	 53	 52	 52	 53	 53	 52	 52	 54	 13	 13	 28	  2	 28	 36	 32	 30	 16	 29	 43	 21	 28	 20	 30	 17	 41	 35	 50	 15	 15	 44	 10	 32	 11	 36	 11	 37	 45	 51	 35
 81	 43	 36	 34	 35	 35	 35	 34	 41	 35	 36	 34	 35	 33	 36	 35	 34	 30	 42	 42	 41	 41	 42	 42	 42	 42	 42	 37	 41	 42	 43	 43	 42	 41	  7	  7	  7	  7	  7	  8	  7	  7	  6	  7	  6	  6	  7	  7	  7	  6	 61	 61	 24	 51	 26	 31	 19	 20	 44	 31	 14	 46	 26	 31	 42	 35	 23	 17	  4	 41	 52	 20	 42	 20	 46	 14	 44	 37	 28	  2	 17	 50
 82	  9	 20	 16	 15	 17	 16	 17	 11	 16	 16	 17	 15	 16	 15	 16	 17	 18	 11	  9	 10	 11	 11	 11	 11	 11	 11	 12	 12	 11	 10	 11	 11	 11	 47	 47	 48	 47	 47	 47	 46	 47	 48	 47	 48	 49	 47	 47	 47	 49	 22	 22	 27	 10	 27	 37	 29	 26	 21	 21	 37	 27	 28	 18	 21	 18	 34	 29	 47	  7	 23	 43	 13	 26	 17	 32	 16	 41	 46	 47	 32	  9	 45
 83	 20	 21	 16	 15	 18	 17	 16	 19	 17	 17	 17	 16	 15	 18	 16	 16	 12	 15	 15	 14	 14	 14	 15	 15	 15	 14	 10	 14	 15	 16	 15	 15	 14	 31	 31	 32	 31	 31	 31	 30	 31	 31	 31	 31	 32	 31	 31	 31	 32	 34	 34	  9	 23	 10	 22	 11	 10	 19	 17	 23	 23	 12	  5	 26	 10	 25	 14	 29	 17	 26	 25	 15	 12	 20	 14	 17	 28	 29	 29	 13	 22	 28	 19
 84	 37	 35	 31	 31	 33	 32	 31	 36	 32	 33	 31	 31	 30	 33	 31	 30	 27	 29	 30	 29	 29	 29	 29	 29	 29	 29	 25	 28	 29	 30	 29	 29	 28	 25	 24	 25	 24	 24	 25	 24	 24	 23	 24	 23	 24	 24	 24	 24	 24	 46	 46	  9	 38	 10	 13	  8	 17	 28	 30	 23	 29	 10	 18	 41	 21	 30	 18	 17	 34	 36	  8	 29	 18	 31	 11	 29	 20	 14	 19	  7	 37	 18	 36	 17
 85	 28	 24	 21	 21	 23	 22	 21	 27	 22	 22	 21	 21	 19	 23	 21	 20	 16	 26	 25	 24	 25	 25	 26	 26	 25	 25	 20	 24	 25	 27	 26	 25	 25	 21	 21	 21	 21	 21	 21	 19	 21	 21	 21	 20	 21	 21	 21	 21	 22	 44	 44	  9	 34	 12	 22	  4	  6	 28	 19	 15	 31	 13	 14	 30	 19	 20	  7	 18	 26	 36	 19	 26	  7	 30	  4	 27	 29	 25	 18	  5	 33	 17	 29	 11	 12
 86	 38	 44	 39	 37	 41	 39	 39	 39	 39	 40	 39	 38	 37	 39	 38	 38	 36	 21	 23	 23	 22	 22	 22	 21	 21	 22	 23	 21	 22	 22	 21	 21	 21	 49	 48	 49	 48	 48	 49	 47	 48	 47	 48	 47	 48	 48	 48	 48	 48	 29	 29	 21	 27	 19	 15	 26	 32	 12	 41	 44	  8	 17	 21	 48	 17	 48	 36	 42	 34	 17	 27	 19	 34	 17	 32	 17	 12	 23	 43	 28	 27	 43	 32	 24	 25	 30
 87	 13	 24	 19	 18	 21	 19	 20	 15	 19	 19	 20	 18	 19	 19	 19	 20	 20	  7	  5	  6	  7	  7	  7	  7	  7	  7	  9	  8	  6	  6	  7	  7	  7	 48	 48	 49	 48	 48	 48	 46	 48	 48	 48	 48	 49	 48	 47	 48	 50	 18	 18	 25	  7	 25	 34	 28	 26	 17	 24	 38	 22	 26	 16	 25	 14	 36	 30	 46	 10	 18	 41	  9	 27	 12	 32	 12	 37	 43	 46	 31	  6	 45	  5	 18	 34	 29	 28
 88	 30	 21	 21	 22	 21	 22	 20	 28	 21	 22	 20	 22	 20	 23	 21	 20	 18	 35	 34	 33	 34	 34	 35	 35	 35	 34	 29	 34	 34	 36	 35	 35	 34	 14	 15	 15	 15	 15	 14	 13	 14	 16	 14	 15	 16	 15	 14	 15	 18	 53	 53	 22	 42	 25	 35	 18	 12	 40	 17	  3	 43	 27	 25	 27	 30	  8	  8	 19	 29	 47	 29	 35	 10	 41	 13	 38	 42	 37	 17	 17	 41	 16	 35	 21	 23	 14	 43	 36
 89	 39	 41	 37	 36	 39	 37	 36	 39	 37	 38	 37	 36	 35	 38	 37	 36	 33	 27	 28	 27	 26	 27	 27	 27	 26	 27	 25	 26	 27	 28	 27	 27	 26	 37	 36	 37	 37	 36	 37	 36	 36	 35	 36	 35	 36	 36	 37	 36	 36	 40	 40	 14	 35	 12	  2	 17	 25	 21	 37	 35	 20	 10	 19	 47	 19	 41	 28	 29	 36	 28	 14	 25	 27	 26	 22	 24	  8	 11	 31	 17	 34	 30	 36	 21	 13	 21	 14	 33	 34
 90	 19	  8	 10	 11	  9	 10	  9	 16	 10	 10	  9	 11	 10	 11	 10	  9	  9	 30	 28	 27	 29	 29	 29	 30	 29	 28	 25	 28	 29	 30	 30	 29	 29	 27	 28	 28	 28	 28	 27	 26	 28	 29	 28	 28	 29	 28	 27	 28	 31	 46	 46	 25	 34	 28	 40	 23	 15	 37	  5	 16	 42	 30	 24	 14	 28	  9	 14	 31	 19	 43	 38	 31	 13	 36	 21	 34	 46	 44	 30	 24	 33	 29	 25	 20	 31	 20	 44	 28	 14	 39
 91	 20	  9	 14	 16	 12	 14	 14	 17	 15	 14	 14	 16	 16	 14	 15	 15	 18	 35	 33	 33	 35	 35	 35	 35	 35	 34	 31	 35	 35	 35	 36	 35	 35	 37	 37	 38	 37	 37	 36	 35	 37	 39	 37	 38	 39	 37	 36	 37	 41	 49	 49	 36	 38	 38	 50	 34	 26	 45	 13	 26	 50	 40	 32	  8	 36	 17	 25	 42	 22	 49	 49	 37	 24	 42	 32	 40	 56	 55	 40	 35	 37	 39	 28	 29	 42	 31	 52	 32	 24	 49	 12
 92	 32	 31	 27	 27	 29	 28	 27	 31	 28	 28	 27	 27	 25	 29	 27	 26	 23	 25	 25	 24	 24	 24	 25	 25	 25	 24	 21	 23	 25	 26	 25	 25	 24	 26	 26	 26	 26	 26	 26	 25	 26	 25	 26	 25	 26	 26	 26	 26	 26	 42	 42	  5	 34	  6	 14	  5	 13	 24	 26	 22	 26	  7	 14	 37	 17	 28	 16	 20	 29	 32	 13	 24	 15	 27	 10	 25	 21	 18	 21	  5	 33	 20	 31	 13	  5	  9	 23	 29	 22	 13	 27	 38
 93	  4	 15	 11	 10	 12	 11	 11	  6	 10	 11	 12	 10	 11	 10	 10	 12	 13	 15	 12	 13	 14	 14	 14	 15	 15	 14	 13	 15	 14	 14	 15	 14	 14	 44	 43	 44	 43	 44	 43	 42	 43	 44	 43	 44	 45	 44	 43	 43	 46	 27	 27	 26	 16	 27	 38	 28	 22	 25	 16	 33	 30	 28	 18	 16	 19	 29	 26	 44	  1	 27	 42	 16	 23	 21	 29	 20	 42	 46	 43	 30	 15	 42	  6	 18	 35	 27	 35	 10	 30	 37	 20	 23	 30
 94	 28	 25	 22	 21	 23	 22	 21	 27	 22	 23	 22	 22	 20	 23	 22	 21	 17	 25	 25	 24	 24	 25	 25	 25	 25	 24	 20	 24	 25	 26	 26	 25	 24	 22	 21	 22	 21	 21	 22	 20	 21	 21	 21	 21	 22	 21	 21	 21	 22	 44	 44	  8	 34	 11	 21	  3	  6	 27	 20	 16	 30	 12	 14	 31	 19	 21	  8	 18	 26	 35	 18	 25	  8	 29	  4	 27	 28	 24	 19	  4	 33	 18	 29	 11	 11	  1	 29	 28	 15	 20	 20	 31	  8	 27
 95	 34	 40	 36	 34	 37	 36	 35	 36	 35	 36	 36	 34	 34	 36	 35	 35	 32	 18	 20	 19	 18	 18	 18	 18	 18	 19	 19	 18	 19	 19	 18	 18	 18	 47	 47	 47	 47	 46	 47	 45	 46	 46	 46	 46	 47	 47	 47	 46	 46	 27	 27	 19	 24	 17	 15	 24	 29	  9	 37	 42	  6	 15	 18	 44	 14	 45	 33	 41	 31	 15	 27	 16	 32	 14	 30	 13	 14	 24	 42	 26	 24	 41	 29	 21	 24	 28	  4	 24	 41	 14	 41	 49	 21	 31	 27
 96	 29	 19	 20	 21	 20	 20	 19	 27	 20	 20	 19	 21	 19	 21	 20	 19	 18	 37	 35	 35	 36	 36	 37	 37	 36	 36	 31	 35	 36	 37	 37	 36	 36	 18	 18	 19	 18	 18	 17	 16	 18	 20	 18	 19	 20	 18	 17	 18	 22	 54	 54	 26	 43	 29	 40	 22	 15	 43	 15	  7	 47	 31	 28	 24	 33	  3	 12	 23	 29	 49	 34	 37	 13	 43	 18	 40	 47	 42	 22	 22	 42	 21	 35	 24	 28	 18	 47	 37	  6	 39	 11	 20	 27	 30	 19	 44
 97	 51	 53	 48	 47	 50	 49	 48	 51	 49	 50	 49	 48	 47	 50	 48	 48	 44	 37	 38	 37	 37	 37	 37	 37	 36	 37	 36	 36	 37	 38	 37	 37	 36	 45	 44	 44	 44	 44	 45	 44	 44	 43	 44	 43	 43	 44	 45	 44	 42	 47	 47	 25	 44	 23	 11	 28	 36	 29	 49	 45	 26	 21	 31	 58	 30	 51	 39	 36	 47	 35	 18	 35	 38	 34	 32	 33	  7	 10	 38	 28	 44	 38	 47	 33	 22	 32	 19	 43	 45	 12	 50	 61	 24	 48	 31	 21	 49
 98	 33	 39	 34	 33	 36	 35	 34	 34	 34	 35	 35	 33	 33	 35	 34	 34	 32	 17	 19	 18	 17	 17	 17	 17	 16	 17	 18	 16	 17	 18	 16	 17	 16	 47	 47	 47	 47	 47	 47	 45	 46	 46	 47	 46	 47	 47	 47	 46	 47	 26	 26	 19	 23	 17	 16	 24	 29	  7	 37	 41	  5	 16	 17	 43	 13	 45	 33	 41	 30	 14	 28	 15	 31	 13	 30	 12	 16	 25	 42	 26	 23	 41	 27	 21	 24	 27	  5	 23	 40	 15	 40	 48	 22	 30	 27	  2	 44	 22
 99	 22	 12	 13	 14	 12	 13	 12	 20	 13	 13	 12	 14	 13	 14	 13	 12	 12	 32	 30	 29	 31	 31	 31	 32	 31	 30	 26	 30	 31	 32	 32	 31	 31	 24	 24	 25	 24	 25	 24	 23	 24	 26	 24	 25	 26	 25	 24	 24	 28	 49	 49	 25	 37	 28	 39	 22	 14	 39	  8	 13	 43	 30	 24	 17	 29	  6	 12	 28	 22	 45	 36	 32	 12	 38	 19	 36	 46	 43	 27	 23	 36	 26	 28	 21	 29	 18	 44	 31	 11	 38	  4	 14	 27	 23	 19	 41	  8	 50	 41
100	 17	 16	 11	 11	 13	 12	 11	 15	 12	 12	 12	 11	  9	 13	 11	 11	  7	 18	 16	 16	 17	 17	 18	 18	 17	 17	 12	 16	 17	 18	 18	 17	 17	 30	 30	 30	 30	 30	 30	 28	 30	 30	 30	 30	 31	 30	 29	 30	 32	 36	 36	 13	 25	 15	 27	 13	  8	 24	 12	 20	 28	 17	 10	 21	 14	 20	 12	 29	 14	 30	 28	 18	  9	 24	 15	 21	 33	 33	 29	 15	 23	 28	 18	  6	 21	 12	 30	 19	 18	 26	 14	 24	 17	 15	 12	 27	 20	 38	 26	 15
