nVehicles:   40
nDepots:      1
nCustomers: 100
nPeriods:     6
VEHICLE_TYPE	FLEET_SIZE	CAPACITY
           2	        40	      18	
DEPOT   	X  	Y  	INV_COST	INITIAL_INV 	MIN_LEVEL_INV 	MAX_LEVEL_INV	PRODUCTION_0	PRODUCTION_1	PRODUCTION_2	PRODUCTION_3	PRODUCTION_4	PRODUCTION_5
       0	 53	135	       0	       1202	            0	         4272	         715	         715	         715	         715	         715	         715	
CUSTOMER	X  	Y  	INV_COST	INITIAL_INV	MIN_LEVEL_INV 	MAX_LEVEL_INV	DEMAND_0	DEMAND_1	DEMAND_2	DEMAND_3	DEMAND_4	DEMAND_5
       1	473	418	    0.03	         14	            0	           20	       9	       6	       5	       6	       6	       9
       2	416	456	    0.08	         11	            0	           18	      12	       9	       7	       8	      10	      12
       3	477	434	    0.12	         16	            0	           37	      13	      10	      11	       7	       8	       8
       4	474	461	       0	         19	            0	           50	      14	      11	       7	       7	       7	      10
       5	472	436	     0.2	          2	            0	           36	      10	       8	       5	       5	       7	       7
       6	456	442	    0.09	          2	            0	           23	       9	       7	       5	       4	       6	       9
       7	471	427	    0.24	          8	            0	           17	       7	       7	       6	       6	       5	       5
       8	431	445	    0.05	          8	            0	           15	      11	      10	       8	       7	       9	      13
       9	489	439	     0.2	          9	            0	            9	       8	       7	       6	       4	       3	       4
      10	463	429	    0.26	          9	            0	           22	       7	       7	       6	       5	       5	       7
      11	424	464	    0.16	          4	            0	           10	      10	       8	       6	       5	       7	       8
      12	457	444	    0.23	          5	            0	           29	       6	       7	       4	       4	       5	       6
      13	467	447	     0.2	          4	            0	           30	      11	      11	       7	       7	      11	      13
      14	451	453	    0.06	         12	            0	           30	       9	       6	       5	       5	       7	       8
      15	472	390	     0.3	          3	            0	           33	       7	       9	       6	       5	       5	       6
      16	464	443	    0.05	          7	            0	           29	      10	       8	       7	       5	       6	       9
      17	354	433	    0.28	          9	            0	           28	       8	       9	       8	       5	       4	       6
      18	338	426	    0.16	          3	            0	           15	      12	      10	       6	       8	      10	      11
      19	355	428	    0.23	          9	            0	           17	       6	       6	       5	       5	       5	       7
      20	322	445	    0.05	         18	            0	           45	      12	      10	      10	       8	       6	       9
      21	365	432	    0.21	          3	            0	           15	       7	       8	       5	       4	       4	       4
      22	361	444	    0.18	          8	            0	           29	      12	      12	       7	       6	       7	      10
      23	378	441	    0.23	          3	            0	           36	       9	       8	       7	       6	       8	       9
      24	350	437	    0.01	          4	            0	           24	       6	       6	       4	       4	       4	       5
      25	307	436	    0.08	          6	            0	           21	       5	       5	       3	       3	       5	       6
      26	355	435	    0.05	          2	            0	           10	       6	       7	       6	       4	       5	       4
      27	357	429	    0.07	          7	            0	            7	       6	       6	       5	       5	       4	       7
      28	367	431	    0.11	         23	            0	           56	      13	      10	       7	       7	      11	      13
      29	334	438	    0.14	         11	            0	           21	       6	       5	       4	       3	       3	       4
      30	344	442	    0.29	          4	            0	           24	       8	       8	       8	       7	       5	       6
      31	304	416	    0.06	         12	            0	           23	       7	       5	       4	       3	       4	       4
      32	340	434	    0.12	          6	            0	           16	      11	       8	       8	       5	       9	       9
      33	234	273	    0.22	          8	            0	           21	      10	      10	       6	       6	       5	       7
      34	192	225	    0.22	          2	            0	            8	       8	       7	       6	       4	       4	       6
      35	186	222	    0.02	          1	            0	           27	       8	       7	       5	       6	      10	      11
      36	174	239	    0.06	          3	            0	           29	       6	       5	       4	       4	       5	       6
      37	142	217	    0.04	         10	            0	           21	      12	      10	       9	       6	       8	      12
      38	182	210	    0.03	         17	            0	           23	      13	      10	       9	       8	       6	       6
      39	194	242	    0.23	          7	            0	            7	       5	       5	       4	       3	       3	       4
      40	190	219	     0.1	         14	            0	           44	      10	      10	       7	       5	       6	       8
      41	213	204	    0.28	          4	            0	           16	      10	       9	       9	       6	       6	       7
      42	181	223	    0.25	          4	            0	           15	       9	      10	       9	       6	       6	       9
      43	154	254	    0.29	          4	            0	           11	       6	       5	       5	       4	       3	       3
      44	165	220	    0.08	          3	            0	           19	       8	       7	       5	       4	       7	       7
      45	185	224	    0.18	          3	            0	           25	       6	       6	       5	       3	       4	       4
      46	186	212	    0.14	         15	            0	           15	      14	      11	      11	       6	       6	       8
      47	153	216	    0.28	         10	            0	           14	      14	      10	      10	       6	       7	       8
      48	173	209	    0.16	          2	            0	            7	       7	       7	       4	       4	       5	       7
      49	  0	  0	    0.17	         15	            0	           41	      14	      12	       8	       7	      11	      13
      50	  0	  0	    0.29	         20	            0	           27	      14	      10	       7	       6	       9	      12
      51	489	240	    0.02	         18	            0	           25	      13	      11	       9	       7	       9	      13
      52	164	 42	    0.24	          6	            0	           43	       9	      12	       7	       8	       6	       8
      53	119	413	    0.04	         13	            0	           26	       8	       7	       6	       4	       6	       6
      54	 91	204	    0.01	          7	            0	           20	      12	      11	       7	       8	      10	      13
      55	318	232	    0.19	          8	            0	            8	       8	       6	       5	       5	       7	       8
      56	250	205	    0.09	          9	            0	            9	       8	       7	       6	       4	       8	       9
      57	475	 39	     0.2	          2	            0	           10	       8	       5	       5	       4	       7	       7
      58	303	422	    0.08	          2	            0	           43	      11	      13	       8	       7	       6	      10
      59	 98	247	    0.26	          1	            0	           31	       8	       6	       4	       4	       6	       6
      60	 84	148	    0.14	         10	            0	           15	      10	       7	       5	       5	       6	       8
      61	471	364	    0.06	          7	            0	           11	       7	       8	       6	       4	       5	       6
      62	413	 75	    0.11	          6	            0	           13	       7	       6	       5	       5	       4	       4
      63	 45	212	    0.23	          1	            0	           37	       9	       8	       6	       6	       7	      10
      64	 46	178	    0.27	         17	            0	           37	      12	      10	       9	       6	       5	       7
      65	269	262	    0.28	          9	            0	           21	       5	       6	       5	       3	       3	       5
      66	 19	485	    0.07	          9	            0	           27	       6	       7	       6	       5	       5	       6
      67	289	444	    0.02	          1	            0	           36	      12	      11	       8	       7	      11	      10
      68	365	 40	    0.13	          6	            0	            8	       7	       7	       6	       5	       4	       6
      69	245	  8	     0.1	         17	            0	           27	      14	      10	       9	       6	       9	      11
      70	318	370	    0.28	         13	            0	           20	       8	       6	       5	       4	       5	       6
      71	101	323	    0.18	          9	            0	           15	       6	       5	       4	       4	       4	       4
      72	132	472	    0.17	          4	            0	           51	      13	       9	       8	       6	      11	      14
      73	152	 87	    0.23	          3	            0	           21	      10	       8	       6	       6	       6	       5
      74	 70	263	    0.01	         12	            0	           35	       7	       7	       5	       4	       5	       7
      75	401	103	    0.13	         16	            0	           16	       9	       9	       7	       7	       9	      12
      76	423	 27	    0.28	          3	            0	           33	      10	       7	       5	       4	       8	       7
      77	100	469	    0.05	          9	            0	           17	      12	      11	      12	       9	       6	       7
      78	 15	 65	    0.15	          9	            0	           22	       9	      10	       6	       5	       6	       7
      79	 28	 43	    0.21	          1	            0	           25	       6	       6	       4	       4	       4	       4
      80	347	 88	    0.11	          2	            0	           33	      11	       8	       6	       5	       6	       9
      81	443	137	    0.29	         15	            0	           19	       8	       9	       6	       5	       5	       5
      82	409	463	    0.27	          2	            0	           14	       5	       5	       5	       4	       4	       3
      83	 49	181	    0.01	          2	            0	           33	       7	       8	       7	       5	       4	       7
      84	 88	342	    0.12	         10	            0	           40	       9	       8	       6	       6	       8	       8
      85	108	 60	     0.2	          9	            0	            9	       6	       6	       4	       4	       3	       4
      86	221	258	    0.24	         13	            0	           16	      10	       8	       5	       5	       9	       8
      87	454	388	    0.04	          2	            0	           36	       9	       9	       6	       4	       6	       7
      88	146	190	    0.17	         10	            0	           21	      12	      10	       8	       5	       9	      11
      89	449	343	    0.08	          5	            0	           39	       9	       9	       5	       6	       7	      10
      90	430	120	    0.02	         25	            0	           45	      12	      14	       9	       9	       8	       6
      91	248	 67	    0.16	         21	            0	           29	      11	      11	       7	       6	      11	       9
      92	 36	283	    0.25	         14	            0	           16	      11	      11	       7	       6	       6	       6
      93	 35	226	    0.18	         13	            0	           31	      10	      10	       5	       5	       8	       8
      94	185	 38	    0.14	         11	            0	           33	       6	       7	       5	       5	       4	       7
      95	353	129	    0.19	         11	            0	           25	       6	       7	       6	       4	       4	       8
      96	224	248	    0.13	          2	            0	           43	      11	       9	       5	       6	       9	       8
      97	423	359	    0.17	         16	            0	           22	       9	       9	       6	       5	       5	       6
      98	257	266	    0.08	          8	            0	           29	       9	       9	       6	       5	       5	       6
      99	444	455	    0.18	          1	            0	           18	       5	       5	       4	       4	       4	       5
     100	318	226	     0.3	         12	            0	           33	       8	       9	       6	       6	       7	       9
COST_MATRIX 
	  0	  1	  2	  3	  4	  5	  6	  7	  8	  9	 10	 11	 12	 13	 14	 15	 16	 17	 18	 19	 20	 21	 22	 23	 24	 25	 26	 27	 28	 29	 30	 31	 32	 33	 34	 35	 36	 37	 38	 39	 40	 41	 42	 43	 44	 45	 46	 47	 48	 49	 50	 51	 52	 53	 54	 55	 56	 57	 58	 59	 60	 61	 62	 63	 64	 65	 66	 67	 68	 69	 70	 71	 72	 73	 74	 75	 76	 77	 78	 79	 80	 81	 82	 83	 84	 85	 86	 87	 88	 89	 90	 91	 92	 93	 94	 95	 96	 97	 98	 99	100
  0
  1	 51
  2	 49	  7
  3	 52	  2	  7
  4	 54	  5	  6	  3
  5	 52	  2	  6	  1	  3
  6	 51	  3	  5	  3	  3	  2
  7	 51	  1	  7	  1	  4	  1	  3
  8	 49	  5	  2	  5	  5	  5	  3	  5
  9	 54	  3	  8	  2	  3	  2	  4	  3	  6
 10	 51	  2	  6	  2	  4	  2	  2	  1	  4	  3
 11	 50	  7	  2	  7	  6	  6	  4	  6	  3	  7	  6
 12	 51	  4	  5	  3	  3	  2	  1	  3	  3	  4	  2	  4
 13	 52	  3	  6	  2	  2	  2	  2	  3	  4	  3	  2	  5	  2
 14	 51	  5	  4	  4	  3	  3	  2	  4	  3	  5	  3	  3	  2	  2
 15	 50	  3	  9	  5	  8	  5	  6	  4	  7	  6	  5	  9	  6	  6	  7
 16	 52	  3	  5	  2	  3	  2	  1	  2	  4	  3	  2	  5	  1	  1	  2	  6
 17	 43	 12	  7	 13	 13	 12	 11	 12	  8	 14	 11	  8	 11	 12	 10	 13	 12
 18	 41	 14	  9	 14	 15	 14	 12	 14	 10	 16	 13	 10	 13	 14	 12	 14	 13	  2
 19	 43	 12	  7	 13	 13	 12	 11	 12	  8	 14	 11	  8	 11	 12	 10	 13	 12	  1	  2
 20	 42	 16	 10	 16	 16	 16	 14	 16	 11	 17	 15	 11	 14	 15	 13	 16	 15	  4	  3	  4
 21	 44	 11	  6	 12	 12	 11	 10	 11	  7	 13	 10	  7	 10	 11	  9	 12	 10	  2	  3	  2	  5
 22	 44	 12	  6	 12	 12	 12	 10	 12	  8	 13	 11	  7	 10	 11	 10	 13	 11	  2	  3	  2	  4	  2
 23	 45	 10	  5	 10	 10	 10	  8	 10	  6	 12	  9	  6	  8	  9	  8	 11	  9	  3	  5	  3	  6	  2	  2
 24	 43	 13	  7	 13	 13	 13	 11	 13	  9	 14	 12	  8	 11	 12	 11	 14	 12	  1	  2	  2	  3	  2	  2	  3
 25	 40	 17	 12	 18	 17	 17	 15	 17	 13	 19	 16	 13	 16	 17	 15	 18	 16	  5	  4	  5	  2	  6	  6	  8	  5
 26	 43	 12	  7	 13	 13	 12	 11	 12	  8	 14	 11	  8	 11	 12	 10	 13	 11	  1	  2	  1	  4	  2	  2	  3	  1	  5
 27	 43	 12	  7	 13	 13	 12	 10	 12	  8	 14	 11	  8	 11	 12	 10	 13	 11	  1	  2	  1	  4	  1	  2	  3	  2	  6	  1
 28	 44	 11	  6	 12	 12	 11	  9	 11	  7	 13	 10	  7	 10	 11	  9	 12	 10	  2	  3	  2	  5	  1	  2	  2	  2	  7	  2	  2
 29	 42	 15	  9	 15	 15	 14	 13	 14	 10	 16	 13	 10	 13	 14	 12	 15	 14	  3	  2	  3	  2	  4	  3	  5	  2	  3	  3	  3	  4
 30	 43	 14	  8	 14	 14	 13	 12	 13	  9	 15	 12	  9	 12	 13	 11	 14	 13	  2	  2	  2	  3	  3	  2	  4	  1	  4	  2	  2	  3	  2
 31	 38	 17	 12	 18	 18	 17	 16	 17	 14	 19	 16	 13	 16	 17	 16	 18	 17	  6	  4	  6	  4	  7	  7	  8	  6	  3	  6	  6	  7	  4	  5
 32	 42	 14	  8	 14	 14	 14	 12	 14	 10	 15	 13	  9	 12	 13	 12	 14	 13	  2	  1	  2	  3	  3	  3	  4	  2	  4	  2	  2	  3	  1	  1	  5
 33	 23	 28	 26	 30	 31	 29	 28	 29	 27	 31	 28	 27	 29	 30	 29	 27	 29	 21	 19	 20	 20	 21	 22	 23	 21	 18	 21	 20	 21	 20	 21	 16	 20
 34	 17	 35	 33	 36	 37	 36	 35	 35	 33	 37	 34	 34	 35	 36	 35	 33	 35	 27	 25	 27	 26	 27	 28	 29	 27	 25	 27	 27	 28	 26	 27	 23	 26	  7
 35	 16	 35	 33	 37	 38	 36	 35	 36	 34	 38	 35	 34	 36	 36	 36	 34	 36	 27	 26	 27	 27	 28	 29	 30	 28	 25	 28	 27	 28	 27	 28	 23	 27	  8	  1
 36	 16	 35	 33	 37	 38	 36	 35	 36	 33	 38	 35	 34	 35	 36	 36	 34	 36	 27	 25	 27	 26	 28	 28	 29	 27	 24	 27	 27	 28	 26	 27	 22	 26	  7	  3	  3
 37	 13	 39	 37	 40	 42	 40	 39	 40	 37	 42	 39	 38	 39	 40	 39	 38	 40	 31	 29	 30	 30	 31	 32	 33	 31	 28	 31	 31	 32	 30	 31	 26	 30	 11	  6	  5	  4
 38	 15	 36	 34	 38	 39	 37	 36	 37	 35	 39	 36	 36	 37	 38	 37	 35	 37	 29	 27	 28	 28	 29	 30	 31	 29	 26	 29	 29	 29	 28	 29	 24	 28	  9	  2	  2	  4	  5
 39	 18	 33	 31	 35	 36	 34	 33	 34	 32	 36	 33	 32	 34	 35	 34	 32	 34	 25	 24	 25	 24	 26	 27	 28	 25	 23	 26	 25	 26	 25	 26	 21	 25	  6	  2	  3	  3	  6	  4
 40	 17	 35	 33	 36	 38	 36	 35	 35	 34	 38	 35	 34	 35	 36	 36	 33	 36	 27	 26	 27	 27	 28	 29	 30	 28	 25	 28	 27	 28	 27	 28	 23	 27	  7	  1	  1	  3	  5	  2	  3
 41	 18	 34	 33	 36	 37	 35	 35	 35	 33	 37	 34	 34	 35	 36	 35	 32	 35	 27	 26	 27	 27	 28	 29	 29	 28	 26	 28	 27	 28	 27	 28	 24	 27	  8	  3	  4	  6	  8	  4	  5	  3
 42	 16	 36	 34	 37	 38	 37	 36	 36	 34	 38	 35	 35	 36	 37	 36	 34	 36	 28	 26	 27	 27	 28	 29	 30	 28	 25	 28	 28	 28	 27	 28	 23	 27	  8	  2	  1	  2	  4	  2	  3	  1	  4
 43	 16	 36	 34	 37	 39	 37	 36	 37	 34	 39	 36	 35	 36	 37	 36	 35	 37	 27	 26	 27	 26	 28	 29	 30	 27	 24	 28	 27	 28	 26	 27	 23	 26	  9	  5	  5	  3	  4	  6	  5	  6	  8	  5
 44	 15	 37	 35	 38	 40	 38	 37	 37	 35	 40	 37	 36	 37	 38	 37	 36	 38	 29	 27	 29	 28	 30	 30	 31	 29	 26	 29	 29	 30	 28	 29	 25	 28	  9	  3	  3	  3	  3	  2	  4	  3	  6	  2	  4
 45	 16	 35	 33	 36	 38	 36	 35	 36	 34	 38	 35	 34	 35	 36	 36	 34	 36	 27	 26	 27	 27	 28	 29	 30	 27	 25	 28	 27	 28	 27	 27	 23	 27	  7	  1	  1	  2	  5	  2	  3	  1	  4	  1	  5	  3
 46	 16	 36	 34	 37	 39	 37	 36	 36	 34	 38	 36	 35	 36	 37	 36	 34	 37	 28	 27	 28	 27	 29	 30	 30	 28	 26	 28	 28	 29	 28	 28	 24	 28	  8	  2	  2	  3	  5	  1	  4	  1	  3	  2	  6	  3	  2
 47	 13	 38	 36	 40	 41	 39	 38	 39	 37	 41	 38	 37	 39	 39	 39	 37	 39	 30	 28	 30	 29	 31	 31	 32	 30	 27	 30	 30	 31	 29	 30	 26	 29	 10	  5	  4	  4	  2	  3	  5	  4	  7	  3	  4	  2	  4	  4
 48	 15	 37	 35	 38	 40	 38	 37	 37	 35	 40	 37	 36	 37	 38	 37	 35	 38	 29	 28	 29	 28	 30	 31	 31	 29	 27	 30	 29	 30	 28	 29	 25	 29	  9	  3	  2	  4	  4	  1	  4	  2	  5	  2	  5	  2	  2	  2	  3
 49	 15	 64	 62	 65	 67	 65	 64	 64	 62	 66	 64	 63	 64	 65	 64	 62	 65	 56	 55	 56	 55	 57	 58	 59	 56	 54	 57	 56	 57	 56	 57	 52	 56	 36	 30	 29	 30	 26	 28	 32	 29	 30	 29	 30	 28	 30	 29	 27	 28
 50	 15	 64	 62	 65	 67	 65	 64	 64	 62	 66	 64	 63	 64	 65	 64	 62	 65	 56	 55	 56	 55	 57	 58	 59	 56	 54	 57	 56	 57	 56	 57	 52	 56	 36	 30	 29	 30	 26	 28	 32	 29	 30	 29	 30	 28	 30	 29	 27	 28	  1
 51	 45	 18	 23	 20	 23	 20	 21	 19	 22	 20	 20	 24	 21	 21	 22	 16	 21	 24	 24	 24	 27	 23	 25	 23	 25	 27	 24	 24	 23	 26	 25	 26	 25	 26	 30	 31	 32	 35	 31	 30	 30	 28	 31	 34	 33	 31	 31	 34	 32	 55	 55
 52	 15	 49	 49	 51	 53	 51	 50	 50	 49	 52	 49	 50	 50	 51	 51	 47	 51	 44	 43	 44	 44	 44	 45	 46	 44	 42	 44	 44	 44	 44	 44	 40	 43	 25	 19	 19	 20	 18	 17	 21	 18	 17	 19	 22	 18	 19	 18	 18	 17	 17	 17	 39
 53	 29	 36	 31	 36	 36	 36	 34	 36	 32	 38	 35	 31	 34	 35	 34	 36	 35	 24	 22	 24	 21	 25	 25	 27	 24	 19	 24	 24	 25	 22	 23	 19	 23	 19	 21	 21	 19	 20	 22	 19	 21	 23	 20	 17	 20	 21	 22	 20	 22	 43	 43	 41	 38
 54	  8	 44	 42	 45	 47	 45	 44	 45	 42	 47	 44	 43	 44	 45	 44	 43	 45	 35	 34	 35	 34	 36	 37	 38	 35	 32	 36	 35	 36	 34	 35	 31	 34	 16	 11	 10	 10	  6	 10	 11	 11	 13	 10	  9	  8	 10	 10	  7	  9	 23	 23	 40	 18	 22
 55	 29	 25	 25	 26	 28	 26	 26	 25	 25	 27	 25	 26	 26	 27	 26	 23	 26	 21	 20	 20	 22	 21	 22	 22	 21	 21	 21	 21	 21	 21	 22	 19	 21	 10	 13	 14	 15	 18	 14	 13	 13	 11	 14	 17	 16	 14	 14	 17	 15	 40	 40	 18	 25	 27	 23
 56	 21	 31	 31	 33	 35	 33	 32	 32	 31	 34	 31	 32	 32	 33	 32	 29	 33	 26	 24	 25	 26	 26	 27	 27	 26	 24	 26	 25	 26	 25	 26	 22	 25	  7	  7	  7	  9	 11	  7	  7	  7	  4	  8	 11	  9	  7	  7	 10	  8	 33	 33	 25	 19	 25	 16	  8
 57	 44	 38	 43	 40	 43	 40	 41	 39	 41	 41	 40	 43	 41	 41	 42	 36	 41	 42	 42	 41	 44	 41	 43	 42	 42	 44	 42	 41	 41	 43	 43	 42	 42	 34	 34	 35	 37	 38	 34	 35	 34	 31	 35	 39	 36	 35	 34	 37	 35	 48	 48	 21	 32	 52	 42	 25	 28
 58	 39	 18	 12	 18	 18	 17	 16	 17	 14	 19	 17	 13	 16	 17	 16	 18	 17	  6	  4	  6	  3	  7	  7	  8	  5	  2	  6	  6	  7	  4	  5	  1	  4	 17	 23	 24	 23	 27	 25	 22	 24	 24	 24	 23	 25	 24	 25	 26	 25	 52	 52	 27	 41	 19	 31	 20	 23	 42
 59	 13	 42	 39	 43	 44	 42	 41	 42	 39	 44	 41	 40	 41	 42	 41	 41	 42	 32	 30	 32	 30	 33	 33	 35	 32	 29	 32	 32	 33	 31	 32	 27	 31	 14	 10	 10	  8	  6	 10	 10	 10	 13	  9	  6	  8	  9	 10	  7	  9	 27	 27	 40	 22	 17	  5	 23	 16	 44	 27
 60	  4	 48	 46	 49	 51	 49	 48	 48	 46	 50	 48	 47	 48	 49	 48	 46	 49	 40	 38	 39	 39	 40	 41	 42	 40	 37	 40	 40	 41	 39	 40	 35	 39	 20	 14	 13	 13	 10	 12	 15	 13	 15	 13	 13	 11	 13	 13	 10	 11	 18	 18	 42	 14	 27	  6	 25	 18	 41	 36	 10
 61	 48	  6	 11	  8	 10	  8	  8	  7	 10	  8	  7	 12	  9	  9	 10	  3	  8	 14	 15	 14	 17	 13	 14	 13	 15	 18	 14	 14	 13	 16	 15	 18	 15	 26	 32	 32	 33	 37	 33	 31	 32	 31	 33	 34	 34	 32	 33	 36	 34	 60	 60	 13	 45	 36	 42	 21	 28	 33	 18	 40	 45
 62	 37	 35	 39	 37	 40	 37	 37	 36	 38	 38	 36	 39	 38	 38	 38	 33	 38	 37	 36	 36	 39	 37	 38	 37	 37	 38	 37	 36	 36	 38	 38	 36	 37	 27	 27	 28	 29	 31	 27	 28	 27	 24	 28	 32	 29	 28	 27	 30	 28	 42	 42	 19	 26	 45	 35	 19	 21	  8	 37	 36	 34	 30
 63	  8	 48	 45	 49	 50	 49	 48	 48	 46	 50	 48	 46	 48	 49	 48	 47	 48	 38	 37	 38	 37	 39	 40	 41	 38	 35	 39	 39	 39	 37	 38	 33	 37	 20	 15	 15	 14	 10	 14	 16	 15	 17	 14	 12	 13	 15	 15	 11	 13	 22	 22	 45	 21	 22	  5	 28	 21	 47	 34	  7	  8	 46	 40
 64	  5	 49	 47	 51	 52	 50	 49	 50	 47	 52	 49	 48	 49	 50	 49	 48	 50	 40	 39	 40	 39	 41	 42	 43	 40	 37	 41	 40	 41	 39	 40	 36	 39	 22	 16	 15	 15	 11	 14	 17	 15	 17	 15	 14	 13	 15	 15	 12	 14	 19	 19	 45	 19	 25	  6	 28	 21	 46	 36	  9	  5	 47	 39	  4
 65	 26	 26	 25	 27	 29	 27	 26	 27	 25	 29	 26	 26	 27	 28	 27	 24	 27	 20	 18	 19	 20	 20	 21	 21	 20	 18	 20	 19	 20	 19	 20	 16	 19	  4	  9	 10	 10	 14	 11	  8	  9	  9	 10	 12	 12	 10	 10	 13	 11	 38	 38	 23	 25	 22	 19	  6	  7	 31	 17	 18	 22	 23	 24	 23	 24
 66	 36	 46	 40	 47	 46	 46	 44	 46	 42	 48	 45	 41	 44	 45	 44	 47	 45	 34	 33	 35	 31	 36	 35	 37	 34	 30	 34	 35	 36	 32	 33	 30	 33	 31	 32	 32	 30	 30	 32	 30	 32	 35	 31	 27	 31	 31	 33	 31	 32	 49	 49	 54	 47	 13	 30	 40	 37	 64	 30	 26	 35	 47	 57	 28	 31	 34
 67	 39	 19	 13	 19	 19	 19	 17	 19	 15	 21	 18	 14	 17	 18	 17	 20	 18	  7	  6	  7	  4	  8	  8	  9	  7	  2	  7	  7	  8	  5	  6	  4	  6	 18	 24	 25	 24	 28	 26	 23	 25	 26	 25	 24	 26	 25	 26	 27	 27	 53	 53	 29	 43	 18	 32	 22	 25	 45	  3	 28	 37	 20	 39	 34	 37	 19	 28
 68	 33	 40	 42	 41	 44	 42	 42	 41	 42	 42	 41	 43	 42	 42	 43	 37	 42	 40	 39	 39	 41	 40	 41	 41	 40	 41	 40	 39	 40	 40	 41	 39	 40	 27	 26	 26	 28	 29	 25	 27	 26	 23	 26	 31	 27	 26	 25	 28	 26	 37	 37	 24	 21	 45	 32	 20	 21	 12	 39	 34	 31	 35	  6	 37	 35	 25	 57	 42
 69	 24	 47	 48	 49	 51	 49	 49	 48	 48	 50	 48	 49	 49	 50	 50	 45	 49	 44	 43	 44	 45	 45	 46	 46	 45	 44	 45	 44	 45	 44	 45	 42	 44	 27	 23	 23	 25	 24	 22	 24	 22	 20	 23	 27	 23	 23	 22	 23	 22	 25	 25	 34	  9	 43	 25	 24	 20	 24	 42	 29	 22	 43	 19	 29	 27	 26	 53	 44	 13
 70	 36	 17	 14	 18	 19	 17	 16	 17	 14	 19	 16	 15	 16	 17	 16	 16	 17	  8	  6	  7	  8	  8	  9	 10	  8	  7	  8	  8	  8	  7	  8	  5	  7	 13	 20	 20	 20	 24	 21	 18	 20	 20	 21	 21	 22	 20	 21	 23	 22	 49	 49	 22	 37	 21	 29	 14	 18	 37	  6	 26	 33	 16	 31	 32	 34	 12	 33	  8	 34	 37
 71	 20	 39	 35	 40	 40	 39	 38	 39	 36	 41	 38	 36	 38	 39	 38	 38	 39	 28	 26	 28	 26	 29	 29	 31	 28	 24	 28	 28	 29	 26	 28	 23	 27	 15	 14	 14	 12	 12	 14	 13	 14	 17	 13	  9	 13	 13	 14	 12	 14	 34	 34	 40	 29	 10	 12	 24	 20	 47	 23	  8	 18	 38	 40	 13	 16	 18	 19	 23	 39	 35	 23
 72	 35	 35	 29	 35	 35	 35	 33	 35	 31	 36	 34	 30	 33	 34	 32	 35	 34	 23	 22	 23	 20	 24	 24	 25	 23	 18	 23	 23	 24	 21	 22	 19	 22	 23	 26	 26	 24	 26	 27	 24	 26	 28	 26	 22	 26	 26	 27	 26	 27	 50	 50	 43	 44	  7	 28	 31	 30	 56	 18	 23	 33	 36	 49	 28	 31	 26	 12	 16	 50	 48	 22	 16
 73	 12	 47	 46	 48	 50	 48	 47	 47	 46	 49	 47	 47	 47	 48	 48	 45	 48	 41	 39	 40	 40	 41	 42	 42	 41	 39	 41	 40	 41	 40	 41	 37	 40	 21	 15	 14	 16	 14	 13	 17	 14	 14	 14	 17	 14	 15	 13	 13	 13	 18	 18	 38	  5	 33	 14	 23	 16	 33	 37	 17	 10	 43	 27	 17	 14	 22	 42	 39	 22	 13	 33	 25	 39
 74	 13	 44	 40	 45	 45	 44	 43	 44	 41	 46	 43	 41	 43	 44	 43	 43	 44	 34	 32	 33	 32	 34	 35	 36	 33	 30	 34	 34	 35	 32	 33	 28	 32	 17	 13	 13	 11	  9	 13	 13	 13	 16	 12	  9	 11	 13	 13	 10	 12	 28	 28	 42	 25	 16	  7	 25	 19	 47	 29	  4	 12	 42	 40	  6	  9	 20	 23	 29	 37	 31	 28	  7	 22	 20
 75	 35	 33	 36	 34	 37	 35	 35	 34	 35	 35	 34	 37	 35	 36	 36	 30	 35	 34	 33	 33	 36	 34	 35	 34	 34	 35	 34	 33	 33	 35	 35	 33	 34	 24	 25	 25	 27	 29	 25	 25	 25	 22	 26	 29	 27	 25	 25	 28	 26	 42	 42	 17	 25	 42	 33	 16	 19	 10	 34	 34	 33	 28	  4	 38	 37	 21	 55	 36	  8	 19	 28	 38	 46	 25	 37
 76	 39	 40	 43	 42	 44	 42	 42	 41	 42	 42	 41	 44	 42	 43	 43	 37	 42	 42	 41	 41	 44	 41	 43	 42	 42	 43	 42	 41	 41	 43	 43	 41	 42	 32	 31	 31	 33	 34	 31	 32	 31	 28	 32	 36	 33	 31	 31	 33	 31	 43	 43	 23	 26	 50	 38	 24	 25	  6	 42	 40	 36	 35	  5	 43	 41	 29	 62	 44	  6	 18	 36	 44	 54	 28	 43	  8
 77	 34	 38	 32	 38	 38	 38	 36	 38	 34	 40	 37	 33	 36	 37	 36	 39	 37	 26	 25	 26	 23	 27	 27	 28	 26	 21	 26	 27	 27	 24	 25	 22	 25	 24	 27	 27	 25	 26	 28	 25	 27	 29	 26	 23	 26	 26	 28	 26	 28	 48	 48	 46	 44	  6	 27	 33	 31	 58	 21	 23	 33	 39	 51	 27	 30	 27	  9	 20	 51	 49	 24	 15	  4	 39	 21	 48	 55
 78	  8	 58	 57	 60	 61	 59	 59	 59	 57	 61	 58	 58	 59	 60	 59	 57	 59	 51	 49	 50	 49	 51	 52	 53	 51	 48	 51	 50	 51	 50	 51	 46	 50	 31	 24	 24	 24	 20	 23	 26	 24	 25	 23	 24	 22	 24	 23	 21	 22	  7	  7	 51	 16	 37	 16	 35	 28	 47	 46	 21	 11	 55	 40	 16	 12	 33	 43	 47	 36	 24	 43	 28	 43	 14	 21	 39	 41	 42
 79	 10	 59	 57	 60	 62	 60	 59	 59	 57	 61	 59	 58	 59	 60	 59	 57	 60	 51	 50	 51	 50	 52	 53	 54	 51	 49	 52	 51	 52	 50	 51	 47	 51	 31	 25	 24	 25	 21	 23	 26	 24	 25	 24	 25	 23	 24	 24	 22	 23	  6	  6	 51	 14	 39	 18	 35	 28	 45	 47	 22	 12	 55	 39	 17	 14	 33	 45	 48	 34	 22	 44	 29	 45	 14	 23	 38	 40	 44	  3
 80	 30	 36	 38	 37	 40	 37	 38	 37	 37	 38	 37	 39	 38	 38	 38	 33	 38	 35	 34	 35	 36	 35	 36	 36	 35	 36	 35	 35	 35	 36	 36	 34	 35	 22	 21	 21	 23	 25	 21	 22	 21	 18	 22	 26	 23	 22	 21	 24	 22	 36	 36	 21	 19	 40	 29	 15	 16	 14	 34	 30	 27	 31	  7	 33	 32	 20	 52	 37	  6	 13	 29	 35	 45	 20	 33	  6	 10	 46	 34	 33
 81	 40	 29	 33	 30	 33	 31	 31	 30	 31	 31	 30	 33	 31	 32	 32	 26	 31	 31	 31	 31	 34	 31	 32	 32	 32	 33	 32	 31	 31	 33	 33	 32	 32	 25	 27	 28	 29	 32	 28	 28	 27	 24	 28	 32	 30	 28	 27	 31	 28	 47	 47	 12	 30	 43	 36	 16	 21	 11	 32	 37	 36	 23	  7	 41	 40	 22	 55	 35	 13	 24	 27	 39	 46	 30	 40	  6	 12	 48	 44	 43	 11
 82	 49	  8	  1	  8	  7	  7	  6	  8	  3	  9	  7	  2	  6	  7	  5	 10	  6	  7	  9	  7	  9	  6	  6	  4	  7	 11	  7	  7	  6	  8	  7	 12	  8	 26	 33	 33	 33	 37	 34	 31	 33	 33	 34	 33	 35	 33	 34	 36	 35	 62	 62	 24	 49	 30	 42	 25	 31	 43	 12	 38	 46	 12	 39	 45	 47	 25	 40	 13	 43	 49	 14	 34	 28	 46	 40	 37	 44	 31	 57	 57	 39	 33
 83	  5	 49	 46	 50	 51	 50	 49	 49	 47	 52	 49	 47	 49	 50	 49	 48	 50	 40	 38	 40	 38	 41	 41	 42	 40	 37	 40	 40	 41	 39	 40	 35	 39	 21	 15	 15	 14	 10	 14	 16	 15	 17	 14	 13	 13	 15	 15	 11	 13	 19	 19	 45	 19	 25	  5	 28	 21	 45	 36	  9	  5	 46	 38	  4	  1	 24	 31	 36	 35	 27	 33	 16	 31	 14	  9	 37	 41	 30	 13	 14	 32	 40	 46
 84	 21	 40	 35	 40	 41	 40	 39	 40	 36	 42	 39	 36	 39	 40	 38	 39	 39	 29	 27	 29	 26	 30	 30	 31	 28	 24	 29	 29	 30	 27	 28	 23	 27	 17	 16	 16	 14	 14	 17	 15	 16	 19	 16	 12	 15	 16	 17	 15	 16	 36	 36	 42	 31	  8	 14	 26	 22	 50	 23	 10	 20	 39	 43	 14	 17	 20	 16	 23	 41	 37	 24	  3	 14	 27	  9	 40	 46	 13	 29	 31	 37	 41	 35	 17
 85	 10	 52	 51	 53	 55	 53	 52	 52	 51	 54	 52	 52	 52	 53	 53	 50	 53	 45	 44	 45	 45	 46	 46	 47	 45	 43	 45	 45	 46	 45	 45	 41	 45	 25	 19	 18	 20	 17	 17	 21	 18	 18	 18	 20	 17	 19	 18	 17	 17	 13	 13	 43	  6	 36	 15	 28	 21	 37	 42	 19	 10	 48	 31	 17	 14	 26	 44	 43	 26	 15	 38	 27	 42	  6	 21	 30	 32	 41	 10	  9	 25	 35	 51	 14	 29
 86	 21	 30	 28	 32	 33	 31	 30	 31	 29	 33	 30	 29	 31	 32	 31	 29	 31	 22	 21	 22	 22	 23	 24	 25	 23	 20	 23	 22	 23	 22	 23	 18	 22	  2	  5	  6	  6	  9	  7	  4	  5	  6	  6	  7	  7	  5	  6	  8	  7	 34	 34	 27	 23	 19	 15	 11	  7	 34	 19	 13	 18	 28	 27	 19	 20	  5	 31	 20	 27	 26	 15	 14	 24	 19	 16	 24	 31	 25	 29	 29	 22	 26	 28	 19	 16	 23
 87	 48	  4	  8	  6	  8	  6	  6	  5	  7	  7	  5	  9	  6	  7	  7	  2	  6	 11	 13	 11	 15	 10	 11	 10	 12	 16	 11	 11	 10	 14	 13	 16	 13	 25	 31	 32	 32	 36	 33	 30	 32	 31	 32	 33	 34	 32	 33	 35	 34	 60	 60	 16	 46	 34	 41	 21	 28	 35	 16	 39	 45	  3	 32	 45	 46	 23	 45	 18	 36	 44	 14	 36	 34	 43	 41	 29	 37	 37	 55	 55	 32	 26	  9	 46	 37	 48	 27
 88	 11	 40	 38	 42	 43	 41	 40	 41	 39	 43	 40	 40	 41	 42	 41	 39	 41	 32	 31	 32	 31	 33	 34	 35	 33	 30	 33	 32	 33	 32	 33	 28	 32	 13	  6	  6	  6	  3	  5	  8	  6	  7	  5	  7	  4	  6	  5	  3	  4	 24	 24	 35	 15	 23	  6	 18	 11	 37	 29	  8	  8	 37	 30	 11	 11	 15	 33	 30	 27	 21	 25	 15	 29	 11	 11	 27	 33	 29	 19	 19	 23	 31	 38	 10	 17	 14	 11	 37
 89	 45	  8	 12	 10	 13	 10	 10	  9	 11	 11	  9	 13	 11	 11	 12	  6	 11	 14	 14	 13	 17	 13	 14	 13	 14	 17	 14	 13	 13	 15	 15	 17	 15	 23	 29	 29	 30	 34	 30	 28	 29	 28	 30	 31	 31	 29	 30	 33	 31	 57	 57	 12	 42	 34	 39	 18	 25	 31	 17	 37	 42	  4	 28	 43	 44	 20	 46	 19	 32	 40	 14	 35	 35	 40	 39	 25	 32	 38	 52	 52	 28	 21	 13	 44	 37	 45	 25	  5	 34
 90	 38	 31	 34	 32	 35	 32	 33	 31	 33	 33	 32	 35	 33	 33	 34	 28	 33	 33	 32	 32	 35	 32	 34	 33	 33	 34	 33	 32	 32	 34	 34	 33	 33	 25	 27	 27	 29	 31	 27	 27	 26	 24	 27	 31	 29	 27	 27	 30	 28	 45	 45	 14	 28	 43	 35	 16	 20	 10	 33	 36	 35	 25	  5	 40	 39	 22	 55	 36	 11	 22	 28	 39	 47	 28	 39	  4	 10	 49	 42	 41	  9	  3	 35	 39	 41	 33	 26	 27	 30	 23
 91	 21	 42	 43	 44	 46	 44	 43	 43	 42	 45	 43	 44	 44	 44	 44	 40	 44	 39	 38	 38	 39	 39	 40	 40	 39	 38	 39	 38	 39	 39	 39	 36	 38	 21	 17	 17	 19	 19	 16	 19	 17	 15	 17	 21	 18	 17	 16	 18	 17	 26	 26	 30	  9	 37	 21	 18	 14	 23	 36	 24	 19	 38	 17	 25	 24	 20	 48	 38	 13	  6	 32	 30	 43	 10	 27	 16	 18	 43	 24	 23	 11	 21	 43	 23	 32	 15	 20	 39	 16	 35	 19
 92	 15	 46	 42	 47	 48	 47	 45	 46	 43	 48	 46	 43	 46	 47	 45	 45	 46	 36	 34	 36	 33	 37	 37	 38	 35	 32	 36	 36	 37	 34	 35	 30	 34	 20	 17	 17	 15	 13	 17	 17	 17	 20	 16	 13	 15	 17	 17	 14	 16	 29	 29	 46	 28	 16	 10	 29	 23	 51	 31	  8	 15	 45	 44	  8	 11	 24	 21	 30	 41	 35	 30	  8	 22	 23	  4	 41	 47	 20	 22	 25	 37	 44	 42	 11	  8	 24	 19	 44	 15	 42	 43	 31
 93	 10	 48	 45	 49	 50	 49	 48	 49	 46	 51	 48	 46	 48	 49	 48	 47	 49	 39	 37	 38	 37	 39	 40	 41	 38	 35	 39	 39	 40	 37	 38	 33	 37	 21	 16	 16	 14	 11	 15	 16	 16	 18	 15	 13	 14	 16	 16	 12	 14	 23	 23	 46	 23	 21	  7	 29	 22	 48	 34	  7	 10	 46	 41	  2	  5	 24	 26	 34	 38	 31	 32	 12	 27	 19	  6	 39	 44	 26	 17	 19	 35	 42	 45	  5	 13	 19	 19	 45	 12	 44	 41	 27	  6
 94	 17	 48	 48	 50	 52	 50	 49	 49	 48	 51	 48	 49	 49	 50	 50	 46	 50	 43	 42	 43	 43	 44	 45	 45	 44	 42	 44	 43	 44	 43	 44	 40	 43	 25	 19	 19	 21	 19	 18	 21	 19	 17	 19	 22	 19	 19	 18	 19	 18	 19	 19	 37	  3	 39	 20	 24	 18	 30	 41	 23	 15	 44	 24	 23	 20	 24	 48	 42	 19	  7	 36	 30	 44	  6	 26	 23	 24	 44	 18	 16	 17	 28	 49	 20	 32	  9	 23	 45	 16	 41	 26	  7	 29	 25
 95	 31	 32	 34	 33	 36	 33	 33	 33	 33	 34	 32	 35	 34	 34	 34	 29	 34	 31	 30	 30	 32	 31	 32	 32	 31	 32	 31	 31	 31	 31	 32	 30	 31	 19	 19	 20	 22	 23	 19	 20	 19	 16	 20	 24	 21	 20	 19	 22	 20	 38	 38	 18	 21	 37	 28	 11	 13	 16	 30	 29	 27	 27	  9	 32	 32	 16	 49	 33	  9	 17	 25	 32	 41	 21	 32	  6	 13	 43	 35	 34	  5	 10	 34	 31	 34	 26	 19	 28	 22	 24	  8	 13	 36	 34	 20
 96	 21	 31	 29	 32	 33	 32	 31	 31	 29	 33	 30	 30	 31	 32	 31	 29	 31	 23	 22	 23	 23	 24	 24	 25	 23	 21	 23	 23	 24	 22	 23	 19	 22	  3	  4	  5	  6	  9	  6	  4	  5	  5	  5	  8	  7	  5	  6	  8	  7	 34	 34	 27	 22	 20	 15	 10	  6	 33	 20	 13	 18	 28	 26	 19	 20	  5	 32	 21	 26	 25	 16	 15	 25	 18	 16	 23	 30	 26	 28	 29	 21	 25	 29	 19	 17	 23	  2	 27	 10	 25	 25	 19	 20	 20	 22	 18
 97	 44	  8	 10	 10	 12	 10	  9	  9	  9	 11	  9	 11	 10	 10	 10	  6	 10	 11	 11	 10	 14	 10	 11	 10	 11	 14	 11	 10	 10	 12	 12	 14	 12	 21	 27	 28	 28	 32	 29	 26	 28	 27	 28	 29	 30	 28	 28	 31	 30	 56	 56	 14	 41	 31	 37	 17	 24	 33	 14	 35	 40	  5	 29	 41	 42	 19	 43	 16	 33	 40	 11	 33	 32	 39	 37	 26	 34	 35	 51	 51	 29	 23	 11	 42	 34	 44	 23	  5	 33	  4	 24	 35	 40	 42	 40	 25	 23
 98	 25	 27	 25	 28	 30	 28	 27	 27	 25	 29	 27	 26	 27	 28	 27	 25	 28	 20	 18	 19	 20	 20	 21	 22	 20	 18	 20	 20	 20	 19	 20	 16	 19	  3	  8	  9	  9	 13	 10	  7	  9	  8	  9	 11	 11	  9	  9	 12	 11	 37	 37	 24	 25	 21	 18	  7	  7	 32	 17	 17	 21	 24	 25	 22	 23	  2	 33	 19	 26	 26	 13	 17	 25	 21	 19	 22	 30	 26	 32	 32	 20	 23	 25	 23	 19	 26	  4	 24	 14	 21	 23	 20	 23	 23	 24	 17	  4	 20
 99	 51	  5	  3	  4	  4	  4	  2	  4	  2	  5	  4	  3	  2	  3	  1	  8	  3	 10	 11	 10	 13	  9	  9	  7	 10	 14	 10	 10	  9	 12	 11	 15	 11	 28	 35	 35	 35	 39	 36	 33	 35	 35	 36	 36	 37	 35	 36	 38	 37	 64	 64	 22	 50	 33	 44	 26	 32	 42	 15	 41	 48	 10	 39	 47	 49	 27	 43	 16	 43	 49	 16	 37	 32	 47	 43	 36	 43	 35	 58	 59	 38	 32	  4	 49	 38	 52	 30	  7	 40	 12	 34	 44	 45	 47	 50	 34	 31	 10	 27
100	 29	 25	 26	 27	 29	 27	 26	 26	 25	 28	 25	 27	 26	 27	 27	 23	 27	 22	 21	 21	 22	 22	 23	 23	 22	 22	 22	 21	 22	 22	 22	 20	 21	 10	 13	 14	 15	 18	 14	 13	 13	 11	 14	 17	 16	 14	 14	 17	 15	 40	 40	 18	 24	 28	 23	  1	  8	 25	 20	 23	 25	 21	 18	 28	 28	  7	 40	 22	 20	 23	 15	 24	 31	 22	 26	 15	 23	 33	 35	 35	 15	 16	 26	 28	 26	 27	 11	 22	 18	 18	 16	 18	 29	 29	 24	 11	 10	 17	  8	 27
