nVehicles:  47
nDepots:     1
nCustomers: 50
nPeriods:    9
VEHICLE_TYPE	FLEET_SIZE	CAPACITY
           1	        47	       8	
DEPOT   	X  	Y  	INV_COST	INITIAL_INV 	MIN_LEVEL_INV 	MAX_LEVEL_INV	PRODUCTION_0	PRODUCTION_1	PRODUCTION_2	PRODUCTION_3	PRODUCTION_4	PRODUCTION_5	PRODUCTION_6	PRODUCTION_7	PRODUCTION_8
       0	406	352	       0	        100	            0	         2962	         330	         330	         330	         330	         330	         330	         330	         330	         330	
CUSTOMER	X  	Y  	INV_COST	INITIAL_INV	MIN_LEVEL_INV 	MAX_LEVEL_INV	DEMAND_0	DEMAND_1	DEMAND_2	DEMAND_3	DEMAND_4	DEMAND_5	DEMAND_6	DEMAND_7	DEMAND_8
       1	261	 12	     0.3	          4	            0	           21	       5	       8	       7	       5	       4	       6	       7	       7	       4
       2	267	  4	    0.11	          8	            0	           43	       7	      11	      11	       8	       6	       6	       9	      12	       7
       3	265	 12	     0.2	          7	            0	           41	       6	       6	       9	       9	       6	       5	       5	       6	       7
       4	274	  4	    0.22	          9	            0	           11	       4	       6	       5	       5	       3	       3	       5	       5	       6
       5	291	 10	    0.06	         15	            0	           79	       3	       6	       6	       6	       3	       3	       5	      11	      11
       6	263	  9	    0.21	         10	            0	           21	       4	       7	       6	       6	       4	       4	       6	       8	       7
       7	265	  6	    0.19	          1	            0	           32	       0	       0	       2	       4	       3	       3	       3	       4	       8
       8	242	 50	    0.28	          5	            0	           33	       3	       4	       5	       5	       5	       5	       4	       3	       3
       9	291	 21	    0.03	          6	            0	           14	       4	       4	       6	       6	       4	       4	       3	       6	       5
      10	288	 32	    0.11	         11	            0	           21	       4	       7	       7	       6	       4	       6	       6	       6	       5
      11	264	  6	    0.17	          2	            0	           24	       4	       4	       5	       4	       3	       4	       6	       6	       5
      12	263	  6	    0.27	         10	            0	           36	       6	      11	       9	       7	       5	       6	       8	       9	       6
      13	345	378	    0.18	          7	            0	           41	       5	       6	       8	       7	       5	       4	       4	       5	       6
      14	444	329	    0.04	         10	            0	           45	       7	       7	       8	       8	       6	       5	       5	       5	       5
      15	347	308	    0.27	          7	            0	           72	       0	       0	       0	       0	       0	       0	       6	       6	       9
      16	345	308	     0.3	          4	            0	           27	       4	       4	       6	       5	       4	       3	       3	       4	       5
      17	345	311	    0.02	          6	            0	           19	       5	       7	       8	       7	       5	       5	       9	       9	       6
      18	270	320	       0	          5	            0	           34	       6	       6	       8	       9	       6	       4	       4	       5	       7
      19	344	306	    0.05	          2	            0	           40	       4	       5	       6	       5	       4	       3	       5	       5	       5
      20	350	285	    0.09	          7	            0	           36	       4	       5	       5	       5	       3	       4	       4	       4	       5
      21	333	294	    0.06	          9	            0	           63	       5	       5	       6	       8	       5	       5	       6	       7	      10
      22	343	300	    0.26	          1	            0	           19	       4	       5	       6	       6	       5	       5	       4	       4	       6
      23	306	290	    0.24	          8	            0	           62	       0	       0	       0	       0	       0	       0	       2	       7	       9
      24	351	345	    0.02	          9	            0	           52	       0	       0	       2	       0	       0	       3	       7	       8	       7
      25	  0	  0	    0.04	         11	            0	           57	       6	       8	       8	       8	       5	       5	       6	       8	       9
      26	175	336	    0.02	          6	            0	           64	       3	       6	       8	       6	       6	       5	       8	       8	      11
      27	334	  1	    0.05	         10	            0	           40	       5	       5	       7	       7	       7	       5	       4	       5	       6
      28	237	310	    0.14	          4	            0	           22	       4	       5	       6	       7	       6	       6	       6	       7	       8
      29	474	 90	    0.08	         16	            0	           61	       5	       7	       9	       7	       6	       6	       6	       9	      10
      30	356	 71	    0.01	          3	            0	           36	       5	       6	       7	       7	       5	       4	       5	       6	       6
      31	 80	435	    0.29	          7	            0	           71	       0	       0	       0	       0	       0	       1	       4	       8	       7
      32	145	282	    0.28	          8	            0	           21	       5	       6	       6	       8	       7	       5	       5	       4	       5
      33	325	218	    0.23	          5	            0	           12	       6	       7	       9	       5	       5	       5	       7	       7	       7
      34	 73	212	    0.03	          3	            0	           33	       4	       5	       7	       6	       5	       4	       3	       3	       5
      35	 37	498	    0.11	          7	            0	           46	       4	       7	       7	       7	       4	       4	       5	       6	       6
      36	405	162	     0.1	          6	            0	           18	       4	       7	       6	       5	       5	       4	       4	       6	       9
      37	217	192	    0.16	          5	            0	           33	       5	       6	       7	       8	       5	       5	       5	       4	       6
      38	 39	 47	    0.11	         10	            0	           90	       0	       0	       0	       0	       0	       0	       2	       6	      10
      39	446	103	       0	         12	            0	           40	       0	       0	       2	       0	       0	       2	       6	       8	       7
      40	231	115	    0.14	          1	            0	           22	       4	       6	       6	       4	       4	       4	       8	       8	       4
      41	339	358	    0.14	          1	            0	           11	       4	       5	       5	       5	       4	       4	       4	       5	       5
      42	329	145	    0.29	          6	            0	           32	       3	       5	       5	       6	       5	       4	       3	       4	       4
      43	394	199	    0.17	         14	            0	           56	       5	       7	       7	       7	       4	       4	       7	       8	       7
      44	145	272	    0.04	          4	            0	           37	       4	       6	       5	       5	       5	       4	       3	       4	       5
      45	175	362	    0.12	          4	            0	           44	       5	       4	       7	       7	       6	       6	       5	       7	       7
      46	 72	273	    0.28	          5	            0	           37	       4	       7	       6	       5	       4	       6	       8	       7	       5
      47	480	238	    0.28	         14	            0	           53	       0	       2	       2	       3	       2	       3	       3	       7	       8
      48	397	 42	    0.17	          5	            0	           30	       2	       2	       6	       5	       3	       4	       4	       7	       7
      49	108	203	    0.07	          4	            0	           12	       4	       6	       6	       4	       3	       4	       6	       6	       5
      50	277	125	    0.15	          5	            0	           19	       5	       7	       8	       7	       6	       5	       6	       8	       7
COST_MATRIX 
	  0	  1	  2	  3	  4	  5	  6	  7	  8	  9	 10	 11	 12	 13	 14	 15	 16	 17	 18	 19	 20	 21	 22	 23	 24	 25	 26	 27	 28	 29	 30	 31	 32	 33	 34	 35	 36	 37	 38	 39	 40	 41	 42	 43	 44	 45	 46	 47	 48	 49	 50
  0
  1	 37
  2	 38	  2
  3	 37	  1	  1
  4	 38	  2	  1	  2
  5	 37	  4	  3	  3	  2
  6	 38	  1	  1	  1	  2	  3
  7	 38	  1	  1	  1	  1	  3	  1
  8	 35	  5	  6	  5	  6	  7	  5	  5
  9	 36	  4	  3	  3	  3	  2	  4	  4	  6
 10	 35	  4	  4	  4	  4	  3	  4	  4	  5	  2
 11	 38	  1	  1	  1	  2	  3	  1	  1	  5	  4	  4
 12	 38	  1	  1	  1	  2	  3	  1	  1	  5	  4	  4	  1
 13	  7	 38	 39	 38	 39	 38	 38	 39	 35	 37	 36	 39	 39
 14	  5	 37	 38	 37	 37	 36	 37	 37	 35	 35	 34	 37	 38	 12
 15	  8	 31	 32	 31	 32	 31	 32	 32	 28	 30	 29	 32	 32	  8	 10
 16	  8	 31	 32	 31	 32	 31	 32	 32	 28	 30	 29	 32	 32	  8	 11	  1
 17	  8	 32	 32	 31	 32	 31	 32	 32	 29	 30	 29	 32	 32	  7	 11	  1	  1
 18	 14	 31	 32	 31	 32	 32	 32	 32	 28	 30	 29	 32	 32	 10	 18	  8	  8	  8
 19	  8	 31	 32	 31	 32	 31	 31	 32	 28	 29	 28	 32	 32	  8	 11	  1	  1	  1	  8
 20	  9	 29	 30	 29	 30	 29	 29	 30	 26	 28	 27	 30	 30	 10	 11	  3	  3	  3	  9	  3
 21	 10	 30	 30	 30	 30	 29	 30	 30	 27	 28	 27	 30	 30	  9	 12	  2	  2	  3	  7	  2	  2
 22	  9	 30	 31	 30	 31	 30	 31	 31	 27	 29	 28	 31	 31	  8	 11	  1	  1	  2	  8	  1	  2	  2
 23	 12	 29	 29	 29	 29	 29	 29	 29	 25	 27	 26	 29	 29	 10	 15	  5	  5	  5	  5	  5	  5	  3	  4
 24	  6	 35	 36	 35	 35	 35	 35	 35	 32	 33	 32	 35	 36	  4	 10	  4	  4	  4	  9	  4	  7	  6	  5	  8
 25	 54	 27	 27	 27	 28	 30	 27	 27	 25	 30	 29	 27	 27	 52	 56	 47	 47	 47	 42	 47	 46	 45	 46	 43	 50
 26	 24	 34	 35	 34	 35	 35	 34	 35	 30	 34	 33	 35	 35	 18	 27	 18	 18	 18	 10	 18	 19	 17	 18	 14	 18	 38
 27	 36	  8	  7	  7	  7	  5	  8	  7	 11	  5	  6	  8	  8	 38	 35	 31	 31	 32	 33	 31	 29	 30	 30	 30	 35	 34	 38
 28	 18	 30	 31	 30	 31	 31	 31	 31	 27	 30	 29	 31	 31	 13	 21	 12	 11	 11	  4	 11	 12	 10	 11	  8	 12	 40	  7	 33
 29	 28	 23	 23	 23	 22	 20	 23	 23	 24	 20	 20	 23	 23	 32	 25	 26	 26	 26	 31	 26	 24	 25	 25	 27	 29	 49	 39	 17	 33
 30	 29	 12	 12	 11	 11	  9	 12	 12	 12	  9	  8	 12	 12	 31	 28	 24	 24	 25	 27	 24	 22	 23	 23	 23	 28	 37	 33	  8	 27	 12
 31	 34	 47	 47	 47	 48	 48	 47	 47	 42	 47	 46	 47	 47	 28	 38	 30	 30	 30	 23	 30	 31	 29	 30	 27	 29	 45	 14	 51	 21	 53	 46
 32	 28	 30	 31	 30	 31	 31	 30	 31	 26	 30	 29	 31	 31	 23	 31	 21	 21	 21	 14	 21	 21	 19	 20	 17	 22	 32	  7	 34	 10	 39	 30	 17
 33	 16	 22	 23	 22	 22	 22	 22	 23	 19	 20	 19	 23	 23	 17	 17	 10	 10	 10	 12	 10	  8	  8	  9	  8	 13	 40	 20	 22	 13	 20	 16	 33	 20
 34	 37	 28	 29	 28	 29	 30	 28	 29	 24	 29	 29	 29	 29	 32	 39	 30	 29	 29	 23	 29	 29	 28	 29	 25	 31	 23	 17	 34	 20	 42	 32	 23	 11	 26
 35	 40	 54	 55	 54	 55	 56	 54	 55	 50	 55	 53	 55	 55	 34	 45	 37	 37	 37	 30	 37	 38	 36	 37	 35	 35	 50	 22	 58	 28	 60	 54	  8	 25	 41	 29
 36	 20	 21	 21	 21	 21	 20	 21	 21	 20	 19	 18	 22	 22	 23	 18	 16	 16	 17	 21	 16	 14	 16	 16	 17	 20	 44	 29	 18	 23	 10	 11	 43	 29	 10	 34	 50
 37	 25	 19	 20	 19	 20	 20	 19	 20	 15	 19	 18	 20	 20	 23	 27	 18	 18	 18	 14	 18	 17	 16	 17	 14	 21	 29	 16	 23	 12	 28	 19	 28	 12	 12	 15	 36	 20
 38	 48	 23	 24	 23	 24	 26	 23	 23	 21	 26	 25	 23	 23	 46	 50	 41	 41	 41	 36	 41	 40	 39	 40	 37	 44	  7	 32	 30	 33	 44	 32	 40	 26	 34	 17	 46	 39	 23
 39	 26	 21	 21	 21	 20	 19	 21	 21	 22	 18	 18	 21	 21	 30	 23	 23	 23	 24	 28	 23	 21	 23	 23	 24	 26	 46	 36	 16	 30	  4	 10	 50	 36	 17	 39	 57	  8	 25	 42
 40	 30	 11	 12	 11	 12	 13	 12	 12	  7	 12	 11	 12	 12	 29	 31	 23	 23	 23	 21	 23	 21	 21	 22	 20	 26	 26	 23	 16	 20	 25	 14	 36	 19	 14	 19	 43	 19	  8	 21	 22
 41	  7	 36	 37	 36	 36	 36	 36	 36	 33	 35	 33	 36	 37	  3	 11	  6	  6	  5	  8	  6	  8	  7	  6	  8	  2	 50	 17	 36	 12	 31	 29	 28	 21	 15	 31	 34	 21	 21	 44	 28	 27
 42	 23	 15	 16	 15	 16	 15	 16	 16	 13	 13	 13	 16	 16	 24	 22	 17	 17	 17	 19	 17	 15	 15	 16	 15	 21	 36	 25	 15	 19	 16	  8	 39	 23	  8	 27	 46	  8	 13	 31	 13	 11	 22
 43	 16	 23	 24	 23	 23	 22	 24	 24	 22	 21	 20	 24	 24	 19	 14	 12	 12	 13	 18	 12	 10	 12	 12	 13	 16	 45	 26	 21	 20	 14	 14	 40	 27	  8	 33	 47	  4	 18	 39	 11	 19	 17	  9
 44	 28	 29	 30	 29	 30	 30	 29	 30	 25	 30	 28	 30	 30	 23	 31	 21	 21	 21	 14	 21	 21	 19	 20	 17	 22	 31	  8	 34	 10	 38	 30	 18	  2	 19	 10	 26	 29	 11	 25	 35	 18	 22	 23	 26
 45	 24	 37	 37	 37	 38	 38	 37	 37	 32	 37	 35	 37	 37	 18	 28	 19	 18	 18	 11	 18	 20	 18	 18	 15	 18	 41	  3	 40	  9	 41	 35	 12	  9	 21	 19	 20	 31	 18	 35	 38	 26	 17	 27	 28	 10
 46	 35	 33	 34	 33	 34	 35	 33	 33	 29	 34	 33	 33	 33	 30	 38	 28	 28	 28	 21	 28	 28	 27	 28	 24	 29	 29	 13	 38	 17	 45	 35	 17	  8	 26	  7	 23	 36	 17	 23	 42	 23	 29	 29	 34	  8	 14
 47	 14	 32	 32	 32	 32	 30	 32	 32	 31	 29	 29	 32	 32	 20	 10	 16	 16	 16	 23	 16	 14	 16	 16	 19	 17	 54	 33	 28	 26	 15	 21	 45	 34	 16	 41	 52	 11	 27	 49	 14	 28	 19	 18	 10	 34	 33	 41
 48	 32	 14	 14	 14	 13	 12	 14	 14	 16	 11	 11	 14	 14	 35	 30	 28	 28	 28	 31	 27	 25	 27	 27	 27	 31	 40	 37	  8	 32	 10	  6	 51	 35	 20	 37	 59	 13	 24	 36	  8	 19	 33	 13	 16	 35	 39	 40	 22
 49	 34	 25	 26	 25	 26	 27	 25	 26	 21	 26	 25	 26	 26	 30	 36	 27	 26	 27	 20	 26	 26	 25	 26	 22	 29	 23	 15	 31	 17	 39	 29	 24	  9	 22	  4	 31	 30	 11	 18	 36	 16	 28	 23	 29	  8	 18	  8	 38	 34
 50	 27	 12	 13	 12	 13	 12	 12	 12	  9	 11	 10	 12	 12	 27	 27	 20	 20	 20	 20	 20	 18	 18	 19	 17	 24	 31	 24	 14	 19	 21	 10	 37	 21	 11	 23	 45	 14	  9	 26	 18	  5	 25	  6	 14	 20	 26	 26	 24	 15	 19
