nVehicles:  49
nDepots:     1
nCustomers: 50
nPeriods:   12
VEHICLE_TYPE	FLEET_SIZE	CAPACITY
           1	        49	       8	
DEPOT   	X  	Y  	INV_COST	INITIAL_INV 	MIN_LEVEL_INV 	MAX_LEVEL_INV	PRODUCTION_0	PRODUCTION_1	PRODUCTION_2	PRODUCTION_3	PRODUCTION_4	PRODUCTION_5	PRODUCTION_6	PRODUCTION_7	PRODUCTION_8	PRODUCTION_9	PRODUCTION_10	PRODUCTION_11
       0	189	496	       0	        488	            0	         4276	         357	         357	         357	         357	         357	         357	         357	         357	         357	         357	          357	          357	
CUSTOMER	X  	Y  	INV_COST	INITIAL_INV	MIN_LEVEL_INV 	MAX_LEVEL_INV	DEMAND_0	DEMAND_1	DEMAND_2	DEMAND_3	DEMAND_4	DEMAND_5	DEMAND_6	DEMAND_7	DEMAND_8	DEMAND_9	DEMAND_10	DEMAND_11
       1	200	206	    0.04	          8	            0	           29	       4	       5	       6	       4	       3	       5	       5	       5	       4	       3	        5	        6
       2	223	204	    0.07	          4	            0	           33	       1	       5	       5	       2	       2	       2	       7	       5	       3	       5	        7	        9
       3	198	210	    0.03	          6	            0	           90	       6	       9	       8	      11	       7	       7	       6	       4	       7	       9	        8	        8
       4	160	176	    0.27	         13	            0	           24	       6	       9	      12	       9	       7	       7	       7	       8	      12	      10	        8	        7
       5	192	199	    0.15	          1	            0	           17	       4	       5	       5	       5	       3	       4	       6	       6	       5	       4	        4	        6
       6	192	204	    0.25	          8	            0	           35	       6	       8	       7	       5	       4	       7	       9	       8	       6	       5	        6	        7
       7	170	228	    0.26	          5	            0	           45	       0	       0	       0	       0	       0	       0	       0	       2	       6	       3	        3	        6
       8	209	198	    0.21	          1	            0	           94	       0	       3	       1	       2	       1	       2	       5	       6	       4	       5	        9	       11
       9	226	212	    0.18	         22	            0	           88	       8	      12	      13	       9	       7	       7	       8	      10	      11	       8	        6	        9
      10	210	207	     0.1	          2	            0	           26	       0	       0	       0	       0	       0	       0	       0	       4	       5	       4	        6	        4
      11	196	228	    0.02	         14	            0	           88	       7	       7	      12	       8	       8	       8	       6	       5	       5	       8	       11	       11
      12	214	206	    0.05	          5	            0	           22	       3	       5	       6	       4	       3	       2	       6	       8	       8	       5	        5	        6
      13	 87	420	    0.18	         14	            0	           28	       7	      11	       9	      10	       6	       6	      11	      13	      10	       7	        5	        8
      14	 95	424	    0.07	          1	            0	           40	       5	       7	       8	       6	       4	       6	       7	       6	       5	       4	        5	        6
      15	 77	425	    0.26	         12	            0	           57	       5	       7	       6	       7	       5	       4	       5	       5	       8	       5	        5	        4
      16	 77	439	    0.07	          1	            0	           28	       5	       7	       9	       7	       6	       7	       8	       9	       7	       7	        7	       10
      17	 80	430	    0.01	          1	            0	           44	       6	       8	       7	       5	       5	       7	       8	       7	       5	       6	        6	        8
      18	100	427	    0.02	         15	            0	           67	       8	       9	       9	       8	       5	       8	      11	      10	       7	       5	        9	       11
      19	 85	427	    0.24	          7	            0	           65	       1	       2	       5	       4	       2	       4	       3	       3	       5	       8	       10	       10
      20	 53	471	    0.23	          2	            0	           46	       1	       5	       3	       3	       3	       3	       7	       6	       6	       5	        7	        8
      21	 75	444	    0.07	          5	            0	           28	       5	       7	       7	       8	       6	       4	       6	       6	       7	       6	        6	        4
      22	106	447	    0.21	          5	            0	           73	       6	       7	       8	       6	       4	       6	       7	       9	       6	       4	        5	        8
      23	101	436	    0.27	          3	            0	          104	       0	       0	       0	       0	       0	       0	       0	       2	       5	       1	        3	        5
      24	 74	452	    0.21	          3	            0	           49	       3	       6	       5	       4	       3	       5	       5	       5	       4	       3	        5	        6
      25	  0	  0	    0.15	         12	            0	           28	       7	       7	       7	       7	       4	       5	       9	       8	       6	       6	        4	        7
      26	357	499	    0.24	          1	            0	           40	       4	       6	       7	       8	       5	       4	       4	       5	       7	       6	        7	        5
      27	336	329	    0.04	          6	            0	           38	       4	       5	       6	       5	       4	       3	       4	       6	       6	       4	        4	        3
      28	450	457	    0.18	          3	            0	           36	       3	       5	       5	       5	       4	       4	       5	       6	       4	       5	        3	        3
      29	405	365	    0.04	          8	            0	          100	       0	       0	       0	       0	       0	       0	       0	       0	       4	       6	        8	       11
      30	334	 49	    0.13	         10	            0	           12	       5	       6	       6	       6	       4	       3	       4	       4	       6	       6	        5	        5
      31	 94	 92	     0.1	          6	            0	           46	       4	       4	       6	       4	       4	       3	       4	       5	       5	       5	        5	        3
      32	270	119	    0.25	         18	            0	           54	       3	       7	       6	       4	       3	       4	      10	       6	       6	       4	        7	       10
      33	 17	313	    0.23	          7	            0	           39	       5	       7	       8	       7	       7	       6	       5	       5	       6	       7	        7	        9
      34	253	117	    0.23	          9	            0	           32	       6	       7	       6	       8	       6	       6	       4	       4	       5	       6	        6	        6
      35	477	160	    0.21	         17	            0	          103	       5	       5	       7	       7	       6	       4	       5	       4	       7	       7	        8	       10
      36	  5	153	    0.24	          3	            0	           52	       5	       5	       7	       7	       5	       4	       4	       4	       5	       8	        8	        5
      37	 91	 62	    0.09	         12	            0	           59	       6	       6	       7	       5	       4	       4	       6	       8	       6	       5	        4	        7
      38	 76	354	    0.04	          8	            0	           43	       6	       8	       8	       7	       6	       6	       7	       9	       8	       6	        4	        5
      39	 72	134	     0.1	          1	            0	           67	       5	       9	       7	       9	       7	       5	       5	       6	       8	       8	        9	        6
      40	 16	 50	    0.21	         11	            0	           46	       6	       7	       7	       6	       5	       5	       5	       7	       7	       6	        5	        5
      41	193	445	    0.05	          2	            0	           29	       6	       9	       8	       6	       5	       6	       7	       9	       9	       6	        6	        8
      42	352	247	    0.15	          4	            0	           35	       1	       5	       3	       4	       5	       2	       3	       3	       4	       6	        7	        8
      43	 21	 61	    0.01	          8	            0	           54	       5	       8	       9	       7	       5	       8	       7	       8	       7	       6	        7	        9
      44	344	259	    0.27	          4	            0	           54	       5	       8	       7	       5	       4	       8	       8	       6	       4	       6	        8	        9
      45	366	385	    0.01	          9	            0	           19	       5	       7	       7	       8	       7	       6	       5	       6	       7	       8	        8	        7
      46	439	218	    0.24	         12	            0	           24	       4	       3	       5	       7	       3	       4	       4	       5	       6	       8	        6	        6
      47	107	268	    0.13	          9	            0	           50	       0	       2	       2	       2	       0	       0	       3	       4	       9	       9	        5	        6
      48	 54	 50	    0.05	          5	            0	           58	       5	       6	       7	       5	       4	       3	       4	       4	       5	       5	        5	        5
      49	432	299	    0.12	          2	            0	           50	       7	       7	       8	       6	       5	       5	       7	       8	       9	       7	        6	        5
      50	 20	235	    0.02	          6	            0	           21	       6	       6	       7	       6	       4	       6	       8	       8	       5	       4	        8	       10
COST_MATRIX 
	  0	  1	  2	  3	  4	  5	  6	  7	  8	  9	 10	 11	 12	 13	 14	 15	 16	 17	 18	 19	 20	 21	 22	 23	 24	 25	 26	 27	 28	 29	 30	 31	 32	 33	 34	 35	 36	 37	 38	 39	 40	 41	 42	 43	 44	 45	 46	 47	 48	 49	 50
  0
  1	 30
  2	 30	  3
  3	 29	  1	  3
  4	 33	  6	  7	  6
  5	 30	  2	  4	  2	  4
  6	 30	  1	  4	  1	  5	  1
  7	 27	  4	  6	  4	  6	  4	  4
  8	 30	  2	  2	  2	  6	  2	  2	  5
  9	 29	  3	  1	  3	  8	  4	  4	  6	  3
 10	 29	  2	  2	  2	  6	  2	  2	  5	  1	  2
 11	 27	  3	  4	  2	  7	  3	  3	  3	  4	  4	  3
 12	 30	  2	  1	  2	  7	  3	  3	  5	  1	  2	  1	  3
 13	 13	 25	 26	 24	 26	 25	 25	 21	 26	 26	 25	 23	 25
 14	 12	 25	 26	 24	 26	 25	 25	 21	 26	 25	 25	 23	 25	  1
 15	 14	 26	 27	 25	 27	 26	 25	 22	 27	 26	 26	 24	 26	  2	  2
 16	 13	 27	 28	 26	 28	 27	 27	 24	 28	 28	 27	 25	 28	  3	  3	  2
 17	 13	 26	 27	 25	 27	 26	 26	 23	 27	 27	 26	 24	 27	  2	  2	  1	  1
 18	 12	 25	 26	 24	 26	 25	 25	 22	 26	 25	 25	 23	 25	  2	  1	  3	  3	  3
 19	 13	 25	 27	 25	 27	 26	 25	 22	 27	 26	 26	 23	 26	  1	  2	  1	  2	  1	  2
 20	 14	 31	 32	 30	 32	 31	 31	 27	 32	 32	 31	 29	 32	  7	  7	  6	  5	  5	  7	  6
 21	 13	 27	 29	 27	 29	 28	 27	 24	 29	 28	 28	 25	 28	  3	  3	  2	  1	  2	  4	  2	  4
 22	 10	 26	 27	 26	 28	 27	 26	 23	 27	 27	 27	 24	 27	  4	  3	  4	  4	  4	  3	  3	  6	  4
 23	 11	 26	 27	 25	 27	 26	 25	 22	 27	 26	 26	 23	 26	  3	  2	  3	  3	  3	  1	  2	  6	  3	  2
 24	 13	 28	 29	 28	 29	 28	 28	 25	 29	 29	 29	 26	 29	  4	  4	  3	  2	  3	  4	  3	  3	  1	  4	  4
 25	 54	 29	 31	 29	 24	 28	 29	 29	 29	 31	 30	 31	 30	 43	 44	 44	 45	 44	 44	 44	 48	 46	 46	 45	 46
 26	 17	 34	 33	 33	 38	 35	 34	 33	 34	 32	 33	 32	 33	 29	 28	 29	 29	 29	 27	 29	 31	 29	 26	 27	 29	 62
 27	 23	 19	 17	 19	 24	 20	 20	 20	 19	 17	 18	 18	 18	 27	 26	 28	 29	 28	 26	 27	 32	 29	 26	 26	 29	 48	 18
 28	 27	 36	 34	 36	 41	 37	 37	 37	 36	 34	 35	 35	 35	 37	 36	 38	 38	 38	 36	 37	 40	 38	 35	 35	 38	 65	 11	 18
 29	 26	 26	 25	 26	 31	 28	 27	 28	 26	 24	 26	 25	 25	 33	 32	 34	 34	 34	 32	 33	 37	 34	 32	 32	 35	 55	 15	  8	 11
 30	 47	 21	 20	 22	 22	 21	 22	 25	 20	 20	 21	 23	 20	 45	 45	 46	 47	 46	 45	 46	 51	 48	 46	 46	 48	 34	 46	 29	 43	 33
 31	 42	 16	 18	 16	 11	 15	 15	 16	 16	 18	 17	 18	 17	 33	 34	 34	 35	 34	 34	 34	 39	 36	 36	 35	 37	 14	 49	 34	 51	 42	 25
 32	 39	 12	 10	 12	 13	 12	 12	 15	 10	 11	 11	 14	 11	 36	 36	 37	 38	 37	 36	 36	 42	 38	 37	 36	 39	 30	 39	 23	 39	 29	 10	 18
 33	 26	 22	 24	 21	 20	 21	 21	 18	 23	 24	 23	 20	 23	 13	 14	 13	 14	 14	 15	 14	 17	 15	 17	 15	 16	 32	 39	 32	 46	 40	 42	 24	 32
 34	 39	 11	 10	 11	 12	 11	 11	 14	 10	 10	 10	 13	 10	 35	 35	 36	 37	 36	 35	 36	 41	 38	 37	 36	 38	 28	 40	 23	 40	 30	 11	 17	  2	 31
 35	 45	 29	 26	 29	 32	 29	 29	 32	 28	 26	 28	 29	 27	 47	 47	 48	 49	 49	 47	 48	 53	 50	 47	 47	 50	 51	 36	 23	 30	 22	 19	 39	 22	 49	 23
 36	 39	 21	 23	 21	 16	 20	 20	 19	 21	 23	 22	 21	 22	 28	 29	 29	 30	 29	 30	 29	 33	 30	 32	 30	 31	 16	 50	 38	 54	 46	 35	 11	 27	 17	 26	 48
 37	 45	 19	 20	 19	 14	 18	 18	 19	 19	 21	 19	 20	 19	 36	 37	 37	 38	 37	 37	 37	 42	 39	 39	 38	 40	 12	 52	 37	 54	 44	 25	  4	 19	 27	 18	 40	 13
 38	 19	 20	 22	 19	 20	 20	 19	 16	 21	 21	 20	 18	 21	  7	  8	  8	  9	  8	  8	  8	 12	 10	 10	  9	 10	 37	 32	 27	 39	 33	 40	 27	 31	  8	 30	 45	 22	 30
 39	 39	 15	 17	 15	 10	 14	 14	 14	 16	 18	 16	 16	 16	 29	 30	 30	 31	 30	 30	 30	 34	 32	 32	 31	 32	 16	 47	 33	 50	 41	 28	  5	 20	 19	 19	 41	  7	  8	 23
 40	 48	 25	 26	 25	 20	 24	 24	 24	 25	 27	 25	 26	 26	 38	 39	 38	 40	 39	 39	 39	 43	 40	 41	 40	 41	  6	 57	 43	 60	 51	 32	  9	 27	 27	 25	 48	 11	  8	 31	 11
 41	  6	 24	 25	 24	 28	 25	 25	 22	 25	 24	 24	 22	 24	 11	 11	 12	 12	 12	 10	 11	 15	 12	  9	 10	 12	 49	 18	 19	 26	 23	 43	 37	 34	 23	 34	 41	 35	 40	 15	 34	 44
 42	 30	 16	 14	 16	 21	 17	 17	 19	 16	 14	 15	 16	 15	 32	 32	 33	 34	 33	 31	 33	 38	 34	 32	 32	 35	 44	 26	  9	 24	 13	 20	 31	 16	 35	 17	 16	 36	 32	 30	 31	 39	 26
 43	 47	 24	 25	 24	 19	 22	 23	 23	 24	 26	 24	 25	 25	 37	 38	 37	 39	 38	 38	 38	 42	 39	 40	 39	 40	  7	 56	 42	 59	 49	 32	  8	 26	 26	 24	 47	 10	  8	 30	  9	  2	 43	 38
 44	 29	 16	 14	 16	 21	 17	 17	 18	 15	 13	 15	 16	 15	 31	 30	 32	 33	 32	 30	 31	 37	 33	 31	 31	 34	 44	 25	  8	 23	 13	 22	 31	 16	 34	 17	 17	 36	 33	 29	 30	 39	 24	  2	 38
 45	 21	 25	 24	 25	 30	 26	 26	 26	 25	 23	 24	 24	 24	 29	 28	 30	 30	 29	 27	 29	 33	 30	 27	 27	 30	 54	 12	  7	 12	  5	 34	 40	 29	 36	 30	 26	 43	 43	 30	 39	 49	 19	 14	 48	 13
 46	 38	 24	 22	 25	 29	 25	 25	 27	 24	 22	 23	 25	 23	 41	 41	 42	 43	 42	 40	 42	 47	 43	 41	 41	 44	 50	 30	 16	 24	 16	 20	 37	 20	 44	 22	  7	 44	 39	 39	 38	 46	 34	 10	 45	 11	 19
 47	 25	 12	 14	 11	 11	 11	 11	  8	 13	 14	 12	 10	 13	 16	 16	 16	 18	 17	 16	 17	 22	 18	 18	 17	 19	 29	 35	 24	 40	 32	 32	 18	 23	 11	 22	 39	 16	 21	 10	 14	 24	 20	 25	 23	 24	 29	 34
 48	 47	 22	 23	 22	 17	 21	 21	 22	 22	 24	 23	 23	 23	 38	 38	 38	 39	 39	 38	 38	 43	 40	 41	 39	 41	  8	 55	 40	 57	 48	 29	  6	 23	 27	 21	 44	 12	  4	 31	  9	  4	 42	 36	  4	 36	 46	 43	 23
 49	 32	 25	 23	 26	 30	 27	 26	 28	 25	 23	 25	 25	 24	 37	 36	 38	 39	 38	 36	 37	 42	 39	 36	 36	 39	 53	 22	 11	 16	  8	 27	 40	 25	 42	 26	 15	 46	 42	 37	 40	 49	 29	 10	 48	 10	 11	  9	 33	 46
 50	 32	 19	 21	 18	 16	 18	 18	 16	 20	 21	 20	 18	 20	 20	 21	 20	 22	 21	 21	 21	 24	 22	 23	 22	 23	 24	 43	 33	 49	 41	 37	 17	 28	  8	 27	 47	  9	 19	 14	 12	 19	 28	 34	 18	 33	 38	 42	 10	 19	 42
