nVehicles:   18
nDepots:      1
nCustomers: 100
nPeriods:     9
VEHICLE_TYPE	FLEET_SIZE	CAPACITY
           4	        18	      38	
DEPOT   	X  	Y  	INV_COST	INITIAL_INV 	MIN_LEVEL_INV 	MAX_LEVEL_INV	PRODUCTION_0	PRODUCTION_1	PRODUCTION_2	PRODUCTION_3	PRODUCTION_4	PRODUCTION_5	PRODUCTION_6	PRODUCTION_7	PRODUCTION_8
       0	347	223	       0	        816	            0	         5848	         654	         654	         654	         654	         654	         654	         654	         654	         654	
CUSTOMER	X  	Y  	INV_COST	INITIAL_INV	MIN_LEVEL_INV 	MAX_LEVEL_INV	DEMAND_0	DEMAND_1	DEMAND_2	DEMAND_3	DEMAND_4	DEMAND_5	DEMAND_6	DEMAND_7	DEMAND_8
       1	 72	326	    0.06	          6	            0	           16	       6	       4	       5	       7	       7	       6	       5	       6	       8
       2	 68	323	    0.19	         11	            0	           23	       6	       6	       4	       5	       7	       8	       8	       7	       5
       3	 72	330	    0.09	          3	            0	           24	       3	       3	       4	       6	       5	       3	       3	       4	       5
       4	 80	323	    0.21	          5	            0	           39	       6	       4	       5	       6	       7	       9	       7	       5	       6
       5	130	345	    0.02	          1	            0	           41	       6	       6	       7	      11	       9	       6	       5	       7	       8
       6	 68	317	    0.23	          6	            0	           37	       6	       5	       6	       5	       7	       8	       7	       6	       5
       7	 75	317	    0.21	          7	            0	           38	       8	       6	       6	       9	      12	      12	      11	       7	       8
       8	 57	323	    0.09	          7	            0	           29	       7	       5	       9	      12	      11	       8	       6	       7	       9
       9	 84	315	    0.28	          3	            0	           37	       4	       3	       4	       5	       6	       5	       3	       4	       4
      10	 81	321	    0.28	          7	            0	           73	       8	       7	       8	      12	      11	       7	       6	       8	      11
      11	 74	328	    0.02	          5	            0	           57	       7	       5	       6	       7	       9	       8	       7	       7	       5
      12	120	372	    0.29	          6	            0	           19	       6	       5	       8	       8	      11	       9	       5	       8	      10
      13	 83	288	    0.26	          2	            0	           61	       6	       5	       7	      10	       9	       6	       6	       7	       8
      14	 71	331	    0.14	          9	            0	           20	       6	       4	       6	       7	       6	       4	       4	       6	       7
      15	 71	330	    0.08	          5	            0	           36	       3	       3	       4	       5	       6	       6	       5	       4	       3
      16	 88	339	    0.22	          7	            0	           20	       5	       4	       6	       7	       5	       4	       4	       7	       8
      17	 78	461	    0.18	          1	            0	           19	       3	       4	       4	       4	       5	       6	       5	       5	       4
      18	 81	450	     0.3	          3	            0	           22	       4	       3	       4	       5	       5	       5	       3	       4	       4
      19	 90	466	    0.29	          4	            0	           40	       5	       4	       5	       7	       8	       8	       6	       4	       6
      20	 67	489	    0.11	          3	            0	           30	       4	       4	       4	       4	       5	       6	       5	       4	       4
      21	 83	451	    0.05	          5	            0	           34	       7	       5	       7	       9	      10	       9	       7	       6	       7
      22	 76	456	    0.08	          5	            0	           58	       8	       7	       9	      14	      10	       8	       6	      10	      13
      23	 75	450	    0.08	          5	            0	           36	       4	       3	       4	       6	       5	       5	       3	       4	       4
      24	 77	477	       0	          6	            0	           10	       4	       4	       3	       4	       4	       5	       5	       4	       4
      25	117	469	    0.14	          7	            0	           43	       7	       5	       8	       8	       8	       6	       4	       7	      11
      26	 79	455	    0.26	          7	            0	           34	       7	       6	       5	       9	       9	      10	       8	       6	       7
      27	 80	464	    0.21	          3	            0	           18	       4	       3	       4	       5	       6	       5	       5	       4	       3
      28	 54	452	    0.05	          4	            0	           11	       4	       3	       4	       5	       6	       5	       4	       3	       4
      29	 82	446	     0.2	         10	            0	           33	       5	       6	       7	       7	      11	       9	       7	       5	       8
      30	 81	453	    0.25	          6	            0	           40	       5	       4	       5	       6	       6	       7	       4	       5	       5
      31	 99	468	    0.03	          2	            0	           24	       8	       6	       9	      11	       9	       6	       8	      10	      11
      32	 80	455	    0.13	          9	            0	           20	       5	       5	       6	       6	       6	       5	       3	       5	       8
      33	 45	382	    0.13	          8	            0	           43	       9	       6	       7	       8	      13	      14	      10	       9	       7
      34	 28	388	    0.28	          1	            0	           44	       6	       5	       6	       7	       9	       6	       5	       6	       7
      35	 45	389	    0.15	         12	            0	           49	       9	       6	       9	      14	      11	       7	       7	       9	      11
      36	 38	383	    0.04	          6	            0	           48	       7	       6	       7	      10	       9	       9	       7	       5	       5
      37	 42	383	    0.06	         10	            0	           17	       7	       8	       8	      11	      13	      10	       9	      10	       7
      38	 34	390	    0.07	          8	            0	           11	       5	       4	       6	       7	       8	       5	       4	       5	       6
      39	 32	389	    0.15	          7	            0	           50	       5	       6	       7	       8	       7	       5	       4	       6	       8
      40	 37	384	    0.27	         12	            0	           24	       7	       7	       9	      11	       9	      10	       7	       7	       9
      41	 46	406	    0.22	         15	            0	           61	       8	       7	       7	       9	      11	      10	      12	       7	       7
      42	 23	364	    0.08	         10	            0	           27	       5	       5	       5	       5	       8	       7	       6	       8	       6
      43	 32	385	    0.09	          5	            0	           32	       7	       6	       6	       8	       9	       9	       9	       9	       6
      44	 27	380	    0.29	          1	            0	           16	       5	       5	       5	       6	       7	       6	       4	       5	       7
      45	 50	341	    0.04	         12	            0	           69	       7	       7	       8	      13	      11	       9	       8	       8	      13
      46	 51	399	    0.18	          3	            0	           16	       4	       5	       6	       6	       7	       5	       4	       6	       7
      47	 46	391	    0.01	         12	            0	           41	       7	       8	       7	      12	      13	      11	       7	       7	       6
      48	 59	414	    0.12	         16	            0	           77	       9	       7	       9	      13	      10	      12	       8	       7	       9
      49	  0	  0	    0.08	          9	            0	           50	       5	       4	       7	       7	       9	       7	       5	       5	       6
      50	  0	  0	    0.15	         10	            0	           49	       5	       5	       5	       6	       6	       6	       6	       5	       5
      51	426	406	    0.06	          2	            0	           32	       4	       4	       5	       5	       5	       4	       4	       4	       5
      52	191	443	    0.12	          8	            0	           40	       5	       3	       5	       6	       8	       5	       5	       4	       6
      53	188	227	    0.03	          2	            0	           23	       9	       7	       9	      11	      13	      13	      11	       8	       8
      54	219	484	    0.04	          8	            0	           24	       4	       4	       5	       6	       6	       5	       4	       4	       4
      55	224	 93	    0.24	          6	            0	           10	       4	       3	       4	       4	       4	       5	       5	       5	       4
      56	435	224	    0.29	          4	            0	           47	       4	       4	       5	       8	       7	       6	       4	       4	       7
      57	 94	 82	    0.01	          5	            0	           13	       5	       4	       6	       7	       6	       6	       3	       4	       5
      58	367	127	    0.18	          6	            0	           13	       4	       4	       4	       6	       5	       5	       3	       5	       5
      59	  5	146	    0.15	          6	            0	           70	       8	       6	       7	      10	       9	      10	      10	       8	       7
      60	186	 89	    0.25	          9	            0	           30	       5	       5	       5	       8	       9	       8	       5	       5	       5
      61	 40	237	    0.27	          5	            0	           26	       9	       8	       8	      11	      11	      11	      12	      11	       6
      62	350	259	    0.28	          7	            0	           17	       4	       3	       5	       5	       5	       3	       3	       5	       5
      63	 78	456	    0.19	          8	            0	           44	       9	       6	       9	      10	      13	       8	       8	       7	      10
      64	177	403	       0	          1	            0	           31	       6	       5	       5	       7	       8	       8	       7	       6	       5
      65	 42	300	    0.04	          1	            0	           82	       7	       7	       9	      11	      11	       9	       6	       8	      14
      66	311	225	    0.01	         13	            0	           25	       9	       7	       9	      12	      11	       8	       7	       7	      10
      67	143	 95	    0.14	          9	            0	           29	       5	       5	       6	       7	       7	       8	       7	       6	       4
      68	 16	115	     0.1	         10	            0	           35	       5	       5	       7	      11	       8	       8	       5	       7	       7
      69	304	  6	    0.01	          6	            0	           50	       5	       4	       4	       7	       8	       7	       6	       5	       4
      70	368	141	    0.23	          7	            0	           38	       4	       3	       5	       6	       6	       5	       4	       5	       5
      71	335	198	    0.06	         11	            0	           37	       7	       7	       7	      11	      11	      10	      12	       9	       8
      72	325	313	    0.28	          5	            0	           18	       5	       4	       4	       5	       7	       6	       4	       3	       4
      73	 23	312	    0.11	          5	            0	           34	       4	       3	       3	       5	       6	       5	       5	       5	       4
      74	118	457	    0.24	          4	            0	           52	       5	       6	       5	       7	      11	       9	       7	       6	       6
      75	396	339	    0.19	          1	            0	           18	       5	       4	       6	       7	      10	       6	       5	       4	       6
      76	 86	 94	    0.08	          6	            0	           18	       4	       4	       5	       8	       6	       5	       4	       5	       5
      77	346	 43	    0.23	          9	            0	           12	       5	       5	       5	       7	       8	       9	       9	       7	       5
      78	 22	411	    0.01	          8	            0	           31	       7	       6	       7	      11	      12	       7	       6	       7	       8
      79	280	455	    0.01	         15	            0	           62	       8	       7	       9	      11	      10	      10	      12	       7	       6
      80	358	347	    0.17	          3	            0	           16	       6	       5	       8	      11	      11	       7	       6	       7	       8
      81	370	490	    0.13	          7	            0	           37	       4	       4	       4	       6	       5	       4	       3	       4	       4
      82	373	327	     0.1	          2	            0	           38	       6	       5	       6	       6	       8	       9	       7	       5	       5
      83	413	454	    0.03	          3	            0	           23	       4	       4	       3	       4	       6	       5	       4	       4	       4
      84	396	472	    0.28	          7	            0	           14	       7	       5	       7	       8	      10	       7	       5	       6	      11
      85	450	241	    0.17	          7	            0	           63	       6	       5	       6	       9	      11	      10	       7	       5	       5
      86	141	146	    0.01	         13	            0	           46	       7	       6	       7	       9	      11	      10	       8	       6	       6
      87	 25	213	    0.14	          8	            0	           46	       6	       5	       6	      10	       9	       8	       7	       6	       5
      88	324	429	    0.21	          4	            0	           28	       4	       4	       5	       6	       5	       4	       4	       4	       6
      89	195	403	    0.02	          4	            0	           55	       5	       5	       4	       6	       7	       9	       8	       7	       5
      90	 94	493	    0.25	          1	            0	           19	       4	       3	       4	       6	       5	       6	       4	       3	       4
      91	 67	187	    0.18	          2	            0	           17	       6	       6	       6	       8	       8	       9	       7	       7	       5
      92	140	 79	    0.27	          7	            0	           41	       8	       7	       8	      11	      12	       7	       8	      10	      12
      93	 41	125	     0.2	          1	            0	           76	       9	       7	      10	      13	      14	       9	       7	       8	      13
      94	 34	360	    0.16	          4	            0	           24	       4	       5	       5	       6	       8	       6	       5	       4	       4
      95	121	192	    0.27	          4	            0	           53	       6	       7	       8	       8	      12	      12	      12	       7	       7
      96	293	117	     0.3	          8	            0	           52	       8	       6	       9	      11	       8	       8	       6	       9	      10
      97	217	403	    0.09	          3	            0	           15	       4	       3	       5	       5	       5	       6	       4	       4	       5
      98	443	393	    0.03	          4	            0	           16	       4	       3	       4	       5	       5	       5	       5	       4	       4
      99	139	 11	    0.12	          1	            0	           25	       4	       4	       6	       7	       7	       4	       4	       6	       8
     100	425	 28	    0.21	          2	            0	           27	       5	       4	       5	       5	       7	       8	       6	       5	       4
COST_MATRIX 
	  0	  1	  2	  3	  4	  5	  6	  7	  8	  9	 10	 11	 12	 13	 14	 15	 16	 17	 18	 19	 20	 21	 22	 23	 24	 25	 26	 27	 28	 29	 30	 31	 32	 33	 34	 35	 36	 37	 38	 39	 40	 41	 42	 43	 44	 45	 46	 47	 48	 49	 50	 51	 52	 53	 54	 55	 56	 57	 58	 59	 60	 61	 62	 63	 64	 65	 66	 67	 68	 69	 70	 71	 72	 73	 74	 75	 76	 77	 78	 79	 80	 81	 82	 83	 84	 85	 86	 87	 88	 89	 90	 91	 92	 93	 94	 95	 96	 97	 98	 99	100
  0
  1	 30
  2	 30	  1
  3	 30	  1	  1
  4	 29	  1	  2	  2
  5	 25	  7	  7	  6	  6
  6	 30	  1	  1	  2	  2	  7
  7	 29	  1	  1	  2	  1	  7	  1
  8	 31	  2	  2	  2	  3	  8	  2	  2
  9	 28	  2	  2	  2	  1	  6	  2	  1	  3
 10	 29	  2	  2	  2	  1	  6	  2	  1	  3	  1
 11	 30	  1	  1	  1	  1	  6	  2	  2	  2	  2	  1
 12	 28	  7	  8	  7	  7	  3	  8	  8	  8	  7	  7	  7
 13	 28	  4	  4	  5	  4	  8	  4	  4	  5	  3	  4	  5	 10
 14	 30	  1	  1	  1	  2	  7	  2	  2	  2	  3	  2	  1	  7	  5
 15	 30	  1	  1	  1	  2	  7	  2	  2	  2	  2	  2	  1	  7	  5	  1
 16	 29	  3	  3	  2	  2	  5	  3	  3	  4	  3	  2	  2	  5	  6	  2	  2
 17	 36	 14	 14	 14	 14	 13	 15	 15	 14	 15	 15	 14	 10	 18	 14	 14	 13
 18	 35	 13	 13	 13	 13	 12	 14	 14	 13	 14	 13	 13	  9	 17	 12	 13	 12	  2
 19	 36	 15	 15	 14	 15	 13	 16	 15	 15	 16	 15	 14	 10	 18	 14	 14	 13	  2	  2
 20	 39	 17	 17	 16	 17	 16	 18	 18	 17	 18	 17	 17	 13	 21	 16	 16	 16	  4	  5	  4
 21	 35	 13	 13	 13	 13	 12	 14	 14	 14	 14	 14	 13	  9	 17	 13	 13	 12	  2	  1	  2	  5
 22	 36	 14	 14	 13	 14	 13	 14	 14	 14	 15	 14	 13	 10	 17	 13	 13	 12	  1	  1	  2	  4	  1
 23	 36	 13	 13	 13	 13	 12	 14	 14	 13	 14	 13	 13	 10	 17	 12	 13	 12	  2	  1	  3	  4	  1	  1
 24	 38	 16	 16	 15	 16	 15	 17	 17	 16	 17	 16	 15	 12	 19	 15	 15	 14	  2	  3	  2	  2	  3	  3	  3
 25	 34	 15	 16	 15	 16	 13	 16	 16	 16	 16	 16	 15	 10	 19	 15	 15	 14	  4	  5	  3	  6	  4	  5	  5	  5
 26	 36	 13	 14	 13	 14	 13	 14	 14	 14	 15	 14	 13	 10	 17	 13	 13	 12	  1	  1	  2	  4	  1	  1	  1	  3	  5
 27	 36	 14	 15	 14	 15	 13	 15	 15	 15	 15	 15	 14	 11	 18	 14	 14	 13	  1	  2	  2	  3	  2	  1	  2	  2	  4	  1
 28	 38	 13	 13	 13	 14	 14	 14	 14	 13	 15	 14	 13	 11	 17	 13	 13	 12	  3	  3	  4	  4	  3	  3	  3	  4	  7	  3	  3
 29	 35	 13	 13	 12	 13	 12	 13	 13	 13	 14	 13	 12	  9	 16	 12	 12	 11	  2	  1	  3	  5	  1	  2	  1	  4	  5	  1	  2	  3
 30	 36	 13	 14	 13	 14	 12	 14	 14	 14	 14	 14	 13	  9	 17	 13	 13	 12	  1	  1	  2	  4	  1	  1	  1	  3	  4	  1	  2	  3	  1
 31	 35	 15	 15	 15	 15	 13	 16	 16	 16	 16	 15	 15	 10	 19	 14	 15	 13	  3	  3	  1	  4	  3	  3	  4	  3	  2	  3	  2	  5	  3	  3
 32	 36	 13	 14	 13	 14	 13	 14	 14	 14	 15	 14	 13	 10	 17	 13	 13	 12	  1	  1	  2	  4	  1	  1	  1	  3	  4	  1	  1	  3	  1	  1	  3
 33	 35	  7	  7	  6	  7	 10	  7	  8	  7	  8	  8	  7	  8	 11	  6	  6	  7	  9	  8	 10	 11	  8	  9	  8	 11	 12	  9	  9	  8	  8	  8	 11	  9
 34	 36	  8	  8	  8	  9	 12	  9	  9	  8	 10	  9	  8	 10	 12	  8	  8	  8	  9	  9	 10	 11	  9	  9	  8	 11	 13	  9	 10	  7	  8	  9	 11	  9	  2
 35	 35	  7	  7	  7	  8	 10	  8	  8	  7	  9	  8	  7	  8	 11	  7	  7	  7	  8	  8	  9	 11	  8	  8	  7	 10	 11	  8	  9	  7	  7	  8	 10	  8	  1	  2
 36	 35	  7	  7	  7	  8	 10	  8	  8	  7	  9	  8	  7	  9	 11	  7	  7	  7	  9	  8	 10	 11	  9	  9	  8	 11	 12	  9	 10	  8	  8	  9	 11	  9	  1	  2	  1
 37	 35	  7	  7	  7	  8	 10	  8	  8	  7	  8	  8	  7	  8	 11	  6	  7	  7	  9	  8	 10	 11	  8	  9	  8	 11	 12	  9	  9	  8	  8	  9	 11	  9	  1	  2	  1	  1
 38	 36	  8	  8	  8	  9	 11	  9	  9	  8	 10	  9	  8	  9	 12	  7	  8	  8	  9	  8	 10	 11	  8	  8	  8	 10	 12	  8	  9	  7	  8	  8	 11	  8	  2	  1	  2	  1	  2
 39	 36	  8	  8	  8	  9	 11	  9	  9	  8	 10	  9	  8	  9	 12	  7	  8	  8	  9	  8	 10	 11	  9	  9	  8	 10	 12	  9	  9	  7	  8	  9	 11	  9	  2	  1	  2	  1	  2	  1
 40	 35	  7	  7	  7	  8	 11	  8	  8	  7	  9	  8	  7	  9	 11	  7	  7	  7	  9	  8	 10	 11	  9	  9	  8	 11	 12	  9	 10	  8	  8	  9	 11	  9	  1	  1	  1	  1	  1	  1	  1
 41	 36	  9	  9	  9	  9	 11	 10	 10	  9	 10	 10	  9	  9	 13	  8	  9	  8	  7	  6	  8	  9	  6	  6	  6	  8	 10	  6	  7	  5	  6	  6	  9	  6	  3	  3	  2	  3	  3	  3	  3	  3
 42	 36	  7	  7	  6	  8	 11	  7	  8	  6	  8	  8	  7	 10	 10	  6	  6	  7	 12	 11	 13	 14	 11	 11	 11	 13	 15	 11	 12	 10	 11	 11	 13	 11	  3	  3	  4	  3	  3	  3	  3	  3	  5
 43	 36	  8	  8	  7	  8	 11	  8	  9	  7	  9	  9	  8	  9	 11	  7	  7	  8	  9	  9	 10	 11	  9	  9	  8	 11	 12	  9	 10	  8	  8	  9	 11	  9	  2	  1	  2	  1	  2	  1	  1	  1	  3	  3
 44	 36	  8	  8	  7	  8	 11	  8	  8	  7	  9	  8	  8	 10	 11	  7	  7	  8	 10	  9	 11	 12	 10	 10	  9	 11	 13	 10	 10	  8	  9	 10	 12	 10	  2	  1	  3	  2	  2	  2	  2	  2	  4	  2	  1
 45	 32	  3	  3	  3	  4	  9	  4	  4	  2	  5	  4	  3	  8	  7	  3	  3	  4	 13	 12	 14	 15	 12	 12	 12	 14	 15	 12	 13	 12	 11	 12	 14	 12	  5	  6	  5	  5	  5	  6	  6	  5	  7	  4	  5	  5
 46	 35	  8	  8	  8	  9	 10	  9	  9	  8	 10	  9	  8	  8	 12	  8	  8	  8	  7	  6	  8	 10	  7	  7	  6	  9	 10	  7	  8	  6	  6	  7	  9	  7	  2	  3	  2	  3	  2	  2	  3	  3	  1	  5	  3	  4	  6
 47	 35	  8	  8	  7	  8	 10	  8	  8	  7	  9	  8	  7	  8	 11	  7	  7	  7	  8	  7	  9	 11	  8	  8	  7	 10	 11	  8	  9	  7	  7	  8	 10	  8	  1	  2	  1	  2	  1	  2	  2	  2	  2	  4	  2	  3	  6	  1
 48	 35	  9	 10	  9	 10	 10	 10	 10	 10	 11	 10	  9	  8	 13	  9	  9	  9	  6	  5	  7	  8	  5	  5	  4	  7	  8	  5	  6	  4	  4	  5	  7	  5	  4	  5	  3	  4	  4	  4	  4	  4	  2	  7	  4	  5	  8	  2	  3
 49	 42	 34	 34	 34	 34	 37	 33	 33	 33	 33	 34	 34	 40	 30	 34	 34	 36	 47	 46	 48	 50	 46	 47	 46	 49	 49	 47	 48	 46	 46	 47	 48	 47	 39	 39	 40	 39	 39	 40	 40	 39	 41	 37	 39	 39	 35	 41	 40	 42
 50	 42	 34	 34	 34	 34	 37	 33	 33	 33	 33	 34	 34	 40	 30	 34	 34	 36	 47	 46	 48	 50	 46	 47	 46	 49	 49	 47	 48	 46	 46	 47	 48	 47	 39	 39	 40	 39	 39	 40	 40	 39	 41	 37	 39	 39	 35	 41	 40	 42	  1
 51	 20	 37	 37	 37	 36	 31	 37	 37	 38	 36	 36	 37	 31	 37	 37	 37	 35	 36	 35	 35	 37	 35	 36	 36	 36	 32	 36	 36	 38	 35	 35	 34	 35	 39	 40	 39	 39	 39	 40	 40	 39	 39	 41	 40	 40	 39	 38	 39	 37	 59	 59
 52	 27	 17	 18	 17	 17	 12	 18	 18	 18	 17	 17	 17	 11	 19	 17	 17	 15	 12	 12	 11	 14	 11	 12	 12	 12	  8	 12	 12	 14	 11	 12	 10	 12	 16	 18	 16	 17	 17	 17	 17	 17	 15	 19	 17	 18	 18	 15	 16	 14	 49	 49	 24
 53	 16	 16	 16	 16	 15	 14	 16	 15	 17	 14	 15	 16	 17	 13	 16	 16	 16	 26	 25	 26	 29	 25	 26	 25	 28	 26	 26	 27	 27	 25	 26	 26	 26	 22	 23	 22	 22	 22	 23	 23	 22	 23	 22	 23	 23	 18	 22	 22	 23	 30	 30	 30	 22
 54	 30	 22	 23	 22	 22	 17	 23	 23	 23	 22	 22	 22	 15	 24	 22	 22	 20	 15	 15	 14	 16	 14	 15	 15	 15	 11	 15	 15	 17	 15	 15	 13	 15	 21	 22	 20	 21	 21	 21	 21	 21	 19	 23	 22	 22	 23	 19	 20	 18	 54	 54	 23	  5	 26
 55	 18	 28	 28	 29	 28	 27	 28	 27	 29	 27	 27	 28	 30	 25	 29	 29	 29	 40	 39	 40	 43	 39	 40	 39	 42	 40	 39	 40	 40	 39	 39	 40	 39	 34	 36	 35	 35	 35	 36	 36	 35	 37	 34	 35	 35	 31	 36	 35	 37	 25	 25	 38	 36	 14	 40
 56	  9	 38	 39	 38	 37	 33	 38	 38	 40	 37	 37	 38	 35	 36	 38	 38	 37	 43	 42	 43	 46	 42	 43	 43	 44	 41	 43	 43	 45	 42	 43	 42	 43	 43	 44	 43	 43	 43	 44	 44	 43	 43	 44	 44	 44	 41	 43	 43	 43	 49	 49	 19	 33	 25	 34	 25
 57	 29	 25	 25	 25	 25	 27	 24	 24	 25	 24	 24	 25	 30	 21	 26	 25	 26	 38	 37	 39	 41	 37	 38	 37	 40	 39	 38	 39	 38	 37	 38	 39	 38	 31	 32	 32	 31	 31	 32	 32	 31	 33	 30	 31	 31	 27	 32	 32	 34	 13	 13	 47	 38	 18	 43	 14	 37
 58	 10	 36	 36	 36	 35	 33	 36	 35	 37	 34	 35	 36	 35	 33	 36	 36	 36	 45	 44	 44	 48	 44	 44	 44	 46	 43	 44	 45	 46	 43	 44	 44	 44	 42	 43	 42	 42	 42	 43	 43	 42	 43	 42	 43	 43	 39	 42	 42	 43	 39	 39	 29	 37	 21	 39	 15	 12	 28
 59	 36	 20	 19	 20	 20	 24	 19	 19	 19	 19	 20	 20	 26	 17	 20	 20	 22	 33	 32	 34	 35	 32	 32	 32	 34	 35	 32	 33	 31	 31	 32	 34	 32	 24	 25	 25	 24	 24	 25	 25	 25	 27	 22	 25	 24	 21	 26	 25	 28	 15	 15	 50	 36	 21	 41	 23	 44	 11	 37
 60	 21	 27	 27	 27	 26	 27	 26	 26	 27	 25	 26	 27	 30	 23	 27	 27	 27	 39	 38	 39	 42	 38	 39	 38	 41	 39	 39	 39	 39	 38	 38	 39	 39	 33	 34	 34	 33	 33	 34	 34	 34	 35	 32	 34	 34	 29	 34	 34	 35	 21	 21	 40	 36	 14	 40	  4	 29	 10	 19	 19
 61	 31	 10	 10	 10	 10	 15	  9	  9	  9	  9	 10	 10	 16	  7	 10	 10	 12	 23	 22	 24	 26	 22	 23	 22	 25	 25	 23	 24	 22	 22	 22	 24	 23	 15	 16	 16	 15	 15	 16	 16	 15	 17	 13	 15	 15	 11	 17	 16	 18	 25	 25	 43	 26	 15	 31	 24	 40	 17	 35	 10	 21
 62	  4	 29	 29	 29	 28	 24	 29	 29	 30	 28	 28	 29	 26	 27	 29	 29	 28	 34	 33	 34	 37	 33	 34	 34	 35	 32	 34	 34	 36	 33	 34	 33	 34	 33	 35	 34	 34	 34	 35	 35	 34	 34	 35	 35	 35	 32	 34	 34	 33	 44	 44	 17	 25	 17	 27	 21	 10	 32	 14	 37	 24	 32
 63	 36	 14	 14	 13	 14	 13	 14	 14	 14	 15	 14	 13	 10	 17	 13	 13	 12	  1	  1	  2	  4	  1	  1	  1	  3	  5	  1	  1	  3	  2	  1	  3	  1	  9	  9	  8	  9	  9	  8	  9	  9	  6	 11	  9	 10	 12	  7	  8	  5	 47	 47	 36	 12	 26	 15	 40	 43	 38	 44	 32	 39	 23	 34
 64	 25	 14	 14	 13	 13	  8	 14	 14	 15	 13	 13	 13	  7	 15	 13	 13	 11	 12	 11	 11	 14	 11	 12	 12	 13	  9	 12	 12	 14	 11	 11	 11	 12	 14	 15	 14	 15	 14	 15	 15	 15	 14	 16	 15	 16	 15	 13	 14	 12	 45	 45	 25	  5	 18	 10	 32	 32	 34	 34	 31	 32	 22	 23	 12
 65	 32	  4	  4	  5	  5	 10	  4	  4	  3	  5	  5	  5	 11	  5	  5	  5	  7	 17	 16	 18	 20	 16	 16	 16	 19	 19	 16	 17	 16	 16	 16	 18	 16	  9	  9	  9	  9	  9	 10	  9	  9	 11	  7	  9	  9	  5	 10	 10	 12	 31	 31	 40	 21	 17	 26	 28	 41	 23	 37	 16	 26	  7	 32	 17	 17
 66	  4	 26	 27	 27	 26	 22	 26	 26	 28	 25	 25	 26	 25	 24	 27	 27	 26	 34	 33	 33	 36	 33	 33	 33	 35	 32	 33	 34	 35	 32	 33	 33	 33	 31	 33	 32	 32	 32	 33	 33	 32	 33	 32	 33	 33	 29	 32	 32	 32	 39	 39	 22	 25	 13	 28	 16	 13	 26	 12	 32	 19	 28	  6	 33	 23	 28
 67	 25	 25	 25	 25	 24	 26	 24	 24	 25	 23	 24	 25	 28	 21	 25	 25	 26	 38	 37	 38	 41	 37	 37	 37	 39	 38	 37	 38	 37	 36	 37	 38	 37	 31	 32	 31	 31	 31	 32	 32	 31	 33	 30	 32	 31	 27	 32	 32	 33	 18	 18	 43	 36	 14	 40	  9	 32	  6	 23	 15	  5	 18	 27	 37	 31	 23	 22
 68	 35	 22	 22	 23	 22	 26	 21	 22	 22	 22	 22	 23	 28	 19	 23	 23	 24	 36	 35	 36	 38	 35	 35	 35	 37	 37	 35	 36	 34	 34	 35	 37	 35	 27	 28	 28	 27	 27	 28	 28	 27	 30	 25	 28	 27	 23	 29	 28	 31	 12	 12	 51	 38	 21	 43	 21	 44	  9	 36	  4	 18	 13	 37	 35	 33	 19	 32	 13
 69	 23	 40	 40	 40	 39	 39	 40	 39	 41	 38	 39	 40	 41	 36	 40	 40	 40	 51	 50	 51	 54	 50	 51	 50	 53	 50	 51	 51	 52	 50	 50	 51	 51	 46	 48	 47	 47	 46	 47	 47	 47	 48	 46	 47	 47	 43	 47	 47	 48	 31	 31	 42	 46	 25	 49	 12	 26	 23	 14	 34	 15	 36	 26	 51	 42	 40	 22	 19	 31
 70	  9	 35	 36	 36	 35	 32	 35	 35	 37	 34	 34	 35	 34	 33	 36	 36	 35	 44	 43	 43	 47	 43	 43	 43	 45	 42	 43	 44	 45	 42	 43	 43	 43	 41	 43	 41	 41	 41	 42	 42	 42	 42	 42	 42	 42	 38	 41	 41	 42	 40	 40	 28	 36	 20	 38	 16	 11	 29	  2	 37	 19	 35	 12	 43	 33	 37	 11	 23	 36	 15
 71	  3	 30	 30	 30	 29	 26	 30	 29	 31	 28	 29	 30	 28	 27	 30	 30	 29	 37	 36	 37	 40	 36	 37	 37	 39	 35	 37	 37	 38	 36	 36	 36	 37	 35	 37	 35	 35	 35	 36	 36	 36	 36	 36	 36	 36	 32	 35	 35	 36	 39	 39	 23	 29	 15	 31	 16	 11	 27	  8	 34	 19	 30	  7	 37	 26	 32	  4	 22	 33	 20	  7
 72	 10	 26	 26	 26	 25	 20	 26	 26	 27	 25	 25	 26	 22	 25	 26	 26	 24	 29	 28	 29	 32	 28	 29	 29	 30	 27	 29	 29	 31	 28	 29	 28	 29	 29	 31	 30	 30	 30	 31	 31	 30	 30	 31	 31	 31	 28	 29	 29	 29	 46	 46	 14	 19	 17	 21	 25	 15	 33	 20	 37	 27	 30	  6	 29	 18	 29	  9	 29	 37	 31	 18	 12
 73	 34	  6	  5	  6	  6	 12	  5	  6	  4	  7	  6	  6	 12	  7	  6	  6	  8	 16	 15	 17	 19	 16	 16	 15	 18	 19	 16	 17	 15	 15	 16	 18	 16	  8	  8	  9	  8	  8	  8	  8	  8	 10	  6	  8	  7	  4	 10	  9	 11	 32	 32	 42	 22	 19	 27	 30	 43	 25	 40	 17	 28	  8	 34	 16	 18	  3	 31	 25	 20	 42	 39	 34	 31
 74	 33	 14	 15	 14	 14	 12	 15	 15	 15	 15	 15	 14	  9	 18	 14	 14	 13	  5	  4	  3	  7	  4	  5	  5	  5	  2	  4	  4	  7	  4	  4	  3	  4	 11	 12	 10	 11	 11	 11	 11	 11	  9	 14	 12	 12	 14	  9	 10	  8	 48	 48	 32	  8	 25	 11	 38	 40	 38	 42	 34	 38	 24	 31	  5	  8	 18	 31	 37	 36	 49	 41	 34	 26	 18
 75	 13	 33	 33	 33	 32	 27	 33	 33	 34	 32	 32	 33	 28	 32	 33	 33	 31	 35	 34	 34	 37	 34	 35	 34	 35	 31	 34	 34	 37	 34	 34	 33	 34	 36	 38	 36	 37	 36	 37	 37	 37	 36	 38	 37	 38	 35	 36	 36	 35	 53	 53	  8	 23	 24	 23	 31	 13	 40	 22	 44	 33	 38	 10	 34	 23	 36	 15	 36	 45	 35	 20	 16	  8	 38	 31
 76	 30	 24	 23	 24	 23	 26	 23	 23	 24	 23	 23	 24	 29	 20	 24	 24	 25	 37	 36	 38	 40	 36	 37	 36	 39	 38	 37	 38	 36	 36	 36	 38	 37	 30	 30	 30	 30	 30	 31	 30	 30	 32	 28	 30	 30	 25	 31	 30	 33	 13	 13	 47	 37	 17	 42	 14	 38	  2	 29	 10	 11	 16	 32	 37	 33	 22	 27	  6	  8	 24	 29	 27	 33	 23	 37	 40
 77	 19	 40	 40	 40	 39	 38	 40	 39	 41	 38	 39	 40	 40	 36	 40	 40	 40	 50	 49	 50	 53	 49	 50	 49	 52	 49	 50	 50	 51	 49	 49	 50	 50	 46	 47	 46	 46	 46	 47	 47	 47	 48	 46	 47	 47	 43	 47	 46	 47	 35	 35	 38	 43	 25	 46	 14	 21	 26	  9	 36	 17	 37	 22	 50	 40	 40	 19	 21	 34	  6	 11	 16	 28	 43	 48	 31	 27
 78	 38	 10	 10	 10	 11	 13	 11	 11	 10	 12	 11	 10	 11	 14	 10	 10	 10	  8	  8	  9	 10	  8	  8	  7	  9	 12	  8	  8	  6	  7	  8	 10	  8	  4	  3	  4	  4	  4	  3	  3	  4	  3	  5	  3	  4	  8	  4	  4	  4	 42	 42	 41	 18	 25	 22	 38	 46	 34	 45	 27	 37	 18	 37	  8	 16	 12	 35	 34	 30	 50	 44	 38	 32	 10	 11	 39	 33	 50
 79	 25	 25	 25	 25	 24	 19	 26	 25	 26	 25	 24	 25	 19	 26	 25	 25	 23	 21	 20	 20	 22	 20	 21	 21	 21	 17	 21	 21	 23	 20	 20	 19	 21	 25	 27	 25	 26	 25	 26	 26	 26	 24	 28	 26	 27	 26	 24	 25	 23	 54	 54	 16	  9	 25	  7	 37	 28	 42	 34	 42	 38	 33	 21	 21	 12	 29	 24	 39	 44	 45	 33	 27	 15	 30	 17	 17	 41	 42	 27
 80	 13	 29	 30	 29	 28	 23	 30	 29	 31	 28	 28	 29	 24	 29	 29	 29	 28	 31	 30	 30	 33	 30	 31	 31	 31	 28	 30	 31	 33	 30	 30	 29	 30	 32	 34	 32	 33	 32	 33	 33	 33	 32	 34	 33	 34	 31	 32	 32	 31	 50	 50	 10	 20	 21	 20	 29	 15	 38	 23	 41	 32	 34	  9	 31	 19	 32	 14	 34	 42	 35	 21	 16	  5	 34	 27	  4	 38	 31	 35	 14
 81	 27	 35	 35	 34	 34	 29	 35	 35	 36	 34	 34	 34	 28	 36	 34	 34	 32	 30	 30	 29	 31	 29	 30	 30	 30	 26	 30	 30	 32	 30	 30	 28	 30	 35	 36	 35	 35	 35	 36	 36	 35	 34	 37	 36	 37	 36	 34	 34	 33	 62	 62	 11	 19	 32	 16	 43	 28	 50	 37	 51	 45	 42	 24	 30	 22	 38	 28	 46	 52	 49	 35	 30	 19	 39	 26	 16	 49	 45	 36	 10	 15
 82	 11	 31	 31	 31	 30	 25	 31	 30	 32	 29	 30	 30	 26	 30	 31	 31	 29	 33	 32	 32	 35	 32	 33	 33	 34	 30	 33	 33	 35	 32	 32	 31	 32	 34	 36	 34	 34	 34	 35	 35	 35	 34	 36	 35	 36	 33	 33	 34	 33	 50	 50	 10	 22	 22	 22	 28	 13	 38	 21	 42	 31	 35	  8	 33	 22	 34	 12	 33	 42	 33	 19	 14	  6	 36	 29	  3	 37	 29	 37	 16	  3	 17
 83	 25	 37	 37	 37	 36	 31	 38	 37	 38	 36	 36	 37	 31	 37	 37	 37	 35	 34	 34	 33	 35	 34	 34	 34	 34	 30	 34	 34	 36	 34	 34	 32	 34	 38	 40	 38	 39	 38	 39	 39	 39	 38	 41	 39	 40	 39	 37	 38	 36	 62	 62	  5	 23	 32	 20	 41	 24	 50	 34	 52	 43	 44	 21	 34	 25	 41	 26	 45	 53	 47	 32	 27	 17	 42	 30	 12	 49	 42	 40	 14	 13	  6	 14
 84	 26	 36	 37	 36	 35	 30	 37	 36	 38	 35	 35	 36	 30	 37	 36	 36	 34	 32	 32	 31	 33	 32	 33	 33	 32	 28	 32	 32	 35	 32	 32	 30	 32	 37	 38	 37	 37	 37	 38	 38	 37	 36	 39	 38	 39	 37	 36	 36	 35	 62	 62	  8	 21	 33	 18	 42	 26	 50	 35	 51	 44	 43	 22	 32	 23	 40	 27	 46	 53	 48	 34	 29	 18	 41	 28	 14	 49	 44	 38	 12	 14	  4	 15	  3
 85	 11	 39	 40	 39	 38	 34	 39	 39	 41	 38	 38	 39	 36	 37	 39	 39	 38	 44	 43	 43	 46	 43	 44	 43	 45	 41	 43	 44	 45	 43	 43	 42	 43	 43	 45	 44	 44	 44	 45	 45	 44	 44	 45	 45	 45	 42	 43	 44	 43	 52	 52	 17	 33	 27	 34	 28	  3	 39	 15	 46	 31	 42	 11	 43	 32	 42	 14	 34	 46	 28	 13	 13	 15	 44	 40	 12	 40	 23	 47	 28	 15	 27	 12	 22	 24
 86	 22	 20	 20	 20	 19	 20	 19	 19	 20	 18	 19	 20	 23	 16	 20	 20	 21	 33	 31	 33	 36	 32	 32	 32	 34	 33	 32	 33	 32	 31	 32	 33	 32	 26	 27	 27	 26	 26	 27	 27	 26	 28	 25	 27	 27	 22	 27	 27	 29	 21	 21	 39	 31	 10	 35	 10	 31	  8	 23	 14	  8	 14	 24	 32	 26	 19	 19	  6	 13	 22	 23	 21	 25	 21	 32	 32	  8	 23	 30	 34	 30	 42	 30	 42	 42	 33
 87	 33	 13	 12	 13	 13	 17	 12	 12	 12	 12	 13	 13	 19	 10	 13	 13	 15	 26	 25	 27	 28	 25	 25	 25	 27	 28	 25	 26	 25	 24	 25	 27	 25	 18	 18	 18	 18	 18	 18	 18	 18	 20	 16	 18	 17	 14	 19	 18	 21	 22	 22	 45	 29	 17	 34	 24	 42	 15	 36	  7	 21	  3	 33	 25	 25	  9	 29	 17	 10	 35	 36	 32	 32	 10	 27	 40	 14	 37	 20	 36	 36	 45	 37	 46	 46	 43	 14
 88	 21	 28	 28	 28	 27	 22	 28	 28	 29	 27	 27	 27	 22	 28	 28	 28	 26	 25	 25	 24	 27	 25	 25	 25	 26	 22	 25	 25	 28	 25	 25	 23	 25	 29	 30	 29	 29	 29	 30	 30	 30	 28	 31	 30	 31	 29	 28	 29	 27	 54	 54	 11	 14	 25	 12	 36	 24	 42	 31	 43	 37	 35	 18	 25	 15	 32	 21	 38	 44	 43	 30	 24	 12	 33	 21	 12	 42	 39	 31	  6	  9	  8	 12	 10	  9	 23	 34	 37
 89	 24	 15	 16	 15	 15	  9	 16	 15	 16	 15	 15	 15	  9	 17	 15	 15	 13	 14	 13	 13	 16	 13	 14	 13	 14	 11	 13	 14	 15	 13	 13	 12	 13	 16	 17	 16	 16	 16	 17	 17	 16	 15	 18	 17	 17	 16	 15	 15	 14	 45	 45	 24	  5	 18	  9	 32	 30	 34	 33	 32	 32	 23	 22	 13	  2	 19	 22	 32	 34	 42	 32	 25	 16	 20	 10	 22	 33	 40	 18	 10	 18	 20	 20	 23	 22	 31	 27	 26	 14
 90	 38	 17	 18	 17	 18	 16	 18	 18	 18	 18	 18	 17	 13	 21	 17	 17	 16	  4	  5	  3	  3	  5	  5	  5	  3	  4	  5	  4	  6	  5	  5	  3	  5	 13	 13	 12	 13	 13	 12	 13	 13	 10	 15	 13	 14	 16	 11	 12	  9	 51	 51	 35	 11	 29	 13	 43	 44	 42	 46	 36	 42	 27	 35	  5	 13	 20	 35	 41	 39	 54	 45	 39	 30	 20	  5	 34	 40	 52	 11	 19	 31	 28	 33	 33	 31	 44	 36	 29	 24	 14
 91	 29	 14	 14	 15	 14	 18	 14	 14	 14	 13	 14	 15	 20	 11	 15	 15	 16	 28	 27	 28	 31	 27	 27	 27	 30	 29	 27	 28	 27	 26	 27	 29	 27	 20	 21	 21	 20	 20	 21	 21	 20	 23	 19	 21	 20	 16	 22	 21	 23	 20	 20	 43	 29	 13	 34	 19	 37	 11	 31	  8	 16	  6	 30	 27	 25	 12	 25	 12	  9	 30	 31	 27	 29	 14	 28	 37	 10	 32	 23	 35	 34	 43	 34	 44	 44	 39	  9	  5	 36	 26	 31
 92	 26	 26	 26	 27	 26	 27	 25	 25	 26	 25	 25	 26	 30	 22	 27	 27	 27	 39	 38	 40	 42	 38	 39	 38	 41	 40	 39	 39	 39	 38	 38	 40	 39	 32	 33	 33	 33	 32	 33	 33	 33	 35	 31	 33	 33	 28	 34	 33	 35	 17	 17	 44	 37	 16	 42	  9	 33	  5	 24	 16	  5	 19	 28	 39	 33	 25	 23	  2	 13	 18	 24	 23	 30	 27	 38	 37	  6	 21	 36	 41	 35	 48	 35	 47	 47	 35	  7	 18	 40	 33	 42	 14
 93	 33	 21	 20	 21	 21	 24	 20	 20	 20	 20	 21	 21	 26	 17	 21	 21	 22	 34	 33	 35	 37	 33	 34	 33	 36	 36	 34	 35	 33	 33	 34	 35	 34	 26	 27	 27	 26	 26	 27	 27	 26	 29	 24	 27	 26	 22	 28	 27	 29	 14	 14	 48	 36	 18	 41	 19	 41	  7	 33	  5	 15	 12	 34	 34	 31	 18	 29	 11	  3	 29	 33	 31	 35	 19	 35	 42	  6	 32	 29	 41	 39	 50	 39	 50	 50	 43	 11	  9	 42	 32	 38	  7	 11
 94	 35	  6	  6	  5	  6	 10	  6	  6	  5	  7	  7	  6	  9	  9	  5	  5	  6	 12	 11	 12	 14	 11	 11	 10	 13	 14	 11	 12	 10	 10	 11	 13	 11	  3	  3	  4	  3	  3	  4	  3	  3	  5	  2	  3	  3	  3	  5	  4	  6	 37	 37	 40	 18	 21	 23	 33	 43	 29	 41	 22	 32	 13	 34	 11	 15	  7	 31	 29	 25	 45	 40	 35	 30	  5	 13	 37	 28	 45	  6	 27	 33	 37	 35	 40	 38	 44	 24	 15	 30	 17	 15	 18	 31	 24
 95	 23	 15	 15	 15	 14	 16	 14	 14	 15	 13	 14	 15	 19	 11	 15	 15	 16	 28	 27	 28	 31	 27	 27	 27	 29	 28	 27	 28	 27	 26	 27	 28	 27	 21	 22	 22	 21	 21	 22	 22	 21	 23	 20	 22	 22	 17	 22	 22	 24	 23	 23	 38	 27	  8	 31	 15	 32	 12	 26	 13	 13	 10	 24	 27	 22	 14	 20	 10	 14	 27	 26	 22	 24	 16	 27	 32	 11	 27	 25	 31	 29	 39	 29	 40	 40	 34	  6	 10	 32	 23	 31	  6	 12	 11	 19
 96	 12	 31	 31	 31	 30	 29	 31	 30	 32	 29	 30	 31	 31	 28	 31	 31	 31	 41	 40	 41	 44	 40	 41	 40	 42	 40	 41	 41	 42	 40	 40	 41	 40	 37	 38	 37	 37	 37	 38	 38	 37	 39	 37	 38	 38	 34	 38	 37	 38	 32	 32	 32	 35	 16	 38	  8	 18	 21	  8	 29	 12	 29	 16	 41	 31	 32	 11	 16	 28	 12	  8	 10	 20	 34	 39	 25	 21	 10	 40	 34	 24	 39	 23	 36	 37	 21	 16	 29	 32	 31	 43	 24	 16	 26	 36	 19
 97	 23	 17	 17	 17	 16	 11	 18	 17	 18	 16	 16	 17	 11	 18	 17	 17	 15	 16	 15	 15	 18	 15	 16	 15	 16	 12	 15	 15	 18	 15	 15	 14	 15	 18	 19	 18	 19	 18	 19	 19	 19	 18	 20	 19	 20	 18	 17	 18	 16	 46	 46	 21	  5	 18	  9	 32	 29	 35	 32	 34	 32	 25	 20	 15	  5	 21	 21	 32	 36	 41	 31	 24	 15	 22	 12	 20	 34	 39	 20	  9	 16	 18	 18	 21	 20	 29	 27	 28	 12	  3	 16	 27	 34	 33	 19	 24	 30
 98	 20	 38	 39	 38	 37	 32	 39	 38	 40	 37	 37	 38	 33	 38	 38	 38	 36	 38	 37	 37	 39	 37	 38	 38	 38	 34	 37	 37	 40	 37	 37	 36	 37	 40	 42	 40	 41	 41	 41	 42	 41	 40	 43	 42	 42	 40	 40	 40	 39	 60	 60	  3	 26	 31	 25	 38	 17	 47	 28	 51	 40	 44	 17	 38	 27	 42	 22	 43	 51	 42	 27	 23	 15	 43	 34	  8	 47	 37	 43	 18	 10	 13	 10	  7	 10	 16	 40	 46	 13	 25	 37	 43	 44	 49	 42	 38	 32	 23
 99	 30	 33	 32	 33	 32	 34	 32	 32	 33	 31	 32	 33	 37	 29	 33	 33	 34	 46	 45	 46	 49	 45	 45	 45	 48	 46	 45	 46	 45	 44	 45	 46	 45	 39	 40	 39	 39	 39	 40	 40	 39	 41	 38	 39	 39	 35	 40	 40	 42	 14	 14	 49	 44	 23	 48	 12	 37	  9	 26	 20	 10	 25	 33	 45	 40	 31	 28	  9	 17	 17	 27	 28	 36	 33	 45	 42	 10	 21	 42	 47	 41	 54	 40	 53	 53	 39	 14	 24	 46	 40	 49	 20	  7	 16	 37	 19	 19	 40	 49
100	 22	 47	 47	 47	 46	 44	 46	 46	 48	 45	 46	 47	 46	 43	 47	 47	 46	 56	 55	 56	 59	 55	 56	 55	 57	 54	 55	 56	 57	 55	 55	 55	 55	 52	 54	 53	 53	 53	 54	 54	 53	 54	 53	 54	 54	 49	 53	 53	 54	 43	 43	 38	 48	 31	 51	 22	 20	 34	 12	 44	 25	 44	 25	 56	 45	 47	 23	 29	 42	 13	 13	 20	 31	 50	 53	 32	 35	  9	 56	 46	 33	 47	 31	 43	 45	 22	 31	 45	 42	 44	 58	 40	 29	 40	 52	 35	 16	 43	 37	 29
