nVehicles:   6
nDepots:     1
nCustomers: 25
nPeriods:   12
VEHICLE_TYPE	FLEET_SIZE	CAPACITY
           4	         6	      38	
DEPOT   	X  	Y  	INV_COST	INITIAL_INV 	MIN_LEVEL_INV 	MAX_LEVEL_INV	PRODUCTION_0	PRODUCTION_1	PRODUCTION_2	PRODUCTION_3	PRODUCTION_4	PRODUCTION_5	PRODUCTION_6	PRODUCTION_7	PRODUCTION_8	PRODUCTION_9	PRODUCTION_10	PRODUCTION_11
       0	343	231	       0	        465	            0	         2314	         196	         196	         196	         196	         196	         196	         196	         196	         196	         196	          196	          196	
CUSTOMER	X  	Y  	INV_COST	INITIAL_INV	MIN_LEVEL_INV 	MAX_LEVEL_INV	DEMAND_0	DEMAND_1	DEMAND_2	DEMAND_3	DEMAND_4	DEMAND_5	DEMAND_6	DEMAND_7	DEMAND_8	DEMAND_9	DEMAND_10	DEMAND_11
       1	329	266	    0.11	         10	            0	           18	       6	       5	       5	       4	       6	       7	       6	       5	       4	       4	        6	        8
       2	355	303	    0.11	          2	            0	           78	      11	      10	       8	       7	       7	      13	       8	       7	       6	       8	       12	       10
       3	324	284	    0.17	          3	            0	           59	      14	      12	      10	       7	       7	       9	       9	      11	      10	      10	        6	        8
       4	361	300	    0.23	          2	            0	           46	       9	       9	       7	       5	       5	       7	       8	       6	       5	       5	        7	        8
       5	359	303	    0.01	         15	            0	           56	      11	      14	      11	       9	       6	       6	       9	       9	      13	      10	       10	        6
       6	353	292	     0.1	         14	            0	           55	       7	       7	       6	       5	       5	       6	       7	      10	       6	       5	        5	        5
       7	376	305	    0.23	          2	            0	           65	      12	      11	      10	       8	       6	       7	      10	      13	      14	      13	       11	        8
       8	362	285	    0.12	          8	            0	          101	      13	      11	      10	       7	       6	       7	      12	      11	      10	      10	        7	        6
       9	349	302	    0.05	         19	            0	           75	      11	       9	      11	       9	       7	       5	       6	      10	       9	      11	       10	        9
      10	347	302	    0.25	          5	            0	           39	      10	      10	       6	       5	       8	       8	       7	       6	       6	      10	        9	        6
      11	377	323	    0.29	          5	            0	           78	      10	      10	       9	       7	       8	       8	       9	      13	       9	       9	        7	       10
      12	387	268	       0	          7	            0	           58	       6	       6	       6	       4	       5	       6	       6	       5	       4	       5	        7	        7
      13	117	173	    0.08	         11	            0	           49	       6	       7	       5	       4	       5	       6	       7	       8	       5	       5	        4	        7
      14	286	168	    0.01	          4	            0	           21	      11	      10	       8	       5	       6	       8	       9	      11	       7	       6	        5	        7
      15	 97	 79	    0.27	          6	            0	           34	       5	       5	       4	       3	       4	       4	       7	       5	       4	       4	        3	        4
      16	224	228	    0.03	          7	            0	           37	       5	       6	       5	       3	       3	       4	       6	       6	       5	       4	        4	        4
      17	260	158	    0.14	          4	            0	           72	      13	      13	      12	       9	       7	       6	       9	      10	      13	       9	        8	        6
      18	425	267	    0.23	         14	            0	           53	      10	      10	       7	       5	       8	      10	      11	       8	       6	       5	       10	       12
      19	312	234	    0.18	          5	            0	           29	       9	       7	       7	       5	       4	       4	       7	       8	      10	       9	        7	        5
      20	452	169	    0.08	          9	            0	          120	      12	      12	      12	       8	       6	       7	       8	       9	      14	      13	       10	        9
      21	 62	 70	     0.3	          2	            0	           66	       9	       9	       9	       8	       7	       5	       8	       9	       8	      10	        9	        7
      22	211	235	    0.13	         27	            0	           49	      13	      14	      11	      10	       6	       8	       7	      12	       9	      13	       13	        8
      23	390	211	    0.26	          6	            0	           59	       9	      10	       7	       5	       6	      10	      10	       7	       7	       5	        7	        9
      24	 64	250	    0.04	          6	            0	           94	      12	      12	       8	       8	       5	       7	      10	      11	       9	      12	        7	        6
      25	460	 45	    0.25	          2	            0	           64	       7	       7	       6	       5	       6	       8	       9	       6	       6	       4	        5	        8
COST_MATRIX 
	  0	  1	  2	  3	  4	  5	  6	  7	  8	  9	 10	 11	 12	 13	 14	 15	 16	 17	 18	 19	 20	 21	 22	 23	 24	 25
  0
  1	  4
  2	  8	  5
  3	  6	  2	  4
  4	  8	  5	  1	  5
  5	  8	  5	  1	  4	  1
  6	  7	  4	  2	  4	  2	  2
  7	  9	  7	  3	  6	  2	  2	  3
  8	  6	  4	  2	  4	  2	  2	  2	  3
  9	  8	  5	  1	  4	  2	  2	  2	  3	  3
 10	  8	  5	  1	  3	  2	  2	  2	  3	  3	  1
 11	 10	  8	  3	  7	  3	  3	  4	  2	  5	  4	  4
 12	  6	  6	  5	  7	  5	  5	  5	  4	  4	  6	  6	  6
 13	 24	 24	 28	 24	 28	 28	 27	 30	 27	 27	 27	 31	 29
 14	  9	 11	 16	 13	 16	 16	 15	 17	 14	 15	 15	 18	 15	 17
 15	 29	 30	 35	 31	 35	 35	 34	 36	 34	 34	 34	 38	 35	 10	 21
 16	 12	 12	 16	 12	 16	 16	 15	 18	 15	 15	 15	 19	 17	 13	  9	 20
 17	 12	 13	 18	 15	 18	 18	 17	 19	 17	 17	 17	 21	 17	 15	  3	 19	  8
 18	  9	 10	  8	 11	  8	  8	  8	  7	  7	  9	  9	  8	  4	 33	 18	 38	 21	 20
 19	  4	  4	  9	  6	  9	  9	  8	 10	  8	  8	  8	 12	  9	 21	  8	 27	  9	 10	 12
 20	 13	 16	 17	 18	 16	 17	 16	 16	 15	 17	 17	 18	 12	 34	 17	 37	 24	 20	 11	 16
 21	 33	 34	 38	 34	 38	 38	 37	 40	 37	 37	 37	 41	 39	 12	 25	  4	 23	 22	 42	 30	 41
 22	 14	 13	 16	 13	 17	 17	 16	 18	 16	 16	 16	 19	 18	 12	 11	 20	  2	 10	 22	 11	 25	 23
 23	  6	  9	 10	 10	 10	 10	  9	 10	  8	 10	 11	 12	  6	 28	 12	 33	 17	 15	  7	  9	  8	 36	 19
 24	 28	 27	 30	 27	 31	 30	 30	 32	 31	 29	 29	 33	 33	 10	 24	 18	 17	 22	 37	 25	 40	 19	 15	 33
 25	 22	 26	 28	 28	 28	 28	 27	 28	 26	 28	 29	 30	 24	 37	 22	 37	 30	 23	 23	 25	 13	 40	 32	 19	 45
