nVehicles:   94
nDepots:      1
nCustomers: 100
nPeriods:     6
VEHICLE_TYPE	FLEET_SIZE	CAPACITY
           1	        94	       8	
DEPOT   	X  	Y  	INV_COST	INITIAL_INV 	MIN_LEVEL_INV 	MAX_LEVEL_INV	PRODUCTION_0	PRODUCTION_1	PRODUCTION_2	PRODUCTION_3	PRODUCTION_4	PRODUCTION_5
       0	273	108	       0	        324	            0	         3982	         665	         665	         665	         665	         665	         665	
CUSTOMER	X  	Y  	INV_COST	INITIAL_INV	MIN_LEVEL_INV 	MAX_LEVEL_INV	DEMAND_0	DEMAND_1	DEMAND_2	DEMAND_3	DEMAND_4	DEMAND_5
       1	351	375	    0.07	          1	            0	           26	       5	       4	       5	       4	       7	       8
       2	277	406	    0.16	          4	            0	           29	       7	       5	       5	       7	       9	       8
       3	334	381	    0.01	          4	            0	           16	       5	       4	       4	       5	       5	       6
       4	351	398	    0.03	         11	            0	           20	       7	       6	       6	       6	      11	      11
       5	346	388	    0.22	         10	            0	           26	       6	       4	       5	       7	       7	       5
       6	348	386	    0.14	          1	            0	           14	       7	       6	       5	       8	       9	      10
       7	314	381	    0.13	         11	            0	           37	       6	       6	       5	       9	       8	       8
       8	326	389	    0.24	         12	            0	           12	       7	       4	       6	       9	       8	       9
       9	341	385	    0.22	         10	            0	           46	       8	       6	       8	      10	      11	      11
      10	327	380	    0.07	          4	            0	           15	       4	       3	       4	       5	       6	       4
      11	353	377	    0.08	          8	            0	           12	       5	       3	       4	       4	       7	       6
      12	343	377	    0.06	          5	            0	           19	       4	       3	       3	       5	       6	       6
      13	339	395	    0.16	          9	            0	           12	       5	       5	       6	       7	      10	       9
      14	331	395	    0.17	          2	            0	           19	       5	       4	       4	       4	       6	       5
      15	355	392	    0.07	          1	            0	           12	       4	       3	       3	       5	       5	       5
      16	357	383	    0.02	          3	            0	           26	       6	       4	       5	       8	       8	       6
      17	301	161	       0	          1	            0	           20	       4	       3	       4	       5	       6	       5
      18	286	155	    0.08	          4	            0	           26	       6	       5	       6	       8	       9	      10
      19	301	152	    0.14	         12	            0	           13	       8	       6	       6	       6	       9	       9
      20	294	156	    0.24	         15	            0	           33	      11	       7	       8	      11	      13	       8
      21	333	139	    0.01	          8	            0	           12	       6	       6	       4	       6	       9	      10
      22	300	150	    0.28	          8	            0	           25	       4	       4	       3	       5	       6	       6
      23	296	153	    0.18	          6	            0	           14	       7	       6	       5	       6	      10	       9
      24	306	108	    0.22	         13	            0	           33	       8	       5	       5	       8	       9	       7
      25	297	153	    0.07	          1	            0	           14	       5	       3	       4	       4	       5	       7
      26	306	147	    0.01	          3	            0	           33	       7	       5	       5	       7	      10	       9
      27	278	160	    0.11	          2	            0	           27	       7	       5	       5	       6	       7	       8
      28	301	158	    0.02	          1	            0	           23	       5	       3	       3	       4	       6	       6
      29	320	155	    0.16	          3	            0	           24	       5	       3	       4	       5	       6	       5
      30	299	153	    0.11	          6	            0	           27	       6	       4	       5	       8	      11	       8
      31	292	170	    0.04	          3	            0	           20	       8	       5	       6	       7	       8	      11
      32	303	154	     0.2	         14	            0	           14	      10	       5	       7	       8	      10	      10
      33	486	460	    0.24	          3	            0	           24	       4	       3	       3	       4	       4	       6
      34	495	437	    0.24	          7	            0	           22	       4	       3	       4	       5	       5	       5
      35	481	465	    0.01	          4	            0	           47	       7	       4	       4	       9	       8	       9
      36	456	441	    0.09	          4	            0	           24	       6	       4	       3	       5	       5	       6
      37	452	483	    0.25	          1	            0	           28	       5	       4	       3	       5	       6	       6
      38	489	469	    0.13	          8	            0	           24	       5	       3	       3	       4	       6	       6
      39	499	483	    0.16	          2	            0	            6	       5	       3	       4	       6	       6	       4
      40	481	455	    0.22	          3	            0	           27	       7	       5	       6	       8	       9	       9
      41	488	466	    0.26	          4	            0	           46	       6	       3	       5	       7	      10	       8
      42	488	486	    0.12	         11	            0	           30	       6	       4	       5	       9	      10	       7
      43	440	483	    0.12	          9	            0	           52	       6	       5	       6	       7	      11	       7
      44	494	464	    0.14	          7	            0	           32	       5	       4	       5	       9	      10	       7
      45	492	465	    0.04	          1	            0	           32	       6	       5	       6	       9	      11	       7
      46	497	485	    0.12	          2	            0	           29	       6	       4	       4	       5	       7	       6
      47	493	466	    0.16	          8	            0	           35	       5	       6	       6	       5	       8	       8
      48	496	481	    0.06	          4	            0	           27	       6	       3	       3	       6	       7	      10
      49	  0	  0	    0.01	          2	            0	            8	       4	       3	       4	       4	       6	       5
      50	  0	  0	    0.08	          4	            0	           12	       8	       6	       7	       9	       8	       6
      51	162	329	    0.25	          3	            0	            8	       4	       3	       4	       6	       6	       4
      52	400	213	    0.07	          7	            0	           15	       5	       3	       3	       5	       6	       6
      53	458	 78	     0.2	          4	            0	           17	       4	       3	       5	       6	       6	       4
      54	365	  7	    0.23	          4	            0	            6	       4	       4	       4	       4	       5	       5
      55	477	200	    0.15	          5	            0	           21	       6	       5	       4	       6	       8	       8
      56	 58	439	    0.05	          3	            0	           15	       6	       4	       5	       6	       7	       6
      57	303	260	    0.21	          4	            0	           42	       8	       5	       6	       8	      10	       9
      58	357	324	    0.15	          2	            0	           41	       7	       5	       5	       7	       9	       9
      59	477	108	    0.23	          7	            0	           31	       4	       2	       4	       9	       7	       8
      60	113	387	    0.16	          4	            0	           52	       3	       3	       3	       6	       9	       6
      61	301	350	    0.09	         11	            0	           39	       5	       2	       2	       5	       7	      10
      62	460	428	    0.05	          7	            0	           39	       5	       5	       5	       5	       7	       8
      63	493	384	    0.16	         14	            0	           37	       7	       6	       5	      11	       9	       9
      64	405	 40	    0.06	          2	            0	           34	       5	       4	       3	       6	       9	      10
      65	111	204	    0.22	         11	            0	           34	      10	       5	       6	       6	       8	      11
      66	335	356	    0.09	         11	            0	           12	       6	       4	       5	       5	       7	       8
      67	 72	350	     0.1	          9	            0	           29	       5	       5	       4	       5	       8	      10
      68	323	485	    0.13	          2	            0	           26	       6	       5	       5	       5	       9	       7
      69	 56	216	    0.09	          4	            0	           19	       5	       4	       3	       3	       6	       5
      70	126	357	    0.28	         16	            0	           17	       9	       8	       7	       6	       9	       9
      71	 26	357	    0.22	          7	            0	           23	       5	       3	       3	       5	       7	       6
      72	337	271	    0.25	          2	            0	           14	       4	       3	       4	       5	       5	       6
      73	369	361	    0.11	         15	            0	           27	       3	       3	       3	       5	       8	       9
      74	396	 22	    0.14	          1	            0	           51	       8	       7	       5	       7	       9	       9
      75	117	112	    0.19	          4	            0	           37	       6	       7	       6	       5	       6	       7
      76	217	196	    0.21	          4	            0	           20	       6	       6	       6	      10	       9	       7
      77	 85	 41	    0.21	          4	            0	           21	       4	       3	       5	       4	       6	       4
      78	423	129	    0.21	          1	            0	            9	       4	       3	       4	       5	       5	       4
      79	229	 65	    0.29	          1	            0	           23	       6	       4	       3	       5	       7	       7
      80	 59	432	    0.14	          3	            0	           45	       6	       3	       5	       7	       8	       9
      81	296	355	    0.17	         12	            0	           22	       5	       1	       2	       6	       7	       7
      82	 53	462	    0.11	          2	            0	           23	       5	       5	       5	       6	       6	       6
      83	 84	234	    0.12	         13	            0	           14	       5	       3	       3	       6	       9	       6
      84	154	472	    0.26	         11	            0	           26	       6	       4	       5	       9	       9	       7
      85	457	369	    0.24	          8	            0	            8	       6	       4	       3	       5	       5	       7
      86	 32	463	    0.27	          9	            0	           13	       4	       4	       4	       5	       8	       8
      87	107	483	       0	         12	            0	           42	       8	       5	       6	       7	       7	       9
      88	411	135	    0.02	          3	            0	           21	       5	       3	       5	       5	       5	       4
      89	 67	348	    0.22	          1	            0	            9	       5	       4	       4	       6	       7	       4
      90	175	438	    0.26	          4	            0	           45	       5	       3	       3	       8	       7	       6
      91	223	142	    0.28	          8	            0	           26	       5	       3	       4	       5	       5	       4
      92	254	 11	    0.22	          2	            0	            9	       6	       4	       3	       4	       5	       8
      93	241	175	    0.29	          3	            0	           24	       5	       3	       4	       7	       8	       6
      94	459	325	    0.12	         13	            0	           18	       4	       2	       4	       6	       8	       7
      95	221	370	    0.21	          1	            0	           22	       4	       3	       4	       5	       7	       5
      96	126	434	    0.28	          7	            0	            9	       5	       5	       4	       5	       7	       6
      97	205	283	    0.28	          2	            0	           27	       8	       5	       5	       6	       7	       8
      98	350	398	    0.06	          2	            0	            9	       4	       3	       4	       6	       6	       4
      99	279	201	    0.28	         14	            0	           23	       3	       1	       3	       5	       8	       8
     100	193	234	    0.29	          7	            0	           26	       5	       4	       4	       8	       7	       6
COST_MATRIX 
	  0	  1	  2	  3	  4	  5	  6	  7	  8	  9	 10	 11	 12	 13	 14	 15	 16	 17	 18	 19	 20	 21	 22	 23	 24	 25	 26	 27	 28	 29	 30	 31	 32	 33	 34	 35	 36	 37	 38	 39	 40	 41	 42	 43	 44	 45	 46	 47	 48	 49	 50	 51	 52	 53	 54	 55	 56	 57	 58	 59	 60	 61	 62	 63	 64	 65	 66	 67	 68	 69	 70	 71	 72	 73	 74	 75	 76	 77	 78	 79	 80	 81	 82	 83	 84	 85	 86	 87	 88	 89	 90	 91	 92	 93	 94	 95	 96	 97	 98	 99	100
  0
  1	 28
  2	 30	  9
  3	 28	  2	  7
  4	 31	  3	  8	  3
  5	 29	  2	  8	  2	  2
  6	 29	  2	  8	  2	  2	  1
  7	 28	  4	  5	  3	  5	  4	  4
  8	 29	  3	  6	  2	  3	  3	  3	  2
  9	 29	  2	  7	  1	  2	  1	  1	  3	  2
 10	 28	  3	  6	  1	  4	  3	  3	  2	  1	  2
 11	 29	  1	  9	  2	  3	  2	  2	  4	  3	  2	  3
 12	 28	  1	  8	  1	  3	  2	  2	  3	  3	  1	  2	  2
 13	 30	  3	  7	  2	  2	  1	  2	  3	  2	  2	  2	  3	  2
 14	 30	  3	  6	  2	  3	  2	  2	  3	  1	  2	  2	  3	  3	  1
 15	 30	  2	  8	  3	  1	  1	  1	  5	  3	  2	  4	  2	  2	  2	  3
 16	 29	  2	  9	  3	  2	  2	  1	  5	  4	  2	  4	  1	  2	  3	  3	  1
 17	  6	 22	 25	 23	 25	 24	 23	 23	 23	 23	 23	 23	 23	 24	 24	 24	 23
 18	  5	 23	 26	 24	 26	 25	 24	 23	 24	 24	 23	 24	 23	 25	 25	 25	 24	  2
 19	  6	 23	 26	 24	 26	 25	 24	 23	 24	 24	 23	 24	 23	 25	 25	 25	 24	  1	  2
 20	  6	 23	 26	 23	 25	 24	 24	 23	 24	 24	 23	 23	 23	 25	 25	 25	 24	  1	  1	  1
 21	  7	 24	 28	 25	 26	 25	 25	 25	 26	 25	 25	 24	 24	 26	 26	 26	 25	  4	  5	  4	  5
 22	  5	 24	 26	 24	 26	 25	 25	 24	 25	 24	 24	 24	 24	 25	 25	 25	 24	  2	  2	  1	  1	  4
 23	  6	 23	 26	 24	 26	 25	 24	 23	 24	 24	 23	 24	 23	 25	 25	 25	 24	  1	  2	  1	  1	  4	  1
 24	  4	 28	 30	 28	 30	 29	 29	 28	 29	 28	 28	 28	 28	 29	 29	 29	 28	  6	  6	  5	  5	  5	  5	  5
 25	  6	 23	 26	 24	 26	 25	 24	 23	 24	 24	 23	 24	 23	 25	 25	 25	 24	  1	  2	  1	  1	  4	  1	  1	  5
 26	  6	 24	 27	 24	 26	 25	 25	 24	 25	 25	 24	 24	 24	 26	 25	 25	 25	  2	  3	  1	  2	  3	  1	  2	  4	  2
 27	  6	 23	 25	 23	 25	 24	 24	 23	 24	 24	 23	 23	 23	 25	 25	 25	 24	  3	  1	  3	  2	  6	  3	  2	  6	  3	  4
 28	  6	 23	 25	 23	 25	 24	 24	 23	 24	 24	 23	 23	 23	 25	 24	 25	 24	  1	  2	  1	  1	  4	  1	  1	  6	  1	  2	  3
 29	  7	 23	 26	 23	 25	 24	 24	 23	 24	 24	 23	 23	 23	 25	 25	 24	 24	  2	  4	  2	  3	  3	  3	  3	  5	  3	  2	  5	  2
 30	  6	 23	 26	 24	 26	 24	 24	 23	 24	 24	 23	 24	 23	 25	 25	 25	 24	  1	  2	  1	  1	  4	  1	  1	  5	  1	  1	  3	  1	  3
 31	  7	 22	 24	 22	 24	 23	 23	 22	 23	 23	 22	 22	 22	 23	 23	 24	 23	  2	  2	  3	  2	  6	  3	  2	  7	  2	  3	  2	  2	  4	  2
 32	  6	 23	 26	 23	 25	 24	 24	 23	 24	 24	 23	 23	 23	 25	 25	 25	 24	  1	  2	  1	  1	  4	  1	  1	  5	  1	  1	  3	  1	  2	  1	  2
 33	 42	 16	 22	 18	 15	 16	 16	 19	 18	 17	 18	 16	 17	 17	 17	 15	 16	 36	 37	 36	 36	 36	 37	 37	 40	 37	 37	 37	 36	 35	 36	 35	 36
 34	 40	 16	 23	 18	 15	 16	 16	 19	 18	 17	 18	 16	 17	 17	 17	 15	 15	 34	 36	 35	 35	 34	 35	 35	 38	 35	 35	 36	 34	 34	 35	 34	 35	  3
 35	 42	 16	 22	 17	 15	 16	 16	 19	 18	 17	 18	 16	 17	 16	 17	 15	 15	 36	 37	 37	 37	 36	 37	 37	 40	 37	 37	 37	 36	 35	 37	 36	 36	  1	  4
 36	 38	 13	 19	 14	 12	 13	 13	 16	 15	 13	 15	 13	 13	 13	 14	 12	 12	 33	 34	 33	 33	 33	 34	 33	 37	 33	 34	 34	 33	 32	 33	 32	 33	  4	  4	  4
 37	 42	 15	 20	 16	 14	 15	 15	 18	 16	 15	 17	 15	 16	 15	 15	 14	 14	 36	 37	 37	 37	 37	 37	 37	 41	 37	 37	 37	 36	 36	 37	 36	 37	  5	  7	  4	  5
 38	 43	 17	 23	 18	 16	 17	 17	 20	 19	 18	 19	 17	 18	 17	 18	 16	 16	 37	 38	 37	 37	 37	 38	 38	 41	 37	 38	 38	 37	 36	 37	 36	 37	  1	  4	  1	  5	  4
 39	 44	 19	 24	 20	 18	 19	 18	 22	 20	 19	 21	 19	 19	 19	 19	 18	 18	 38	 40	 39	 39	 39	 39	 39	 43	 39	 39	 40	 39	 38	 39	 38	 39	  3	  5	  3	  7	  5	  2
 40	 41	 16	 21	 17	 15	 16	 15	 19	 17	 16	 18	 15	 16	 16	 17	 15	 15	 35	 36	 36	 36	 35	 36	 36	 39	 36	 36	 36	 35	 35	 36	 35	 35	  1	  3	  2	  3	  5	  2	  4
 41	 42	 17	 22	 18	 16	 17	 17	 20	 18	 17	 19	 17	 18	 17	 18	 16	 16	 36	 38	 37	 37	 37	 37	 37	 41	 37	 37	 38	 37	 36	 37	 36	 37	  1	  3	  1	  5	  4	  1	  3	  2
 42	 44	 18	 23	 19	 17	 18	 18	 21	 19	 18	 20	 18	 19	 18	 19	 17	 17	 38	 39	 39	 39	 39	 39	 39	 42	 39	 39	 39	 38	 38	 39	 38	 39	  3	  5	  3	  6	  4	  2	  2	  4	  3
 43	 42	 14	 19	 15	 13	 14	 14	 17	 15	 14	 16	 14	 15	 14	 15	 13	 13	 36	 37	 36	 36	 37	 37	 37	 40	 36	 37	 37	 36	 35	 36	 35	 36	  6	  8	  5	  5	  2	  6	  6	  5	  6	  5
 44	 42	 17	 23	 19	 16	 17	 17	 20	 19	 18	 19	 17	 18	 17	 18	 16	 16	 36	 38	 37	 37	 37	 37	 37	 41	 37	 37	 38	 37	 36	 37	 36	 37	  1	  3	  2	  5	  5	  1	  2	  2	  1	  3	  6
 45	 42	 17	 23	 18	 16	 17	 17	 20	 19	 18	 19	 17	 18	 17	 18	 16	 16	 36	 38	 37	 37	 37	 37	 37	 41	 37	 37	 38	 37	 36	 37	 36	 37	  1	  3	  2	  5	  5	  1	  2	  2	  1	  3	  6	  1
 46	 44	 19	 24	 20	 17	 18	 18	 22	 20	 19	 20	 19	 19	 19	 19	 17	 18	 38	 40	 39	 39	 39	 39	 39	 43	 39	 39	 40	 39	 38	 39	 38	 39	  3	  5	  3	  7	  5	  2	  1	  4	  3	  1	  6	  3	  3
 47	 43	 17	 23	 19	 16	 17	 17	 20	 19	 18	 19	 17	 18	 17	 18	 16	 16	 37	 38	 37	 37	 37	 38	 37	 41	 37	 37	 38	 37	 36	 37	 36	 37	  1	  3	  2	  5	  5	  1	  2	  2	  1	  3	  6	  1	  1	  2
 48	 44	 18	 24	 20	 17	 18	 18	 21	 20	 19	 20	 18	 19	 18	 19	 17	 18	 38	 39	 39	 39	 38	 39	 39	 42	 39	 39	 39	 38	 38	 39	 38	 38	  3	  5	  3	  6	  5	  2	  1	  4	  2	  1	  6	  2	  2	  1	  2
 49	 30	 52	 50	 51	 54	 52	 52	 50	 51	 52	 51	 52	 51	 53	 52	 53	 53	 35	 33	 34	 34	 37	 34	 34	 33	 34	 34	 33	 34	 36	 34	 34	 34	 67	 67	 67	 64	 67	 68	 70	 67	 68	 69	 66	 68	 68	 70	 68	 70
 50	 30	 52	 50	 51	 54	 52	 52	 50	 51	 52	 51	 52	 51	 53	 52	 53	 53	 35	 33	 34	 34	 37	 34	 34	 33	 34	 34	 33	 34	 36	 34	 34	 34	 67	 67	 67	 64	 67	 68	 70	 67	 68	 69	 66	 68	 68	 70	 68	 70	  1
 51	 25	 20	 14	 18	 21	 20	 20	 17	 18	 19	 18	 20	 19	 19	 19	 21	 21	 22	 22	 23	 22	 26	 23	 23	 27	 23	 24	 21	 23	 24	 23	 21	 23	 35	 36	 35	 32	 33	 36	 38	 35	 36	 37	 32	 36	 36	 37	 36	 37	 37	 37
 52	 17	 17	 23	 19	 20	 19	 19	 19	 20	 19	 19	 18	 18	 20	 20	 19	 18	 12	 13	 12	 13	 10	 12	 13	 15	 12	 12	 14	 12	 10	 12	 12	 12	 27	 25	 27	 24	 28	 28	 29	 26	 27	 29	 28	 27	 27	 29	 27	 29	 46	 46	 27
 53	 19	 32	 38	 33	 34	 33	 33	 34	 34	 33	 33	 32	 33	 34	 35	 34	 33	 18	 19	 18	 19	 14	 18	 18	 16	 18	 17	 20	 18	 16	 18	 19	 18	 39	 37	 39	 37	 41	 40	 41	 38	 39	 41	 41	 39	 39	 41	 39	 41	 47	 47	 39	 15
 54	 14	 37	 41	 38	 40	 39	 38	 38	 39	 38	 38	 38	 38	 39	 39	 39	 38	 17	 17	 16	 17	 14	 16	 17	 12	 17	 16	 18	 17	 16	 17	 18	 16	 47	 45	 48	 45	 49	 48	 50	 47	 48	 50	 49	 48	 48	 50	 48	 50	 37	 37	 39	 21	 12
 55	 23	 22	 29	 24	 24	 23	 23	 25	 25	 23	 24	 22	 23	 24	 25	 23	 22	 19	 20	 19	 19	 16	 19	 19	 20	 19	 18	 21	 19	 17	 19	 19	 18	 27	 24	 27	 25	 29	 27	 29	 26	 27	 29	 29	 27	 27	 29	 27	 29	 52	 52	 35	  8	 13	 23
 56	 40	 30	 23	 29	 30	 30	 30	 27	 28	 29	 28	 31	 30	 29	 28	 31	 31	 37	 37	 38	 37	 41	 38	 38	 42	 38	 39	 36	 38	 39	 38	 36	 38	 43	 44	 43	 40	 40	 44	 45	 43	 44	 44	 39	 44	 44	 45	 44	 45	 45	 45	 16	 41	 54	 53	 49
 57	 16	 13	 15	 13	 15	 14	 14	 13	 14	 14	 13	 13	 13	 14	 14	 15	 14	 10	 11	 11	 11	 13	 12	 11	 16	 11	 12	 11	 11	 11	 11	 10	 11	 28	 27	 28	 24	 27	 28	 30	 27	 28	 30	 27	 28	 28	 30	 29	 30	 40	 40	 16	 11	 24	 27	 19	 31
 58	 24	  6	 12	  7	  8	  7	  7	  8	  8	  7	  7	  6	  6	  8	  8	  7	  6	 18	 19	 19	 18	 19	 19	 19	 23	 19	 19	 19	 18	 18	 19	 17	 18	 19	 18	 19	 16	 19	 20	 22	 19	 20	 21	 18	 20	 20	 22	 20	 21	 49	 49	 20	 12	 27	 32	 18	 33	  9
 59	 21	 30	 36	 31	 32	 31	 31	 32	 32	 31	 32	 30	 31	 32	 33	 31	 31	 19	 20	 19	 19	 15	 19	 19	 18	 19	 18	 21	 19	 17	 19	 20	 18	 36	 33	 36	 34	 38	 37	 38	 35	 36	 38	 38	 36	 36	 38	 36	 38	 49	 49	 39	 14	  4	 16	 10	 54	 24	 25
 60	 33	 24	 17	 23	 24	 24	 24	 21	 22	 23	 22	 25	 24	 23	 22	 25	 25	 30	 29	 31	 30	 34	 31	 30	 34	 30	 31	 29	 30	 32	 30	 29	 31	 39	 39	 38	 35	 36	 39	 40	 38	 39	 39	 35	 39	 39	 40	 39	 40	 41	 41	  8	 34	 47	 46	 41	  8	 23	 26	 46
 61	 25	  6	  7	  5	  7	  6	  6	  4	  5	  6	  4	  6	  5	  6	  6	  7	  7	 19	 20	 20	 20	 22	 21	 20	 25	 20	 21	 20	 20	 20	 20	 19	 20	 22	 22	 22	 18	 21	 23	 24	 21	 23	 24	 20	 23	 23	 24	 23	 24	 47	 47	 15	 17	 32	 35	 24	 26	 10	  7	 30	 20
 62	 38	 13	 19	 14	 12	 13	 12	 16	 14	 13	 15	 12	 13	 13	 14	 12	 12	 32	 33	 32	 32	 32	 33	 33	 36	 32	 33	 33	 32	 31	 32	 31	 32	  5	  4	  5	  2	  6	  6	  7	  4	  5	  7	  6	  5	  5	  7	  6	  7	 63	 63	 32	 23	 36	 44	 23	 41	 23	 15	 33	 35	 18
 63	 36	 15	 22	 16	 15	 15	 15	 18	 17	 16	 17	 15	 16	 16	 17	 14	 14	 30	 31	 31	 31	 30	 31	 31	 34	 31	 31	 32	 30	 29	 31	 30	 30	  8	  6	  9	  7	 11	  9	 10	  8	  9	 11	 12	  9	  9	 11	  9	 10	 63	 63	 34	 20	 31	 40	 19	 44	 23	 15	 28	 39	 20	  6
 64	 15	 34	 39	 35	 37	 36	 36	 36	 36	 36	 35	 35	 35	 37	 37	 36	 35	 16	 17	 16	 17	 13	 16	 16	 13	 16	 15	 18	 16	 15	 16	 18	 16	 43	 41	 44	 41	 45	 44	 46	 43	 44	 46	 45	 44	 44	 46	 44	 46	 41	 41	 38	 18	  7	  6	 18	 53	 25	 29	 10	 46	 33	 40	 36
 65	 19	 30	 27	 29	 31	 30	 30	 27	 29	 30	 28	 30	 29	 30	 30	 31	 31	 20	 19	 20	 19	 24	 20	 20	 22	 20	 21	 18	 20	 22	 20	 19	 20	 46	 45	 46	 42	 45	 47	 48	 45	 46	 48	 44	 47	 47	 48	 47	 48	 24	 24	 14	 29	 37	 33	 37	 25	 21	 28	 38	 19	 24	 42	 43	 34
 66	 26	  3	  8	  3	  5	  4	  4	  4	  4	  3	  3	  3	  3	  4	  4	  5	  4	 20	 21	 21	 21	 22	 21	 21	 25	 21	 22	 21	 21	 21	 21	 20	 21	 19	 18	 19	 15	 18	 20	 21	 18	 19	 21	 17	 20	 20	 21	 20	 21	 49	 49	 18	 16	 31	 36	 22	 29	 11	  4	 29	 23	  4	 15	 17	 33	 28
 67	 32	 29	 22	 27	 29	 28	 28	 25	 26	 28	 26	 29	 28	 28	 27	 29	 29	 30	 29	 31	 30	 34	 31	 30	 34	 30	 31	 29	 30	 32	 31	 29	 31	 43	 44	 43	 40	 41	 44	 45	 43	 44	 44	 40	 44	 44	 45	 44	 45	 36	 36	 10	 36	 48	 46	 44	 10	 25	 29	 48	  6	 23	 40	 43	 46	 16	 27
 68	 39	 12	 10	 11	 10	 10	 11	 11	 10	 11	 11	 12	 11	 10	 10	 10	 11	 33	 34	 34	 34	 35	 34	 34	 38	 34	 34	 33	 33	 34	 34	 32	 34	 17	 18	 16	 15	 13	 17	 18	 17	 17	 17	 12	 18	 18	 18	 18	 18	 59	 59	 23	 29	 43	 48	 33	 27	 23	 17	 41	 24	 14	 15	 20	 46	 36	 13	 29
 69	 25	 34	 30	 33	 35	 34	 34	 31	 33	 34	 32	 34	 33	 34	 33	 35	 35	 26	 24	 26	 25	 29	 26	 25	 28	 25	 26	 23	 26	 28	 26	 25	 26	 50	 50	 50	 46	 48	 51	 52	 49	 50	 51	 47	 51	 51	 52	 51	 52	 23	 23	 16	 35	 43	 38	 43	 23	 26	 32	 44	 19	 28	 46	 47	 40	  6	 32	 14	 38
 70	 29	 23	 16	 21	 23	 23	 23	 19	 21	 22	 21	 23	 22	 22	 21	 24	 24	 27	 26	 27	 27	 31	 28	 27	 31	 27	 28	 25	 27	 29	 27	 26	 27	 38	 38	 38	 35	 35	 38	 40	 37	 38	 39	 34	 39	 39	 40	 39	 40	 38	 38	  5	 31	 44	 43	 39	 11	 21	 24	 44	  4	 18	 35	 37	 43	 16	 21	  6	 24	 16
 71	 36	 33	 26	 31	 33	 33	 33	 29	 31	 32	 31	 33	 32	 32	 31	 34	 34	 34	 33	 35	 34	 38	 35	 34	 38	 34	 36	 32	 34	 36	 35	 33	 35	 48	 48	 47	 44	 45	 48	 49	 47	 48	 48	 44	 49	 48	 49	 48	 49	 36	 36	 14	 41	 52	 49	 48	  9	 30	 34	 52	 10	 28	 44	 47	 50	 18	 31	  5	 33	 15	 11
 72	 18	 11	 15	 12	 13	 12	 12	 12	 12	 12	 11	 11	 11	 13	 13	 13	 12	 12	 13	 13	 13	 14	 13	 13	 17	 13	 13	 13	 12	 12	 13	 12	 13	 25	 23	 25	 21	 25	 25	 27	 24	 25	 27	 24	 25	 25	 27	 25	 27	 44	 44	 19	  9	 23	 27	 16	 33	  4	  6	 22	 26	  9	 20	 20	 25	 24	  9	 28	 22	 29	 23	 33
 73	 28	  3	 11	  5	  5	  4	  4	  6	  6	  4	  5	  3	  4	  5	  6	  4	  3	 22	 23	 22	 22	 23	 23	 23	 27	 23	 23	 23	 22	 22	 22	 21	 22	 16	 15	 16	 12	 15	 17	 18	 15	 16	 18	 15	 17	 17	 18	 17	 18	 52	 52	 21	 16	 30	 36	 20	 33	 13	  4	 28	 26	  7	 12	 13	 33	 31	  4	 30	 14	 35	 25	 35	 10
 74	 16	 36	 41	 37	 38	 37	 37	 37	 38	 37	 37	 36	 36	 38	 38	 38	 37	 17	 18	 17	 17	 14	 17	 17	 13	 17	 16	 19	 17	 16	 17	 19	 17	 45	 43	 46	 43	 47	 46	 48	 45	 46	 48	 47	 46	 46	 48	 46	 47	 40	 40	 39	 20	  9	  4	 20	 54	 26	 31	 12	 47	 35	 42	 38	  3	 34	 34	 47	 47	 40	 44	 50	 26	 35
 75	 16	 36	 34	 35	 37	 36	 36	 34	 35	 36	 35	 36	 35	 36	 36	 37	 37	 20	 18	 19	 19	 22	 19	 19	 19	 19	 20	 17	 19	 21	 19	 19	 20	 51	 50	 51	 48	 50	 52	 54	 51	 52	 53	 50	 52	 52	 54	 52	 53	 17	 17	 23	 31	 35	 27	 38	 34	 24	 33	 37	 28	 31	 47	 47	 30	 10	 33	 25	 43	 13	 25	 27	 28	 36	 30
 76	 11	 23	 22	 22	 25	 24	 24	 21	 23	 23	 22	 23	 23	 24	 23	 24	 24	 10	  9	 10	  9	 13	 10	  9	 13	 10	 11	  8	 10	 12	 10	  8	 10	 38	 37	 38	 35	 38	 39	 41	 37	 39	 40	 37	 39	 39	 41	 39	 40	 30	 30	 15	 19	 27	 25	 27	 30	 11	 19	 28	 22	 18	 34	 34	 25	 11	 20	 22	 31	 17	 19	 25	 15	 23	 25	 14
 77	 20	 43	 42	 43	 45	 44	 44	 41	 43	 43	 42	 43	 43	 44	 44	 45	 44	 25	 24	 25	 24	 27	 25	 24	 24	 24	 25	 23	 25	 27	 25	 25	 25	 58	 58	 59	 55	 58	 59	 61	 58	 59	 61	 57	 59	 59	 61	 59	 61	 10	 10	 30	 36	 38	 29	 43	 40	 31	 40	 40	 35	 38	 54	 54	 33	 17	 41	 31	 51	 18	 32	 33	 35	 43	 32	  8	 21
 78	 16	 26	 32	 27	 28	 28	 27	 28	 28	 27	 27	 26	 27	 28	 29	 28	 27	 13	 14	 13	 14	 10	 13	 13	 12	 13	 12	 15	 13	 11	 13	 14	 13	 34	 32	 35	 32	 36	 35	 37	 34	 35	 37	 36	 35	 35	 37	 35	 36	 45	 45	 33	  9	  7	 14	  9	 48	 18	 21	  6	 41	 26	 31	 27	 10	 33	 25	 42	 37	 38	 38	 46	 17	 24	 12	 31	 22	 35
 79	  7	 34	 35	 34	 36	 35	 35	 33	 34	 34	 33	 34	 34	 35	 35	 36	 35	 13	 11	 12	 12	 13	 12	 12	  9	 12	 12	 11	 12	 13	 12	 13	 12	 48	 46	 48	 44	 48	 49	 50	 47	 48	 50	 47	 48	 48	 50	 49	 50	 24	 24	 28	 23	 23	 15	 29	 42	 21	 29	 26	 35	 30	 44	 42	 18	 19	 31	 33	 44	 23	 31	 36	 24	 33	 18	 13	 14	 15	 21
 80	 39	 30	 22	 28	 30	 30	 30	 27	 28	 29	 28	 30	 29	 29	 28	 30	 31	 37	 36	 38	 37	 41	 38	 37	 41	 37	 38	 35	 37	 39	 37	 36	 37	 43	 44	 43	 40	 40	 44	 45	 43	 44	 44	 39	 44	 44	 45	 44	 44	 44	 44	 15	 41	 54	 53	 48	  1	 30	 32	 53	  8	 26	 41	 44	 53	 24	 29	  9	 27	 22	 11	  9	 33	 32	 54	 33	 29	 40	 48	 41
 81	 25	  6	  6	  5	  7	  6	  7	  4	  5	  6	  4	  7	  6	  6	  6	  7	  7	 20	 21	 21	 20	 22	 21	 21	 25	 21	 21	 20	 20	 21	 21	 19	 21	 22	 22	 22	 19	 21	 23	 24	 22	 23	 24	 20	 23	 23	 24	 23	 24	 47	 47	 14	 18	 33	 36	 24	 26	 10	  7	 31	 19	  1	 18	 20	 34	 24	  4	 23	 14	 28	 18	 28	 10	  8	 35	 31	 18	 38	 26	 30	 25
 82	 42	 32	 24	 30	 31	 31	 31	 28	 29	 30	 29	 32	 31	 30	 29	 32	 32	 40	 39	 40	 39	 43	 40	 40	 44	 40	 41	 38	 40	 41	 40	 38	 40	 44	 45	 43	 41	 40	 44	 45	 43	 44	 44	 39	 45	 44	 45	 45	 45	 47	 47	 18	 43	 56	 56	 50	  3	 33	 34	 56	 10	 28	 41	 45	 55	 27	 31	 12	 28	 25	 13	 11	 35	 34	 56	 36	 32	 43	 50	 44	  4	 27
 83	 23	 31	 26	 30	 32	 31	 31	 28	 29	 30	 29	 31	 30	 31	 30	 32	 32	 23	 22	 24	 23	 27	 24	 23	 26	 23	 24	 21	 23	 25	 23	 22	 24	 47	 46	 46	 43	 45	 47	 49	 46	 47	 48	 44	 48	 47	 49	 48	 49	 25	 25	 13	 32	 41	 37	 40	 21	 23	 29	 42	 16	 25	 43	 44	 38	  5	 28	 12	 35	  4	 13	 14	 26	 32	 38	 13	 14	 20	 36	 23	 20	 25	 24
 84	 39	 22	 14	 21	 22	 21	 22	 19	 20	 21	 20	 23	 22	 21	 20	 22	 23	 35	 35	 36	 35	 38	 36	 35	 40	 35	 36	 34	 35	 36	 36	 34	 36	 34	 35	 33	 31	 30	 34	 35	 33	 34	 34	 29	 35	 34	 35	 34	 35	 50	 50	 15	 36	 50	 52	 43	 11	 26	 26	 49	 10	 20	 31	 36	 50	 28	 22	 15	 17	 28	 12	 18	 28	 25	 52	 37	 29	 44	 44	 42	 11	 19	 11	 25
 85	 32	 11	 19	 13	 11	 12	 12	 15	 14	 12	 14	 11	 12	 13	 13	 11	 11	 27	 28	 27	 27	 27	 27	 27	 31	 27	 27	 28	 27	 26	 27	 26	 27	 10	  8	 10	  8	 12	 11	 13	  9	 11	 13	 12	 11	 11	 13	 11	 12	 59	 59	 30	 17	 30	 38	 18	 41	 19	 11	 27	 35	 16	  6	  4	 34	 39	 13	 39	 18	 43	 34	 44	 16	  9	 36	 43	 30	 50	 25	 39	 41	 17	 42	 40	 33
 86	 43	 34	 26	 32	 33	 33	 33	 30	 31	 32	 31	 34	 33	 32	 31	 34	 34	 41	 40	 42	 41	 45	 42	 41	 45	 41	 42	 40	 41	 43	 41	 40	 42	 46	 47	 45	 43	 43	 46	 47	 45	 46	 46	 41	 47	 47	 47	 47	 47	 47	 47	 19	 45	 58	 57	 52	  4	 34	 36	 57	 12	 30	 43	 47	 57	 28	 33	 12	 30	 25	 15	 11	 37	 36	 58	 37	 33	 43	 52	 45	  5	 29	  3	 24	 13	 44
 87	 42	 27	 19	 25	 26	 26	 26	 24	 24	 26	 25	 27	 26	 25	 25	 27	 27	 38	 38	 39	 38	 42	 39	 39	 43	 39	 40	 37	 38	 40	 39	 37	 39	 38	 40	 38	 36	 35	 39	 40	 38	 39	 39	 34	 39	 39	 40	 39	 39	 50	 50	 17	 40	 54	 55	 47	  7	 30	 30	 53	 10	 24	 36	 40	 54	 28	 27	 14	 22	 28	 13	 15	 32	 29	 55	 38	 31	 45	 48	 44	  8	 23	  6	 26	  5	 37	  8
 88	 15	 25	 31	 26	 27	 27	 26	 27	 27	 26	 26	 25	 26	 27	 28	 27	 26	 12	 13	 12	 12	  8	 12	 12	 11	 12	 11	 14	 12	 10	 12	 13	 11	 34	 32	 34	 31	 36	 35	 36	 33	 34	 36	 35	 34	 34	 37	 35	 36	 44	 44	 32	  8	  8	 14	 10	 47	 17	 20	  8	 40	 25	 30	 27	 10	 31	 24	 41	 37	 37	 37	 45	 16	 23	 12	 30	 21	 34	  2	 20	 47	 25	 49	 35	 43	 24	 51	 47
 89	 32	 29	 22	 27	 29	 29	 29	 25	 27	 28	 27	 29	 28	 28	 27	 30	 30	 30	 30	 31	 30	 34	 31	 31	 34	 31	 32	 29	 31	 32	 31	 29	 31	 44	 44	 44	 40	 41	 44	 46	 43	 44	 45	 40	 45	 45	 46	 45	 45	 36	 36	 10	 36	 48	 46	 44	 10	 26	 30	 48	  7	 24	 41	 43	 46	 16	 27	  1	 30	 14	  6	  5	 29	 31	 47	 25	 22	 31	 42	 33	  9	 23	 12	 12	 16	 40	 13	 15	 41
 90	 35	 19	 11	 17	 19	 18	 19	 16	 16	 18	 17	 19	 18	 17	 17	 19	 20	 31	 31	 32	 31	 34	 32	 31	 36	 32	 32	 30	 31	 32	 32	 30	 32	 32	 33	 31	 29	 29	 32	 33	 31	 32	 32	 27	 33	 32	 33	 32	 33	 48	 48	 11	 32	 46	 48	 39	 12	 22	 22	 45	  9	 16	 29	 33	 46	 25	 18	 14	 16	 26	 10	 17	 24	 21	 48	 34	 25	 41	 40	 38	 12	 15	 13	 23	  4	 30	 15	  9	 39	 15
 91	  7	 27	 27	 27	 29	 28	 28	 26	 27	 28	 26	 27	 27	 28	 28	 29	 28	  9	  7	  8	  8	 12	  8	  8	  9	  8	  9	  6	  8	 10	  8	  8	  9	 42	 41	 42	 38	 42	 43	 44	 41	 42	 44	 41	 43	 43	 44	 43	 44	 27	 27	 20	 20	 25	 20	 27	 34	 15	 23	 26	 27	 23	 38	 37	 21	 13	 25	 26	 36	 19	 24	 30	 18	 27	 22	 12	  6	 18	 21	  8	 34	 23	 37	 17	 34	 33	 38	 37	 19	 26	 30
 92	 10	 38	 40	 38	 40	 39	 39	 38	 39	 39	 38	 38	 38	 40	 40	 40	 39	 16	 15	 15	 16	 16	 15	 15	 12	 15	 15	 16	 16	 16	 15	 17	 16	 51	 49	 51	 48	 52	 52	 54	 50	 52	 53	 51	 52	 52	 54	 52	 53	 26	 26	 34	 25	 22	 12	 30	 48	 26	 33	 25	 41	 35	 47	 45	 16	 25	 36	 39	 48	 29	 37	 42	 28	 37	 15	 18	 19	 18	 21	  6	 47	 35	 50	 29	 48	 42	 51	 50	 21	 39	 44	 14
 93	  8	 23	 24	 23	 25	 24	 24	 22	 24	 24	 23	 24	 23	 25	 24	 25	 24	  7	  5	  7	  6	 10	  7	  6	 10	  7	  8	  4	  7	  9	  7	  6	  7	 38	 37	 38	 35	 38	 39	 41	 37	 39	 40	 37	 39	 39	 41	 39	 40	 30	 30	 18	 17	 24	 21	 24	 33	 11	 19	 25	 25	 19	 34	 33	 22	 14	 21	 25	 33	 19	 22	 29	 14	 23	 22	 14	  4	 21	 19	 12	 32	 19	 35	 17	 31	 30	 36	 34	 18	 25	 28	  4	 17
 94	 29	 12	 20	 14	 14	 13	 13	 16	 15	 14	 15	 12	 13	 14	 15	 13	 12	 23	 25	 24	 24	 23	 24	 24	 27	 24	 24	 25	 23	 22	 24	 23	 24	 14	 12	 15	 12	 16	 15	 17	 14	 15	 17	 16	 15	 15	 17	 15	 17	 57	 57	 30	 13	 25	 34	 13	 42	 17	 11	 22	 36	 16	 11	  7	 30	 37	 13	 39	 21	 42	 34	 44	 14	 10	 31	 41	 28	 47	 20	 35	 42	 17	 43	 39	 34	  5	 45	 39	 20	 40	 31	 30	 38	 27
 95	 27	 14	  7	 12	 14	 13	 13	 10	 11	 13	 11	 14	 13	 13	 12	 14	 14	 23	 23	 24	 23	 26	 24	 23	 28	 23	 24	 22	 23	 24	 24	 22	 24	 28	 29	 28	 25	 26	 29	 31	 28	 29	 30	 25	 29	 29	 30	 29	 30	 44	 44	  8	 24	 38	 40	 31	 18	 14	 15	 37	 11	  9	 25	 28	 38	 20	 12	 16	 16	 23	 10	 20	 16	 15	 39	 28	 18	 36	 32	 31	 18	  8	 20	 20	 13	 24	 22	 17	 31	 16	  9	 23	 37	 20	 25
 96	 36	 24	 16	 22	 23	 23	 23	 20	 21	 23	 21	 24	 23	 22	 21	 24	 24	 33	 33	 34	 33	 37	 34	 33	 38	 33	 34	 32	 33	 34	 33	 32	 34	 37	 37	 36	 34	 33	 37	 38	 36	 37	 37	 32	 37	 37	 38	 37	 38	 46	 46	 12	 36	 49	 49	 43	  7	 25	 26	 48	  5	 20	 34	 38	 49	 24	 23	 10	 21	 23	  8	 13	 27	 26	 50	 33	 26	 40	 43	 39	  7	 19	  8	 21	  5	 34	 10	  6	 42	 11	  5	 31	 45	 29	 36	 12
 97	 19	 18	 15	 17	 19	 18	 18	 15	 17	 18	 16	 18	 17	 18	 17	 19	 19	 16	 16	 17	 16	 20	 17	 16	 21	 16	 17	 15	 16	 18	 17	 15	 17	 34	 33	 34	 30	 32	 34	 36	 33	 34	 35	 31	 35	 34	 36	 35	 36	 35	 35	  7	 21	 33	 32	 29	 22	 11	 16	 33	 14	 12	 30	 31	 32	 13	 15	 15	 24	 17	 11	 20	 14	 19	 33	 20	  9	 28	 27	 22	 21	 12	 24	 14	 20	 27	 25	 23	 26	 16	 16	 15	 28	 12	 26	  9	 18
 98	 31	  3	  8	  3	  1	  2	  2	  4	  3	  2	  3	  3	  3	  2	  2	  1	  2	 25	 26	 26	 25	 26	 26	 26	 30	 26	 26	 25	 25	 25	 26	 24	 25	 15	 16	 15	 12	 14	 16	 18	 15	 16	 17	 13	 16	 16	 18	 16	 17	 54	 54	 21	 20	 34	 40	 24	 30	 15	  8	 32	 24	  7	 12	 15	 37	 31	  5	 29	 10	 35	 23	 33	 13	  5	 38	 37	 25	 45	 28	 36	 30	  7	 31	 32	 21	 12	 33	 26	 27	 29	 18	 29	 40	 25	 14	 14	 23	 19
 99	 10	 19	 21	 19	 21	 20	 20	 19	 20	 20	 19	 20	 19	 21	 21	 21	 20	  5	  5	  6	  5	  9	  6	  6	 10	  6	  7	  5	  5	  7	  6	  4	  6	 34	 32	 34	 30	 34	 35	 36	 33	 34	 36	 33	 34	 34	 36	 35	 36	 35	 35	 18	 13	 22	 22	 20	 33	  7	 15	 22	 25	 16	 30	 29	 21	 17	 17	 26	 29	 23	 22	 30	 10	 19	 22	 19	  7	 26	 17	 15	 32	 16	 35	 20	 30	 25	 37	 34	 15	 26	 26	  9	 20	  5	 22	 18	 28	 12	 21
100	 15	 22	 20	 21	 23	 22	 22	 20	 21	 22	 20	 22	 21	 22	 22	 23	 23	 14	 13	 14	 13	 17	 14	 14	 17	 14	 15	 12	 14	 15	 14	 12	 14	 38	 37	 37	 34	 36	 38	 40	 37	 38	 39	 36	 38	 38	 40	 38	 40	 31	 31	 10	 21	 31	 29	 29	 25	 12	 19	 32	 18	 16	 34	 34	 29	  9	 19	 17	 29	 14	 15	 21	 15	 22	 30	 15	  5	 23	 26	 18	 24	 16	 27	 11	 25	 30	 28	 27	 24	 17	 21	 10	 24	  8	 29	 14	 22	  6	 23	 10
