nVehicles:   9
nDepots:     1
nCustomers: 50
nPeriods:    9
VEHICLE_TYPE	FLEET_SIZE	CAPACITY
           4	         9	      38	
DEPOT   	X  	Y  	INV_COST	INITIAL_INV 	MIN_LEVEL_INV 	MAX_LEVEL_INV	PRODUCTION_0	PRODUCTION_1	PRODUCTION_2	PRODUCTION_3	PRODUCTION_4	PRODUCTION_5	PRODUCTION_6	PRODUCTION_7	PRODUCTION_8
       0	477	  4	       0	        671	            0	         2959	         333	         333	         333	         333	         333	         333	         333	         333	         333	
CUSTOMER	X  	Y  	INV_COST	INITIAL_INV	MIN_LEVEL_INV 	MAX_LEVEL_INV	DEMAND_0	DEMAND_1	DEMAND_2	DEMAND_3	DEMAND_4	DEMAND_5	DEMAND_6	DEMAND_7	DEMAND_8
       1	435	 72	    0.09	          5	            0	           66	       7	      10	      13	      13	      10	       7	       8	       8	      10
       2	404	 35	    0.03	          5	            0	           19	       4	       5	       5	       6	       5	       4	       3	       4	       4
       3	387	 25	     0.2	          4	            0	           31	       5	       6	       6	       7	       5	       5	       4	       4	       5
       4	407	 37	    0.27	         20	            0	           87	       9	      12	      12	       8	       7	       9	      11	      14	       8
       5	400	 27	    0.25	         13	            0	           37	       6	       8	       8	      10	       8	       6	       5	       7	      10
       6	389	 28	    0.18	          1	            0	           50	       6	       6	       7	       5	       5	       5	       8	       7	       6
       7	400	 39	    0.27	          5	            0	           10	       5	       5	       5	       5	       3	       3	       5	       6	       4
       8	410	  0	    0.11	          5	            0	           68	       6	      10	       8	      10	       6	       5	       6	       9	       8
       9	403	 33	    0.01	          8	            0	           37	       8	       9	      11	       8	       9	       6	       5	       6	       7
      10	422	 31	    0.19	          4	            0	           46	       6	       7	       7	       5	       4	       6	       7	       8	       7
      11	404	 27	    0.23	          5	            0	           36	       7	       8	       9	       9	       6	       6	       5	       5	       6
      12	349	 65	    0.12	         21	            0	           28	       9	      12	      10	       9	       7	      10	      12	      11	       7
      13	306	378	    0.13	         10	            0	           33	       5	       7	       7	       7	       6	       4	       4	       4	       7
      14	299	381	     0.1	         19	            0	           53	       7	      12	      11	       8	       6	       6	      11	      10	       8
      15	299	385	     0.3	          9	            0	           33	       5	       7	       6	       6	       5	       4	       4	       7	       7
      16	336	411	    0.23	          5	            0	           26	       5	       7	       7	       7	       5	       4	       5	       7	       7
      17	317	388	    0.01	          6	            0	           18	       7	       9	       8	       9	       6	       5	       7	       7	      10
      18	306	377	    0.24	         14	            0	           71	       7	      10	      10	      11	       9	       8	       6	       7	       7
      19	318	373	    0.14	          8	            0	           15	       6	       9	       9	       7	       5	       6	       7	       8	       7
      20	309	385	    0.28	          4	            0	           17	       6	       7	       8	       6	       5	       6	       5	       7	       9
      21	255	255	    0.04	         11	            0	           48	       9	      14	      11	       8	       6	      11	      12	       8	       8
      22	302	392	    0.27	          5	            0	           13	       6	       7	       8	       8	       7	       5	       5	       7	       8
      23	313	393	    0.09	          5	            0	           22	       6	       6	       7	       9	       6	       5	       5	       6	       7
      24	314	381	    0.22	         13	            0	           34	       6	       7	       9	       8	       7	       6	       5	       5	       5
      25	  0	  0	    0.03	          6	            0	           11	       4	       5	       7	       6	       4	       4	       4	       4	       5
      26	 63	 91	    0.08	          6	            0	           42	       4	       6	       6	       8	       6	       5	       5	       4	       5
      27	434	415	     0.2	         10	            0	           57	      10	      12	      10	      11	       9	       6	       8	       9	      10
      28	156	261	    0.09	          4	            0	           20	       5	       6	       5	       6	       4	       4	       4	       5	       5
      29	 12	411	    0.14	          8	            0	           47	       7	      10	      10	       8	       5	       5	      10	      10	       7
      30	459	251	    0.18	          3	            0	           55	       7	      13	      14	      12	       9	       6	       9	      11	      13
      31	238	370	    0.26	          6	            0	           13	       4	       6	       6	       6	       4	       3	       4	       4	       4
      32	124	  7	    0.04	          6	            0	           29	       5	       5	       6	       6	       6	       4	       4	       3	       4
      33	  7	 84	    0.28	          8	            0	           36	       4	       6	       6	       6	       6	       4	       3	       4	       5
      34	451	101	    0.14	          1	            0	           21	       4	       5	       6	       5	       4	       4	       4	       3	       4
      35	489	458	    0.01	          7	            0	           42	       6	       8	       8	       5	       4	       5	       9	       9	       6
      36	441	290	    0.16	         11	            0	           48	       8	       9	      10	      12	       8	       6	       6	       7	      11
      37	 13	412	    0.24	         14	            0	           34	       5	       9	       9	       9	       6	       5	       5	       5	       6
      38	355	 60	    0.04	          9	            0	           39	       4	       6	       6	       4	       4	       4	       6	       4	       4
      39	 93	472	     0.1	          7	            0	           24	       5	       5	       8	       5	       4	       4	       5	       6	       6
      40	402	176	    0.08	          7	            0	           10	       4	       5	       5	       6	       4	       4	       4	       4	       4
      41	 43	373	    0.09	          3	            0	           30	       5	       9	       7	       7	       5	       5	       7	       9	       7
      42	266	151	    0.07	          6	            0	           36	       5	       5	       6	       4	       3	       4	       6	       5	       4
      43	275	 28	    0.12	          5	            0	           21	       4	       6	       6	       4	       3	       4	       5	       5	       4
      44	 32	261	    0.22	          8	            0	            8	       4	       4	       6	       7	       5	       4	       3	       3	       4
      45	469	  3	    0.16	          6	            0	           42	       5	       6	       8	       5	       4	       5	       7	       6	       5
      46	229	107	    0.06	         20	            0	           67	       8	      12	      11	       9	       6	       7	      11	      14	      10
      47	392	451	    0.15	          1	            0	           35	       4	       7	       8	       6	       5	       4	       5	       6	       7
      48	453	392	       0	         15	            0	           35	       7	       9	      10	      12	      10	       6	       7	       7	      10
      49	 70	 19	    0.03	         19	            0	           22	       8	      12	      11	      10	       9	       6	      10	      11	      13
      50	472	407	    0.11	          9	            0	           14	       4	       5	       5	       5	       4	       3	       3	       4	       5
COST_MATRIX 
	  0	  1	  2	  3	  4	  5	  6	  7	  8	  9	 10	 11	 12	 13	 14	 15	 16	 17	 18	 19	 20	 21	 22	 23	 24	 25	 26	 27	 28	 29	 30	 31	 32	 33	 34	 35	 36	 37	 38	 39	 40	 41	 42	 43	 44	 45	 46	 47	 48	 49	 50
  0
  1	  8
  2	  8	  5
  3	 10	  7	  2
  4	  8	  5	  1	  3
  5	  9	  6	  1	  2	  2
  6	 10	  7	  2	  1	  3	  2
  7	  9	  5	  1	  2	  1	  2	  2
  8	  7	  8	  4	  4	  4	  3	  4	  5
  9	  8	  6	  1	  2	  1	  1	  2	  1	  4
 10	  7	  5	  2	  4	  2	  3	  4	  3	  4	  2
 11	  8	  6	  1	  2	  2	  1	  2	  2	  3	  1	  2
 12	 15	  9	  7	  6	  7	  7	  6	  6	  9	  7	  9	  7
 13	 42	 34	 36	 37	 36	 37	 36	 36	 40	 36	 37	 37	 32
 14	 42	 34	 37	 37	 37	 37	 37	 36	 40	 37	 38	 37	 32	  1
 15	 43	 35	 37	 38	 37	 38	 37	 37	 41	 37	 38	 38	 33	  1	  1
 16	 44	 36	 39	 39	 39	 39	 39	 38	 42	 39	 39	 39	 35	  5	  5	  5
 17	 42	 34	 37	 37	 37	 38	 37	 36	 40	 37	 38	 38	 33	  2	  2	  2	  3
 18	 42	 34	 36	 37	 36	 37	 36	 36	 40	 36	 37	 37	 32	  1	  1	  2	  5	  2
 19	 41	 33	 35	 36	 35	 36	 36	 35	 39	 36	 36	 36	 31	  2	  3	  3	  5	  2	  2
 20	 42	 34	 37	 37	 37	 37	 37	 36	 40	 37	 38	 38	 33	  1	  2	  2	  4	  1	  1	  2
 21	 34	 26	 27	 27	 27	 28	 27	 27	 30	 27	 28	 28	 22	 14	 14	 14	 18	 15	 14	 14	 15
 22	 43	 35	 38	 38	 38	 38	 38	 37	 41	 38	 39	 38	 34	  2	  2	  1	  4	  2	  2	  3	  1	 15
 23	 43	 35	 37	 38	 37	 38	 38	 37	 41	 38	 38	 38	 33	  2	  2	  2	  3	  1	  2	  3	  1	 15	  2
 24	 42	 34	 36	 37	 36	 37	 37	 36	 40	 36	 37	 37	 32	  1	  2	  2	  4	  1	  1	  1	  1	 14	  2	  2
 25	 48	 45	 41	 39	 41	 41	 40	 41	 42	 41	 43	 41	 36	 49	 49	 49	 54	 51	 49	 50	 50	 37	 50	 51	 50
 26	 43	 38	 35	 34	 35	 35	 34	 35	 36	 35	 37	 35	 29	 38	 38	 38	 43	 40	 38	 39	 39	 26	 39	 40	 39	 12
 27	 42	 35	 39	 40	 38	 39	 39	 38	 42	 39	 39	 39	 37	 14	 14	 14	 10	 13	 14	 13	 13	 25	 14	 13	 13	 61	 50
 28	 42	 34	 34	 34	 34	 34	 33	 33	 37	 34	 36	 35	 28	 20	 19	 19	 24	 21	 19	 20	 20	 10	 20	 21	 20	 31	 20	 32
 29	 62	 55	 55	 54	 55	 55	 54	 54	 58	 55	 56	 55	 49	 30	 29	 29	 33	 31	 30	 31	 30	 29	 30	 31	 31	 42	 33	 43	 21
 30	 25	 19	 23	 24	 23	 24	 24	 23	 26	 23	 23	 24	 22	 20	 21	 21	 21	 20	 20	 19	 21	 21	 22	 21	 20	 53	 43	 17	 31	 48
 31	 44	 36	 38	 38	 38	 38	 38	 37	 41	 38	 39	 39	 33	  7	  7	  7	 11	  9	  7	  9	  8	 12	  7	  8	  8	 44	 33	 21	 14	 23	 26
 32	 36	 32	 29	 27	 29	 28	 27	 28	 29	 29	 30	 29	 24	 42	 42	 42	 46	 43	 42	 42	 43	 29	 43	 43	 42	 13	 11	 52	 26	 42	 42	 39
 33	 48	 43	 41	 39	 41	 40	 39	 40	 42	 40	 42	 41	 35	 42	 42	 42	 47	 44	 42	 43	 43	 31	 43	 44	 43	  9	  6	 55	 24	 33	 49	 37	 15
 34	 11	  4	  9	 10	  8	  9	 10	  9	 11	  9	  8	  9	 11	 32	 32	 33	 34	 32	 32	 31	 32	 25	 33	 33	 32	 47	 39	 32	 34	 54	 16	 35	 35	 45
 35	 46	 39	 44	 45	 43	 45	 45	 43	 47	 44	 44	 44	 42	 20	 21	 21	 17	 19	 21	 20	 20	 31	 20	 19	 20	 67	 57	  7	 39	 48	 21	 27	 59	 62	 36
 36	 29	 22	 26	 28	 26	 27	 27	 26	 30	 26	 26	 27	 25	 17	 17	 18	 17	 16	 17	 15	 17	 19	 18	 17	 16	 53	 43	 13	 29	 45	  5	 22	 43	 49	 19	 18
 37	 62	 55	 55	 54	 55	 55	 54	 54	 58	 55	 56	 55	 49	 30	 29	 29	 33	 31	 30	 31	 30	 29	 29	 31	 31	 42	 33	 43	 21	  1	 48	 23	 42	 33	 54	 48	 45
 38	 14	  9	  6	  5	  6	  6	  5	  5	  9	  6	  8	  6	  1	 33	 33	 33	 36	 34	 33	 32	 33	 22	 34	 34	 33	 37	 30	 37	 29	 50	 22	 34	 24	 35	 11	 42	 25	 50
 39	 61	 53	 54	 54	 54	 55	 54	 54	 57	 54	 56	 55	 49	 24	 23	 23	 26	 24	 24	 25	 24	 28	 23	 24	 24	 49	 39	 35	 23	 11	 43	 18	 47	 40	 52	 40	 40	 11	 49
 40	 19	 11	 15	 16	 14	 15	 15	 14	 18	 15	 15	 15	 13	 23	 23	 24	 25	 23	 23	 22	 23	 17	 24	 24	 23	 44	 35	 25	 27	 46	 10	 26	 33	 41	  9	 30	 13	 46	 13	 43
 41	 57	 50	 50	 49	 50	 50	 49	 49	 53	 50	 52	 51	 44	 27	 26	 26	 30	 28	 27	 28	 27	 25	 26	 28	 28	 38	 29	 40	 16	  5	 44	 20	 38	 30	 50	 46	 41	  5	 45	 12	 41
 42	 26	 19	 19	 18	 19	 19	 18	 18	 21	 19	 20	 19	 12	 24	 24	 24	 27	 25	 23	 23	 24	 11	 25	 25	 24	 31	 22	 32	 16	 37	 22	 23	 21	 27	 20	 38	 23	 37	 13	 37	 14	 32
 43	 21	 17	 13	 12	 14	 13	 12	 13	 14	 13	 15	 13	  9	 36	 36	 36	 39	 37	 36	 35	 36	 23	 37	 37	 36	 28	 23	 42	 27	 47	 29	 35	 16	 28	 20	 49	 32	 47	  9	 48	 20	 42	 13
 44	 52	 45	 44	 43	 44	 44	 43	 43	 46	 44	 46	 44	 38	 30	 30	 30	 34	 32	 30	 31	 31	 23	 31	 32	 31	 27	 18	 44	 13	 16	 43	 24	 28	 18	 45	 50	 42	 16	 39	 22	 38	 12	 26	 34
 45	  1	  8	  8	  9	  8	  8	  9	  8	  6	  8	  6	  7	 14	 41	 42	 42	 43	 42	 41	 40	 42	 34	 43	 43	 41	 47	 42	 42	 41	 62	 25	 44	 35	 47	 10	 46	 29	 62	 13	 61	 19	 57	 26	 20	 51
 46	 27	 21	 19	 18	 20	 19	 18	 19	 22	 19	 21	 20	 13	 29	 29	 29	 33	 30	 29	 29	 29	 16	 30	 30	 29	 26	 17	 37	 18	 38	 28	 27	 15	 23	 23	 44	 29	 38	 14	 39	 19	 33	  6	 10	 26	 27
 47	 46	 39	 42	 43	 42	 43	 43	 42	 46	 42	 43	 43	 39	 12	 12	 12	  7	 10	 12	 11	 11	 24	 11	 10	 11	 60	 49	  6	 31	 39	 22	 18	 52	 54	 36	 10	 17	 39	 40	 30	 28	 36	 33	 44	 41	 46	 39
 48	 39	 33	 37	 38	 36	 37	 37	 36	 40	 37	 37	 37	 35	 15	 16	 16	 12	 14	 15	 14	 15	 25	 16	 15	 14	 60	 50	  3	 33	 45	 15	 22	 51	 55	 30	  8	 11	 45	 35	 37	 23	 42	 31	 41	 45	 39	 37	  9
 49	 41	 37	 34	 32	 34	 34	 32	 34	 35	 34	 36	 34	 29	 43	 43	 44	 48	 45	 43	 44	 44	 30	 44	 45	 44	  8	  8	 54	 26	 40	 46	 39	  6	 10	 39	 61	 46	 40	 29	 46	 37	 36	 24	 21	 25	 40	 19	 54	 54
 50	 41	 34	 38	 40	 38	 39	 39	 38	 42	 39	 38	 39	 37	 17	 18	 18	 14	 16	 17	 16	 17	 27	 18	 16	 17	 63	 52	  4	 35	 47	 16	 24	 54	 57	 31	  6	 13	 46	 37	 39	 25	 44	 33	 43	 47	 41	 39	 10	  3	 56
