nVehicles:   19
nDepots:      1
nCustomers: 100
nPeriods:    12
VEHICLE_TYPE	FLEET_SIZE	CAPACITY
           4	        19	      38	
DEPOT   	X  	Y  	INV_COST	INITIAL_INV 	MIN_LEVEL_INV 	MAX_LEVEL_INV	PRODUCTION_0	PRODUCTION_1	PRODUCTION_2	PRODUCTION_3	PRODUCTION_4	PRODUCTION_5	PRODUCTION_6	PRODUCTION_7	PRODUCTION_8	PRODUCTION_9	PRODUCTION_10	PRODUCTION_11
       0	 46	376	       0	        930	            0	         8626	         722	         722	         722	         722	         722	         722	         722	         722	         722	         722	          722	          722	
CUSTOMER	X  	Y  	INV_COST	INITIAL_INV	MIN_LEVEL_INV 	MAX_LEVEL_INV	DEMAND_0	DEMAND_1	DEMAND_2	DEMAND_3	DEMAND_4	DEMAND_5	DEMAND_6	DEMAND_7	DEMAND_8	DEMAND_9	DEMAND_10	DEMAND_11
       1	142	106	    0.13	         22	            0	           75	      10	      12	      10	       6	       7	       9	      10	      14	      12	      12	        8	        6
       2	140	100	    0.22	         20	            0	           42	      11	       9	       7	       5	       5	       6	       7	      10	      10	       8	        5	        7
       3	153	 77	    0.19	          9	            0	           36	      10	      10	       6	       6	       8	      11	      11	      10	       5	       7	       10	        9
       4	181	137	     0.3	         25	            0	           90	      14	      13	      10	       8	       6	       9	      13	      12	      11	      10	        7	        6
       5	146	127	    0.02	          5	            0	           32	       8	       7	       5	       4	       6	       8	       6	       5	       4	       5	        7	        6
       6	139	104	    0.03	          4	            0	           42	      11	       8	       6	       5	       7	      10	      10	       9	       6	       6	        5	       10
       7	168	146	    0.12	         17	            0	           74	       9	       9	       7	       7	       6	       8	       9	       9	       6	       6	        8	        9
       8	147	132	    0.23	         16	            0	           80	      10	       9	       9	       7	       7	       7	       9	       9	       9	      10	        6	        7
       9	140	 58	     0.3	         10	            0	           23	       8	       6	       4	       3	       5	       6	       7	       5	       4	       3	        5	        6
      10	148	 94	    0.29	         12	            0	           60	       6	       6	       5	       4	       5	       6	       6	       6	       5	       4	        4	        6
      11	135	 91	    0.18	         12	            0	           54	       8	       9	       6	       4	       4	       7	       7	       9	       7	       7	        5	        4
      12	140	108	    0.05	         19	            0	          105	      14	      13	       8	       7	      11	      10	      11	       7	       6	      10	       13	       14
      13	142	111	    0.07	         12	            0	           21	       8	      10	       8	       6	       6	       6	       8	      10	       9	       8	        7	        6
      14	195	123	    0.04	          9	            0	           45	       8	       6	       4	       5	       5	       7	       6	       4	       5	       5	        6	        5
      15	146	110	    0.05	         10	            0	           60	       7	       5	       5	       4	       5	       4	       6	       7	       6	       5	        5	        4
      16	116	 76	    0.25	         17	            0	           90	       9	      10	       6	       5	       6	       8	      11	       9	       6	       6	        6	        9
      17	423	470	     0.3	         18	            0	           24	      10	      12	       8	       6	       7	       9	      11	      12	      14	      13	        8	        8
      18	441	461	    0.01	         12	            0	           32	      11	       9	       7	       6	       6	       8	      11	       8	       8	       5	        6	        7
      19	456	471	    0.15	          8	            0	           34	       6	       6	       4	       4	       6	       6	       5	       3	       4	       6	        5	        4
      20	452	451	    0.28	         11	            0	           51	       7	       9	       7	       6	       4	       6	       6	       9	       9	       7	        6	        5
      21	437	479	    0.23	         15	            0	           87	       9	      11	       7	       8	      11	      12	       7	       6	       8	       9	        9	        7
      22	426	469	    0.24	          3	            0	           28	       6	       7	       5	       4	       5	       6	       6	       5	       4	       5	        5	        8
      23	404	430	    0.13	          6	            0	           42	       6	       5	       4	       3	       5	       6	       5	       4	       3	       6	        6	        5
      24	427	471	    0.15	          6	            0	           17	       5	       6	       5	       4	       4	       3	       4	       5	       6	       6	        4	        4
      25	424	484	     0.2	         17	            0	          111	      14	      13	       8	       6	       6	       8	      11	      14	      11	       8	        8	        7
      26	444	479	    0.23	          4	            0	           22	      11	      10	       7	       7	       7	       7	      12	      10	      10	       9	        7	        6
      27	426	474	    0.02	          2	            0	           88	      12	      12	       8	       8	      10	      12	       9	       8	       8	       9	       11	       10
      28	418	493	    0.16	          4	            0	           23	       6	       6	       4	       5	       5	       7	       6	       5	       4	       3	        6	        6
      29	448	480	     0.1	          3	            0	           55	      12	       9	       8	       6	       9	      12	      13	      13	       9	       6	        8	       10
      30	406	489	    0.04	          9	            0	           57	      10	       9	       9	       6	       5	       6	       6	      10	      11	       9	        7	        6
      31	409	473	    0.29	         15	            0	           47	       9	       7	       6	       6	       6	       8	       8	       5	       4	       5	        7	        9
      32	429	470	    0.25	         10	            0	           52	      11	       8	       6	       6	       9	       9	       7	       5	       9	       9	       11	        6
      33	370	 67	    0.25	          5	            0	           15	       5	       4	       4	       3	       4	       6	       5	       3	       4	       4	        6	        5
      34	368	 60	    0.14	         17	            0	           60	      10	       8	       5	       6	       6	      10	       8	       6	       5	       6	        7	        8
      35	384	 88	    0.21	          4	            0	           34	       5	       5	       3	       4	       5	       6	       5	       4	       4	       6	        6	        5
      36	372	 59	    0.25	          7	            0	           24	       7	       7	       6	       4	       5	       6	       7	       7	       8	       7	        5	        5
      37	368	 71	    0.26	          8	            0	           57	       7	       7	       4	       5	       6	       7	       7	       5	       3	       4	        8	        7
      38	372	 61	    0.01	          1	            0	           34	       5	       4	       4	       4	       4	       5	       6	       5	       4	       3	        4	        4
      39	371	 62	    0.19	         17	            0	           28	      11	      10	       7	       6	       9	      12	      10	       9	       8	       7	       11	       13
      40	371	 64	     0.1	         10	            0	           64	       7	       6	       6	       5	       5	       7	       9	       8	       6	       4	        5	        6
      41	361	 65	    0.23	         20	            0	           48	      10	      12	       7	       6	       7	      10	      13	       8	       7	       7	        8	       13
      42	363	 53	    0.19	          3	            0	           70	      11	       9	       7	       7	       8	      11	      10	       7	       7	       8	        9	       10
      43	347	 70	     0.1	         10	            0	           66	       7	       6	       5	       4	       5	       8	       7	       5	       4	       5	        6	        8
      44	376	 49	    0.24	         10	            0	           53	       5	       5	       3	       3	       5	       5	       5	       5	       4	       3	        5	        6
      45	337	 37	    0.29	         11	            0	           40	      12	      10	       6	       6	       6	      10	      12	       9	       7	       5	        7	        9
      46	378	 35	    0.07	         19	            0	           69	      10	      10	       6	       7	       8	      12	      12	       7	       8	       9	       12	        9
      47	345	 47	    0.04	          2	            0	           42	       7	       8	       4	       5	       8	       7	       6	       4	       6	       7	        7	        6
      48	364	 65	    0.07	         10	            0	           28	       8	       7	       5	       5	       6	       8	       8	       5	       5	       7	        9	        8
      49	  0	  0	    0.16	         12	            0	           81	      12	      11	       8	       7	       6	       8	      11	      13	       9	       8	        7	        7
      50	  0	  0	    0.26	         12	            0	           63	      10	       8	       5	       4	       5	       6	       7	       7	       5	       4	        5	        7
      51	190	368	    0.25	         11	            0	           14	       6	       5	       4	       3	       5	       5	       5	       3	       4	       5	        6	        4
      52	426	328	    0.19	          6	            0	           85	      12	       9	       8	       8	       9	      13	      11	       8	       8	       6	       12	       13
      53	479	144	    0.07	          2	            0	           35	      12	      11	       7	       6	       9	      12	      10	       8	       7	       8	       10	       11
      54	203	449	    0.25	          3	            0	           87	       9	       9	       7	       7	       6	       8	      11	       9	      12	       9	        7	        5
      55	333	  3	     0.3	          5	            0	           71	       7	       8	       5	       5	       6	       7	       7	       6	       4	       6	        9	        7
      56	410	240	       0	         22	            0	           53	      12	      10	       8	       7	       6	       7	      11	      13	      13	       9	        9	        7
      57	 27	110	    0.04	         12	            0	           62	      10	      10	       8	       6	       6	       8	      10	      11	       8	       8	        4	        7
      58	 27	282	    0.29	         21	            0	           65	      11	      10	       6	       7	       7	      12	       9	       9	       8	       5	        7	       11
      59	393	187	    0.06	          9	            0	           65	       8	       7	       5	       5	       9	       8	       6	       6	       6	       9	       10	        8
      60	363	461	    0.25	         16	            0	           41	      10	       8	       8	       5	       5	       7	       7	      10	       8	       8	        7	        6
      61	 65	 99	    0.08	         11	            0	          103	      11	      12	       7	       6	      11	      11	      10	       9	       7	       9	       11	       11
      62	251	318	    0.05	         15	            0	           73	       9	       8	       6	       5	       5	       6	       6	       7	       7	       8	        5	        4
      63	 81	 58	    0.07	         14	            0	           68	       7	       7	       6	       5	       6	       8	       7	       8	       6	       5	        5	        6
      64	103	358	    0.12	          7	            0	           39	       5	       4	       4	       4	       5	       6	       4	       3	       4	       6	        5	        4
      65	238	178	    0.15	         16	            0	           82	       9	      11	       9	       5	       7	       9	      12	      11	       9	       9	        7	        6
      66	464	457	    0.05	          5	            0	           63	      12	      12	      10	       7	       8	      10	      12	      13	      10	       7	        6	        7
      67	 72	221	    0.04	         15	            0	           41	       8	       7	       6	       4	       5	       5	       8	       7	       9	       7	        4	        5
      68	422	256	    0.21	          8	            0	          100	      14	      12	       7	       8	       9	      12	      12	       8	       6	      10	       11	       10
      69	367	260	    0.23	         17	            0	           64	      13	       9	       8	       5	       8	       8	       9	       9	       7	       7	        8	       10
      70	298	343	    0.21	          6	            0	           49	       5	       5	       3	       3	       4	       6	       5	       5	       3	       3	        4	        5
      71	234	341	     0.2	          8	            0	           38	       5	       5	       4	       4	       3	       5	       5	       6	       5	       4	        4	        3
      72	 19	352	    0.01	          1	            0	           75	       9	       6	       5	       5	       6	       8	       9	       5	       5	       7	        7	        9
      73	 62	411	    0.17	         13	            0	           80	      10	       8	       8	       6	       5	       4	       6	       6	       7	       9	        7	        5
      74	311	293	    0.26	         12	            0	           63	      10	       8	       9	       7	       5	       7	       9	      10	       9	      10	        7	        7
      75	405	381	    0.24	          1	            0	           30	       8	       7	       6	       4	       4	       5	       7	       7	       7	       5	        4	        4
      76	151	260	    0.27	         12	            0	           68	       7	       7	       7	       5	       5	       7	       6	       9	       6	       5	        5	        5
      77	398	271	     0.1	          8	            0	           64	       7	       6	       5	       5	       4	       6	       6	       6	       6	       5	        4	        4
      78	342	194	     0.1	         15	            0	           51	      10	      10	       7	       6	       5	       8	       9	       9	       9	       7	        6	        7
      79	 84	 35	    0.05	          2	            0	           21	       6	       5	       4	       3	       5	       6	       5	       4	       4	       5	        5	        4
      80	155	323	    0.29	          5	            0	           87	      11	       8	       8	       6	       6	       8	      11	       9	       5	       7	        8	        8
      81	150	188	    0.06	         12	            0	           33	      12	      10	       8	       6	      12	      10	       9	       7	       8	      10	       14	        8
      82	439	 10	    0.27	         12	            0	           81	       8	      10	       7	       6	       6	       6	       9	       9	      10	       7	        5	        5
      83	 17	432	    0.14	          4	            0	           70	       9	       7	       6	       6	       9	       9	       7	       5	       7	       8	        9	        8
      84	448	210	    0.15	         11	            0	           61	       6	       7	       6	       4	       4	       6	       6	       6	       7	       5	        4	        4
      85	495	419	    0.14	         11	            0	           41	      11	      10	       8	       6	       8	      10	      11	      10	       6	       7	        7	       10
      86	148	189	    0.06	         10	            0	           52	       6	       5	       5	       3	       3	       3	       6	       6	       5	       4	        4	        3
      87	171	351	    0.14	         18	            0	           46	      10	       8	       8	       6	       5	       6	       7	       6	       8	       7	        8	        6
      88	195	223	    0.07	          8	            0	           43	      10	       9	       6	       6	       5	       8	      10	      11	       8	       6	        5	        9
      89	137	149	    0.17	         16	            0	           78	       9	       9	       5	       6	       7	       9	       8	       5	       5	       8	        8	        9
      90	300	407	    0.14	         17	            0	           68	      11	      10	      10	       7	       7	       9	      12	      14	      12	       8	        7	        7
      91	134	384	     0.3	          5	            0	           54	      12	      12	       9	       8	       7	       8	       8	      10	      10	      11	       10	        8
      92	177	312	    0.05	         11	            0	           64	       8	       6	       4	       4	       6	       7	       7	       5	       5	       5	        7	        6
      93	141	304	     0.2	          8	            0	           79	       9	       7	       6	       4	       8	       8	       6	       5	       5	       8	        9	        6
      94	496	162	    0.08	          4	            0	           62	       8	       7	       5	       4	       4	       6	       8	       6	       5	       4	        4	        5
      95	 37	 51	    0.02	         15	            0	           36	      11	       9	       9	       5	       5	       7	       8	      10	      11	       8	        5	        6
      96	351	232	    0.19	         13	            0	           60	       8	       6	       6	       5	       3	       5	       6	       6	       7	       5	        4	        4
      97	 65	438	    0.16	          3	            0	           64	       8	       6	       4	       5	       5	       7	       6	       5	       4	       6	        8	        4
      98	445	228	    0.01	         16	            0	           50	      11	       8	       6	       7	       9	       9	       9	       5	       6	       9	       10	        8
      99	194	 26	    0.26	          3	            0	           21	      12	      11	       7	       6	       7	       8	       9	      10	       9	       7	        7	        9
     100	178	245	    0.03	         12	            0	           44	      11	      11	       9	       8	      11	      12	      11	       8	       8	      11	       11	       11
COST_MATRIX 
	  0	  1	  2	  3	  4	  5	  6	  7	  8	  9	 10	 11	 12	 13	 14	 15	 16	 17	 18	 19	 20	 21	 22	 23	 24	 25	 26	 27	 28	 29	 30	 31	 32	 33	 34	 35	 36	 37	 38	 39	 40	 41	 42	 43	 44	 45	 46	 47	 48	 49	 50	 51	 52	 53	 54	 55	 56	 57	 58	 59	 60	 61	 62	 63	 64	 65	 66	 67	 68	 69	 70	 71	 72	 73	 74	 75	 76	 77	 78	 79	 80	 81	 82	 83	 84	 85	 86	 87	 88	 89	 90	 91	 92	 93	 94	 95	 96	 97	 98	 99	100
  0
  1	 29
  2	 30	  1
  3	 32	  4	  3
  4	 28	  5	  6	  7
  5	 27	  3	  3	  6	  4
  6	 29	  1	  1	  4	  6	  3
  7	 27	  5	  6	  8	  2	  3	  6
  8	 27	  3	  4	  6	  4	  1	  3	  3
  9	 34	  5	  5	  3	  9	  7	  5	 10	  8
 10	 30	  2	  2	  2	  6	  4	  2	  6	  4	  4
 11	 30	  2	  2	  3	  7	  4	  2	  7	  5	  4	  2
 12	 29	  1	  1	  4	  6	  2	  1	  5	  3	  6	  2	  2
 13	 29	  1	  2	  4	  5	  2	  1	  5	  3	  6	  2	  3	  1
 14	 30	  6	  6	  7	  2	  5	  6	  4	  5	  9	  6	  7	  6	  6
 15	 29	  1	  2	  4	  5	  2	  1	  5	  3	  6	  2	  3	  1	  1	  6
 16	 31	  4	  4	  4	  9	  6	  4	  9	  7	  4	  4	  3	  5	  5	 10	  5
 17	 39	 46	 47	 48	 42	 45	 47	 42	 44	 50	 47	 48	 46	 46	 42	 46	 50
 18	 41	 47	 48	 49	 42	 45	 47	 42	 45	 51	 47	 49	 47	 47	 42	 46	 51	  3
 19	 43	 49	 49	 50	 44	 47	 49	 44	 46	 53	 49	 50	 49	 48	 44	 48	 53	  4	  2
 20	 42	 47	 47	 48	 42	 45	 47	 42	 45	 51	 47	 48	 47	 47	 42	 46	 51	  4	  2	  3
 21	 41	 48	 49	 50	 43	 46	 48	 43	 46	 52	 49	 50	 48	 48	 44	 47	 52	  2	  2	  3	  4
 22	 40	 47	 47	 48	 42	 45	 47	 42	 44	 51	 47	 48	 47	 46	 42	 46	 51	  1	  2	  4	  4	  2
 23	 37	 42	 43	 44	 37	 40	 43	 37	 40	 46	 43	 44	 42	 42	 38	 42	 46	  5	  5	  7	  6	  6	  5
 24	 40	 47	 47	 48	 42	 45	 47	 42	 44	 51	 47	 48	 47	 46	 42	 46	 51	  1	  2	  3	  4	  2	  1	  5
 25	 40	 48	 48	 49	 43	 46	 48	 43	 45	 52	 48	 49	 48	 47	 43	 47	 52	  2	  3	  4	  5	  2	  2	  6	  2
 26	 42	 48	 49	 50	 44	 47	 49	 44	 46	 52	 49	 50	 48	 48	 44	 48	 52	  3	  2	  2	  3	  1	  3	  7	  2	  3
 27	 40	 47	 48	 49	 42	 45	 47	 42	 45	 51	 48	 49	 47	 47	 43	 46	 51	  1	  2	  4	  4	  2	  1	  5	  1	  2	  2
 28	 39	 48	 49	 50	 43	 46	 48	 43	 46	 52	 49	 50	 48	 48	 44	 47	 52	  3	  4	  5	  6	  3	  3	  7	  3	  2	  3	  3
 29	 42	 49	 49	 50	 44	 47	 49	 44	 47	 53	 49	 50	 49	 48	 44	 48	 53	  3	  3	  2	  3	  2	  3	  7	  3	  3	  1	  3	  4
 30	 38	 47	 48	 49	 42	 45	 47	 42	 45	 51	 48	 49	 47	 47	 43	 46	 51	  3	  5	  6	  6	  4	  3	  6	  3	  2	  4	  3	  2	  5
 31	 38	 46	 46	 48	 41	 44	 46	 41	 44	 50	 47	 48	 46	 45	 42	 45	 50	  2	  4	  5	  5	  3	  2	  5	  2	  2	  4	  2	  3	  4	  2
 32	 40	 47	 47	 49	 42	 45	 47	 42	 45	 51	 47	 48	 47	 46	 42	 46	 51	  1	  2	  3	  3	  2	  1	  5	  1	  2	  2	  1	  3	  3	  3	  3
 33	 45	 24	 24	 22	 21	 24	 24	 22	 24	 24	 23	 24	 24	 24	 19	 23	 26	 41	 41	 42	 40	 42	 41	 37	 41	 43	 42	 42	 43	 43	 43	 41	 41
 34	 46	 24	 24	 22	 21	 24	 24	 22	 24	 23	 23	 24	 24	 24	 19	 23	 26	 42	 41	 43	 40	 43	 42	 38	 42	 43	 43	 42	 44	 43	 44	 42	 42	  1
 35	 45	 25	 25	 24	 21	 25	 25	 23	 25	 25	 24	 25	 25	 25	 20	 24	 27	 39	 38	 39	 37	 40	 39	 35	 39	 40	 40	 39	 41	 40	 41	 39	 39	  3	  4
 36	 46	 24	 24	 22	 21	 24	 24	 23	 24	 24	 23	 24	 24	 24	 19	 24	 26	 42	 41	 43	 41	 43	 42	 38	 42	 43	 43	 42	 44	 43	 44	 42	 42	  1	  1	  4
 37	 45	 23	 23	 22	 20	 23	 24	 22	 23	 23	 23	 24	 24	 23	 19	 23	 26	 41	 40	 41	 39	 42	 41	 37	 41	 42	 42	 41	 43	 42	 42	 41	 41	  1	  2	  3	  2
 38	 46	 24	 24	 22	 21	 24	 24	 23	 24	 24	 23	 24	 24	 24	 19	 24	 26	 42	 41	 42	 40	 43	 42	 38	 42	 43	 43	 42	 44	 43	 43	 42	 42	  1	  1	  3	  1	  2
 39	 46	 24	 24	 22	 21	 24	 24	 22	 24	 24	 23	 24	 24	 24	 19	 24	 26	 42	 41	 42	 40	 43	 42	 37	 42	 43	 43	 42	 44	 43	 43	 42	 42	  1	  1	  3	  1	  1	  1
 40	 46	 24	 24	 22	 21	 24	 24	 22	 24	 24	 23	 24	 24	 24	 19	 23	 26	 41	 41	 42	 40	 43	 41	 37	 42	 43	 43	 42	 44	 43	 43	 42	 42	  1	  1	  3	  1	  1	  1	  1
 41	 45	 23	 23	 21	 20	 23	 23	 21	 23	 23	 22	 23	 23	 23	 18	 22	 25	 41	 41	 42	 40	 43	 41	 37	 42	 43	 43	 42	 44	 43	 43	 42	 42	  1	  1	  4	  2	  1	  2	  2	  2
 42	 46	 23	 23	 22	 21	 23	 23	 22	 23	 23	 22	 24	 23	 23	 19	 23	 25	 43	 42	 43	 41	 44	 43	 38	 43	 44	 44	 43	 45	 44	 44	 43	 43	  2	  1	  5	  2	  2	  2	  2	  2	  2
 43	 43	 21	 21	 20	 18	 21	 22	 20	 21	 21	 21	 22	 22	 21	 17	 21	 24	 41	 41	 42	 40	 42	 41	 37	 41	 43	 43	 42	 43	 43	 43	 41	 41	  3	  3	  5	  3	  3	  3	  3	  3	  2	  3
 44	 47	 25	 25	 23	 22	 25	 25	 23	 25	 24	 24	 25	 25	 25	 20	 24	 27	 43	 42	 43	 41	 44	 43	 39	 43	 44	 44	 43	 45	 44	 45	 43	 43	  2	  2	  4	  2	  3	  2	  2	  2	  3	  2	  4
 45	 45	 21	 21	 19	 19	 22	 21	 21	 22	 20	 20	 21	 21	 21	 17	 21	 23	 45	 44	 46	 43	 46	 45	 40	 45	 46	 46	 45	 47	 46	 46	 45	 45	  5	  4	  7	  5	  5	  5	  5	  5	  4	  4	  4	  5
 46	 48	 25	 25	 23	 23	 25	 25	 24	 26	 24	 24	 25	 25	 25	 21	 25	 27	 44	 44	 45	 43	 45	 44	 40	 44	 46	 45	 45	 46	 46	 46	 44	 44	  4	  3	  6	  3	  4	  3	  3	  3	  4	  3	  5	  2	  5
 47	 45	 22	 22	 20	 19	 22	 22	 21	 22	 21	 21	 22	 22	 22	 17	 21	 24	 44	 43	 44	 42	 45	 43	 39	 44	 45	 45	 44	 46	 45	 45	 44	 44	  4	  3	  6	  3	  4	  4	  4	  4	  3	  2	  3	  4	  2	  4
 48	 45	 23	 23	 22	 20	 23	 23	 22	 23	 23	 22	 24	 23	 23	 18	 23	 25	 41	 41	 42	 40	 43	 41	 37	 42	 43	 43	 42	 44	 43	 43	 42	 42	  1	  1	  4	  2	  1	  1	  1	  1	  1	  2	  2	  3	  4	  4	  3
 49	 38	 18	 18	 18	 23	 20	 18	 23	 20	 16	 18	 17	 18	 19	 24	 19	 14	 64	 64	 66	 64	 65	 64	 60	 64	 65	 66	 64	 65	 66	 64	 63	 64	 38	 38	 40	 38	 38	 38	 38	 38	 37	 37	 36	 38	 34	 38	 35	 37
 50	 38	 18	 18	 18	 23	 20	 18	 23	 20	 16	 18	 17	 18	 19	 24	 19	 14	 64	 64	 66	 64	 65	 64	 60	 64	 65	 66	 64	 65	 66	 64	 63	 64	 38	 38	 40	 38	 38	 38	 38	 38	 37	 37	 36	 38	 34	 38	 35	 37	  1
 51	 15	 27	 28	 30	 24	 25	 27	 23	 24	 32	 28	 29	 27	 27	 25	 27	 31	 26	 27	 29	 28	 28	 26	 23	 26	 27	 28	 26	 27	 29	 25	 25	 26	 36	 36	 35	 36	 35	 36	 36	 36	 35	 36	 34	 37	 37	 39	 36	 35	 42	 42
 52	 39	 37	 37	 38	 32	 35	 37	 32	 35	 40	 37	 38	 37	 36	 31	 36	 40	 15	 14	 15	 13	 16	 15	 11	 15	 16	 16	 15	 17	 16	 17	 15	 15	 27	 28	 25	 28	 27	 28	 28	 27	 28	 29	 27	 29	 31	 30	 30	 28	 54	 54	 24
 53	 50	 34	 35	 34	 30	 34	 35	 32	 34	 35	 34	 35	 35	 34	 29	 34	 37	 34	 32	 33	 31	 34	 33	 30	 34	 35	 34	 34	 36	 34	 36	 34	 33	 14	 14	 12	 14	 14	 14	 14	 14	 15	 15	 16	 15	 18	 15	 17	 14	 51	 51	 37	 20
 54	 18	 35	 36	 38	 32	 33	 36	 31	 33	 40	 36	 37	 35	 35	 33	 35	 39	 23	 24	 26	 25	 24	 23	 21	 23	 23	 25	 23	 22	 25	 21	 21	 23	 42	 43	 41	 43	 42	 43	 43	 43	 42	 43	 41	 44	 44	 45	 43	 42	 50	 50	  9	 26	 42
 55	 48	 22	 22	 20	 21	 23	 22	 22	 23	 21	 21	 22	 22	 22	 19	 22	 23	 48	 48	 49	 47	 49	 48	 44	 48	 49	 49	 49	 50	 50	 50	 48	 48	  8	  7	 10	  7	  8	  7	  8	  8	  7	  6	  7	  7	  4	  6	  5	  7	 34	 34	 40	 34	 21	 47
 56	 39	 30	 31	 31	 26	 29	 31	 26	 29	 33	 30	 32	 31	 30	 25	 30	 34	 24	 23	 24	 22	 25	 23	 20	 24	 25	 25	 24	 26	 25	 25	 24	 24	 18	 19	 16	 19	 18	 19	 19	 19	 19	 20	 19	 20	 22	 21	 21	 19	 48	 48	 26	  9	 12	 30	 25
 57	 27	 12	 12	 14	 16	 13	 12	 15	 13	 13	 13	 11	 12	 12	 17	 12	 10	 54	 55	 57	 55	 56	 54	 50	 54	 55	 56	 55	 55	 57	 54	 53	 54	 35	 35	 36	 35	 35	 35	 35	 35	 34	 35	 33	 36	 32	 36	 33	 34	 12	 12	 31	 46	 46	 39	 33	 41
 58	 10	 22	 22	 25	 22	 20	 22	 20	 20	 26	 23	 22	 21	 21	 24	 21	 23	 44	 46	 47	 46	 46	 45	 41	 45	 45	 47	 45	 45	 47	 44	 43	 45	 41	 41	 41	 42	 41	 41	 41	 41	 40	 41	 39	 42	 40	 43	 40	 41	 29	 29	 19	 41	 48	 25	 42	 39	 18
 59	 40	 27	 27	 27	 22	 26	 27	 23	 26	 29	 27	 28	 27	 27	 21	 26	 30	 29	 28	 30	 28	 30	 29	 25	 29	 30	 30	 29	 31	 30	 31	 29	 29	 13	 13	 10	 13	 12	 13	 13	 13	 13	 14	 13	 14	 17	 16	 15	 13	 44	 44	 28	 15	 10	 33	 20	  6	 38	 38
 60	 33	 42	 43	 44	 38	 40	 43	 38	 40	 47	 43	 44	 42	 42	 38	 42	 46	  7	  8	 10	  9	  8	  7	  6	  7	  7	  9	  7	  7	  9	  6	  5	  7	 40	 41	 38	 41	 40	 41	 40	 40	 40	 41	 40	 42	 43	 43	 42	 40	 59	 59	 20	 15	 34	 17	 46	 23	 49	 39	 28
 61	 28	  8	  8	 10	 13	  9	  8	 12	  9	  9	  9	  8	  8	  8	 14	  9	  6	 52	 53	 54	 53	 54	 52	 48	 52	 53	 54	 53	 53	 55	 52	 51	 52	 31	 31	 32	 31	 31	 31	 31	 31	 30	 31	 29	 32	 28	 32	 29	 31	 12	 12	 30	 43	 42	 38	 29	 38	  4	 19	 34	 47
 62	 22	 24	 25	 27	 20	 22	 25	 20	 22	 29	 25	 26	 24	 24	 21	 24	 28	 23	 24	 26	 25	 25	 24	 19	 24	 24	 26	 24	 25	 26	 24	 23	 24	 28	 29	 27	 29	 28	 29	 29	 29	 28	 29	 27	 30	 30	 32	 29	 28	 41	 41	  8	 18	 29	 14	 33	 18	 31	 23	 20	 19	 29
 63	 32	  8	  8	  8	 13	 10	  8	 13	 10	  6	  8	  7	  8	  9	 14	  9	  4	 54	 55	 56	 55	 56	 54	 50	 54	 55	 56	 55	 56	 56	 54	 53	 54	 29	 29	 31	 30	 29	 30	 30	 30	 29	 29	 27	 30	 26	 30	 27	 29	 10	 10	 33	 44	 41	 41	 26	 38	  8	 24	 34	 50	  5	 32
 64	  6	 26	 27	 29	 24	 24	 26	 23	 24	 31	 27	 27	 26	 26	 26	 26	 29	 34	 36	 38	 37	 36	 35	 31	 35	 35	 37	 35	 35	 37	 34	 33	 35	 40	 40	 39	 41	 40	 41	 40	 40	 40	 41	 38	 42	 40	 43	 40	 40	 38	 38	  9	 33	 44	 14	 43	 33	 26	 11	 34	 28	 27	 16	 31
 65	 28	 13	 13	 14	  8	 11	 13	  8	 11	 16	 13	 14	 13	 12	  7	 12	 16	 35	 35	 37	 35	 37	 35	 31	 35	 36	 37	 36	 37	 37	 36	 35	 35	 18	 18	 18	 18	 17	 18	 18	 18	 17	 18	 16	 19	 18	 21	 17	 17	 30	 30	 20	 25	 25	 28	 20	 19	 23	 24	 16	 31	 20	 15	 20	 23
 66	 43	 48	 49	 50	 43	 46	 48	 43	 46	 52	 49	 50	 48	 48	 43	 48	 52	  5	  3	  2	  2	  4	  4	  7	  4	  5	  3	  5	  6	  3	  7	  6	  4	 41	 41	 38	 41	 40	 41	 41	 41	 41	 42	 41	 42	 44	 44	 43	 41	 66	 66	 29	 14	 32	 27	 48	 23	 56	 48	 28	 11	 54	 26	 56	 38	 36
 67	 16	 14	 14	 17	 14	 12	 14	 13	 12	 18	 15	 15	 14	 14	 16	 14	 16	 44	 45	 46	 45	 45	 44	 40	 44	 44	 46	 44	 45	 46	 43	 43	 44	 34	 34	 34	 35	 34	 35	 34	 34	 33	 34	 32	 35	 33	 36	 33	 34	 24	 24	 19	 37	 42	 27	 35	 34	 12	  8	 33	 38	 13	 21	 17	 15	 18	 46
 68	 40	 32	 33	 33	 27	 31	 33	 28	 31	 35	 32	 34	 32	 32	 27	 32	 36	 22	 21	 22	 20	 23	 22	 18	 22	 23	 23	 22	 24	 23	 24	 22	 22	 20	 21	 18	 21	 20	 21	 21	 20	 21	 22	 21	 22	 24	 23	 23	 20	 50	 50	 26	  8	 13	 30	 27	  3	 43	 40	  8	 22	 39	 19	 40	 34	 20	 21	 36
 69	 35	 28	 28	 29	 23	 26	 28	 23	 26	 31	 28	 29	 28	 27	 22	 27	 32	 22	 22	 23	 21	 23	 22	 18	 22	 24	 24	 23	 24	 24	 24	 22	 22	 20	 21	 18	 21	 19	 20	 20	 20	 20	 21	 20	 22	 23	 23	 22	 20	 45	 45	 21	 10	 17	 26	 26	  5	 38	 35	  8	 21	 35	 13	 36	 29	 16	 22	 30	  6
 70	 26	 29	 29	 31	 24	 27	 29	 24	 26	 33	 30	 31	 29	 28	 25	 28	 33	 18	 19	 21	 19	 20	 18	 14	 19	 19	 20	 19	 20	 21	 19	 18	 19	 29	 30	 27	 30	 29	 30	 30	 29	 29	 30	 28	 31	 31	 32	 30	 29	 46	 46	 12	 13	 27	 15	 35	 16	 36	 28	 19	 14	 34	  6	 36	 20	 18	 21	 26	 16	 11
 71	 20	 26	 26	 28	 22	 24	 26	 21	 23	 30	 27	 27	 26	 25	 23	 25	 30	 23	 24	 26	 25	 25	 24	 20	 24	 24	 26	 24	 24	 26	 23	 22	 24	 31	 32	 30	 32	 31	 32	 32	 31	 31	 32	 30	 33	 33	 34	 32	 31	 42	 42	  6	 20	 32	 12	 36	 21	 32	 22	 23	 18	 30	  3	 33	 14	 17	 26	 21	 21	 16	  7
 72	  4	 28	 28	 31	 27	 26	 28	 26	 26	 32	 29	 29	 28	 28	 29	 28	 30	 43	 44	 46	 45	 44	 43	 40	 43	 43	 45	 43	 43	 45	 42	 41	 43	 46	 46	 46	 46	 45	 46	 46	 46	 45	 46	 44	 47	 45	 48	 45	 45	 36	 36	 18	 41	 51	 21	 47	 41	 25	  8	 41	 37	 26	 24	 31	  9	 28	 46	 15	 42	 36	 28	 22
 73	  4	 32	 33	 35	 30	 30	 32	 29	 30	 37	 33	 33	 32	 32	 32	 32	 34	 37	 39	 40	 40	 39	 37	 35	 37	 37	 39	 37	 37	 40	 36	 36	 38	 47	 47	 46	 47	 46	 47	 47	 47	 46	 47	 45	 48	 47	 50	 47	 46	 42	 42	 14	 38	 50	 15	 49	 39	 31	 14	 40	 31	 32	 22	 36	  7	 30	 41	 20	 40	 35	 25	 19	  8
 74	 28	 26	 26	 27	 21	 24	 26	 21	 23	 30	 26	 27	 26	 25	 21	 25	 30	 21	 22	 23	 22	 23	 22	 17	 22	 23	 23	 22	 23	 24	 22	 21	 22	 24	 24	 22	 25	 23	 24	 24	 24	 24	 25	 23	 26	 26	 27	 25	 24	 43	 43	 15	 13	 23	 19	 30	 12	 34	 29	 14	 18	 32	  7	 33	 22	 14	 23	 25	 12	  7	  6	 10	 30	 28
 75	 36	 39	 39	 40	 34	 37	 39	 34	 36	 42	 39	 40	 39	 38	 34	 38	 43	 10	  9	 11	  9	 11	 10	  5	 10	 11	 11	 10	 12	 11	 11	 10	 10	 32	 33	 30	 33	 32	 33	 33	 32	 32	 34	 32	 34	 36	 35	 34	 32	 56	 56	 22	  6	 25	 22	 39	 15	 47	 40	 20	 10	 45	 17	 46	 31	 27	 10	 37	 13	 13	 12	 18	 39	 35	 13
 76	 16	 16	 17	 19	 13	 14	 16	 12	 13	 21	 17	 17	 16	 15	 15	 16	 19	 35	 36	 38	 36	 37	 35	 31	 35	 36	 37	 35	 36	 37	 35	 34	 35	 30	 30	 29	 30	 29	 30	 30	 30	 29	 30	 28	 31	 30	 32	 29	 29	 31	 31	 12	 29	 35	 20	 32	 26	 20	 13	 26	 30	 19	 12	 22	 11	 12	 37	  9	 28	 22	 17	 12	 17	 18	 17	 29
 77	 37	 31	 31	 32	 26	 30	 31	 27	 29	 34	 31	 32	 31	 31	 26	 30	 35	 21	 20	 21	 19	 22	 20	 16	 21	 22	 22	 21	 23	 22	 22	 21	 21	 21	 22	 19	 22	 21	 22	 22	 21	 21	 23	 21	 23	 25	 24	 24	 21	 49	 49	 23	  7	 16	 27	 28	  4	 41	 38	  9	 20	 38	 16	 39	 31	 19	 20	 33	  3	  4	 13	 18	 39	 37	  9	 12	 25
 78	 35	 22	 23	 23	 18	 21	 23	 19	 21	 25	 22	 24	 22	 22	 17	 22	 26	 29	 29	 30	 28	 31	 29	 25	 29	 31	 31	 30	 31	 31	 31	 29	 29	 14	 14	 12	 14	 13	 14	 14	 14	 14	 15	 13	 15	 16	 17	 15	 14	 40	 40	 24	 16	 15	 30	 20	  9	 33	 33	  6	 27	 30	 16	 30	 29	 11	 29	 28	 11	  8	 16	 19	 36	 36	 11	 20	 21	 10
 79	 35	 10	  9	  9	 15	 12	  9	 14	 12	  7	  9	  8	 10	 10	 15	 10	  6	 56	 56	 58	 56	 57	 56	 51	 56	 57	 58	 56	 57	 58	 56	 55	 56	 29	 29	 31	 29	 29	 29	 29	 29	 28	 28	 27	 30	 26	 30	 27	 29	 10	 10	 35	 46	 41	 44	 26	 39	 10	 26	 35	 51	  7	 33	  3	 33	 22	 57	 19	 41	 37	 38	 35	 33	 38	 35	 48	 24	 40	 31
 80	 13	 22	 23	 25	 19	 20	 22	 18	 20	 27	 23	 24	 22	 22	 21	 22	 26	 31	 32	 34	 33	 33	 31	 28	 31	 32	 33	 32	 32	 34	 31	 30	 32	 34	 34	 33	 35	 33	 35	 34	 34	 34	 35	 32	 36	 34	 37	 34	 34	 36	 36	  6	 28	 38	 14	 37	 27	 25	 14	 28	 25	 25	 10	 28	  7	 17	 34	 14	 28	 23	 15	  9	 14	 13	 16	 26	  7	 25	 23	 30
 81	 22	  9	  9	 12	  6	  7	  9	  5	  6	 14	 10	 10	  9	  8	  8	  8	 12	 40	 40	 42	 41	 41	 40	 36	 40	 41	 42	 40	 41	 42	 40	 39	 40	 26	 26	 26	 26	 25	 26	 26	 26	 25	 26	 23	 27	 25	 28	 25	 25	 25	 25	 19	 31	 34	 27	 27	 27	 15	 16	 25	 35	 13	 17	 15	 18	  9	 42	  9	 29	 23	 22	 18	 21	 24	 20	 32	  8	 27	 20	 17	 14
 82	 54	 32	 32	 30	 29	 32	 32	 31	 32	 31	 31	 32	 32	 32	 27	 31	 33	 47	 46	 47	 45	 47	 46	 43	 47	 48	 47	 47	 49	 48	 49	 47	 47	  9	  9	 10	  9	 10	  9	  9	  9	 10	  9	 11	  8	 11	  7	 11	 10	 44	 44	 44	 32	 14	 50	 11	 24	 43	 50	 19	 46	 39	 37	 37	 49	 27	 45	 43	 25	 27	 37	 39	 55	 56	 32	 38	 39	 27	 21	 36	 43	 34
 83	  7	 35	 36	 39	 34	 34	 35	 33	 33	 40	 37	 37	 35	 35	 36	 35	 37	 41	 43	 45	 44	 43	 42	 39	 42	 42	 43	 42	 41	 44	 40	 40	 42	 51	 52	 51	 52	 51	 52	 52	 52	 51	 52	 49	 53	 51	 54	 51	 51	 44	 44	 19	 43	 55	 19	 54	 44	 33	 16	 45	 35	 34	 27	 38	 12	 34	 45	 22	 45	 39	 30	 24	  9	  5	 33	 40	 22	 42	 41	 41	 18	 28	 60
 84	 44	 33	 33	 33	 28	 32	 33	 29	 32	 35	 33	 34	 33	 33	 27	 32	 36	 27	 26	 27	 25	 27	 26	 23	 27	 28	 27	 27	 29	 28	 29	 27	 27	 17	 18	 14	 17	 17	 17	 17	 17	 17	 18	 18	 18	 21	 19	 20	 17	 50	 50	 31	 13	  8	 35	 24	  5	 44	 43	  6	 27	 40	 23	 40	 38	 22	 25	 38	  6	 10	 21	 26	 46	 44	 17	 18	 31	  8	 11	 41	 32	 30	 21	 49
 85	 46	 48	 48	 49	 43	 46	 48	 43	 46	 51	 48	 49	 48	 47	 43	 47	 52	  9	  7	  7	  6	  9	  9	 10	  9	 10	  8	  9	 11	  8	 12	 11	  9	 38	 39	 35	 39	 38	 38	 38	 38	 38	 39	 38	 39	 42	 41	 41	 38	 65	 65	 31	 12	 28	 30	 45	 20	 57	 49	 26	 14	 54	 27	 55	 40	 36	  5	 47	 18	 21	 22	 28	 49	 44	 23	 10	 38	 18	 28	 57	 36	 42	 42	 48	 22
 86	 22	  9	  9	 12	  7	  7	  9	  5	  6	 14	 10	 10	  9	  8	  9	  8	 12	 40	 40	 42	 41	 41	 40	 36	 40	 41	 42	 40	 41	 42	 40	 39	 40	 26	 26	 26	 26	 25	 26	 26	 26	 25	 26	 24	 27	 25	 28	 25	 25	 25	 25	 19	 32	 34	 27	 27	 27	 15	 16	 25	 35	 13	 17	 15	 18	 10	 42	  9	 29	 24	 22	 18	 21	 24	 20	 33	  8	 27	 20	 17	 14	  1	 35	 28	 31	 42
 87	 13	 25	 26	 28	 22	 23	 25	 21	 23	 30	 26	 27	 25	 25	 23	 25	 29	 28	 30	 31	 30	 30	 29	 25	 29	 29	 31	 29	 29	 31	 28	 27	 29	 35	 36	 34	 36	 35	 36	 36	 35	 35	 36	 34	 37	 36	 38	 36	 35	 40	 40	  3	 26	 38	 11	 39	 27	 29	 16	 28	 23	 28	  9	 31	  7	 19	 32	 17	 27	 22	 13	  7	 16	 13	 16	 24	 10	 25	 24	 33	  4	 17	 44	 18	 32	 34	 17
 88	 22	 13	 14	 16	  9	 11	 14	  9	 11	 18	 14	 15	 13	 13	 11	 13	 17	 34	 35	 37	 35	 36	 34	 30	 34	 35	 36	 35	 36	 37	 34	 33	 35	 24	 24	 24	 25	 24	 24	 24	 24	 23	 24	 22	 26	 24	 27	 24	 24	 30	 30	 15	 26	 30	 23	 26	 22	 21	 18	 21	 30	 18	 12	 21	 17	  7	 36	 13	 23	 18	 16	 13	 22	 24	 14	 27	  6	 21	 15	 22	 11	  6	 33	 28	 26	 36	  6	 14
 89	 25	  5	  5	  8	  5	  3	  5	  4	  2	 10	  6	  6	  5	  4	  7	  5	  8	 43	 44	 46	 44	 45	 44	 39	 44	 45	 46	 44	 45	 46	 44	 43	 44	 25	 25	 26	 26	 25	 26	 25	 25	 24	 25	 23	 26	 23	 27	 24	 25	 21	 21	 23	 34	 35	 31	 25	 29	 12	 18	 26	 39	  9	 21	 11	 22	 11	 45	 10	 31	 26	 26	 22	 24	 28	 23	 36	 12	 29	 21	 13	 18	  5	 34	 31	 32	 45	  5	 21	 10
 90	 26	 34	 35	 37	 30	 32	 35	 30	 32	 39	 35	 36	 34	 34	 31	 34	 38	 14	 16	 17	 16	 16	 15	 11	 15	 15	 17	 15	 15	 17	 14	 13	 15	 35	 36	 33	 36	 35	 36	 36	 36	 35	 36	 35	 37	 38	 39	 37	 35	 51	 51	 12	 15	 32	 11	 41	 20	 41	 31	 24	  9	 39	 11	 42	 21	 24	 18	 30	 20	 17	  7	 10	 29	 24	 12	 11	 21	 17	 22	 44	 17	 27	 43	 29	 25	 20	 27	 15	 22	 31
 91	  9	 28	 29	 31	 26	 26	 29	 25	 26	 33	 30	 30	 28	 28	 27	 28	 31	 31	 32	 34	 33	 32	 31	 28	 31	 31	 33	 31	 31	 33	 30	 29	 31	 40	 40	 39	 41	 40	 41	 40	 40	 40	 41	 38	 42	 41	 43	 40	 40	 41	 41	  6	 30	 43	 10	 43	 32	 30	 15	 33	 25	 30	 14	 34	  5	 24	 34	 18	 32	 27	 17	 11	 12	  8	 20	 28	 13	 29	 29	 36	  7	 20	 49	 13	 36	 37	 20	  5	 18	 24	 17
 92	 15	 21	 22	 24	 18	 19	 22	 17	 19	 26	 22	 23	 21	 21	 19	 21	 25	 30	 31	 33	 31	 31	 30	 26	 30	 31	 32	 30	 31	 32	 29	 29	 30	 32	 32	 31	 32	 31	 32	 32	 32	 31	 32	 30	 33	 32	 35	 32	 31	 36	 36	  6	 25	 35	 14	 35	 25	 26	 16	 25	 24	 25	  8	 28	  9	 15	 33	 14	 26	 20	 13	  7	 17	 16	 14	 24	  6	 23	 21	 30	  3	 13	 40	 21	 29	 34	 13	  4	 10	 17	 16	  9
 93	 12	 20	 21	 23	 18	 18	 21	 17	 18	 25	 22	 22	 20	 20	 19	 20	 23	 33	 34	 36	 35	 35	 33	 30	 34	 34	 35	 34	 34	 36	 33	 32	 34	 33	 34	 33	 34	 33	 34	 34	 34	 33	 34	 32	 35	 34	 36	 33	 33	 34	 34	  9	 29	 38	 16	 36	 28	 23	 12	 28	 28	 22	 12	 26	  7	 16	 36	 11	 29	 24	 17	 11	 14	 14	 18	 28	  5	 26	 23	 28	  3	 12	 42	 18	 33	 38	 12	  6	 10	 16	 19	  9	  4
 94	 50	 36	 37	 36	 32	 36	 37	 33	 36	 38	 36	 37	 37	 36	 31	 36	 39	 32	 31	 32	 30	 33	 32	 29	 32	 33	 33	 32	 35	 33	 34	 33	 32	 16	 17	 14	 17	 16	 16	 17	 16	 17	 18	 18	 17	 21	 18	 19	 17	 53	 53	 37	 19	  3	 42	 23	 12	 48	 49	 11	 33	 44	 30	 43	 44	 26	 30	 43	 12	 17	 27	 32	 52	 51	 23	 24	 36	 15	 16	 44	 38	 35	 17	 55	  7	 26	 35	 38	 31	 36	 32	 43	 36	 39
 95	 33	 12	 12	 12	 17	 14	 12	 17	 14	 11	 12	 11	 12	 13	 18	 13	  9	 57	 58	 60	 58	 59	 58	 53	 58	 59	 60	 58	 59	 60	 58	 57	 58	 34	 34	 35	 34	 34	 34	 34	 34	 33	 33	 32	 34	 31	 35	 31	 33	  7	  7	 36	 48	 46	 44	 30	 42	  6	 24	 39	 53	  6	 35	  5	 32	 24	 59	 18	 44	 40	 40	 36	 31	 37	 37	 50	 24	 43	 34	  5	 30	 18	 41	 39	 45	 59	 18	 33	 24	 15	 45	 35	 30	 28	 48
 96	 34	 25	 25	 26	 20	 24	 25	 21	 23	 28	 25	 26	 25	 25	 20	 24	 29	 25	 25	 27	 25	 27	 25	 21	 26	 27	 27	 26	 27	 27	 27	 25	 26	 17	 18	 15	 18	 17	 18	 18	 17	 17	 18	 17	 19	 20	 20	 19	 17	 43	 43	 22	 13	 16	 27	 23	  6	 35	 33	  7	 23	 32	 14	 33	 28	 13	 26	 28	  8	  4	 13	 16	 36	 34	  8	 16	 21	  7	  4	 34	 22	 21	 24	 39	 10	 24	 21	 22	 16	 23	 19	 27	 20	 23	 17	 37
 97	  7	 35	 35	 38	 33	 33	 35	 31	 32	 39	 36	 36	 34	 34	 35	 34	 37	 36	 38	 40	 39	 38	 37	 34	 37	 37	 39	 37	 36	 39	 35	 35	 37	 49	 49	 48	 49	 48	 49	 49	 49	 48	 49	 47	 50	 49	 52	 49	 48	 45	 45	 15	 38	 51	 14	 52	 40	 34	 17	 42	 30	 34	 23	 39	  9	 32	 40	 22	 41	 36	 26	 20	 10	  3	 29	 35	 20	 38	 37	 41	 15	 27	 57	  5	 45	 44	 27	 14	 26	 30	 24	  9	 17	 16	 52	 39	 36
 98	 43	 33	 34	 33	 28	 32	 34	 29	 32	 35	 33	 34	 33	 33	 28	 33	 37	 25	 24	 25	 23	 26	 25	 21	 25	 26	 26	 25	 27	 26	 27	 25	 25	 18	 19	 16	 19	 18	 19	 19	 18	 19	 20	 19	 20	 22	 21	 21	 19	 51	 51	 30	 11	 10	 33	 26	  4	 44	 43	  7	 25	 41	 22	 41	 37	 22	 23	 38	  4	  9	 19	 24	 45	 43	 15	 16	 30	  7	 11	 41	 31	 30	 22	 48	  2	 20	 30	 31	 26	 32	 24	 35	 29	 32	  9	 45	 10	 44
 99	 39	 10	 10	  7	 12	 12	 10	 13	 12	  7	  9	  9	 10	 10	 10	 10	 10	 50	 51	 52	 50	 52	 51	 46	 51	 52	 52	 51	 52	 53	 51	 50	 51	 19	 18	 20	 19	 18	 19	 19	 19	 18	 18	 16	 19	 15	 19	 16	 18	 20	 20	 35	 39	 31	 43	 15	 31	 19	 31	 26	 47	 15	 30	 12	 35	 16	 51	 24	 33	 30	 34	 32	 38	 41	 30	 42	 24	 32	 23	 12	 30	 17	 25	 45	 32	 50	 17	 33	 20	 14	 40	 37	 29	 29	 34	 16	 26	 44	 33
100	 19	 15	 15	 17	 11	 13	 15	 10	 12	 20	 16	 16	 15	 14	 13	 14	 19	 34	 35	 36	 35	 35	 34	 30	 34	 35	 36	 34	 35	 36	 34	 33	 34	 27	 27	 26	 27	 26	 27	 27	 27	 26	 27	 25	 28	 27	 30	 26	 26	 31	 31	 13	 27	 32	 21	 29	 24	 21	 16	 23	 29	 19	 11	 22	 14	  9	 36	 11	 25	 19	 16	 12	 20	 21	 15	 27	  4	 23	 18	 24	  9	  7	 36	 25	 28	 37	  7	 11	  3	 11	 21	 15	  7	  7	 33	 24	 18	 23	 27	 22
