nVehicles:  31
nDepots:     1
nCustomers: 50
nPeriods:    9
VEHICLE_TYPE	FLEET_SIZE	CAPACITY
           2	        31	      18	
DEPOT   	X  	Y  	INV_COST	INITIAL_INV 	MIN_LEVEL_INV 	MAX_LEVEL_INV	PRODUCTION_0	PRODUCTION_1	PRODUCTION_2	PRODUCTION_3	PRODUCTION_4	PRODUCTION_5	PRODUCTION_6	PRODUCTION_7	PRODUCTION_8
       0	314	387	       0	        334	            0	         3123	         349	         349	         349	         349	         349	         349	         349	         349	         349	
CUSTOMER	X  	Y  	INV_COST	INITIAL_INV	MIN_LEVEL_INV 	MAX_LEVEL_INV	DEMAND_0	DEMAND_1	DEMAND_2	DEMAND_3	DEMAND_4	DEMAND_5	DEMAND_6	DEMAND_7	DEMAND_8
       1	 30	115	       0	          2	            0	           50	       8	      11	      10	       8	       8	       8	      10	      14	       9
       2	  6	 97	    0.25	          1	            0	           56	       7	       7	      11	      12	       8	       7	       5	       7	      10
       3	 21	115	    0.18	          6	            0	           23	       6	       8	       8	       7	       6	       7	      10	       8	       8
       4	 29	119	    0.28	          2	            0	           24	       5	       4	       7	       7	       8	       5	       5	       4	       4
       5	  0	122	    0.05	          6	            0	           44	       6	       8	      13	       9	       6	       6	       7	      10	       9
       6	 23	 87	    0.21	          7	            0	           25	       3	       4	       6	       6	       5	       4	       4	       4	       5
       7	  8	135	    0.18	          6	            0	           20	       6	      11	       9	       9	       7	       6	      10	      11	       8
       8	 55	119	    0.05	         12	            0	           18	       7	      10	      11	      11	       8	       7	      10	      10	      10
       9	 29	131	    0.13	         14	            0	           54	       8	       8	      10	      12	       8	       7	       7	       9	      14
      10	 24	108	    0.15	         13	            0	           51	       5	       8	       9	      11	       7	       8	       6	       5	       6
      11	 39	122	    0.29	         12	            0	           52	       6	       7	      11	       7	       6	       5	       8	      11	      10
      12	 11	115	    0.07	          2	            0	           56	       6	       7	      11	       9	       6	       5	       8	       9	      10
      13	364	102	    0.27	         12	            0	           53	       8	       8	      13	      10	      13	      10	       8	       8	       7
      14	280	 40	    0.13	          5	            0	           31	       4	       5	       5	       4	       4	       3	       5	       5	       4
      15	397	110	    0.24	          5	            0	           48	       4	       6	       8	       6	       6	       5	       5	       7	       8
      16	362	100	     0.1	          1	            0	           23	       4	       5	       4	       6	       6	       4	       5	       3	       3
      17	353	107	    0.26	         10	            0	           51	       5	       8	       9	       9	       8	       5	       5	       7	       8
      18	372	112	    0.14	         10	            0	           27	       4	       6	       7	       7	       9	       7	       7	       5	       5
      19	365	101	     0.3	          1	            0	           17	       7	       8	      11	      10	       9	       6	       7	      10	       9
      20	361	 91	    0.12	          8	            0	           16	       6	       8	      10	      13	      10	       6	       5	       8	      10
      21	366	 93	    0.16	          8	            0	           42	       4	       6	       7	       6	       7	       5	       5	       5	       4
      22	355	101	    0.13	          4	            0	           37	       5	       8	       9	       9	       7	       5	       7	       7	      11
      23	363	 85	    0.04	          1	            0	           26	       4	       5	       6	       5	       4	       4	       6	       7	       5
      24	325	 95	    0.01	          2	            0	           31	       4	       4	       6	       5	       4	       3	       4	       5	       6
      25	  0	  0	    0.21	          1	            0	           13	       5	       7	       7	       7	       5	       5	       8	       7	       7
      26	200	452	    0.08	          1	            0	           55	       5	       6	       7	       8	       6	       5	       6	       7	      10
      27	 93	241	    0.01	          2	            0	           25	       4	       5	       7	       7	       5	       4	       5	       7	       6
      28	329	448	    0.29	         15	            0	           39	       7	       8	      10	       9	       8	       7	       9	      12	      11
      29	227	298	    0.09	          7	            0	           24	       4	       6	       7	       5	       5	       4	       5	       8	       7
      30	224	324	    0.01	          2	            0	           32	       6	       6	       8	       8	       8	       7	       7	       5	       5
      31	274	133	    0.04	          7	            0	           38	       3	       5	       5	       5	       3	       3	       5	       5	       4
      32	385	 38	    0.18	         16	            0	           39	       7	      10	      11	      11	       6	       8	      12	      14	      11
      33	170	362	    0.01	          6	            0	           15	       5	       6	       9	       9	       5	       4	       6	       8	       8
      34	129	 84	    0.14	          2	            0	           31	       5	       6	       8	       6	       5	       6	       6	       7	       5
      35	409	378	    0.15	          8	            0	           38	       7	      10	      14	      10	       9	       8	       7	       8	      10
      36	423	 85	    0.08	          4	            0	           51	       4	       7	       8	       5	       5	       5	       7	       6	       6
      37	400	 24	    0.11	         11	            0	           23	       5	       7	       8	      10	       6	       5	       8	       8	       8
      38	193	105	    0.05	          3	            0	           10	       4	       4	       6	       6	       4	       3	       4	       5	       6
      39	412	265	    0.01	         14	            0	           55	       6	       8	      11	       9	       6	       6	       8	       9	       8
      40	267	407	    0.06	          7	            0	           25	       4	       5	       5	       5	       4	       4	       4	       6	       6
      41	177	284	    0.18	          1	            0	           18	       7	       9	      10	      10	       6	       7	       9	      11	      11
      42	204	290	    0.07	          1	            0	           51	       4	       7	       8	       8	       8	       6	       5	       6	       8
      43	334	391	    0.21	         14	            0	           33	       6	       8	       9	       9	       7	       6	       6	       8	       8
      44	121	 85	    0.02	          5	            0	            8	       4	       4	       5	       6	       3	       4	       5	       5	       4
      45	234	190	     0.2	         11	            0	           13	       5	       6	      10	       8	       6	       5	       6	       8	      10
      46	 42	498	    0.05	         12	            0	           36	       5	       7	       9	       7	       5	       4	       7	       8	       7
      47	 86	 18	    0.12	          6	            0	           77	       7	       9	      10	      13	      11	      12	       9	       7	       7
      48	121	424	    0.21	         11	            0	           59	       8	      11	      11	      14	       8	       7	       7	       9	      12
      49	 97	376	    0.02	          8	            0	           35	       4	       5	       5	       7	       5	       4	       3	       3	       4
      50	254	169	    0.11	          2	            0	           37	       4	       6	       8	       8	       7	       5	       5	       5	       7
COST_MATRIX 
	  0	  1	  2	  3	  4	  5	  6	  7	  8	  9	 10	 11	 12	 13	 14	 15	 16	 17	 18	 19	 20	 21	 22	 23	 24	 25	 26	 27	 28	 29	 30	 31	 32	 33	 34	 35	 36	 37	 38	 39	 40	 41	 42	 43	 44	 45	 46	 47	 48	 49	 50
  0
  1	 40
  2	 43	  4
  3	 40	  1	  3
  4	 40	  1	  4	  1
  5	 42	  4	  3	  3	  3
  6	 42	  3	  2	  3	  4	  5
  7	 40	  3	  4	  3	  3	  2	  6
  8	 38	  3	  6	  4	  3	  6	  5	  5
  9	 39	  2	  5	  2	  2	  4	  5	  3	  3
 10	 41	  1	  3	  1	  2	  3	  3	  4	  4	  3
 11	 39	  2	  5	  2	  2	  4	  4	  4	  2	  2	  3
 12	 41	  2	  2	  2	  2	  2	  4	  3	  5	  3	  2	  3
 13	 29	 34	 36	 35	 34	 37	 35	 36	 31	 34	 35	 33	 36
 14	 35	 27	 28	 27	 27	 30	 27	 29	 24	 27	 27	 26	 28	 11
 15	 29	 37	 40	 38	 37	 40	 38	 39	 35	 37	 38	 36	 39	  4	 14
 16	 30	 34	 36	 35	 34	 37	 34	 36	 31	 34	 34	 33	 36	  1	 11	  4
 17	 29	 33	 35	 34	 33	 36	 34	 35	 30	 33	 33	 32	 35	  2	 10	  5	  2
 18	 29	 35	 37	 36	 35	 38	 35	 37	 32	 35	 35	 34	 37	  2	 12	  3	  2	  2
 19	 30	 34	 36	 35	 34	 37	 35	 36	 32	 34	 35	 33	 36	  1	 11	  4	  1	  2	  2
 20	 30	 34	 36	 35	 34	 37	 34	 36	 31	 34	 34	 33	 36	  2	 10	  5	  1	  2	  3	  2
 21	 30	 34	 37	 35	 34	 37	 35	 37	 32	 34	 35	 33	 36	  1	 11	  4	  1	  2	  2	  1	  1
 22	 29	 33	 35	 34	 33	 36	 34	 35	 31	 33	 34	 32	 35	  1	 10	  5	  1	  1	  3	  2	  2	  2
 23	 31	 34	 36	 35	 34	 37	 35	 36	 31	 34	 34	 33	 36	  2	 10	  5	  2	  3	  3	  2	  1	  1	  2
 24	 30	 30	 32	 31	 30	 33	 31	 32	 28	 30	 31	 29	 32	  4	  8	  8	  4	  4	  5	  5	  4	  5	  4	  4
 25	 50	 12	 10	 12	 13	 13	  9	 14	 14	 14	 12	 13	 12	 38	 29	 42	 38	 37	 39	 38	 38	 38	 37	 38	 34
 26	 14	 38	 41	 39	 38	 39	 41	 38	 37	 37	 39	 37	 39	 39	 42	 40	 39	 38	 39	 39	 40	 40	 39	 41	 38	 50
 27	 27	 15	 17	 15	 14	 16	 17	 14	 13	 13	 15	 14	 16	 31	 28	 34	 31	 30	 31	 31	 31	 32	 30	 32	 28	 26	 24
 28	  7	 45	 48	 46	 45	 47	 48	 45	 43	 44	 46	 44	 47	 35	 42	 35	 35	 35	 34	 35	 36	 36	 35	 37	 36	 56	 13	 32
 29	 13	 27	 30	 28	 27	 29	 30	 28	 25	 26	 28	 26	 29	 24	 27	 26	 24	 23	 24	 25	 25	 25	 24	 26	 23	 38	 16	 15	 19
 30	 11	 29	 32	 30	 29	 31	 32	 29	 27	 28	 30	 28	 30	 27	 29	 28	 27	 26	 26	 27	 28	 28	 26	 28	 26	 40	 14	 16	 17	  3
 31	 26	 25	 28	 26	 25	 28	 26	 27	 22	 25	 26	 24	 27	 10	 10	 13	 10	  9	 11	 10	 10	 11	  9	 11	  7	 31	 33	 22	 32	 18	 20
 32	 36	 37	 39	 38	 37	 40	 37	 39	 34	 37	 37	 36	 39	  7	 11	  8	  7	  8	  8	  7	  6	  6	  7	  6	  9	 39	 46	 36	 42	 31	 33	 15
 33	 15	 29	 32	 29	 29	 30	 32	 28	 27	 28	 30	 28	 30	 33	 35	 34	 33	 32	 33	 33	 34	 34	 32	 34	 31	 40	 10	 15	 19	  9	  7	 26	 39
 34	 36	 11	 13	 12	 11	 14	 11	 14	  9	 12	 11	 10	 13	 24	 16	 27	 24	 23	 25	 24	 24	 24	 23	 24	 20	 16	 38	 17	 42	 24	 26	 16	 27	 29
 35	 10	 47	 50	 47	 46	 49	 49	 47	 44	 46	 48	 45	 48	 28	 37	 27	 29	 28	 27	 29	 30	 29	 29	 30	 30	 56	 23	 35	 11	 20	 20	 28	 35	 24	 41
 36	 33	 40	 42	 41	 40	 43	 41	 42	 37	 40	 40	 39	 42	  7	 15	  4	  7	  8	  6	  7	  7	  6	  7	  7	 10	 44	 43	 37	 38	 29	 32	 16	  7	 38	 30	 30
 37	 38	 39	 41	 39	 39	 42	 39	 41	 36	 39	 39	 38	 40	  9	 13	  9	  9	 10	 10	  9	  8	  8	  9	  8	 11	 41	 48	 38	 43	 33	 35	 17	  3	 41	 28	 36	  7
 38	 31	 17	 19	 18	 17	 20	 18	 19	 14	 17	 17	 16	 19	 18	 11	 21	 17	 17	 18	 18	 17	 18	 17	 18	 14	 22	 35	 17	 37	 20	 23	  9	 21	 26	  7	 35	 24	 23
 39	 16	 42	 44	 42	 41	 44	 43	 43	 39	 41	 42	 40	 43	 17	 27	 16	 18	 17	 16	 18	 19	 18	 18	 19	 20	 49	 29	 32	 21	 19	 20	 20	 23	 27	 34	 12	 19	 25	 28
 40	  6	 38	 41	 39	 38	 40	 41	 38	 36	 37	 39	 37	 39	 33	 37	 33	 33	 32	 32	 33	 33	 33	 32	 34	 32	 49	  9	 25	  8	 12	 10	 28	 39	 11	 36	 15	 36	 41	 32	 21
 41	 18	 23	 26	 23	 23	 24	 26	 23	 21	 22	 24	 22	 24	 27	 27	 29	 27	 25	 27	 27	 27	 27	 26	 28	 25	 34	 17	 10	 23	  6	  7	 18	 33	  8	 21	 26	 32	 35	 18	 24	 16
 42	 15	 25	 28	 26	 25	 27	 28	 25	 23	 24	 26	 24	 27	 25	 27	 27	 25	 24	 25	 25	 26	 26	 25	 26	 23	 36	 17	 13	 21	  3	  4	 18	 32	  8	 22	 23	 30	 34	 19	 21	 14	  3
 43	  3	 42	 45	 42	 41	 43	 44	 42	 39	 41	 42	 40	 43	 30	 36	 29	 30	 29	 29	 30	 31	 30	 30	 31	 30	 52	 15	 29	  6	 15	 13	 27	 36	 17	 37	  8	 32	 38	 32	 15	  7	 19	 17
 44	 36	 10	 12	 11	 10	 13	 10	 13	  8	 11	 10	  9	 12	 25	 17	 28	 25	 24	 26	 25	 25	 25	 24	 25	 21	 15	 38	 16	 42	 24	 27	 17	 27	 29	  1	 42	 31	 29	  8	 35	 36	 21	 23	 38
 45	 22	 22	 25	 23	 22	 25	 24	 24	 20	 22	 23	 21	 24	 16	 16	 19	 16	 15	 16	 16	 17	 17	 16	 17	 14	 31	 27	 15	 28	 11	 14	  7	 22	 19	 15	 26	 22	 24	 10	 20	 22	 11	 11	 23	 16
 46	 30	 39	 41	 39	 38	 38	 42	 37	 38	 37	 40	 38	 39	 52	 52	 53	 52	 50	 51	 52	 52	 52	 51	 53	 50	 50	 17	 27	 30	 28	 26	 44	 58	 19	 43	 39	 57	 60	 43	 44	 25	 26	 27	 32	 43	 37
 47	 44	 12	 12	 12	 12	 14	 10	 15	 11	 13	 11	 12	 13	 30	 20	 33	 29	 29	 31	 30	 29	 29	 29	 29	 26	  9	 45	 23	 50	 32	 34	 23	 30	 36	  8	 49	 35	 32	 14	 41	 43	 29	 30	 45	  8	 23	 49
 48	 20	 33	 35	 33	 32	 33	 36	 32	 32	 31	 34	 32	 33	 41	 42	 42	 41	 40	 41	 41	 42	 42	 40	 42	 39	 45	  9	 19	 21	 17	 15	 33	 47	  8	 35	 30	 46	 49	 33	 34	 15	 16	 16	 22	 34	 26	 11	 41
 49	 22	 27	 30	 28	 27	 28	 30	 26	 27	 26	 28	 27	 28	 39	 39	 41	 39	 38	 39	 39	 39	 40	 38	 40	 37	 39	 13	 14	 25	 16	 14	 31	 45	  8	 30	 32	 44	 47	 29	 34	 18	 13	 14	 24	 30	 24	 14	 36	  6
 50	 23	 24	 26	 24	 24	 26	 25	 25	 21	 23	 24	 23	 25	 13	 14	 16	 13	 12	 14	 14	 14	 14	 13	 14	 11	 31	 29	 18	 29	 14	 16	  5	 19	 22	 16	 27	 19	 21	  9	 19	 24	 14	 14	 24	 16	  3	 40	 23	 29	 26
