nVehicles:   57
nDepots:      1
nCustomers: 100
nPeriods:    12
VEHICLE_TYPE	FLEET_SIZE	CAPACITY
           2	        57	      18	
DEPOT   	X  	Y  	INV_COST	INITIAL_INV 	MIN_LEVEL_INV 	MAX_LEVEL_INV	PRODUCTION_0	PRODUCTION_1	PRODUCTION_2	PRODUCTION_3	PRODUCTION_4	PRODUCTION_5	PRODUCTION_6	PRODUCTION_7	PRODUCTION_8	PRODUCTION_9	PRODUCTION_10	PRODUCTION_11
       0	424	 30	       0	        823	            0	         8274	         691	         691	         691	         691	         691	         691	         691	         691	         691	         691	          691	          691	
CUSTOMER	X  	Y  	INV_COST	INITIAL_INV	MIN_LEVEL_INV 	MAX_LEVEL_INV	DEMAND_0	DEMAND_1	DEMAND_2	DEMAND_3	DEMAND_4	DEMAND_5	DEMAND_6	DEMAND_7	DEMAND_8	DEMAND_9	DEMAND_10	DEMAND_11
       1	 34	 29	    0.25	          9	            0	           58	       7	       5	       6	       8	      10	       5	       6	       7	       8	       8	        7	        5
       2	 18	 22	     0.2	         10	            0	           51	       7	       7	      10	      10	      10	       6	       7	       9	      13	      10	        5	        6
       3	 30	 28	    0.02	          2	            0	           25	       4	       4	       5	       7	       7	       6	       5	       4	       4	       6	        6	        6
       4	 26	 28	    0.22	          9	            0	           87	       9	       6	       6	       9	       9	       9	      12	       9	       8	       5	        6	       10
       5	 27	 22	    0.16	          8	            0	           67	       5	       4	       5	       5	       7	       7	       5	       4	       6	       7	        8	        5
       6	 33	 21	    0.21	          4	            0	           52	       4	       3	       4	       5	       5	       5	       5	       4	       3	       4	        5	        5
       7	 27	 36	    0.28	          7	            0	           43	       6	       6	       6	      10	      10	       7	       5	       6	       8	      10	       10	        7
       8	 23	 39	    0.03	          7	            0	           25	       8	       5	       5	       7	       9	      10	      10	       9	       6	       5	        5	        6
       9	 20	 43	    0.25	          6	            0	           49	       5	       4	       4	       6	       7	       7	       5	       4	       5	       5	        7	        6
      10	 50	 63	    0.07	         13	            0	           37	       7	       7	       6	      11	      12	      10	       8	       6	       6	      10	       11	        9
      11	 18	 38	    0.16	          2	            0	           43	       6	       4	       4	       5	       7	       7	       5	       4	       5	       6	        7	        5
      12	 26	 29	    0.26	         13	            0	           94	       7	       7	       7	      12	       9	       9	       7	       6	       9	       9	        9	        6
      13	 33	 34	    0.16	          3	            0	           36	       4	       4	       4	       5	       5	       5	       4	       3	       4	       6	        5	        5
      14	  9	 27	    0.01	          5	            0	           25	       8	       6	       7	      10	       9	       9	       6	       5	       7	       8	        8	        7
      15	 30	 26	    0.27	         10	            0	           63	       6	       6	       8	      10	      10	       6	       7	       8	      12	      10	        6	        7
      16	 31	 19	    0.06	          2	            0	           39	       7	       5	       6	      10	       9	      10	       6	       5	       7	       8	       11	        7
      17	 15	478	    0.13	         15	            0	          104	       9	       6	       8	      12	      13	      11	       7	       7	       8	      11	       12	       11
      18	 11	472	    0.05	          1	            0	           24	       5	       3	       4	       6	       5	       4	       3	       3	       6	       6	        5	        4
      19	 26	477	    0.11	         15	            0	           41	       8	       7	       6	       9	      11	      14	      14	      11	       8	       7	        9	        8
      20	 11	468	     0.1	          6	            0	           82	       7	       7	       7	       8	      10	      11	       9	       9	       6	       6	        7	       11
      21	  8	469	    0.09	          4	            0	           20	       4	       3	       5	       7	       6	       4	       3	       5	       5	       5	        3	        4
      22	 14	453	       0	         10	            0	           92	       7	       6	       8	      11	      10	       7	       5	       8	      12	       9	        7	        5
      23	 26	473	    0.18	          9	            0	           89	       9	       7	       8	       8	      10	      12	       9	       6	       6	       8	       10	       13
      24	 15	465	    0.02	          3	            0	           88	       9	       6	       8	      10	      13	      11	       8	       8	       9	      13	       10	        7
      25	 78	474	    0.13	         13	            0	           23	       8	       6	       8	       9	       9	       8	       6	       9	      11	       8	        6	        6
      26	 44	483	    0.08	          6	            0	           34	       4	       4	       4	       6	       6	       5	       4	       4	       6	       5	        4	        4
      27	 29	479	    0.11	          2	            0	           33	       4	       3	       3	       4	       6	       5	       5	       4	       4	       4	        5	        6
      28	  9	455	    0.11	          9	            0	           31	       7	       6	       9	       9	       9	       7	       5	       8	      10	       9	        5	        7
      29	  0	476	    0.22	          5	            0	           39	       6	       5	       6	       8	       7	       7	       7	       6	       5	       6	        8	        8
      30	 68	470	     0.2	          6	            0	           46	       6	       4	       6	       6	       8	       9	       7	       5	       5	       5	        5	        7
      31	  5	472	    0.23	          7	            0	           43	       8	       5	       6	       6	       9	       9	       8	       8	       6	       6	        6	        8
      32	  9	469	    0.15	          8	            0	           22	       6	       4	       4	       6	       6	       8	       6	       5	       4	       4	        5	        8
      33	215	120	    0.19	          2	            0	           74	       7	       7	       7	       7	      12	      13	      10	       8	       5	       7	        9	        9
      34	221	118	    0.24	          7	            0	           83	       8	       5	       6	       8	      11	      11	       8	       7	       7	       9	       12	       12
      35	225	125	    0.25	          8	            0	           25	       5	       5	       5	       7	       8	       7	       5	       6	       7	       8	        6	        6
      36	228	124	    0.19	         12	            0	           67	       7	       6	       8	       7	      11	      13	      12	      10	       8	       7	        6	        7
      37	204	 67	    0.17	          4	            0	           94	       8	       6	       9	      10	      10	       9	       7	       7	      11	       9	        7	        7
      38	229	133	    0.13	         13	            0	           31	      10	       7	       8	       7	      12	      13	      12	      10	       8	       8	        7	        8
      39	224	128	    0.27	         11	            0	           36	       6	       5	       5	       5	       6	       7	      10	       8	       7	       4	        4	        5
      40	200	114	    0.22	         12	            0	           48	       8	       6	       9	      10	      13	       9	       8	      11	      12	      10	        8	        6
      41	201	147	    0.27	          6	            0	           14	       5	       4	       4	       4	       5	       5	       4	       4	       4	       5	        7	        5
      42	226	125	    0.06	          7	            0	           46	       7	       4	       6	       7	       8	       8	       5	       4	       7	       9	        8	        6
      43	222	125	    0.19	          5	            0	           59	       6	       6	       6	      10	       8	       6	       6	       5	       9	       9	        8	        5
      44	208	192	    0.07	          3	            0	           47	       8	       6	       7	       9	       8	       7	       5	       5	       7	      11	       11	        8
      45	201	 89	    0.29	          4	            0	           35	       4	       4	       4	       5	       6	       5	       6	       3	       3	       4	        5	        5
      46	214	109	       0	          9	            0	           54	       7	       6	       6	       6	       8	      11	      10	       6	       5	       5	        6	        8
      47	197	140	    0.26	          2	            0	           15	       4	       4	       4	       5	       7	       7	       5	       4	       4	       7	        6	        6
      48	207	 86	    0.22	          6	            0	           49	       4	       3	       3	       5	       6	       5	       6	       5	       4	       3	        4	        4
      49	  0	  0	    0.12	          1	            0	           37	       8	       7	       7	       6	      11	      10	      12	       9	       7	       7	        6	       10
      50	  0	  0	    0.28	          2	            0	           50	       7	       5	       5	       8	       8	       8	       8	       5	       6	       7	        8	        8
      51	329	259	    0.02	          1	            0	           39	       6	       5	       5	       8	       9	       6	       5	       5	       7	       8	        7	        5
      52	 82	389	    0.08	         12	            0	           95	       8	       7	       7	       9	       9	      13	      13	      11	       8	       8	        7	        7
      53	486	419	    0.21	         10	            0	           71	       7	       6	       6	       7	      11	       8	       7	       6	       7	       9	        8	        8
      54	235	140	    0.25	          5	            0	           21	       5	       4	       4	       6	       8	       7	       5	       4	       4	       5	        6	        7
      55	166	132	    0.26	         10	            0	           80	       7	       6	       7	       9	       8	       7	       6	       5	       8	      10	        8	        6
      56	485	322	    0.09	          6	            0	           59	       4	       4	       4	       6	       8	       6	       6	       5	       4	       5	        6	        7
      57	  3	161	    0.14	         15	            0	          112	       8	       7	       9	      12	      12	      10	       9	       8	      11	      14	       11	        9
      58	396	141	    0.12	          7	            0	           31	       5	       5	       6	       8	       8	       6	       6	       5	       5	       7	        9	        9
      59	150	432	    0.19	          8	            0	           44	       5	       4	       4	       5	       6	       4	       4	       4	       4	       6	        6	        5
      60	372	361	    0.15	          5	            0	           22	       4	       3	       3	       5	       5	       6	       5	       4	       4	       5	        5	        6
      61	270	313	    0.11	          3	            0	           36	       7	       7	      10	      12	      13	       8	       7	       7	      12	      13	       10	        7
      62	165	145	    0.05	          3	            0	           14	       5	       5	       4	       5	       6	       8	       5	       4	       4	       5	        5	        7
      63	120	310	    0.11	         10	            0	           66	       6	       4	       5	       6	       7	       9	       8	       5	       4	       5	        7	        9
      64	128	470	       0	          1	            0	           53	       7	       7	       9	      12	       9	       7	       5	       8	      12	       8	        7	        7
      65	121	 96	    0.25	          1	            0	           68	       5	       5	       5	       8	       8	       8	       5	       5	       8	       9	        9	        5
      66	  4	 14	    0.21	          3	            0	           41	       6	       4	       6	       9	       7	       6	       4	       5	       8	       8	        6	        6
      67	299	210	    0.05	          5	            0	           28	       7	       4	       5	       7	       9	       8	       8	       5	       5	       6	        7	        8
      68	269	 52	    0.16	          9	            0	           65	       6	       5	       6	       8	       8	       7	       5	       7	       6	       8	        8	        5
      69	235	471	     0.1	          2	            0	           55	       6	       5	       6	       9	       7	       5	       5	       7	       8	       5	        4	        7
      70	344	330	    0.22	          6	            0	           83	       7	       5	       7	       9	       9	       7	       5	       8	      11	       7	        6	        6
      71	382	261	    0.14	          6	            0	           41	       5	       5	       5	       9	       8	       4	       5	       7	       9	       6	        4	        5
      72	395	151	    0.06	         10	            0	           49	       6	       5	       5	       5	       6	       9	       7	       8	       6	       4	        5	        6
      73	166	 83	    0.25	          2	            0	           44	       5	       5	       4	       7	       7	       9	       7	       7	       4	       5	        7	        7
      74	210	258	    0.18	          7	            0	           27	       6	       5	       5	       7	       9	       9	       6	       5	       6	       8	        9	        8
      75	372	295	    0.02	          3	            0	           56	       6	       7	       8	      10	       9	       8	       5	       8	      10	      10	        6	        5
      76	406	 14	    0.08	         11	            0	           69	       9	       8	       8	       8	      10	      13	      10	      10	       6	       6	       10	       10
      77	452	284	    0.08	          5	            0	           25	       7	       5	       6	       8	       8	       8	       6	       5	       5	       7	       10	        9
      78	405	312	    0.14	          2	            0	           59	      10	       8	       8	      10	       9	      12	      13	       8	       7	       8	        9	       10
      79	 21	341	     0.1	          2	            0	           76	       7	       6	       8	       9	      11	       6	       6	      11	      12	       7	        7	        7
      80	 75	290	    0.03	          8	            0	           27	       5	       3	       3	       6	       6	       5	       5	       3	       4	       6	        5	        4
      81	 25	111	    0.16	          7	            0	           87	       6	       7	       9	      11	      11	       6	       6	       9	      11	       7	        7	        6
      82	167	482	    0.13	          1	            0	           20	       4	       4	       3	       4	       5	       5	       5	       6	       4	       4	        4	        4
      83	283	387	    0.22	          1	            0	           61	       6	       5	       6	       7	       8	       5	       6	       6	       8	       8	        6	        4
      84	293	 50	    0.21	          4	            0	           40	       8	       6	       6	       8	      11	       9	      11	       7	       7	       6	        7	       10
      85	179	268	    0.09	          8	            0	           54	       5	       4	       4	       6	       6	       7	       5	       5	       4	       5	        6	        7
      86	274	384	    0.19	         12	            0	           77	       7	       5	       7	      11	      10	       7	       6	       7	      10	       8	        6	        5
      87	129	335	    0.07	          2	            0	           38	       6	       6	       8	       8	      10	       9	       7	       7	       7	       7	       12	       10
      88	460	105	    0.05	          5	            0	           27	       8	       5	       7	      10	      10	       7	       6	       5	       8	       9	        7	        6
      89	 11	492	    0.06	          8	            0	           67	       8	       8	       9	      10	       9	       8	       8	       8	      13	      13	        8	        6
      90	324	 50	    0.07	          6	            0	          105	       9	       8	       8	       9	      12	      12	      10	       9	       9	       7	        6	        8
      91	 16	 60	    0.22	          5	            0	           25	       4	       3	       4	       5	       6	       5	       3	       3	       5	       6	        5	        4
      92	301	259	    0.15	          7	            0	           35	       4	       3	       3	       3	       4	       5	       5	       6	       5	       3	        4	        3
      93	309	423	    0.16	         14	            0	           40	       9	       7	       8	      10	      10	      13	      11	       7	       6	       8	        9	       10
      94	 67	300	    0.09	          7	            0	           79	      10	       8	       8	       7	      10	      12	      10	       9	       6	       6	        7	        8
      95	225	256	    0.03	         10	            0	           53	       6	       4	       7	       8	       9	       5	       6	       5	       8	       7	        5	        5
      96	140	 48	    0.14	          6	            0	           29	       6	       4	       5	       7	       8	       7	       8	       5	       5	       5	        6	        8
      97	155	307	    0.12	          3	            0	           17	       6	       5	       8	       9	       8	       5	       6	       8	       8	       7	        6	        7
      98	449	491	    0.29	          6	            0	           48	       5	       4	       4	       5	       6	       8	       6	       4	       4	       4	        5	        6
      99	260	382	    0.28	          5	            0	           61	       5	       4	       4	       6	       6	       5	       5	       4	       7	       6	        6	        5
     100	336	219	    0.01	          1	            0	           28	      10	       7	      10	      12	      11	      10	       6	       9	       9	      13	        9	        7
COST_MATRIX 
	  0	  1	  2	  3	  4	  5	  6	  7	  8	  9	 10	 11	 12	 13	 14	 15	 16	 17	 18	 19	 20	 21	 22	 23	 24	 25	 26	 27	 28	 29	 30	 31	 32	 33	 34	 35	 36	 37	 38	 39	 40	 41	 42	 43	 44	 45	 46	 47	 48	 49	 50	 51	 52	 53	 54	 55	 56	 57	 58	 59	 60	 61	 62	 63	 64	 65	 66	 67	 68	 69	 70	 71	 72	 73	 74	 75	 76	 77	 78	 79	 80	 81	 82	 83	 84	 85	 86	 87	 88	 89	 90	 91	 92	 93	 94	 95	 96	 97	 98	 99	100
  0
  1	 40
  2	 41	  2
  3	 40	  1	  2
  4	 40	  1	  2	  1
  5	 40	  1	  1	  1	  1
  6	 40	  1	  2	  1	  1	  1
  7	 40	  1	  2	  1	  1	  2	  2
  8	 41	  2	  2	  2	  2	  2	  3	  1
  9	 41	  2	  3	  2	  2	  3	  3	  1	  1
 10	 38	  4	  6	  5	  5	  5	  5	  4	  4	  4
 11	 41	  2	  2	  2	  2	  2	  3	  1	  1	  1	  5
 12	 40	  1	  2	  1	  1	  1	  2	  1	  2	  2	  5	  2
 13	 40	  1	  2	  1	  1	  2	  2	  1	  2	  2	  4	  2	  1
 14	 42	  3	  2	  3	  2	  2	  3	  3	  2	  2	  6	  2	  2	  3
 15	 40	  1	  2	  1	  1	  1	  1	  2	  2	  2	  5	  2	  1	  1	  3
 16	 40	  2	  2	  1	  2	  1	  1	  2	  3	  3	  5	  3	  2	  2	  3	  1
 17	 61	 45	 46	 46	 46	 46	 46	 45	 44	 44	 42	 45	 45	 45	 46	 46	 46
 18	 61	 45	 46	 45	 45	 46	 46	 44	 44	 43	 42	 44	 45	 44	 45	 45	 46	  1
 19	 60	 45	 46	 45	 45	 46	 46	 45	 44	 44	 42	 44	 45	 45	 46	 46	 46	  2	  2
 20	 61	 44	 45	 45	 45	 45	 45	 44	 43	 43	 41	 44	 44	 44	 45	 45	 45	  2	  1	  2
 21	 61	 45	 45	 45	 45	 45	 45	 44	 44	 43	 41	 44	 45	 44	 45	 45	 46	  2	  1	  2	  1
 22	 59	 43	 44	 43	 43	 44	 44	 42	 42	 42	 40	 42	 43	 42	 43	 43	 44	  3	  2	  3	  2	  2
 23	 60	 45	 46	 45	 45	 46	 46	 44	 44	 44	 42	 44	 45	 44	 45	 45	 46	  2	  2	  1	  2	  2	  3
 24	 60	 44	 45	 44	 44	 45	 45	 43	 43	 43	 41	 43	 44	 44	 44	 44	 45	  2	  1	  2	  1	  1	  2	  2
 25	 57	 45	 46	 45	 45	 46	 46	 45	 44	 44	 42	 45	 45	 45	 46	 46	 46	  7	  7	  6	  7	  8	  7	  6	  7
 26	 60	 46	 47	 46	 46	 47	 47	 45	 45	 45	 43	 45	 46	 45	 46	 46	 47	  3	  4	  2	  4	  4	  5	  3	  4	  4
 27	 60	 46	 46	 46	 46	 46	 46	 45	 45	 44	 42	 45	 46	 45	 46	 46	 47	  2	  2	  1	  3	  3	  4	  1	  2	  5	  2
 28	 60	 43	 44	 43	 43	 44	 44	 42	 42	 42	 40	 42	 43	 43	 43	 43	 44	  3	  2	  3	  2	  2	  1	  3	  2	  8	  5	  4
 29	 62	 45	 46	 45	 45	 46	 46	 45	 44	 44	 42	 44	 45	 45	 45	 46	 46	  2	  2	  3	  2	  2	  3	  3	  2	  8	  5	  3	  3
 30	 57	 45	 46	 45	 45	 45	 46	 44	 44	 43	 41	 44	 45	 44	 45	 45	 46	  6	  6	  5	  6	  7	  6	  5	  6	  2	  3	  5	  7	  7
 31	 61	 45	 46	 45	 45	 46	 46	 44	 44	 43	 42	 44	 45	 44	 45	 45	 46	  2	  1	  3	  1	  1	  3	  3	  2	  8	  5	  3	  2	  1	  7
 32	 61	 45	 45	 45	 45	 45	 45	 44	 44	 43	 41	 44	 45	 44	 45	 45	 46	  2	  1	  2	  1	  1	  2	  2	  1	  7	  4	  3	  2	  2	  6	  1
 33	 23	 21	 23	 21	 22	 22	 21	 21	 21	 21	 18	 22	 21	 21	 23	 21	 21	 42	 41	 41	 41	 41	 39	 41	 40	 38	 41	 41	 40	 42	 38	 41	 41
 34	 23	 21	 23	 22	 22	 22	 22	 22	 22	 22	 18	 22	 22	 21	 24	 22	 22	 42	 42	 41	 41	 42	 40	 41	 41	 39	 41	 41	 40	 43	 39	 42	 42	  1
 35	 23	 22	 24	 22	 23	 23	 22	 22	 22	 23	 19	 23	 23	 22	 24	 22	 23	 42	 41	 41	 41	 41	 40	 41	 40	 38	 41	 41	 40	 42	 38	 42	 41	  2	  1
 36	 22	 22	 24	 23	 23	 23	 23	 22	 23	 23	 19	 23	 23	 22	 24	 23	 23	 42	 42	 41	 41	 41	 40	 41	 41	 39	 41	 41	 40	 42	 39	 42	 41	  2	  1	  1
 37	 23	 18	 20	 18	 19	 19	 18	 18	 19	 19	 16	 19	 19	 18	 20	 18	 18	 46	 45	 45	 45	 45	 44	 45	 45	 43	 45	 45	 44	 46	 43	 46	 45	  6	  6	  7	  7
 38	 23	 23	 24	 23	 23	 24	 23	 23	 23	 23	 20	 24	 23	 22	 25	 23	 23	 41	 41	 40	 40	 41	 39	 40	 40	 38	 40	 40	 39	 42	 38	 41	 41	  2	  2	  1	  1	  8
 39	 23	 22	 24	 22	 23	 23	 22	 22	 22	 23	 19	 23	 23	 22	 24	 22	 23	 41	 41	 41	 41	 41	 39	 40	 40	 38	 40	 41	 40	 42	 38	 41	 41	  2	  2	  1	  1	  7	  1
 40	 24	 19	 21	 20	 20	 20	 20	 19	 20	 20	 16	 20	 20	 19	 21	 20	 20	 41	 41	 41	 41	 41	 39	 40	 40	 39	 41	 41	 40	 42	 38	 41	 41	  2	  3	  3	  3	  5	  4	  3
 41	 26	 21	 23	 21	 22	 22	 22	 21	 21	 21	 18	 22	 22	 21	 23	 21	 22	 38	 38	 38	 38	 38	 36	 38	 37	 35	 38	 38	 37	 39	 35	 38	 38	  4	  4	  4	  4	  9	  4	  3	  4
 42	 22	 22	 24	 22	 23	 23	 22	 22	 23	 23	 19	 23	 23	 22	 24	 22	 23	 42	 41	 41	 41	 41	 40	 41	 41	 38	 41	 41	 40	 42	 38	 42	 41	  2	  1	  1	  1	  7	  1	  1	  3	  4
 43	 23	 22	 23	 22	 22	 23	 22	 22	 22	 22	 19	 23	 22	 21	 24	 22	 22	 41	 41	 41	 41	 41	 39	 40	 40	 38	 40	 41	 40	 42	 38	 41	 41	  1	  1	  1	  1	  7	  2	  1	  3	  4	  1
 44	 28	 24	 26	 25	 25	 25	 25	 24	 25	 24	 21	 25	 25	 24	 26	 25	 25	 35	 35	 34	 34	 35	 33	 34	 34	 32	 34	 34	 33	 36	 32	 35	 35	  8	  8	  7	  8	 13	  7	  7	  8	  5	  7	  7
 45	 24	 18	 20	 19	 19	 19	 19	 19	 19	 19	 16	 19	 19	 18	 21	 19	 19	 44	 43	 43	 43	 43	 41	 43	 42	 41	 43	 43	 42	 44	 41	 44	 43	  4	  4	  5	  5	  3	  6	  5	  3	  6	  5	  5	 11
 46	 23	 20	 22	 21	 21	 21	 21	 21	 21	 21	 18	 21	 21	 20	 23	 21	 21	 42	 42	 42	 42	 42	 40	 41	 41	 39	 42	 42	 41	 43	 39	 42	 42	  2	  2	  2	  3	  5	  3	  3	  2	  5	  3	  2	  9	  3
 47	 26	 20	 22	 21	 21	 21	 21	 20	 21	 21	 17	 21	 21	 20	 22	 21	 21	 39	 39	 38	 38	 38	 37	 38	 38	 36	 38	 38	 37	 39	 36	 39	 38	  3	  4	  4	  4	  8	  4	  3	  3	  1	  4	  3	  6	  6	  4
 48	 23	 19	 20	 19	 20	 20	 19	 19	 19	 20	 16	 20	 19	 19	 21	 19	 19	 44	 44	 44	 43	 44	 42	 43	 43	 41	 43	 44	 42	 45	 41	 44	 44	  4	  4	  5	  5	  2	  6	  5	  3	  7	  5	  5	 11	  1	  3	  6
 49	 43	  5	  3	  5	  4	  4	  4	  5	  5	  5	  9	  5	  4	  5	  3	  4	  4	 48	 48	 48	 47	 47	 46	 48	 47	 49	 49	 48	 46	 48	 48	 48	 47	 25	 26	 26	 26	 22	 27	 26	 24	 25	 26	 26	 29	 22	 25	 25	 23
 50	 43	  5	  3	  5	  4	  4	  4	  5	  5	  5	  9	  5	  4	  5	  3	  4	  4	 48	 48	 48	 47	 47	 46	 48	 47	 49	 49	 48	 46	 48	 48	 48	 47	 25	 26	 26	 26	 22	 27	 26	 24	 25	 26	 26	 29	 22	 25	 25	 23	  1
 51	 25	 38	 40	 38	 39	 39	 38	 38	 38	 38	 35	 39	 39	 38	 40	 38	 39	 39	 39	 38	 39	 39	 37	 38	 38	 34	 37	 38	 38	 40	 34	 39	 39	 18	 18	 17	 17	 23	 17	 17	 20	 18	 17	 18	 14	 22	 19	 18	 22	 42	 42
 52	 50	 37	 38	 37	 37	 38	 38	 36	 36	 36	 33	 36	 37	 36	 37	 37	 38	 12	 11	 11	 11	 11	 10	 11	 11	  9	 11	 11	 10	 12	  9	 12	 11	 31	 31	 31	 31	 35	 30	 30	 30	 27	 31	 30	 24	 33	 31	 28	 33	 40	 40	 28
 53	 40	 60	 62	 61	 61	 61	 61	 60	 60	 60	 57	 61	 61	 60	 62	 61	 61	 48	 48	 47	 48	 49	 48	 47	 48	 42	 45	 47	 48	 49	 43	 49	 48	 41	 41	 40	 40	 46	 39	 40	 42	 40	 40	 40	 36	 44	 42	 41	 44	 65	 65	 23	 41
 54	 22	 23	 25	 24	 24	 24	 24	 24	 24	 24	 21	 24	 24	 23	 26	 24	 24	 41	 41	 40	 40	 40	 39	 40	 40	 37	 40	 40	 39	 42	 37	 41	 40	  3	  3	  2	  2	  8	  1	  2	  5	  4	  2	  2	  6	  7	  4	  4	  7	 28	 28	 16	 30	 38
 55	 28	 17	 19	 18	 18	 18	 18	 17	 18	 18	 14	 18	 18	 17	 19	 18	 18	 38	 38	 38	 38	 38	 36	 37	 37	 36	 38	 38	 36	 39	 36	 38	 38	  6	  6	  6	  7	  8	  7	  6	  4	  4	  7	  6	  8	  6	  6	  4	  7	 22	 22	 21	 28	 43	  7
 56	 30	 54	 56	 55	 55	 55	 55	 54	 55	 55	 51	 55	 55	 54	 57	 55	 55	 50	 50	 49	 50	 50	 49	 49	 50	 44	 47	 49	 50	 51	 45	 51	 50	 34	 34	 33	 33	 38	 32	 33	 36	 34	 33	 33	 31	 37	 35	 35	 37	 59	 59	 17	 41	 10	 31	 38
 57	 45	 14	 14	 14	 14	 15	 15	 13	 13	 12	 11	 13	 14	 14	 14	 14	 15	 32	 32	 32	 31	 31	 30	 32	 31	 33	 33	 32	 30	 32	 32	 32	 31	 22	 23	 23	 23	 23	 23	 23	 21	 20	 23	 23	 21	 22	 22	 20	 22	 17	 17	 35	 25	 55	 24	 17	 51
 58	 12	 38	 40	 39	 39	 39	 39	 39	 39	 39	 36	 40	 39	 38	 41	 39	 39	 51	 51	 50	 51	 51	 50	 50	 51	 47	 50	 50	 50	 52	 47	 52	 51	 19	 18	 18	 17	 21	 17	 18	 20	 20	 18	 18	 20	 21	 19	 20	 20	 43	 43	 14	 41	 30	 17	 24	 21	 40
 59	 49	 42	 44	 43	 43	 43	 43	 42	 42	 42	 39	 42	 43	 42	 43	 43	 43	 15	 15	 14	 15	 15	 14	 14	 14	  9	 12	 13	 15	 16	 10	 16	 15	 32	 33	 32	 32	 37	 31	 32	 33	 29	 32	 32	 25	 35	 33	 30	 36	 46	 46	 25	  9	 34	 31	 31	 36	 31	 39
 60	 34	 48	 50	 48	 49	 49	 49	 48	 48	 48	 44	 48	 48	 48	 50	 48	 49	 38	 38	 37	 38	 38	 37	 37	 38	 32	 35	 37	 38	 39	 33	 39	 38	 29	 29	 28	 28	 34	 27	 28	 31	 28	 28	 28	 24	 33	 30	 29	 33	 52	 52	 12	 30	 13	 27	 31	 12	 42	 23	 24
 61	 33	 37	 39	 38	 38	 38	 38	 37	 37	 37	 34	 38	 38	 37	 39	 38	 38	 31	 31	 30	 31	 31	 30	 30	 30	 26	 29	 30	 30	 32	 26	 31	 31	 21	 21	 20	 20	 26	 19	 20	 22	 18	 20	 20	 14	 24	 22	 19	 24	 42	 42	  8	 21	 25	 18	 21	 22	 31	 22	 17	 12
 62	 29	 18	 20	 18	 19	 19	 19	 18	 18	 18	 15	 19	 19	 18	 20	 18	 19	 37	 37	 36	 36	 37	 35	 36	 36	 35	 36	 37	 35	 37	 34	 37	 36	  6	  7	  7	  7	  9	  7	  7	  5	  4	  7	  7	  7	  7	  7	  4	  8	 22	 22	 20	 26	 43	  8	  2	 37	 17	 24	 29	 30	 20
 63	 42	 30	 31	 30	 30	 31	 31	 29	 29	 29	 26	 30	 30	 29	 31	 30	 31	 20	 20	 20	 20	 20	 18	 19	 19	 17	 19	 20	 19	 21	 17	 20	 20	 22	 22	 22	 22	 26	 21	 21	 22	 19	 22	 22	 15	 24	 23	 19	 25	 34	 34	 22	  9	 39	 21	 19	 37	 19	 33	 13	 26	 16	 18
 64	 54	 46	 47	 46	 46	 46	 46	 45	 45	 45	 42	 45	 46	 45	 46	 46	 47	 12	 12	 11	 12	 13	 12	 11	 12	  6	  9	 10	 12	 13	  7	 13	 12	 37	 37	 36	 37	 42	 36	 36	 37	 34	 36	 36	 29	 39	 38	 34	 40	 49	 49	 30	 10	 37	 35	 35	 39	 34	 43	  5	 27	 22	 33	 17
 65	 32	 11	 13	 12	 12	 12	 12	 12	 12	 12	  8	 12	 12	 11	 14	 12	 12	 40	 40	 40	 39	 39	 38	 39	 39	 39	 40	 40	 38	 40	 38	 40	 39	 10	 11	 11	 12	  9	 12	 11	  9	 10	 11	 11	 13	  9	 10	  9	  9	 16	 16	 27	 30	 49	 13	  6	 43	 14	 28	 34	 37	 27	  7	 22	 38
 66	 43	  4	  2	  3	  3	  3	  3	  4	  4	  4	  7	  3	  3	  4	  2	  3	  3	 47	 46	 47	 46	 46	 44	 46	 46	 47	 48	 47	 45	 47	 47	 46	 46	 24	 25	 25	 25	 21	 26	 25	 23	 24	 25	 25	 28	 22	 24	 24	 22	  2	  2	 41	 39	 63	 27	 21	 58	 15	 42	 45	 51	 41	 21	 32	 48	 15
 67	 22	 33	 34	 33	 33	 34	 33	 33	 33	 33	 29	 33	 33	 32	 35	 33	 33	 40	 39	 39	 39	 39	 38	 38	 39	 35	 38	 39	 38	 41	 35	 40	 39	 13	 13	 12	 12	 18	 11	 12	 14	 12	 12	 12	 10	 16	 14	 13	 16	 37	 37	  6	 29	 29	 10	 16	 22	 31	 12	 27	 17	 11	 15	 21	 32	 22	 36
 68	 16	 24	 26	 25	 25	 25	 24	 25	 25	 25	 22	 26	 25	 24	 27	 25	 25	 50	 50	 49	 49	 50	 48	 49	 49	 47	 49	 49	 48	 51	 47	 50	 50	  9	  9	  9	  9	  7	 10	  9	 10	 12	  9	  9	 16	  8	  8	 12	  8	 28	 28	 22	 39	 43	 10	 14	 35	 29	 16	 40	 33	 27	 14	 30	 45	 16	 27	 17
 69	 48	 49	 50	 49	 49	 50	 50	 49	 49	 48	 45	 49	 49	 49	 50	 49	 50	 23	 23	 21	 23	 23	 23	 21	 23	 16	 20	 21	 23	 24	 17	 24	 23	 36	 36	 35	 35	 41	 34	 35	 36	 33	 35	 35	 29	 39	 37	 34	 39	 53	 53	 24	 18	 26	 34	 35	 30	 39	 37	 10	 18	 17	 34	 20	 11	 40	 52	 27	 43
 70	 32	 44	 45	 44	 44	 45	 44	 44	 44	 44	 40	 44	 44	 43	 46	 44	 45	 37	 37	 36	 37	 37	 36	 35	 36	 31	 34	 35	 36	 38	 31	 37	 37	 25	 25	 24	 24	 30	 23	 24	 26	 24	 24	 24	 20	 29	 26	 25	 28	 48	 48	  8	 27	 17	 22	 27	 15	 39	 20	 22	  5	  8	 26	 23	 26	 33	 47	 13	 29	 18
 71	 24	 42	 44	 43	 43	 43	 43	 43	 43	 43	 39	 43	 43	 42	 45	 43	 43	 43	 43	 42	 43	 43	 42	 42	 42	 38	 41	 42	 43	 44	 38	 44	 43	 22	 22	 21	 21	 27	 20	 21	 24	 22	 21	 21	 19	 25	 23	 23	 25	 47	 47	  6	 33	 19	 20	 26	 12	 40	 13	 29	 11	 13	 25	 27	 33	 31	 46	 10	 24	 26	  8
 72	 13	 39	 40	 39	 39	 39	 39	 39	 39	 40	 36	 40	 39	 39	 41	 39	 39	 51	 51	 50	 50	 51	 49	 49	 50	 46	 49	 50	 50	 52	 46	 51	 51	 19	 18	 18	 17	 21	 17	 18	 20	 20	 18	 18	 20	 21	 19	 20	 20	 43	 43	 13	 40	 29	 17	 23	 20	 40	  2	 38	 22	 21	 24	 32	 42	 28	 42	 12	 17	 36	 19	 12
 73	 27	 15	 17	 15	 16	 16	 15	 15	 15	 16	 12	 16	 16	 15	 17	 15	 15	 43	 42	 42	 42	 42	 41	 42	 42	 41	 42	 42	 41	 43	 40	 43	 42	  7	  7	  8	  8	  5	  9	  8	  5	  8	  8	  8	 12	  4	  6	  7	  5	 19	 19	 24	 32	 47	  9	  5	 40	 19	 24	 35	 35	 26	  7	 24	 39	  5	 18	 19	 11	 40	 31	 28	 24
 74	 32	 29	 31	 30	 30	 30	 30	 29	 29	 29	 26	 30	 30	 29	 31	 30	 30	 30	 30	 29	 29	 30	 28	 29	 29	 26	 28	 29	 29	 31	 26	 30	 30	 14	 15	 14	 14	 20	 13	 14	 15	 12	 14	 14	  7	 17	 15	 12	 18	 34	 34	 12	 19	 32	 13	 14	 29	 23	 22	 19	 20	  9	 13	 11	 23	 19	 32	 11	 22	 22	 16	 18	 22	 19
 75	 28	 44	 45	 44	 44	 44	 44	 44	 44	 44	 40	 44	 44	 43	 46	 44	 44	 41	 41	 40	 41	 41	 40	 39	 40	 35	 38	 39	 40	 42	 36	 41	 41	 24	 24	 23	 23	 29	 22	 23	 25	 23	 23	 23	 20	 27	 25	 24	 27	 48	 48	  6	 31	 17	 21	 27	 12	 40	 16	 27	  7	 11	 26	 26	 31	 33	 47	 12	 27	 23	  5	  4	 15	 30	 17
 76	  3	 38	 39	 38	 39	 38	 38	 38	 39	 39	 36	 39	 39	 38	 40	 38	 38	 61	 61	 60	 61	 61	 59	 60	 60	 57	 60	 60	 60	 62	 57	 61	 61	 22	 22	 22	 21	 21	 22	 22	 23	 25	 22	 22	 27	 22	 22	 25	 22	 41	 41	 26	 50	 42	 22	 27	 32	 43	 13	 50	 35	 33	 28	 42	 54	 30	 41	 23	 15	 49	 33	 25	 14	 25	 32	 29
 77	 26	 49	 51	 50	 50	 50	 50	 50	 50	 50	 46	 50	 50	 49	 52	 50	 50	 48	 48	 47	 48	 49	 47	 47	 48	 42	 46	 47	 48	 50	 43	 49	 49	 29	 29	 28	 28	 33	 27	 28	 31	 29	 28	 28	 27	 32	 30	 30	 32	 54	 54	 13	 39	 14	 27	 33	  6	 47	 16	 34	 12	 19	 32	 34	 38	 39	 53	 17	 30	 29	 12	  8	 15	 35	 25	  9	 28
 78	 29	 47	 49	 48	 48	 48	 48	 47	 47	 47	 44	 48	 48	 47	 49	 48	 48	 43	 43	 42	 43	 43	 42	 42	 42	 37	 40	 42	 43	 44	 38	 44	 43	 28	 27	 26	 26	 32	 26	 26	 29	 27	 26	 27	 24	 31	 28	 27	 31	 52	 52	 10	 34	 14	 25	 30	  9	 43	 18	 29	  6	 14	 30	 29	 32	 36	 50	 15	 30	 24	  7	  6	 17	 34	 21	  4	 30	  6
 79	 51	 32	 32	 32	 32	 32	 33	 31	 31	 30	 28	 31	 32	 31	 32	 32	 33	 14	 14	 14	 13	 13	 12	 14	 13	 15	 15	 14	 12	 14	 14	 14	 13	 30	 30	 30	 30	 33	 30	 30	 29	 27	 30	 30	 24	 31	 31	 27	 32	 35	 35	 32	  8	 48	 30	 26	 47	 19	 43	 16	 36	 26	 25	 11	 17	 27	 33	 31	 39	 26	 33	 37	 42	 30	 21	 36	 51	 44	 39
 80	 44	 27	 28	 27	 27	 28	 28	 26	 26	 26	 23	 26	 27	 26	 28	 27	 28	 20	 20	 20	 19	 20	 18	 19	 19	 19	 20	 20	 18	 21	 19	 20	 20	 23	 23	 23	 23	 26	 22	 23	 22	 20	 23	 23	 17	 24	 23	 20	 25	 30	 30	 26	 10	 44	 22	 19	 42	 15	 36	 17	 31	 20	 18	  5	 19	 20	 29	 24	 31	 25	 28	 31	 35	 23	 14	 30	 44	 38	 34	  8
 81	 41	  9	  9	  9	  9	  9	 10	  8	  8	  7	  6	  8	  9	  8	  9	  9	 10	 37	 37	 37	 36	 36	 35	 37	 36	 37	 38	 37	 35	 37	 37	 37	 36	 20	 20	 21	 21	 19	 21	 20	 18	 18	 21	 20	 21	 18	 19	 18	 19	 12	 12	 34	 29	 56	 22	 15	 51	  6	 38	 35	 43	 32	 15	 23	 38	 10	 10	 30	 26	 42	 39	 39	 38	 15	 24	 40	 40	 47	 43	 24	 19
 82	 52	 48	 49	 48	 48	 49	 49	 47	 47	 47	 44	 47	 48	 47	 49	 48	 49	 16	 16	 15	 16	 16	 16	 15	 16	  9	 13	 14	 17	 17	 10	 17	 16	 37	 37	 37	 37	 42	 36	 36	 37	 34	 37	 37	 30	 40	 38	 35	 40	 52	 52	 28	 13	 33	 35	 36	 36	 37	 42	  6	 24	 20	 34	 18	  5	 39	 50	 31	 45	  7	 24	 31	 41	 40	 23	 28	 53	 35	 30	 21	 22	 40
 83	 39	 44	 46	 44	 45	 45	 45	 44	 44	 44	 40	 44	 45	 44	 46	 45	 45	 29	 29	 28	 29	 29	 28	 28	 28	 23	 26	 28	 29	 30	 24	 30	 29	 28	 28	 27	 27	 33	 26	 27	 29	 26	 27	 27	 21	 31	 29	 27	 32	 48	 48	 14	 21	 21	 26	 29	 22	 36	 28	 15	 10	  8	 27	 19	 18	 34	 47	 18	 34	 10	  9	 17	 27	 33	 15	 13	 40	 20	 15	 27	 23	 38	 15
 84	 14	 26	 28	 27	 27	 27	 27	 27	 28	 28	 25	 28	 27	 27	 29	 27	 27	 52	 51	 51	 51	 51	 50	 51	 50	 48	 50	 51	 50	 52	 48	 52	 51	 11	 10	 11	 10	 10	 11	 11	 12	 14	 11	 11	 17	 10	 10	 14	 10	 30	 30	 22	 40	 42	 11	 16	 34	 32	 14	 41	 33	 27	 16	 32	 46	 18	 30	 17	  3	 43	 29	 23	 15	 14	 23	 26	 12	 29	 29	 40	 33	 28	 46	 34
 85	 35	 28	 30	 29	 29	 29	 29	 28	 28	 28	 25	 29	 29	 28	 30	 29	 29	 27	 27	 26	 27	 27	 25	 26	 26	 23	 26	 26	 26	 28	 24	 27	 27	 16	 16	 16	 16	 21	 15	 15	 16	 13	 16	 15	  9	 19	 17	 13	 19	 33	 33	 16	 16	 35	 14	 14	 32	 21	 26	 17	 22	 11	 13	  8	 21	 19	 31	 14	 24	 22	 18	 21	 25	 19	  4	 20	 35	 28	 24	 18	 11	 22	 22	 16	 25
 86	 39	 43	 45	 44	 44	 44	 44	 43	 43	 43	 40	 44	 44	 43	 45	 44	 44	 28	 28	 27	 28	 28	 27	 27	 28	 22	 26	 27	 28	 29	 23	 29	 28	 28	 28	 27	 27	 33	 26	 27	 28	 25	 27	 27	 21	 31	 29	 26	 31	 48	 48	 14	 20	 22	 25	 28	 22	 36	 28	 14	 11	  8	 27	 18	 17	 33	 46	 18	 34	 10	  9	 17	 27	 32	 15	 14	 40	 21	 15	 26	 23	 37	 15	  1	 34	 15
 87	 43	 33	 34	 33	 33	 33	 33	 32	 32	 32	 29	 32	 33	 32	 34	 33	 34	 19	 19	 18	 18	 19	 17	 18	 18	 15	 18	 18	 17	 20	 15	 19	 18	 24	 24	 24	 24	 28	 23	 23	 24	 21	 24	 23	 17	 26	 25	 21	 27	 36	 36	 22	  8	 37	 23	 21	 36	 22	 34	 10	 25	 15	 20	  3	 14	 24	 35	 22	 32	 18	 22	 27	 33	 26	 12	 25	 43	 33	 28	 11	  8	 25	 16	 17	 33	  9	 16
 88	  9	 44	 45	 44	 45	 45	 44	 44	 45	 45	 42	 45	 45	 44	 46	 44	 44	 59	 58	 58	 58	 59	 57	 57	 58	 54	 57	 58	 58	 60	 54	 59	 58	 25	 24	 24	 24	 26	 24	 24	 27	 27	 24	 24	 27	 26	 25	 27	 26	 48	 48	 21	 48	 32	 23	 30	 22	 47	  8	 46	 28	 29	 30	 40	 50	 34	 47	 20	 20	 43	 26	 18	  8	 30	 30	 21	 11	 18	 22	 50	 43	 44	 48	 34	 18	 33	 34	 41
 89	 62	 47	 48	 47	 47	 48	 48	 46	 46	 45	 44	 46	 47	 46	 47	 47	 48	  2	  3	  3	  3	  3	  4	  3	  3	  7	  4	  3	  4	  2	  7	  3	  3	 43	 43	 43	 43	 47	 43	 43	 43	 40	 43	 43	 36	 45	 44	 40	 46	 50	 50	 40	 13	 49	 42	 40	 51	 34	 53	 16	 39	 32	 38	 22	 12	 42	 48	 41	 52	 23	 38	 44	 52	 44	 31	 42	 63	 49	 44	 16	 22	 39	 16	 30	 53	 29	 29	 20	 60
 90	 11	 30	 31	 30	 30	 30	 30	 30	 31	 31	 28	 31	 30	 30	 32	 30	 30	 53	 53	 53	 53	 53	 51	 52	 52	 50	 52	 53	 52	 54	 50	 53	 53	 13	 13	 13	 13	 13	 13	 13	 14	 16	 13	 13	 19	 13	 13	 16	 13	 33	 33	 21	 42	 41	 13	 18	 32	 34	 12	 42	 32	 27	 19	 34	 47	 21	 33	 17	  6	 44	 29	 22	 13	 17	 24	 25	  9	 27	 28	 43	 35	 31	 46	 34	  4	 27	 34	 35	 15	 55
 91	 41	  4	  4	  4	  4	  4	  5	  3	  3	  2	  4	  3	  4	  4	  4	  4	  5	 42	 42	 42	 41	 41	 40	 42	 41	 42	 43	 42	 40	 42	 42	 42	 41	 21	 22	 22	 23	 19	 23	 22	 20	 21	 22	 22	 24	 19	 21	 20	 20	  7	  7	 38	 34	 60	 24	 17	 54	 11	 39	 40	 47	 36	 18	 28	 43	 12	  5	 33	 26	 47	 43	 42	 39	 16	 28	 43	 40	 50	 47	 29	 24	  6	 45	 43	 28	 27	 42	 30	 45	 44	 31
 92	 26	 36	 37	 36	 36	 37	 36	 36	 36	 36	 32	 36	 36	 35	 38	 36	 37	 37	 36	 36	 36	 37	 35	 35	 36	 31	 35	 35	 36	 38	 32	 37	 36	 17	 17	 16	 16	 22	 15	 16	 18	 16	 16	 16	 12	 20	 18	 16	 20	 40	 40	  3	 26	 25	 14	 19	 20	 32	 16	 23	 13	  7	 18	 19	 28	 25	 39	  5	 21	 23	  9	  9	 15	 23	 10	  8	 27	 16	 12	 30	 23	 32	 27	 13	 21	 13	 13	 19	 23	 38	 22	 35
 93	 41	 49	 50	 49	 49	 50	 49	 48	 48	 48	 45	 49	 49	 48	 50	 49	 50	 30	 31	 29	 31	 31	 30	 29	 30	 24	 28	 29	 31	 32	 25	 31	 31	 32	 32	 31	 31	 38	 31	 31	 33	 30	 31	 32	 26	 36	 33	 31	 36	 53	 53	 17	 23	 18	 30	 33	 21	 41	 30	 16	  9	 12	 32	 23	 19	 38	 52	 22	 38	  9	 10	 18	 29	 37	 20	 15	 43	 20	 15	 30	 27	 43	 16	  5	 38	 21	  6	 21	 36	 31	 38	 47	 17
 94	 45	 28	 29	 28	 28	 29	 29	 27	 27	 27	 24	 27	 28	 27	 28	 28	 29	 19	 19	 19	 18	 18	 17	 18	 18	 18	 19	 19	 17	 19	 18	 19	 18	 24	 24	 24	 24	 28	 24	 24	 23	 21	 24	 24	 18	 25	 25	 21	 26	 31	 31	 27	 10	 44	 24	 20	 42	 16	 37	 16	 32	 21	 19	  6	 19	 22	 30	 25	 32	 24	 28	 32	 37	 24	 15	 31	 45	 39	 34	  7	  2	 20	 21	 24	 34	 12	 23	  8	 44	 21	 36	 25	 24	 28
 95	 31	 30	 32	 31	 31	 31	 31	 30	 30	 30	 27	 31	 31	 30	 32	 31	 31	 31	 31	 30	 31	 31	 29	 30	 30	 27	 30	 30	 30	 32	 27	 31	 31	 14	 14	 14	 14	 20	 13	 13	 15	 12	 14	 14	  7	 17	 15	 12	 18	 35	 35	 11	 20	 31	 12	 14	 27	 25	 21	 20	 19	  8	 13	 12	 24	 20	 33	  9	 21	 22	 15	 16	 20	 19	  2	 16	 31	 23	 19	 23	 16	 25	 24	 15	 22	  5	 14	 13	 28	 32	 23	 29	  8	 19	 17
 96	 29	 11	 13	 12	 12	 12	 12	 12	 12	 13	 10	 13	 12	 11	 14	 12	 12	 45	 45	 45	 44	 45	 43	 45	 44	 44	 45	 45	 43	 46	 43	 45	 45	 11	 11	 12	 12	  7	 13	 12	  9	 12	 12	 12	 16	  8	 10	 11	  8	 15	 15	 29	 35	 51	 14	  9	 45	 18	 28	 39	 39	 30	 11	 27	 43	  6	 15	 23	 13	 44	 35	 33	 28	  5	 23	 34	 27	 40	 38	 32	 26	 14	 44	 37	 16	 23	 37	 29	 33	 47	 19	 13	 27	 42	 27	 23
 97	 39	 31	 32	 31	 31	 32	 32	 30	 30	 30	 27	 31	 31	 30	 32	 31	 32	 23	 22	 22	 22	 22	 21	 22	 22	 19	 21	 22	 21	 23	 19	 23	 22	 20	 21	 20	 20	 25	 19	 20	 20	 17	 20	 20	 13	 23	 21	 18	 23	 35	 35	 19	 11	 35	 19	 18	 34	 22	 30	 13	 23	 12	 17	  4	 17	 22	 33	 18	 28	 19	 20	 24	 29	 23	  8	 22	 39	 30	 26	 14	  9	 24	 18	 16	 30	  5	 15	  4	 37	 24	 31	 29	 16	 20	  9	  9	 26
 98	 47	 63	 64	 63	 63	 64	 63	 63	 63	 63	 59	 63	 63	 62	 64	 63	 64	 44	 44	 43	 44	 45	 44	 43	 44	 38	 41	 43	 45	 45	 39	 45	 45	 44	 44	 43	 43	 49	 43	 43	 46	 43	 43	 44	 39	 48	 45	 44	 48	 67	 67	 27	 39	  9	 42	 46	 18	 56	 36	 31	 16	 26	 45	 38	 33	 52	 66	 32	 48	 22	 20	 24	 35	 50	 34	 22	 48	 21	 19	 46	 43	 57	 29	 20	 47	 36	 21	 36	 39	 44	 46	 62	 28	 16	 43	 33	 55	 35
 99	 39	 42	 44	 43	 43	 43	 43	 42	 42	 42	 39	 43	 43	 42	 44	 43	 43	 27	 27	 26	 27	 27	 26	 26	 26	 21	 24	 26	 27	 28	 22	 28	 27	 27	 27	 26	 26	 32	 26	 26	 28	 25	 26	 26	 20	 30	 28	 26	 31	 47	 47	 15	 18	 23	 25	 27	 24	 34	 28	 13	 12	  7	 26	 16	 16	 32	 45	 18	 34	 10	 10	 18	 27	 32	 14	 15	 40	 22	 17	 25	 21	 36	 14	  3	 34	 14	  2	 14	 35	 28	 34	 41	 13	  7	 21	 14	 36	 13	 22
100	 21	 36	 38	 37	 37	 37	 37	 36	 37	 37	 33	 37	 37	 36	 38	 37	 37	 42	 42	 41	 41	 42	 40	 41	 41	 37	 40	 41	 41	 43	 37	 42	 42	 16	 16	 15	 15	 21	 14	 15	 18	 16	 15	 15	 14	 19	 17	 16	 19	 41	 41	  5	 31	 26	 13	 20	 19	 34	 10	 29	 15	 12	 19	 24	 33	 25	 40	  4	 18	 28	 12	  7	 10	 22	 14	  9	 22	 14	 12	 34	 28	 33	 32	 18	 18	 17	 18	 24	 17	 43	 17	 36	  6	 21	 29	 12	 27	 21	 30	 18
